source;destination;distance
0;3;2.764
1;47;3.586
2;7;3.552
2;48;3.674
3;0;2.764
4;7;3.237
4;8;2.975
5;9;2.977
6;10;2.975
7;2;3.552
7;4;3.237
7;10;3.094
7;11;2.968
7;43;3.993
7;47;3.736
8;4;2.975
8;11;3.493
8;12;2.989
9;5;2.977
9;13;2.922
10;6;2.975
10;7;3.094
10;14;2.941
11;7;2.968
11;8;3.493
11;14;3.404
11;15;3.031
11;44;3.616
12;8;2.989
12;16;2.987
13;9;2.922
13;16;3.293
13;17;2.931
14;10;2.941
14;11;3.404
14;18;3.01
14;37;3.759
15;11;3.031
15;19;2.979
15;37;3.83
15;98;3.862
15;99;3.59
16;12;2.987
16;13;3.293
16;19;3.153
16;20;3.084
17;13;2.931
17;20;3.363
17;21;2.997
18;14;3.01
18;21;3.475
18;22;2.96
18;37;3.024
18;95;3.153
19;15;2.979
19;16;3.153
19;22;3.144
19;23;3.496
19;96;3.491
19;593;3.491
20;16;3.084
20;17;3.363
20;23;3.36
21;17;2.997
21;18;3.475
21;24;2.993
21;30;3.647
21;33;3.401
22;18;2.96
22;19;3.144
22;92;4.069
22;95;3.92
22;96;3.917
23;19;3.496
23;20;3.36
23;593;3.777
24;21;2.993
24;27;3.989
25;600;3.224
25;627;3.711
25;628;3.288
26;30;3.823
27;24;3.989
27;30;2.839
28;31;2.724
28;32;3.004
29;32;3.348
29;33;2.98
30;21;3.647
30;26;3.823
30;27;2.839
30;33;3.43
30;34;2.995
31;28;2.724
31;34;3.432
31;35;3.006
32;28;3.004
32;29;3.348
32;35;3.444
32;36;2.967
33;21;3.401
33;29;2.98
33;30;3.43
33;36;3.301
33;37;2.969
34;30;2.995
34;31;3.432
34;37;3.239
34;38;2.925
34;79;3.776
34;92;2.788
34;95;3.652
35;31;3.006
35;32;3.444
35;38;3.439
35;39;2.982
35;80;3.655
36;32;2.967
36;33;3.301
36;39;3.343
36;40;2.995
37;14;3.759
37;15;3.83
37;18;3.024
37;33;2.969
37;34;3.239
37;40;3.04
37;41;2.863
37;95;3.834
38;34;2.925
38;35;3.439
38;41;4.034
38;42;2.994
38;79;2.602
39;35;2.982
39;36;3.343
39;42;3.185
39;43;2.988
40;36;2.995
40;37;3.04
40;43;3.432
40;44;2.907
41;37;2.863
41;38;4.034
41;45;2.954
41;72;3.479
41;98;3.514
42;38;2.994
42;39;3.185
42;45;3.326
42;46;2.977
43;7;3.993
43;39;2.988
43;40;3.432
43;46;3.383
43;47;3.048
44;11;3.616
44;40;2.907
44;47;3.262
44;48;2.797
44;98;2.645
45;41;2.954
45;42;3.326
45;49;2.992
45;55;3.953
45;72;3.944
46;42;2.977
46;43;3.383
46;50;3.062
47;1;3.586
47;7;3.736
47;43;3.048
47;44;3.262
48;2;3.674
48;44;2.797
48;65;3.192
48;68;2.672
49;45;2.992
49;58;3.852
49;65;3.687
50;46;3.062
50;52;3.057
50;54;3.684
51;54;3.665
51;57;3.417
52;50;3.057
52;55;2.983
53;56;2.988
54;50;3.684
54;51;3.665
54;57;2.997
55;45;3.953
55;52;2.983
55;58;3.04
55;69;3.911
56;53;2.988
56;59;3.014
57;51;3.417
57;54;2.997
57;60;3.027
58;49;3.852
58;55;3.04
58;61;2.99
58;62;3.746
58;65;3.494
58;66;4.023
58;69;3.801
59;56;3.014
60;57;3.027
61;58;2.99
62;58;3.746
62;65;3.463
62;66;2.931
63;66;3.451
63;67;3.037
64;67;3.02
64;68;3.041
64;101;3.481
64;107;3.199
64;110;3.803
65;48;3.192
65;49;3.687
65;58;3.494
65;62;3.463
65;68;3.699
65;69;2.992
66;58;4.023
66;62;2.931
66;63;3.451
66;69;3.392
66;70;2.945
67;63;3.037
67;64;3.02
67;71;3.005
67;100;3.952
68;48;2.672
68;64;3.041
68;65;3.699
68;71;3.382
68;72;2.937
68;98;3.211
68;101;2.605
69;55;3.911
69;58;3.801
69;65;2.992
69;66;3.392
69;72;3.211
69;73;2.996
70;66;2.945
70;73;3.391
70;74;2.973
71;67;3.005
71;68;3.382
71;75;2.938
71;94;3.516
72;41;3.479
72;45;3.944
72;68;2.937
72;69;3.211
72;75;3.441
72;76;2.897
73;69;2.996
73;70;3.391
73;76;3.377
73;77;3.007
74;70;2.973
74;77;3.419
74;78;2.99
74;88;3.561
74;91;3.32
75;71;2.938
75;72;3.441
75;78;3.014
75;79;2.866
76;72;2.897
76;73;3.377
76;80;2.971
77;73;3.007
77;74;3.419
77;81;3.006
78;74;2.99
78;75;3.014
78;82;3.929
78;88;2.679
79;34;3.776
79;38;2.602
79;75;2.866
79;82;3.192
79;95;3.875
80;35;3.655
80;76;2.971
81;77;3.006
81;83;2.984
82;78;3.929
82;79;3.192
82;89;2.915
82;92;3.646
83;81;2.984
84;88;3.645
85;88;3.146
86;89;2.893
86;90;3.181
86;602;3.899
87;90;3.14
88;74;3.561
88;78;2.679
88;84;3.645
88;85;3.146
88;91;3.009
89;82;2.915
89;86;2.893
90;86;3.181
90;87;3.14
90;93;3.005
90;601;3.361
90;602;3.869
91;74;3.32
91;88;3.009
91;94;2.859
92;22;4.069
92;34;2.788
92;82;3.646
92;95;2.893
93;90;3.005
93;96;2.814
93;594;3.924
93;597;3.654
93;598;3.694
94;71;3.516
94;91;2.859
94;97;3.808
94;98;3.012
95;18;3.153
95;22;3.92
95;34;3.652
95;37;3.834
95;79;3.875
95;92;2.893
96;19;3.491
96;22;3.917
96;93;2.814
96;99;3.054
97;94;3.808
97;100;2.944
97;594;3.933
98;15;3.862
98;41;3.514
98;44;2.645
98;68;3.211
98;94;3.012
98;101;2.948
99;15;3.59
99;96;3.054
99;102;2.992
99;103;2.951
99;106;3.599
99;590;3.516
100;67;3.952
100;97;2.944
100;110;3.897
101;64;3.481
101;68;2.605
101;98;2.948
101;107;2.805
102;99;2.992
103;99;2.951
103;106;3.489
103;107;2.978
104;107;3.293
104;108;2.956
105;109;3.102
105;583;3.355
106;99;3.599
106;103;3.489
106;109;3.395
106;110;2.998
106;587;3.71
107;64;3.199
107;101;2.805
107;103;2.978
107;104;3.293
107;110;3.445
107;111;2.984
108;104;2.956
108;111;3.133
108;112;3.009
109;105;3.102
109;106;3.395
109;112;3.119
109;113;2.998
109;583;3.319
110;64;3.803
110;100;3.897
110;106;2.998
110;107;3.445
110;113;3.236
110;114;3.024
111;107;2.984
111;108;3.133
111;114;3.446
111;115;3.001
112;108;3.009
112;109;3.119
112;115;3.256
112;116;3.037
113;109;2.998
113;110;3.236
113;116;3.036
113;117;3.267
113;672;3.781
114;110;3.024
114;111;3.446
114;117;2.977
115;111;3.001
115;112;3.256
115;118;2.779
115;255;3.811
116;112;3.037
116;113;3.036
116;119;3.083
116;120;3.005
117;113;3.267
117;114;2.977
117;121;3.017
118;115;2.779
118;121;3.463
118;259;2.716
119;116;3.083
119;255;3.776
119;258;2.628
119;259;2.734
120;116;3.005
120;123;3.313
120;124;2.936
120;252;4.002
121;117;3.017
121;118;3.463
121;125;2.981
122;125;3.187
122;126;3.093
122;1241;3.45
122;1242;2.958
123;120;3.313
123;126;3.442
123;127;3.162
123;244;3.613
123;1245;3.998
124;120;2.936
124;127;3.336
124;128;2.924
125;121;2.981
125;122;3.187
125;128;3.325
125;129;2.988
126;122;3.093
126;123;3.442
126;130;2.964
126;1236;3.996
126;1242;3.961
126;1245;3.821
127;123;3.162
127;124;3.336
127;130;3.299
127;131;2.889
127;244;3.399
128;124;2.924
128;125;3.325
128;131;3.482
128;132;3.017
129;125;2.988
129;132;3.434
129;133;2.937
129;1232;3.673
129;1235;3.401
129;1236;3.781
130;126;2.964
130;127;3.299
130;133;3.478
130;134;2.864
131;127;2.889
131;128;3.482
131;135;2.969
131;204;3.783
131;207;4.009
132;128;3.017
132;129;3.434
132;135;3.174
132;136;3.009
133;129;2.937
133;130;3.478
133;136;3.291
133;137;2.975
133;1142;3.729
133;1232;3.761
134;130;2.864
134;138;2.936
134;207;3.597
134;233;3.707
134;237;3.837
134;240;3.676
135;131;2.969
135;132;3.174
135;139;2.945
135;200;3.664
135;204;3.89
136;132;3.009
136;133;3.291
136;139;3.239
136;140;3.114
136;1229;3.909
137;133;2.975
137;140;3.089
137;141;3.422
137;233;3.6
137;1226;3.674
137;1229;3.936
138;134;2.936
138;141;3.368
138;142;2.951
138;197;3.626
139;135;2.945
139;136;3.239
139;143;3.524
139;199;3.52
139;200;3.861
140;136;3.114
140;137;3.089
140;1226;3.612
140;1229;3.379
141;137;3.422
141;138;3.368
141;1222;3.664
141;1226;3.482
142;138;2.951
142;220;2.979
142;230;3.47
142;233;3.688
142;234;3.689
143;139;3.524
143;198;4.003
144;149;2.738
145;187;3.096
145;191;3.559
145;192;3.771
145;193;3.702
146;149;2.955
146;150;3.795
146;188;3.839
146;191;2.848
147;191;2.91
147;194;3.861
147;198;2.657
148;152;4.036
148;153;2.944
149;144;2.738
149;146;2.955
149;153;3.093
149;188;2.828
149;198;2.693
150;146;3.795
150;153;3.655
150;183;3.88
151;182;3.973
151;183;3.653
152;148;4.036
152;181;2.711
153;148;2.944
153;149;3.093
153;150;3.655
154;157;3.708
155;157;4.037
156;159;3.695
156;166;3.889
156;178;3.566
157;154;3.708
157;155;4.037
158;167;4.037
158;177;2.831
158;178;2.771
159;156;3.695
159;166;3.814
160;166;2.987
160;167;3.765
161;162;2.807
162;161;2.807
163;169;2.629
164;169;3.058
164;170;3.036
165;168;3.159
165;169;3.196
165;176;3.286
165;178;3.886
166;156;3.889
166;159;3.814
166;160;2.987
167;158;4.037
167;160;3.765
168;165;3.159
169;163;2.629
169;164;3.058
169;165;3.196
169;174;3.223
170;164;3.036
171;172;3.879
172;171;3.879
173;175;3.023
174;169;3.223
174;176;3.044
175;173;3.023
175;179;3.778
175;180;3.767
176;165;3.286
176;174;3.044
177;158;2.831
178;156;3.566
178;158;2.771
178;165;3.886
179;175;3.778
180;175;3.767
181;152;2.711
182;151;3.973
182;992;3.484
183;150;3.88
183;151;3.653
183;186;3.068
184;994;4.106
185;188;4.018
186;183;3.068
186;188;2.968
187;145;3.096
188;146;3.839
188;149;2.828
188;185;4.018
188;186;2.968
189;192;3.213
190;989;2.612
190;991;3.791
191;145;3.559
191;146;2.848
191;147;2.91
191;194;3.139
192;145;3.771
192;189;3.213
192;223;3.406
192;224;3.838
193;145;3.702
194;147;3.861
194;191;3.139
194;197;2.984
194;198;3.004
194;202;3.709
195;202;3.225
196;202;3.399
196;220;3.547
197;138;3.626
197;194;2.984
197;203;3.434
197;206;3.55
197;220;3.118
197;234;4.029
198;143;4.003
198;147;2.657
198;149;2.693
198;194;3.004
199;139;3.52
199;202;2.817
199;203;2.993
200;135;3.664
200;139;3.861
200;204;2.954
201;205;2.998
202;194;3.709
202;195;3.225
202;196;3.399
202;199;2.817
202;205;3.28
202;206;2.959
203;197;3.434
203;199;2.993
203;206;3.248
203;207;2.957
204;131;3.783
204;135;3.89
204;200;2.954
204;208;2.928
205;201;2.998
205;202;3.28
205;208;3.108
205;209;2.969
205;660;3.82
206;197;3.55
206;202;2.959
206;203;3.248
206;209;3.329
206;210;2.935
207;131;4.009
207;134;3.597
207;203;2.957
207;210;3.445
207;211;2.944
208;204;2.928
208;205;3.108
208;211;3.258
208;212;2.945
208;664;3.823
208;668;3.891
209;205;2.969
209;206;3.329
209;213;2.979
209;214;2.795
209;215;3.854
209;643;3.691
210;206;2.935
210;207;3.445
210;213;3.113
210;216;3.615
210;234;3.947
210;237;3.785
210;238;3.724
211;207;2.944
211;208;3.258
212;208;2.945
212;667;3.618
213;209;2.979
213;210;3.113
213;1307;3.179
213;1309;2.982
214;209;2.795
214;642;3.801
214;643;3.363
215;209;3.854
215;218;3.563
215;219;3.042
215;643;5.92
215;1314;3.846
216;210;3.615
216;220;3.069
216;221;3.142
216;235;3.887
216;238;3.344
216;1300;3.796
216;1303;3.523
216;1304;3.562
217;221;3.159
217;222;2.874
217;1300;3.738
217;1304;3.568
217;1338;3.416
217;1339;2.767
217;1340;3.193
218;215;3.563
218;222;3.703
218;1314;3.256
218;1340;3.35
219;215;3.042
219;222;3.076
220;142;2.979
220;196;3.547
220;197;3.118
220;216;3.069
220;230;3.107
220;234;6.162
221;216;3.142
221;217;3.159
221;224;2.943
221;231;3.38
221;1300;3.122
221;1338;3.47
222;217;2.874
222;218;3.703
222;219;3.076
222;1290;3.732
222;1337;3.827
222;1338;3.388
223;192;3.406
224;192;3.838
224;221;2.943
224;226;2.955
224;227;3.135
224;230;3.446
225;227;3.065
225;1290;3.95
225;1297;3.695
225;1334;2.814
225;1337;3.596
226;224;2.955
226;230;3.023
227;224;3.135
227;225;3.065
227;230;2.978
227;231;2.938
227;1335;3.759
227;1336;3.756
228;231;3.672
228;232;2.912
228;1333;2.854
228;1335;2.766
229;1219;3.728
229;1222;3.782
229;1223;3.286
229;1335;2.932
230;142;3.47
230;220;3.107
230;224;3.446
230;226;3.023
230;227;2.978
230;233;3.022
230;234;3.429
231;221;3.38
231;227;2.938
231;228;3.672
231;234;3.314
231;235;2.938
231;1300;3.504
231;1336;3.992
231;1337;4.034
232;228;2.912
232;236;2.972
233;134;3.707
233;137;3.6
233;142;3.688
233;230;3.022
233;236;3.154
233;237;2.968
234;142;3.689
234;197;4.029
234;210;3.947
234;220;6.162
234;230;3.429
234;231;3.314
234;237;3.256
234;238;2.995
235;216;3.887
235;231;2.938
235;238;3.168
235;239;2.974
235;1303;3.921
236;232;2.972
236;233;3.154
236;240;2.927
237;134;3.837
237;210;3.785
237;233;2.968
237;234;3.256
237;241;2.902
238;210;3.724
238;216;3.344
238;234;2.995
238;235;3.168
238;242;2.955
238;1303;3.399
239;235;2.974
239;243;2.957
239;1303;3.377
240;134;3.676
240;236;2.927
240;244;2.901
241;237;2.902
241;245;2.936
242;238;2.955
242;245;3.348
242;246;2.954
243;239;2.957
243;246;3.402
243;247;2.935
243;1249;3.687
243;1256;3.596
244;123;3.613
244;127;3.399
244;240;2.901
244;247;3.158
244;248;2.875
245;241;2.936
245;242;3.348
245;248;3.304
245;249;2.961
246;242;2.954
246;243;3.402
246;249;3.887
246;250;2.981
246;1366;3.77
247;243;2.935
247;244;3.158
247;250;3.602
247;251;2.89
247;1245;3.145
247;1248;3.769
248;244;2.875
248;245;3.304
248;251;3.13
248;252;2.94
248;675;3.564
249;245;2.961
249;246;3.887
249;253;3.123
249;675;3.679
249;678;3.706
249;1363;3.524
250;246;2.981
250;247;3.602
250;253;3.466
250;254;2.919
250;1366;3.981
250;1367;3.935
250;1370;3.489
251;247;2.89
251;248;3.13
251;255;2.93
252;120;4.002
252;248;2.94
252;255;3.295
252;256;3.079
252;679;3.802
253;249;3.123
253;250;3.466
253;256;3.236
253;257;3.068
253;678;3.67
253;679;3.931
253;682;3.518
253;1367;3.499
254;250;2.919
254;258;2.897
254;1371;3.822
255;115;3.811
255;119;3.776
255;251;2.93
255;252;3.295
255;259;2.979
256;252;3.079
256;253;3.236
256;260;3.062
256;679;3.682
257;253;3.068
257;260;3.229
257;261;2.881
257;686;3.939
257;1083;6.294
257;1371;3.624
258;119;2.628
258;254;2.897
258;261;3.363
258;262;3.597
259;118;2.716
259;119;2.734
259;255;2.979
259;268;2.82
260;256;3.062
260;257;3.229
260;268;2.71
260;269;3.316
261;257;2.881
261;258;3.363
261;267;3.595
261;271;3.401
261;273;3.483
262;258;3.597
262;266;2.744
262;267;2.775
263;265;3.341
264;271;3.669
264;706;3.828
265;263;3.341
265;267;3.541
266;262;2.744
267;261;3.595
267;262;2.775
267;265;3.541
267;271;3.262
268;259;2.82
268;260;2.71
269;260;3.316
269;271;3.691
270;272;2.716
271;261;3.401
271;264;3.669
271;267;3.262
271;269;3.691
271;273;3.02
272;270;2.716
272;275;3.036
272;279;3.915
273;261;3.483
273;271;3.02
274;276;2.894
274;278;3.563
274;279;3.689
274;693;3.62
274;706;3.655
275;272;3.036
276;274;2.894
276;279;2.849
276;693;3.841
277;280;3.05
277;288;3.463
277;289;2.874
277;290;2.794
277;291;2.705
277;292;3.906
278;274;3.563
278;281;2.972
278;282;2.602
278;287;3.916
279;272;3.915
279;274;3.689
279;276;2.849
279;282;3.055
280;277;3.05
280;289;3.82
281;278;2.972
281;285;4.002
281;287;3.345
281;288;2.746
281;289;2.765
282;278;2.602
282;279;3.055
282;706;3.993
283;285;3.012
284;704;2.653
285;281;4.002
285;283;3.012
286;712;3.162
286;714;3.655
287;278;3.916
287;281;3.345
287;712;3.362
288;277;3.463
288;281;2.746
288;714;3.883
289;277;2.874
289;280;3.82
289;281;2.765
290;277;2.794
291;277;2.705
292;277;3.906
292;293;3.919
293;292;3.919
294;689;2.813
294;690;3.873
294;1080;3.194
294;1081;3.666
295;1081;3.345
295;1084;3.755
295;1085;3.793
296;306;3.148
296;308;2.855
297;300;3.992
297;306;3.855
298;1097;3.855
299;305;2.7
300;297;3.992
300;952;3.771
301;948;3.429
302;305;2.719
303;305;3.368
304;952;4.009
305;299;2.7
305;302;2.719
305;303;3.368
306;296;3.148
306;297;3.855
306;309;3.072
307;311;3.81
308;296;2.855
309;306;3.072
309;315;2.883
310;312;2.998
310;315;3.967
311;307;3.81
312;310;2.998
312;315;3.623
313;320;2.977
313;321;2.845
314;316;2.976
315;309;2.883
315;310;3.967
315;312;3.623
316;314;2.976
316;324;2.726
317;320;3.838
317;724;2.702
318;723;2.696
319;322;3.028
319;323;2.811
319;325;2.702
320;313;2.977
320;317;3.838
320;723;2.816
320;724;2.675
321;313;2.845
322;319;3.028
323;319;2.811
324;316;2.726
324;326;2.963
324;327;3.069
325;319;2.702
326;324;2.963
327;324;3.069
328;329;3.014
329;328;3.014
330;438;2.815
330;439;3.635
331;437;3.413
332;432;3.976
332;435;3.622
332;436;3.796
333;432;3.115
333;433;3.47
334;432;2.762
335;432;2.641
336;339;3.585
337;344;3.851
337;348;3.56
337;430;3.5
338;340;3.01
338;341;4.006
338;342;2.925
338;343;3.621
338;349;3.429
339;336;3.585
339;341;3.496
340;338;3.01
341;338;4.006
341;339;3.496
341;345;3.477
342;338;2.925
343;338;3.621
343;350;3.498
344;337;3.851
344;347;2.735
344;348;3.924
344;429;3.481
345;341;3.477
345;421;3.788
346;350;3.537
347;344;2.735
347;428;2.595
348;337;3.56
348;344;3.924
348;431;3.031
348;433;2.675
349;338;3.429
350;343;3.498
350;346;3.537
351;356;3.319
351;357;3.639
352;355;3.178
352;357;3.053
353;357;3.949
353;358;3.004
354;367;4.0
354;368;3.479
355;352;3.178
356;351;3.319
357;351;3.639
357;352;3.053
357;353;3.949
358;353;3.004
358;360;2.986
359;363;3.584
360;358;2.986
360;363;3.005
360;368;3.459
361;364;3.005
362;365;2.977
362;366;2.977
363;359;3.584
363;360;3.005
364;361;3.005
365;362;2.977
366;362;2.977
366;369;3.652
367;354;4.0
368;354;3.479
368;360;3.459
369;366;3.652
370;375;3.513
371;388;2.812
372;388;2.783
373;389;3.701
373;393;3.635
374;377;2.969
375;370;3.513
375;379;3.91
376;378;2.988
376;379;3.199
376;380;2.751
377;374;2.969
378;376;2.988
379;375;3.91
379;376;3.199
380;376;2.751
380;383;3.109
380;384;3.211
381;383;3.033
382;385;3.033
383;380;3.109
383;381;3.033
384;380;3.211
385;382;3.033
386;390;2.628
387;390;2.971
388;371;2.812
388;372;2.783
389;373;3.701
389;391;2.998
389;392;3.017
389;393;3.767
390;386;2.628
390;387;2.971
391;389;2.998
392;389;3.017
393;373;3.635
393;389;3.767
394;395;2.751
395;394;2.751
396;399;2.866
397;399;2.607
397;404;3.814
397;405;3.716
398;406;4.012
399;396;2.866
399;397;2.607
399;404;2.746
400;403;2.734
401;404;3.996
402;404;2.98
403;400;2.734
404;397;3.814
404;399;2.746
404;401;3.996
404;402;2.98
405;397;3.716
405;407;2.996
406;398;4.012
407;405;2.996
408;410;3.805
409;411;2.969
410;408;3.805
411;409;2.969
411;412;3.046
412;411;3.046
413;436;2.743
414;415;3.253
415;414;3.253
416;424;3.533
417;418;3.228
418;417;3.228
418;423;3.677
419;420;3.026
420;419;3.026
421;345;3.788
422;424;2.863
422;427;3.679
423;418;3.677
424;416;3.533
424;422;2.863
424;426;3.022
424;427;3.07
425;427;3.938
426;424;3.022
427;422;3.679
427;424;3.07
427;425;3.938
428;347;2.595
429;344;3.481
429;433;3.012
429;434;3.657
430;337;3.5
431;348;3.031
432;332;3.976
432;333;3.115
432;334;2.762
432;335;2.641
433;333;3.47
433;348;2.675
433;429;3.012
434;429;3.657
435;332;3.622
436;332;3.796
436;413;2.743
436;437;3.047
437;331;3.413
437;436;3.047
438;330;2.815
438;444;3.579
439;330;3.635
440;443;3.02
441;444;3.144
442;445;3.48
442;446;2.788
443;440;3.02
444;438;3.579
444;441;3.144
445;442;3.48
446;442;2.788
447;448;3.748
448;447;3.748
449;452;2.727
450;453;3.852
451;454;3.122
452;449;2.727
453;450;3.852
454;451;3.122
454;457;3.033
454;460;3.261
454;461;2.721
455;456;3.926
455;457;3.618
455;514;3.42
455;515;2.725
456;455;3.926
456;514;3.597
456;515;4.023
457;454;3.033
457;455;3.618
457;460;2.952
457;461;3.063
458;461;3.004
459;511;3.67
460;454;3.261
460;457;2.952
460;516;3.478
461;454;2.721
461;457;3.063
461;458;3.004
461;464;2.938
461;465;3.172
462;466;2.969
463;467;2.964
464;461;2.938
464;467;3.24
464;468;3.016
465;461;3.172
465;468;3.403
465;469;2.93
465;563;2.664
465;564;3.963
466;462;2.969
466;469;3.211
466;470;2.964
467;463;2.964
467;464;3.24
467;471;3.055
468;464;3.016
468;465;3.403
468;471;3.323
468;472;2.974
468;504;4.033
468;508;3.8
468;560;3.891
469;465;2.93
469;466;3.211
469;472;2.991
469;473;3.086
469;564;2.647
469;565;3.587
470;466;2.964
470;473;3.474
470;474;3.003
471;467;3.055
471;468;3.323
471;475;2.991
471;501;3.662
472;468;2.974
472;469;2.991
472;475;3.077
472;476;3.069
472;505;3.313
472;558;3.862
472;560;3.885
472;561;3.816
473;469;3.086
473;470;3.474
473;476;3.114
473;477;3.441
473;561;3.886
474;470;3.003
474;477;3.313
474;478;3.016
475;471;2.991
475;472;3.077
475;478;3.28
475;479;2.987
475;501;3.207
475;557;3.153
476;472;3.069
476;473;3.114
476;480;3.052
476;558;3.651
476;966;3.924
477;473;3.441
477;474;3.313
477;480;3.311
477;481;2.994
478;474;3.016
478;475;3.28
478;481;3.06
478;482;2.956
478;494;3.524
479;475;2.987
479;482;3.032
479;555;4.039
479;557;3.778
479;558;3.65
479;970;4.006
480;476;3.052
480;477;3.311
481;477;2.994
481;478;3.06
481;486;3.566
482;478;2.956
482;479;3.032
482;487;2.858
482;494;3.996
482;498;3.417
483;487;2.963
483;1015;3.007
483;1016;3.078
484;1011;3.041
485;488;2.96
485;489;3.041
486;481;3.566
486;490;3.019
487;482;2.858
487;483;2.963
487;491;2.795
488;485;2.96
488;491;2.732
489;485;3.041
490;486;3.019
490;493;3.031
490;494;2.934
491;487;2.795
491;488;2.732
491;495;2.967
492;495;3.313
492;496;3.036
493;490;3.031
493;496;3.963
493;497;2.96
494;478;3.524
494;482;3.996
494;490;2.934
494;497;3.318
494;498;2.924
495;491;2.967
495;492;3.313
495;498;3.377
495;499;3.035
496;492;3.036
496;493;3.963
496;500;2.956
497;493;2.96
497;494;3.318
497;501;2.962
498;482;3.417
498;494;2.924
498;495;3.377
498;501;3.416
498;502;3.097
498;557;3.243
499;495;3.035
499;502;3.31
499;503;3.011
499;541;3.772
499;542;3.387
500;496;2.956
500;503;3.011
500;504;3.08
501;471;3.662
501;475;3.207
501;497;2.962
501;498;3.416
501;504;3.052
501;505;3.346
502;498;3.097
502;499;3.31
502;505;2.953
502;537;2.749
502;538;3.781
502;541;3.795
502;542;4.031
503;499;3.011
503;500;3.011
503;506;2.851
504;468;4.033
504;500;3.08
504;501;3.052
504;507;3.079
504;508;3.229
505;472;3.313
505;501;3.346
505;502;2.953
505;509;2.986
505;534;3.669
505;538;3.941
505;560;3.479
506;503;2.851
506;509;3.392
506;510;3.029
506;538;3.477
507;504;3.079
507;511;3.067
508;468;3.8
508;504;3.229
508;511;3.424
508;512;2.946
508;560;2.737
508;563;2.734
509;505;2.986
509;506;3.392
509;513;2.984
509;534;3.623
510;506;3.029
510;513;3.215
510;514;3.095
511;459;3.67
511;507;3.067
511;508;3.424
511;514;4.005
511;515;2.991
512;508;2.946
512;515;2.999
512;516;3.032
512;520;2.683
512;521;3.554
512;527;2.766
513;509;2.984
513;510;3.215
513;521;3.719
513;522;3.939
514;455;3.42
514;456;3.597
514;510;3.095
514;511;4.005
515;455;2.725
515;456;4.023
515;511;2.991
515;512;2.999
516;460;3.478
516;512;3.032
516;520;3.735
517;520;2.997
517;521;2.935
518;522;2.975
519;523;2.798
520;512;2.683
520;516;3.735
520;517;2.997
520;523;3.086
520;524;2.912
521;512;3.554
521;513;3.719
521;517;2.935
521;527;3.223
521;531;3.397
522;513;3.939
522;518;2.975
523;519;2.798
523;520;3.086
524;520;2.912
524;527;2.969
524;528;3.048
525;528;3.959
525;529;3.012
526;530;3.0
526;568;2.915
526;571;3.868
527;512;2.766
527;521;3.223
527;524;2.969
527;531;2.957
528;524;3.048
528;525;3.959
528;531;3.395
528;532;2.989
529;525;3.012
529;532;3.438
529;533;3.021
530;526;3.0
530;533;3.2
530;534;2.904
530;560;2.638
530;563;3.875
531;521;3.397
531;527;2.957
531;528;3.395
531;535;3.009
532;528;2.989
532;529;3.438
532;535;3.198
532;536;3.087
533;529;3.021
533;530;3.2
533;537;3.023
534;505;3.669
534;509;3.623
534;530;2.904
534;538;2.944
534;560;3.744
535;531;3.009
535;532;3.198
535;539;2.949
536;532;3.087
536;540;3.206
536;553;3.565
537;502;2.749
537;533;3.023
537;541;3.453
537;557;3.094
538;502;3.781
538;505;3.941
538;506;3.477
538;534;2.944
538;541;3.111
538;542;2.914
539;535;2.949
539;542;3.244
539;543;3.027
540;536;3.206
540;544;2.981
540;545;3.013
540;554;3.602
541;499;3.772
541;502;3.795
541;537;3.453
541;538;3.111
541;545;3.704
541;554;3.97
542;499;3.387
542;502;4.031
542;538;2.914
542;539;3.244
543;539;3.027
544;540;2.981
544;546;2.95
545;540;3.013
545;541;3.704
545;551;2.786
546;544;2.95
546;551;3.2
547;550;2.786
548;551;3.273
548;552;2.931
549;552;3.299
549;553;2.958
549;1055;3.963
550;547;2.786
550;553;3.061
550;554;3.079
551;545;2.786
551;546;3.2
551;548;3.273
551;554;2.929
552;548;2.931
552;549;3.299
552;555;2.985
552;974;3.121
553;536;3.565
553;549;2.958
553;550;3.061
553;556;2.979
554;540;3.602
554;541;3.97
554;550;3.079
554;551;2.929
554;557;3.055
555;479;4.039
555;552;2.985
555;558;3.178
555;970;3.707
555;971;3.905
556;553;2.979
556;559;2.896
556;967;3.891
557;475;3.153
557;479;3.778
557;498;3.243
557;537;3.094
557;554;3.055
557;560;2.974
558;472;3.862
558;476;3.651
558;479;3.65
558;555;3.178
558;561;2.922
558;963;3.796
558;967;3.535
559;556;2.896
559;562;2.768
559;964;3.394
559;967;3.491
560;468;3.891
560;472;3.885
560;505;3.479
560;508;2.737
560;530;2.638
560;534;3.744
560;557;2.974
560;563;2.985
561;472;3.816
561;473;3.886
561;558;2.922
561;564;2.971
561;565;2.949
561;567;3.885
561;963;3.628
562;559;2.768
562;567;4.012
563;465;2.664
563;508;2.734
563;530;3.875
563;560;2.985
564;465;3.963
564;469;2.647
564;561;2.971
565;469;3.587
565;561;2.949
565;567;3.908
565;568;3.023
566;569;3.11
566;570;2.928
566;956;3.32
567;561;3.885
567;562;4.012
567;565;3.908
567;570;3.174
567;571;3.015
567;960;3.491
568;526;2.915
568;565;3.023
568;571;3.835
568;572;3.058
569;566;3.11
569;572;3.39
569;573;2.97
570;566;2.928
570;567;3.174
570;573;3.219
570;574;2.946
570;960;3.618
571;526;3.868
571;567;3.015
571;568;3.835
571;575;3.056
572;568;3.058
572;569;3.39
572;575;3.399
572;576;2.742
573;569;2.97
573;570;3.219
573;576;3.362
573;577;2.931
573;1073;3.672
574;570;2.946
574;577;3.188
574;578;3.079
574;1069;3.577
575;571;3.056
575;572;3.399
575;578;2.987
576;572;2.742
576;573;3.362
576;579;2.971
577;573;2.931
577;574;3.188
577;580;3.119
577;581;3.09
577;681;3.707
577;1069;3.475
577;1073;3.661
578;574;3.079
578;575;2.987
578;581;3.415
578;582;2.967
578;1069;3.866
579;576;2.971
579;582;3.03
580;577;3.119
580;681;3.893
581;577;3.09
581;578;3.415
581;584;3.278
581;585;2.871
581;677;3.554
581;1069;3.771
582;578;2.967
582;579;3.03
582;586;3.047
583;105;3.355
583;109;3.319
583;586;3.234
583;587;3.284
584;581;3.278
584;587;3.052
584;588;3.026
584;676;3.484
584;677;3.819
585;581;2.871
585;589;2.927
586;582;3.047
586;583;3.234
586;589;3.317
586;590;3.06
587;106;3.71
587;583;3.284
587;584;3.052
587;590;3.448
587;591;3.029
588;584;3.026
588;591;3.485
588;592;2.963
588;639;3.97
589;585;2.927
589;586;3.317
589;593;2.971
590;99;3.516
590;586;3.06
590;587;3.448
590;593;3.305
590;594;3.01
591;587;3.029
591;588;3.485
591;594;3.279
591;595;2.945
591;669;3.705
592;588;2.963
592;595;3.481
592;596;2.924
592;632;3.504
592;635;3.812
593;19;3.491
593;23;3.777
593;589;2.971
593;590;3.305
593;596;3.279
593;597;3.005
593;628;3.503
594;93;3.924
594;97;3.933
594;590;3.01
594;591;3.279
594;597;3.247
594;598;2.994
595;591;2.945
595;592;3.481
595;599;2.957
595;635;3.768
595;665;4.05
595;666;3.563
595;669;3.882
596;592;2.924
596;593;3.279
596;599;3.235
596;600;2.994
596;628;3.848
596;631;3.988
596;632;4.023
597;93;3.654
597;593;3.005
597;594;3.247
597;601;3.341
598;93;3.694
598;594;2.994
598;601;3.364
598;602;3.024
599;595;2.957
599;596;3.235
599;603;3.006
599;604;2.808
599;625;3.815
600;25;3.224
600;596;2.994
600;604;3.048
600;605;3.144
600;627;3.954
601;90;3.361
601;597;3.341
601;598;3.364
602;86;3.899
602;90;3.869
602;598;3.024
602;605;2.794
603;599;3.006
603;606;3.011
603;607;3.578
603;621;3.507
603;625;4.145
603;659;3.386
603;662;4.0
604;599;2.808
604;600;3.048
604;621;3.73
605;600;3.144
605;602;2.794
606;603;3.011
606;618;4.122
606;621;3.003
607;603;3.578
607;619;3.081
607;621;2.943
607;647;3.778
607;648;3.374
607;655;2.695
607;659;3.505
608;617;2.633
608;618;3.328
608;648;3.701
608;649;2.923
609;612;3.0
609;613;2.832
609;614;2.79
609;615;2.757
610;648;4.155
610;649;2.747
610;651;3.663
611;614;3.887
612;609;3.0
612;617;3.977
613;609;2.832
614;609;2.79
614;611;3.887
615;609;2.757
616;622;3.484
617;608;2.633
617;612;3.977
618;606;4.122
618;608;3.328
618;622;3.444
619;607;3.081
619;622;3.39
619;623;3.103
619;646;2.803
619;647;3.553
620;623;3.058
620;624;2.834
620;645;3.901
621;603;3.507
621;604;3.73
621;606;3.003
621;607;2.943
621;625;3.647
621;647;3.605
622;616;3.484
622;618;3.444
622;619;3.39
622;626;3.625
623;619;3.103
623;620;3.058
623;630;3.847
623;1039;4.015
623;1043;3.664
623;1049;3.974
624;620;2.834
624;630;3.345
624;634;3.908
624;1034;3.356
624;1038;3.927
625;599;3.815
625;603;4.145
625;621;3.647
625;630;3.803
625;634;3.631
625;647;4.057
626;622;3.625
626;1047;2.726
627;25;3.711
627;600;3.954
627;630;2.797
627;631;2.957
627;1050;2.718
628;25;3.288
628;593;3.503
628;596;3.848
628;632;2.953
629;632;3.154
629;633;2.98
629;1050;3.899
629;1053;4.007
629;1054;3.647
629;1057;3.769
630;623;3.847
630;624;3.345
630;625;3.803
630;627;2.797
630;633;3.381
630;634;2.995
630;1038;2.958
631;596;3.988
631;627;2.957
631;635;2.961
632;592;3.504
632;596;4.023
632;628;2.953
632;629;3.154
632;635;3.461
632;636;2.981
633;629;2.98
633;630;3.381
633;636;3.197
633;637;3.009
633;1038;3.92
633;1057;3.648
634;624;3.908
634;625;3.631
634;630;2.995
634;637;3.157
634;638;3.03
634;644;3.891
635;592;3.812
635;595;3.768
635;631;2.961
635;632;3.461
635;638;3.239
635;639;2.976
635;666;4.039
636;632;2.981
636;633;3.197
636;639;3.064
636;640;3.212
636;1030;3.921
636;1033;3.529
636;1057;3.687
636;1064;3.906
637;633;3.009
637;634;3.157
637;643;2.929
637;1034;3.512
638;634;3.03
638;635;3.239
638;641;3.076
638;644;3.775
638;663;3.51
638;666;3.618
638;667;3.997
639;588;3.97
639;635;2.976
639;636;3.064
639;670;3.736
640;636;3.212
640;1030;3.472
641;638;3.076
642;214;3.801
642;1031;3.499
643;209;3.691
643;214;3.363
643;215;5.92
643;637;2.929
643;1035;3.838
644;634;3.891
644;638;3.775
644;647;3.507
644;663;3.317
645;620;3.901
645;1035;3.531
646;619;2.803
647;607;3.778
647;619;3.553
647;621;3.605
647;625;4.057
647;644;3.507
647;656;3.271
647;659;3.451
648;607;3.374
648;608;3.701
648;610;4.155
648;652;3.368
648;656;3.004
649;608;2.923
649;610;2.747
649;656;3.68
650;988;3.362
651;610;3.663
652;648;3.368
652;655;2.756
652;656;3.054
653;657;2.941
654;657;3.298
654;658;3.007
655;607;2.695
655;652;2.756
655;658;3.241
655;659;3.094
656;647;3.271
656;648;3.004
656;649;3.68
656;652;3.054
656;659;3.368
656;660;2.906
657;653;2.941
657;654;3.298
657;660;3.284
657;661;3.017
658;654;3.007
658;655;3.241
658;661;3.494
658;662;3.378
659;603;3.386
659;607;3.505
659;647;3.451
659;655;3.094
659;656;3.368
659;662;3.427
659;663;2.947
660;205;3.82
660;656;2.906
660;657;3.284
660;663;3.318
660;664;2.966
661;657;3.017
661;658;3.494
661;664;3.401
661;665;3.018
662;603;4.0
662;658;3.378
662;659;3.427
662;665;3.323
662;666;2.986
663;638;3.51
663;644;3.317
663;659;2.947
663;660;3.318
663;666;3.321
663;667;2.999
664;208;3.823
664;660;2.966
664;661;3.401
664;667;3.395
664;668;2.999
665;595;4.05
665;661;3.018
665;662;3.323
665;668;3.483
665;669;3.011
666;595;3.563
666;635;4.039
666;638;3.618
666;662;2.986
666;663;3.321
666;670;2.955
667;212;3.618
667;638;3.997
667;663;2.999
667;664;3.395
667;671;2.924
668;208;3.891
668;664;2.999
668;665;3.483
668;671;3.426
668;672;3.039
669;591;3.705
669;595;3.882
669;665;3.011
669;672;3.433
669;673;2.987
670;639;3.736
670;666;2.955
670;673;3.216
670;674;2.933
671;667;2.924
671;668;3.426
671;674;3.261
671;675;2.979
672;113;3.781
672;668;3.039
672;669;3.433
672;676;3.03
673;669;2.987
673;670;3.216
673;676;3.353
673;677;2.924
674;670;2.933
674;671;3.261
674;677;3.108
674;678;3.072
675;248;3.564
675;249;3.679
675;671;2.979
675;678;3.472
675;679;3.023
676;584;3.484
676;672;3.03
676;673;3.353
676;680;2.919
677;581;3.554
677;584;3.819
677;673;2.924
677;674;3.108
677;680;3.373
677;681;3.123
677;1072;3.371
678;249;3.706
678;253;3.67
678;674;3.072
678;675;3.472
678;681;3.44
678;682;2.935
678;1072;3.608
678;1075;3.747
679;252;3.802
679;253;3.931
679;256;3.682
679;675;3.023
679;683;2.957
680;676;2.919
680;677;3.373
680;684;3.071
681;577;3.707
681;580;3.893
681;677;3.123
681;678;3.44
681;684;3.3
681;685;3.019
681;1072;3.64
681;1073;3.647
681;1076;3.545
682;253;3.518
682;678;2.935
682;685;3.486
682;686;2.961
682;1076;3.973
682;1079;3.485
683;679;2.957
683;686;3.343
683;687;3.037
684;680;3.071
684;681;3.3
684;687;3.042
684;688;3.11
685;681;3.019
685;682;3.486
685;688;2.976
685;689;3.034
685;1076;3.47
685;1080;3.481
686;257;3.939
686;682;2.961
686;683;3.343
686;691;3.508
686;1080;3.637
686;1083;3.207
687;683;3.037
687;684;3.042
687;691;3.766
688;684;3.11
688;685;2.976
689;294;2.813
689;685;3.034
689;1080;3.564
690;294;3.873
690;1088;2.83
691;686;3.508
691;687;3.766
691;1088;2.789
692;1083;3.498
693;274;3.62
693;276;3.841
694;1087;4.024
694;1090;3.594
695;1087;2.774
696;1087;2.732
696;1089;2.637
696;1090;3.22
697;705;3.618
697;709;3.36
698;702;3.651
699;1107;2.788
699;1111;2.696
700;703;3.22
701;1117;3.128
701;1118;2.769
701;1119;3.399
701;1376;3.244
702;698;3.651
702;1117;3.942
702;1376;3.73
703;700;3.22
704;284;2.653
705;697;3.618
705;709;3.441
706;264;3.828
706;274;3.655
706;282;3.993
707;1090;3.566
708;711;2.883
709;697;3.36
709;705;3.441
709;1090;3.545
709;1091;3.704
710;1105;3.85
711;708;2.883
711;718;3.797
711;1100;3.836
712;286;3.162
712;287;3.362
713;716;3.261
713;721;2.624
714;286;3.655
714;288;3.883
715;718;3.899
716;713;3.261
716;718;3.594
716;1103;3.676
717;729;2.887
718;711;3.797
718;715;3.899
718;716;3.594
718;720;3.735
718;1103;3.655
719;722;3.737
719;1099;2.609
719;1100;2.834
720;718;3.735
720;1100;4.015
721;713;2.624
722;719;3.737
723;318;2.696
723;320;2.816
724;317;2.702
724;320;2.675
725;727;4.004
726;728;2.716
727;725;4.004
728;726;2.716
729;717;2.887
730;733;3.819
731;733;3.83
732;734;3.055
733;730;3.819
733;731;3.83
734;732;3.055
735;738;3.154
736;739;2.956
737;740;2.904
738;735;3.154
739;736;2.956
740;737;2.904
741;743;2.925
742;743;2.822
743;741;2.925
743;742;2.822
744;747;2.968
744;748;2.946
745;749;2.656
746;749;2.758
746;750;2.994
747;744;2.968
748;744;2.946
749;745;2.656
749;746;2.758
750;746;2.994
750;751;3.03
750;752;3.363
750;753;3.452
751;750;3.03
752;750;3.363
752;755;4.031
752;756;3.449
753;750;3.452
753;755;3.139
754;756;2.985
755;752;4.031
755;753;3.139
756;752;3.449
756;754;2.985
756;757;3.149
757;756;3.149
757;760;3.889
758;759;2.951
759;758;2.951
760;757;3.889
761;762;3.75
762;761;3.75
763;766;2.798
764;782;3.914
765;779;2.581
765;781;3.986
765;782;3.985
766;763;2.798
767;772;3.047
767;780;3.468
768;770;2.74
768;771;2.946
768;780;3.83
769;773;2.926
770;768;2.74
770;773;3.053
771;768;2.946
772;767;3.047
772;774;3.447
773;769;2.926
773;770;3.053
774;772;3.447
774;776;3.647
774;777;3.819
775;776;3.009
776;774;3.647
776;775;3.009
776;778;3.546
777;774;3.819
778;776;3.546
779;765;2.581
779;782;2.786
780;767;3.468
780;768;3.83
781;765;3.986
782;764;3.914
782;765;3.985
782;779;2.786
783;784;3.298
784;783;3.298
785;789;3.939
785;790;3.377
786;790;2.936
787;789;3.868
787;790;2.896
787;792;3.71
788;791;3.15
788;792;3.356
789;785;3.939
789;787;3.868
790;785;3.377
790;786;2.936
790;787;2.896
790;793;3.087
791;788;3.15
791;794;3.185
792;787;3.71
792;788;3.356
793;790;3.087
794;791;3.185
794;797;4.0
795;800;3.432
796;799;3.032
796;800;2.945
797;794;4.0
798;804;3.844
799;796;3.032
799;802;3.991
799;803;3.981
799;804;3.664
800;795;3.432
800;796;2.945
801;805;3.801
802;799;3.991
802;805;3.044
803;799;3.981
803;806;3.022
803;809;3.375
804;798;3.844
804;799;3.664
805;801;3.801
805;802;3.044
805;808;2.927
806;803;3.022
806;809;3.354
807;813;2.918
808;805;2.927
809;803;3.375
809;806;3.354
809;813;2.951
810;811;4.028
810;812;3.253
810;813;3.493
811;810;4.028
812;810;3.253
812;814;2.972
813;807;2.918
813;809;2.951
813;810;3.493
813;816;3.71
814;812;2.972
814;817;3.03
814;818;3.067
815;820;3.814
816;813;3.71
817;814;3.03
818;814;3.067
819;823;3.835
820;815;3.814
820;823;2.767
820;880;2.749
821;824;3.053
822;827;3.871
822;873;3.899
822;876;3.405
822;877;3.766
823;819;3.835
823;820;2.767
824;821;3.053
824;827;2.891
824;828;2.932
825;829;3.063
826;830;2.901
827;822;3.871
827;824;2.891
827;830;3.298
827;831;2.982
828;824;2.932
828;831;3.344
828;832;3.138
828;936;3.226
829;825;3.063
829;832;3.444
829;833;3.006
830;826;2.901
830;827;3.298
830;833;3.352
830;834;2.926
831;827;2.982
831;828;3.344
831;834;3.364
831;835;2.946
831;870;3.792
831;873;3.774
832;828;3.138
832;829;3.444
832;835;3.428
832;836;2.966
832;936;3.639
833;829;3.006
833;830;3.352
833;836;3.205
833;837;2.976
834;830;2.926
834;831;3.364
834;838;2.961
834;870;3.99
835;831;2.946
835;832;3.428
835;839;2.9
835;866;3.984
835;870;3.428
835;929;3.694
835;933;3.757
836;832;2.966
836;833;3.205
836;839;3.181
836;840;2.985
837;833;2.976
837;840;3.126
837;841;3.01
838;834;2.961
838;841;3.446
838;842;2.954
838;929;3.662
839;835;2.9
839;836;3.181
839;843;2.998
840;836;2.985
840;837;3.126
840;843;3.389
840;844;2.964
841;837;3.01
841;838;3.446
841;844;2.974
841;845;3.245
842;838;2.954
842;927;3.931
843;839;2.998
843;840;3.389
843;847;3.418
843;1272;3.86
844;840;2.964
844;841;2.974
844;847;3.069
844;848;3.03
844;851;3.463
844;855;3.941
845;841;3.245
845;852;2.713
845;920;2.711
846;849;3.293
846;852;2.663
846;1275;3.345
846;1328;3.012
847;843;3.418
847;844;3.069
847;1295;3.75
848;844;3.03
848;851;2.973
848;852;3.021
849;846;3.293
849;852;3.235
849;853;3.013
849;1329;3.95
850;853;2.623
851;844;3.463
851;848;2.973
851;854;3.415
851;855;2.977
852;845;2.713
852;846;2.663
852;848;3.021
852;849;3.235
852;856;3.028
853;849;3.013
853;850;2.623
853;1329;3.476
854;851;3.415
855;844;3.941
855;851;2.977
855;858;3.117
855;859;3.031
856;852;3.028
856;860;2.743
857;861;3.017
858;855;3.117
858;861;3.356
858;862;2.993
859;855;3.031
859;862;2.977
859;863;3.277
860;856;2.743
860;863;2.963
860;864;3.021
860;920;2.831
860;923;3.72
861;857;3.017
861;858;3.356
861;864;2.905
861;865;2.952
862;858;2.993
862;859;2.977
862;866;2.911
863;859;3.277
863;860;2.963
863;867;3.003
863;926;3.766
864;860;3.021
864;861;2.905
864;867;3.379
864;868;3.043
865;861;2.952
865;868;3.491
865;869;2.982
866;835;3.984
866;862;2.911
866;869;3.262
866;870;2.935
866;929;3.622
867;863;3.003
867;864;3.379
867;871;2.978
867;926;3.677
868;864;3.043
868;865;3.491
868;872;3.024
869;865;2.982
869;866;3.262
869;872;4.006
869;873;2.946
870;831;3.792
870;834;3.99
870;835;3.428
870;866;2.935
870;874;3.006
870;932;3.652
871;867;2.978
871;874;3.394
871;875;2.97
871;899;3.843
871;903;3.639
872;868;3.024
872;869;4.006
872;875;3.356
872;876;2.945
873;822;3.899
873;831;3.774
873;869;2.946
873;876;3.433
873;877;2.693
873;932;3.539
874;870;3.006
874;871;3.394
874;877;3.416
874;878;2.946
874;896;3.877
875;871;2.97
875;872;3.356
875;878;4.017
875;879;3.005
876;822;3.405
876;872;2.945
876;873;3.433
876;879;4.02
876;880;2.999
877;822;3.766
877;873;2.693
877;874;3.416
877;880;3.29
877;881;3.076
877;886;3.75
877;892;3.962
877;895;2.692
878;874;2.946
878;875;4.017
878;881;3.021
878;882;2.923
878;883;3.886
878;886;6.367
878;887;3.636
879;875;3.005
879;876;4.02
880;820;2.749
880;876;2.999
880;877;3.29
881;877;3.076
881;878;3.021
881;885;2.701
881;886;3.977
881;889;4.025
881;892;3.674
882;878;2.923
882;886;2.988
883;878;3.886
883;886;3.425
883;887;3.026
884;887;3.077
884;888;2.813
885;881;2.701
886;877;3.75
886;878;6.367
886;881;3.977
886;882;2.988
886;883;3.425
886;889;3.042
886;892;3.646
886;896;3.76
887;878;3.636
887;883;3.026
887;884;3.077
887;893;3.797
887;896;3.799
888;884;2.813
889;881;4.025
889;886;3.042
889;892;3.003
889;893;2.929
890;894;2.96
891;894;3.317
891;895;2.988
891;934;3.845
891;935;3.164
891;944;3.904
892;877;3.962
892;881;3.674
892;886;3.646
892;889;3.003
892;895;3.159
892;896;2.974
893;887;3.797
893;889;2.929
893;896;5.762
893;897;2.96
894;890;2.96
894;891;3.317
894;897;3.22
895;877;2.692
895;891;2.988
895;892;3.159
895;932;2.904
895;935;2.697
896;874;3.877
896;886;3.76
896;887;3.799
896;892;2.974
896;893;5.762
896;899;3.026
896;900;2.958
897;893;2.96
897;894;3.22
897;901;3.028
898;928;3.981
898;932;3.677
899;871;3.843
899;896;3.026
899;902;3.312
899;903;3.105
900;896;2.958
900;903;2.84
900;904;2.908
901;897;3.028
901;905;2.963
901;925;3.748
902;899;3.312
902;905;3.971
902;906;3.052
902;926;2.866
903;871;3.639
903;899;3.105
903;900;2.84
903;906;3.355
903;907;2.984
904;900;2.908
904;907;3.177
904;908;2.995
905;901;2.963
905;902;3.971
905;908;3.436
905;909;2.986
906;902;3.052
906;903;3.355
906;909;3.325
906;910;2.98
906;919;3.781
907;903;2.984
907;904;3.177
907;910;3.195
907;911;2.928
908;904;2.995
908;905;3.436
908;911;3.16
908;912;2.974
909;905;2.986
909;906;3.325
909;914;3.034
909;918;3.301
909;919;3.353
909;922;3.647
910;906;2.98
910;907;3.195
910;913;3.0
911;907;2.928
911;908;3.16
912;908;2.974
913;910;3.0
914;909;3.034
915;918;3.794
915;919;3.167
916;919;3.482
916;920;3.001
917;920;2.733
917;921;3.236
918;909;3.301
918;915;3.794
918;922;2.996
919;906;3.781
919;909;3.353
919;915;3.167
919;916;3.482
919;923;2.989
920;845;2.711
920;860;2.831
920;916;3.001
920;917;2.733
920;1327;3.78
921;917;3.236
921;924;3.041
921;1277;3.858
921;1324;3.014
921;1325;3.61
921;1326;3.15
922;909;3.647
922;918;2.996
923;860;3.72
923;919;2.989
923;926;2.743
924;921;3.041
924;927;2.746
924;928;3.362
924;1273;3.6
925;901;3.748
925;928;2.978
926;863;3.766
926;867;3.677
926;902;2.866
926;923;2.743
926;929;2.84
927;842;3.931
927;924;2.746
928;898;3.981
928;924;3.362
928;925;2.978
928;931;2.926
928;932;3.0
928;1269;3.838
929;835;3.694
929;838;3.662
929;866;3.622
929;926;2.84
929;932;2.978
929;933;3.179
930;933;2.983
930;1269;3.624
931;928;2.926
931;934;2.775
931;1269;3.814
932;870;3.652
932;873;3.539
932;895;2.904
932;898;3.677
932;928;3.0
932;929;2.978
932;935;2.89
933;835;3.757
933;929;3.179
933;930;2.983
933;936;3.0
933;937;2.924
934;891;3.845
934;931;2.775
934;937;3.199
934;940;3.517
934;944;3.731
935;891;3.164
935;895;2.697
935;932;2.89
935;941;2.909
936;828;3.226
936;832;3.639
936;933;3.0
936;941;3.89
937;933;2.924
937;934;3.199
937;940;3.438
937;941;2.982
