source;destination;distance
0;3;2.792
1;47;3.579
2;7;3.538
2;48;3.694
3;0;2.792
4;7;3.235
4;8;2.971
5;9;2.976
6;10;2.974
7;2;3.538
7;4;3.235
7;10;3.116
7;11;2.968
7;43;3.995
7;47;3.727
8;4;2.971
8;11;3.475
8;12;2.976
9;5;2.976
9;13;2.933
10;6;2.974
10;7;3.116
10;13;3.49
10;14;2.947
11;7;2.968
11;8;3.475
11;14;3.394
11;15;3.023
11;44;3.603
12;8;2.976
12;16;2.982
12;104;4.03
13;9;2.933
13;10;3.49
13;16;3.387
13;17;2.943
14;10;2.947
14;11;3.394
14;18;3.005
14;37;3.711
15;11;3.023
15;19;2.988
15;37;3.896
15;99;3.975
15;100;3.591
16;12;2.982
16;13;3.387
16;19;3.168
16;20;3.082
17;13;2.943
17;20;3.343
17;21;2.988
18;14;3.005
18;21;3.561
18;22;2.941
18;37;3.041
18;96;3.118
19;15;2.988
19;16;3.168
19;22;3.192
19;97;3.521
19;607;3.522
20;16;3.082
20;17;3.343
20;23;3.368
21;17;2.988
21;18;3.561
21;24;2.992
21;30;3.652
21;33;3.408
22;18;2.941
22;19;3.192
22;93;4.084
22;96;3.891
22;97;3.947
23;20;3.368
23;607;3.806
24;21;2.992
24;27;4.043
25;614;3.243
25;641;3.712
25;642;3.277
26;30;3.835
27;24;4.043
27;30;2.855
28;31;2.73
28;32;3.009
29;32;3.273
29;33;2.985
30;21;3.652
30;26;3.835
30;27;2.855
30;33;3.413
30;34;2.997
31;28;2.73
31;34;3.433
31;35;3.0
32;28;3.009
32;29;3.273
32;36;3.005
33;21;3.408
33;29;2.985
33;30;3.413
33;36;3.287
33;37;2.958
34;30;2.997
34;31;3.433
34;37;3.296
34;38;2.93
34;80;3.969
34;93;2.858
34;96;3.71
35;31;3.0
35;38;3.41
35;39;2.978
35;81;3.702
36;32;3.005
36;33;3.287
36;39;3.365
36;40;3.002
37;14;3.711
37;15;3.896
37;18;3.041
37;33;2.958
37;34;3.296
37;40;3.025
37;41;2.868
37;96;3.847
38;34;2.93
38;35;3.41
38;41;4.033
38;42;2.985
38;80;2.75
39;35;2.978
39;36;3.365
39;42;3.158
39;43;2.985
40;36;3.002
40;37;3.025
40;43;3.436
40;44;2.907
41;37;2.868
41;38;4.033
41;45;2.952
41;73;3.443
41;99;3.517
42;38;2.985
42;39;3.158
42;45;3.314
42;46;2.972
43;7;3.995
43;39;2.985
43;40;3.436
43;46;3.381
43;47;3.049
44;11;3.603
44;40;2.907
44;47;3.263
44;48;2.838
44;99;2.653
45;41;2.952
45;42;3.314
45;49;2.989
45;56;3.955
45;73;3.937
46;42;2.972
46;43;3.381
46;50;3.066
46;51;4.037
47;1;3.579
47;7;3.727
47;43;3.049
47;44;3.263
48;2;3.694
48;44;2.838
48;66;3.203
48;69;2.667
49;45;2.989
49;56;4.007
49;59;3.822
49;66;3.702
50;46;3.066
50;53;3.076
50;55;3.608
51;46;4.037
52;55;3.605
52;58;3.455
53;50;3.076
53;56;2.988
54;57;2.985
55;50;3.608
55;52;3.605
55;58;2.989
56;45;3.955
56;49;4.007
56;53;2.988
56;59;3.034
56;70;3.892
57;54;2.985
57;60;3.015
58;52;3.455
58;55;2.989
58;61;3.047
59;49;3.822
59;56;3.034
59;62;2.967
59;63;3.759
59;66;3.51
59;67;3.993
59;70;3.78
60;57;3.015
61;58;3.047
62;59;2.967
63;59;3.759
63;66;3.441
63;67;2.932
64;67;3.439
64;68;3.036
65;68;3.02
65;69;3.055
65;102;3.455
65;108;3.248
65;111;3.758
66;48;3.203
66;49;3.702
66;59;3.51
66;63;3.441
66;69;3.746
66;70;2.986
67;59;3.993
67;63;2.932
67;64;3.439
67;70;3.384
67;71;2.945
68;64;3.036
68;65;3.02
68;72;3.006
68;101;3.901
69;48;2.667
69;65;3.055
69;66;3.746
69;72;3.465
69;73;2.936
69;99;3.149
69;102;2.744
70;56;3.892
70;59;3.78
70;66;2.986
70;67;3.384
70;73;3.176
70;74;2.984
71;67;2.945
71;74;3.454
71;75;2.986
72;68;3.006
72;69;3.465
72;76;2.93
72;95;3.527
73;41;3.443
73;45;3.937
73;69;2.936
73;70;3.176
73;76;3.446
73;77;2.897
74;70;2.984
74;71;3.454
74;77;3.373
74;78;3.009
75;71;2.986
75;78;3.389
75;79;2.972
75;89;3.503
75;92;3.326
76;72;2.93
76;73;3.446
76;79;3.011
76;80;2.864
77;73;2.897
77;74;3.373
77;81;2.97
78;74;3.009
78;75;3.389
78;82;3.016
79;75;2.972
79;76;3.011
79;83;3.964
79;89;2.741
80;34;3.969
80;38;2.75
80;76;2.864
80;83;3.218
80;96;3.992
81;35;3.702
81;77;2.97
82;78;3.016
82;84;2.99
83;79;3.964
83;80;3.218
83;90;2.923
83;93;3.576
84;82;2.99
85;89;3.678
86;89;3.136
87;90;2.902
87;91;3.189
87;616;3.932
88;91;3.131
89;75;3.503
89;79;2.741
89;85;3.678
89;86;3.136
89;92;2.999
90;83;2.923
90;87;2.902
91;87;3.189
91;88;3.131
91;94;3.007
91;615;3.406
91;616;3.864
92;75;3.326
92;89;2.999
92;95;2.86
93;22;4.084
93;34;2.858
93;83;3.576
93;96;2.945
94;91;3.007
94;97;2.842
94;608;3.949
94;611;3.663
94;612;3.696
95;72;3.527
95;92;2.86
95;98;3.847
95;99;3.003
95;608;4.028
96;18;3.118
96;22;3.891
96;34;3.71
96;37;3.847
96;80;3.992
96;93;2.945
96;99;3.111
97;19;3.521
97;22;3.947
97;94;2.842
97;100;2.988
98;95;3.847
98;101;2.913
98;608;3.94
99;15;3.975
99;41;3.517
99;44;2.653
99;69;3.149
99;95;3.003
99;96;3.111
99;102;2.95
100;15;3.591
100;97;2.988
100;103;2.976
100;104;2.998
100;107;3.697
100;604;3.392
101;68;3.901
101;98;2.913
101;111;3.861
102;65;3.455
102;69;2.744
102;99;2.95
102;108;2.815
103;100;2.976
104;12;4.03
104;100;2.998
104;107;3.096
104;108;2.988
105;108;3.349
105;109;2.947
106;110;3.128
106;597;3.432
107;100;3.697
107;104;3.096
107;110;3.379
107;111;2.993
107;601;3.686
108;65;3.248
108;102;2.815
108;104;2.988
108;105;3.349
108;111;3.451
108;112;2.982
109;105;2.947
109;112;3.281
109;113;3.03
110;106;3.128
110;107;3.379
110;113;3.111
110;114;2.998
110;597;3.34
111;65;3.758
111;101;3.861
111;107;2.993
111;108;3.451
111;114;3.221
111;115;3.024
112;108;2.982
112;109;3.281
112;115;3.401
112;116;2.997
113;109;3.03
113;110;3.111
113;116;3.255
113;117;3.046
114;110;2.998
114;111;3.221
114;117;3.053
114;118;3.249
114;686;3.778
115;111;3.024
115;112;3.401
115;118;2.943
116;112;2.997
116;113;3.255
116;119;2.814
116;260;3.973
117;113;3.046
117;114;3.053
117;120;3.109
117;121;3.008
118;114;3.249
118;115;2.943
118;122;3.003
119;116;2.814
119;264;2.711
120;117;3.109
120;260;3.885
120;263;2.635
120;264;2.76
121;117;3.008
121;124;3.304
121;125;2.93
122;118;3.003
122;126;2.981
123;126;3.177
123;127;3.092
123;1235;3.462
123;1236;2.95
124;121;3.304
124;127;3.452
124;128;3.172
124;249;3.6
124;1239;4.013
125;121;2.93
125;128;3.336
125;129;2.928
126;122;2.981
126;123;3.177
126;129;3.328
126;130;2.99
127;123;3.092
127;124;3.452
127;131;2.967
127;1230;4.004
127;1236;3.974
127;1239;3.835
128;124;3.172
128;125;3.336
128;131;3.304
128;132;2.901
128;249;3.595
129;125;2.928
129;126;3.328
129;132;3.477
129;133;3.014
130;126;2.99
130;133;3.426
130;134;2.933
130;1226;3.663
130;1229;3.401
130;1230;3.792
131;127;2.967
131;128;3.304
131;135;2.89
132;128;2.901
132;129;3.477
132;136;2.962
132;209;3.672
132;212;4.007
133;129;3.014
133;130;3.426
133;136;3.191
133;137;3.002
134;130;2.933
134;137;3.287
134;138;2.976
134;1137;3.729
134;1226;3.758
135;131;2.89
135;139;2.944
135;212;3.593
135;238;3.693
135;242;3.84
135;245;3.938
136;132;2.962
136;133;3.191
136;140;2.918
136;205;3.818
136;209;3.919
137;133;3.002
137;134;3.287
137;140;3.205
137;141;3.129
137;205;3.83
137;1223;3.894
138;134;2.976
138;141;3.14
138;142;3.449
138;238;3.578
138;1220;3.687
138;1223;3.945
139;135;2.944
139;142;3.392
139;143;2.947
139;202;3.643
140;136;2.918
140;137;3.205
140;144;3.532
140;204;3.494
140;205;3.911
140;208;4.039
141;137;3.129
141;138;3.14
141;1220;3.636
141;1223;3.39
142;138;3.449
142;139;3.392
142;1216;3.649
142;1220;3.46
143;139;2.947
143;225;2.982
143;235;3.471
143;238;3.715
143;239;3.713
144;140;3.532
145;150;2.79
146;192;3.08
146;196;3.674
146;197;3.96
146;198;3.75
147;150;2.945
147;151;3.83
147;193;3.896
147;196;2.907
148;196;2.963
148;199;3.724
148;203;2.686
149;153;3.527
149;155;3.332
150;145;2.79
150;147;2.945
150;154;3.221
150;193;2.769
150;203;2.733
151;147;3.83
151;188;3.681
152;187;3.933
152;188;3.634
153;149;3.527
153;186;2.737
154;150;3.221
155;149;3.332
156;159;3.862
157;159;4.015
158;161;3.592
158;182;3.58
159;156;3.862
159;157;4.015
160;171;3.364
160;181;3.743
160;182;2.82
161;158;3.592
162;170;2.991
162;171;3.43
163;165;3.502
164;166;3.485
165;163;3.502
165;170;2.843
166;164;3.485
167;173;2.636
168;173;4.024
168;174;3.105
169;172;3.675
169;173;2.991
169;180;3.272
169;182;3.704
170;162;2.991
170;165;2.843
171;160;3.364
171;162;3.43
172;169;3.675
172;175;3.048
173;167;2.636
173;168;4.024
173;169;2.991
173;178;3.78
174;168;3.105
174;176;3.368
175;172;3.048
175;176;3.876
176;174;3.368
176;175;3.876
177;179;3.054
178;173;3.78
178;180;3.013
179;177;3.054
179;184;3.82
179;185;3.836
180;169;3.272
180;178;3.013
180;183;3.499
181;160;3.743
182;158;3.58
182;160;2.82
182;169;3.704
183;180;3.499
184;179;3.82
185;179;3.836
186;153;2.737
187;152;3.933
187;994;3.445
188;151;3.681
188;152;3.634
188;191;3.449
189;996;4.098
190;193;3.918
190;993;3.621
191;188;3.449
191;193;2.982
192;146;3.08
193;147;3.896
193;150;2.769
193;190;3.918
193;191;2.982
194;197;3.214
195;991;2.734
195;993;3.542
196;146;3.674
196;147;2.907
196;148;2.963
196;199;3.209
197;146;3.96
197;194;3.214
197;228;3.521
197;229;3.885
198;146;3.75
199;148;3.724
199;196;3.209
199;202;2.988
199;203;3.023
199;207;3.755
200;207;3.244
201;207;3.365
201;225;3.546
202;139;3.643
202;199;2.988
202;208;3.465
202;211;3.517
202;225;3.127
202;239;4.002
203;148;2.686
203;150;2.733
203;199;3.023
204;140;3.494
204;207;2.821
204;208;2.971
205;136;3.818
205;137;3.83
205;140;3.911
205;209;2.961
206;210;2.988
207;199;3.755
207;200;3.244
207;201;3.365
207;204;2.821
207;210;3.332
207;211;2.969
208;140;4.039
208;202;3.465
208;204;2.971
208;211;3.249
208;212;2.954
209;132;3.672
209;136;3.919
209;205;2.961
209;213;2.931
210;206;2.988
210;207;3.332
210;213;3.052
210;214;2.965
210;674;3.827
211;202;3.517
211;207;2.969
211;208;3.249
211;214;3.285
211;215;2.933
212;132;4.007
212;135;3.593
212;208;2.954
212;215;3.892
212;216;2.961
213;209;2.931
213;210;3.052
213;216;3.26
213;217;2.944
213;678;3.512
213;682;3.834
214;210;2.965
214;211;3.285
214;218;2.967
214;219;2.846
214;220;3.751
214;657;3.68
215;211;2.933
215;212;3.892
215;218;3.067
215;221;3.59
215;239;3.921
215;242;3.765
215;243;3.727
216;212;2.961
216;213;3.26
217;213;2.944
217;681;3.634
218;214;2.967
218;215;3.067
218;1301;3.2
218;1303;2.984
219;214;2.846
219;656;3.803
219;657;3.394
220;214;3.751
220;223;2.961
220;224;3.051
220;657;5.613
220;1298;3.475
220;1308;3.995
221;215;3.59
221;225;3.072
221;226;3.168
221;240;3.842
221;243;3.348
221;1294;3.684
221;1297;3.525
221;1298;3.452
222;226;3.137
222;227;2.874
222;1294;3.831
222;1298;3.753
222;1333;3.41
222;1334;2.767
222;1335;3.347
223;220;2.961
223;227;3.757
223;1308;3.575
223;1335;3.368
224;220;3.051
224;227;3.182
225;143;2.982
225;201;3.546
225;202;3.127
225;221;3.072
225;235;3.086
225;239;6.201
226;221;3.168
226;222;3.137
226;229;2.952
226;236;3.427
226;1294;3.144
226;1333;3.495
227;222;2.874
227;223;3.757
227;224;3.182
227;1284;3.55
227;1332;3.717
227;1333;3.349
228;197;3.521
229;197;3.885
229;226;2.952
229;231;2.946
229;232;3.156
229;235;3.458
230;232;3.088
230;1329;2.902
230;1332;3.505
231;229;2.946
231;235;3.023
232;229;3.156
232;230;3.088
232;235;2.973
232;236;2.939
232;1330;3.777
232;1331;3.706
233;236;3.65
233;237;2.915
233;1328;2.848
233;1330;2.785
234;1213;3.724
234;1216;3.81
234;1217;3.267
234;1330;2.942
235;143;3.471
235;225;3.086
235;229;3.458
235;231;3.023
235;232;2.973
235;238;3.028
235;239;3.423
236;226;3.427
236;232;2.939
236;233;3.65
236;239;3.294
236;240;2.942
236;1294;3.56
236;1331;4.037
237;233;2.915
237;241;2.978
238;135;3.693
238;138;3.578
238;143;3.715
238;235;3.028
238;241;3.129
238;242;2.961
239;143;3.713
239;202;4.002
239;215;3.921
239;225;6.201
239;235;3.423
239;236;3.294
239;242;3.145
239;243;2.96
240;221;3.842
240;236;2.942
240;243;3.157
240;244;2.965
240;1297;3.959
241;237;2.978
241;238;3.129
241;245;2.93
242;135;3.84
242;215;3.765
242;238;2.961
242;239;3.145
242;246;2.915
243;215;3.727
243;221;3.348
243;239;2.96
243;240;3.157
243;246;3.498
243;247;2.938
243;1297;3.363
244;240;2.965
244;248;2.956
244;1297;3.338
245;135;3.938
245;241;2.93
245;249;2.913
246;242;2.915
246;243;3.498
246;250;2.944
247;243;2.938
247;250;3.295
247;251;2.96
248;244;2.956
248;251;3.426
248;252;2.947
248;1243;3.692
248;1250;3.489
249;124;3.6
249;128;3.595
249;245;2.913
249;252;3.125
249;253;2.873
250;246;2.944
250;247;3.295
250;253;3.341
250;254;2.963
251;247;2.96
251;248;3.426
251;254;3.795
251;255;3.002
251;1361;3.818
252;248;2.947
252;249;3.125
252;255;3.619
252;256;2.887
252;1239;3.14
252;1242;3.734
253;249;2.873
253;250;3.341
253;256;3.148
253;257;2.958
254;250;2.963
254;251;3.795
254;258;3.082
254;689;3.738
254;692;3.661
254;1358;3.531
255;251;3.002
255;252;3.619
255;259;2.926
255;1361;3.908
255;1362;3.94
255;1365;3.489
256;252;2.887
256;253;3.148
256;260;2.936
257;253;2.958
257;260;3.379
257;261;3.069
257;693;3.753
258;254;3.082
258;261;3.285
258;262;3.049
258;692;3.655
258;693;3.967
258;696;3.462
258;1362;3.475
259;255;2.926
259;263;2.893
259;1366;3.816
260;116;3.973
260;120;3.885
260;256;2.936
260;257;3.379
260;264;2.99
261;257;3.069
261;258;3.285
261;265;3.093
261;693;3.629
261;697;3.893
262;258;3.049
262;265;3.025
262;266;2.806
262;697;3.947
262;700;3.914
262;1084;6.431
262;1366;4.032
263;120;2.635
263;259;2.893
263;266;3.083
263;267;3.466
264;119;2.711
264;120;2.76
264;260;2.99
264;274;2.812
265;261;3.093
265;262;3.025
265;273;3.943
265;274;2.787
265;275;3.004
266;262;2.806
266;263;3.083
266;275;3.23
267;263;3.466
267;272;3.251
267;273;3.672
268;271;3.308
269;282;3.677
270;285;2.695
271;268;3.308
271;273;3.67
272;267;3.251
273;265;3.943
273;267;3.672
273;271;3.67
274;264;2.812
274;265;2.787
275;265;3.004
275;266;3.23
276;353;3.63
277;289;3.693
278;284;3.025
278;347;3.49
279;283;3.454
279;284;3.833
280;347;3.651
281;722;3.797
282;269;3.677
283;279;3.454
284;278;3.025
284;279;3.833
285;270;2.695
286;291;3.822
286;292;2.822
287;306;3.611
288;291;3.023
288;307;3.325
288;308;3.562
289;277;3.693
289;308;2.71
290;308;2.642
291;286;3.822
291;288;3.023
292;286;2.822
293;299;3.841
293;300;4.003
293;301;3.588
294;299;3.931
295;296;2.81
295;297;2.741
295;298;2.848
295;299;3.156
296;295;2.81
297;295;2.741
298;295;2.848
298;302;4.115
299;293;3.841
299;294;3.931
299;295;3.156
300;293;4.003
300;304;3.98
301;293;3.588
301;303;3.785
302;298;4.115
303;301;3.785
304;300;3.98
305;307;3.536
306;287;3.611
307;288;3.325
307;305;3.536
307;308;3.012
308;288;3.562
308;289;2.71
308;290;2.642
308;307;3.012
309;310;3.094
310;309;3.094
311;315;2.906
312;315;3.296
312;317;2.693
312;322;3.587
313;326;3.876
314;316;2.968
314;322;3.733
315;311;2.906
315;312;3.296
316;314;2.968
316;320;2.967
316;321;3.681
316;322;3.037
317;312;2.693
317;322;3.768
318;320;3.058
319;323;3.131
319;324;3.216
319;340;3.275
320;316;2.967
320;318;3.058
320;323;3.187
320;327;2.805
320;340;3.173
321;316;3.681
321;324;2.987
321;325;2.74
321;327;2.638
322;312;3.587
322;314;3.733
322;316;3.037
322;317;3.768
323;319;3.131
323;320;3.187
324;319;3.216
324;321;2.987
325;321;2.74
326;313;3.876
327;320;2.805
327;321;2.638
327;340;2.891
328;330;2.685
328;332;2.754
328;339;3.209
328;340;3.801
328;342;2.823
329;340;2.817
329;346;3.716
329;347;4.032
330;328;2.685
331;333;3.356
332;328;2.754
332;334;3.028
332;339;3.741
333;331;3.356
334;332;3.028
334;338;2.829
334;339;3.592
335;338;3.033
336;451;2.62
337;393;3.78
337;398;2.887
338;334;2.829
338;335;3.033
339;328;3.209
339;332;3.741
339;334;3.592
339;342;3.394
340;319;3.275
340;320;3.173
340;327;2.891
340;328;3.801
340;329;2.817
340;345;2.768
341;343;2.999
341;344;2.996
341;345;2.787
342;328;2.823
342;339;3.394
343;341;2.999
344;341;2.996
345;340;2.768
345;341;2.787
345;347;3.037
345;348;3.022
346;329;3.716
346;352;2.803
347;278;3.49
347;280;3.651
347;329;4.032
347;345;3.037
348;345;3.022
348;352;2.971
348;711;3.731
349;352;2.717
349;711;2.88
350;353;2.959
351;712;3.704
352;346;2.803
352;348;2.971
352;349;2.717
353;276;3.63
353;350;2.959
354;704;2.826
355;357;3.668
356;357;2.944
356;358;2.901
357;355;3.668
357;356;2.944
358;356;2.901
359;458;3.249
360;457;3.69
361;364;2.886
361;456;3.219
362;364;3.56
362;456;2.973
362;457;3.678
363;366;2.908
364;361;2.886
364;362;3.56
365;367;3.852
366;363;2.908
366;367;2.979
366;368;3.336
367;365;3.852
367;366;2.979
368;366;3.336
369;372;2.984
370;374;2.88
370;375;2.795
371;373;2.973
372;369;2.984
372;374;2.992
373;371;2.973
374;370;2.88
374;372;2.992
374;402;2.791
375;370;2.795
375;403;3.995
376;379;3.034
377;382;2.881
378;381;3.226
379;376;3.034
380;388;3.917
381;378;3.226
382;377;2.881
382;384;2.951
382;386;3.392
383;386;3.428
383;387;3.796
384;382;2.951
385;387;2.832
386;382;3.392
386;383;3.428
386;387;3.132
386;388;2.847
386;391;3.397
387;383;3.796
387;385;2.832
387;386;3.132
388;380;3.917
388;386;2.847
389;436;3.595
390;436;3.742
390;446;3.883
390;447;2.872
391;386;3.397
391;446;3.016
392;446;3.003
393;337;3.78
394;446;3.787
395;400;3.887
395;406;3.454
396;400;3.852
396;401;2.946
397;399;2.959
397;400;3.921
398;337;2.887
399;397;2.959
400;395;3.887
400;396;3.852
400;397;3.921
401;396;2.946
402;374;2.791
403;375;3.995
403;404;3.792
404;403;3.792
405;408;2.828
406;395;3.454
407;410;3.81
408;405;2.828
408;411;2.994
408;412;2.997
409;412;3.906
409;413;3.771
410;407;3.81
411;408;2.994
412;408;2.997
412;409;3.906
413;409;3.771
413;415;3.735
414;416;3.98
414;417;3.938
415;413;3.735
416;414;3.98
417;414;3.938
418;421;3.601
419;421;3.009
420;423;2.789
421;418;3.601
421;419;3.009
422;424;2.88
423;420;2.789
424;422;2.88
425;427;2.994
426;428;2.979
427;425;2.994
428;426;2.979
429;430;2.979
430;429;2.979
430;433;3.002
431;434;3.052
432;435;3.78
432;437;3.093
433;430;3.002
434;431;3.052
435;432;3.78
435;437;3.061
436;389;3.595
436;390;3.742
436;444;3.794
437;432;3.093
437;435;3.061
438;444;3.803
439;440;3.006
440;439;3.006
440;443;3.42
441;443;3.991
442;451;2.769
443;440;3.42
443;441;3.991
443;449;3.193
444;436;3.794
444;438;3.803
444;447;3.718
444;448;3.926
445;448;3.039
445;450;3.927
446;390;3.883
446;391;3.016
446;392;3.003
446;394;3.787
446;450;3.92
447;390;2.872
447;444;3.718
448;444;3.926
448;445;3.039
449;443;3.193
450;445;3.927
450;446;3.92
451;336;2.62
451;442;2.769
452;454;2.877
453;456;3.718
454;452;2.877
455;459;3.258
455;461;3.185
456;361;3.219
456;362;2.973
456;453;3.718
457;360;3.69
457;362;3.678
457;459;3.805
458;359;3.249
459;455;3.258
459;457;3.805
459;460;3.698
460;459;3.698
460;466;3.333
461;455;3.185
462;466;4.157
463;466;3.965
464;466;3.83
465;471;3.755
466;460;3.333
466;462;4.157
466;463;3.965
466;464;3.83
467;529;3.003
467;530;3.065
467;531;2.728
468;528;3.043
468;530;2.966
468;531;2.668
469;528;3.831
470;524;4.016
470;525;3.329
470;528;3.818
470;529;3.977
471;465;3.755
472;474;2.979
472;475;3.119
473;478;3.947
473;525;3.746
474;472;2.979
475;472;3.119
475;478;2.891
475;479;3.404
476;480;2.959
477;481;2.913
478;473;3.947
478;475;2.891
478;481;3.234
478;482;3.022
479;475;3.404
479;482;3.477
479;483;2.951
479;577;2.685
480;476;2.959
480;483;3.163
480;484;2.954
481;477;2.913
481;478;3.234
481;485;3.048
482;478;3.022
482;479;3.477
482;485;3.293
482;486;2.974
482;522;3.696
483;479;2.951
483;480;3.163
483;486;2.992
483;487;3.093
483;578;2.737
483;579;3.558
484;480;2.954
484;487;3.462
484;488;3.001
485;481;3.048
485;482;3.293
485;489;2.977
485;515;3.663
486;482;2.974
486;483;2.992
486;489;3.093
486;490;3.075
486;519;3.306
486;572;3.866
486;574;3.934
486;575;3.829
487;483;3.093
487;484;3.462
487;490;3.122
487;491;3.435
487;575;3.867
488;484;3.001
488;491;3.31
488;492;3.017
489;485;2.977
489;486;3.093
489;492;3.246
489;493;2.989
489;515;3.191
489;571;3.143
490;486;3.075
490;487;3.122
490;494;3.061
490;572;3.635
490;968;3.879
491;487;3.435
491;488;3.31
491;494;3.291
491;495;2.983
492;488;3.017
492;489;3.246
492;495;3.106
492;496;2.953
492;508;3.602
493;489;2.989
493;496;3.027
493;569;4.04
493;571;3.824
493;572;3.714
493;972;4.015
494;490;3.061
494;491;3.291
495;491;2.983
495;492;3.106
495;500;3.719
496;492;2.953
496;493;3.027
496;501;2.926
496;508;4.034
496;512;3.43
497;501;2.971
497;1016;3.301
497;1017;3.062
498;502;3.609
499;502;2.967
499;503;3.014
500;495;3.719
500;503;4.018
500;504;3.026
501;496;2.926
501;497;2.971
501;505;2.785
502;498;3.609
502;499;2.967
502;505;2.736
503;499;3.014
503;500;4.018
504;500;3.026
504;507;3.047
504;508;2.933
505;501;2.785
505;502;2.736
505;509;2.969
506;509;3.295
506;510;3.035
507;504;3.047
507;510;3.923
507;511;2.96
508;492;3.602
508;496;4.034
508;504;2.933
508;511;3.346
508;512;2.932
509;505;2.969
509;506;3.295
509;512;3.363
509;513;3.03
510;506;3.035
510;507;3.923
510;514;2.953
511;507;2.96
511;508;3.346
511;515;2.963
512;496;3.43
512;508;2.932
512;509;3.363
512;515;3.381
512;516;3.079
512;571;3.272
513;509;3.03
513;516;3.353
513;517;2.989
513;555;3.843
513;556;3.435
514;510;2.953
514;517;3.005
514;518;3.048
515;485;3.663
515;489;3.191
515;511;2.963
515;512;3.381
515;518;3.019
515;519;3.387
516;512;3.079
516;513;3.353
516;519;2.885
516;520;3.496
516;551;2.833
516;552;3.815
516;555;3.752
516;556;3.978
517;513;2.989
517;514;3.005
517;520;2.815
517;521;3.358
518;514;3.048
518;515;3.019
518;521;3.19
518;522;3.055
519;486;3.306
519;515;3.387
519;516;2.885
519;523;2.954
519;548;3.574
519;552;3.789
519;574;3.448
520;516;3.496
520;517;2.815
520;524;3.092
520;552;3.38
521;517;3.358
521;518;3.19
521;524;3.333
521;525;2.955
522;482;3.696
522;518;3.055
522;525;3.941
522;526;3.012
522;574;2.734
522;577;2.742
523;519;2.954
523;527;3.043
523;548;3.663
524;470;4.016
524;520;3.092
524;521;3.333
524;527;3.294
524;528;3.32
525;470;3.329
525;473;3.746
525;521;2.955
525;522;3.941
525;529;3.455
526;522;3.012
526;529;3.113
526;530;3.095
526;534;2.685
526;535;3.698
526;541;2.748
527;523;3.043
527;524;3.294
527;535;3.654
527;536;3.804
528;468;3.043
528;469;3.831
528;470;3.818
528;524;3.32
529;467;3.003
529;470;3.977
529;525;3.455
529;526;3.113
530;467;3.065
530;468;2.966
530;526;3.095
530;534;3.992
531;467;2.728
531;468;2.668
531;534;2.906
531;535;2.968
532;536;3.004
533;537;2.828
534;526;2.685
534;530;3.992
534;531;2.906
534;537;3.06
534;538;2.919
535;526;3.698
535;527;3.654
535;531;2.968
535;541;3.1
535;545;2.934
536;527;3.804
536;532;3.004
537;533;2.828
537;534;3.06
538;534;2.919
538;541;2.973
538;542;3.035
539;542;3.495
539;543;3.024
540;543;3.997
540;544;3.008
540;582;2.95
540;585;3.835
541;526;2.748
541;535;3.1
541;538;2.973
541;544;3.438
541;545;2.963
542;538;3.035
542;539;3.495
542;545;3.38
542;546;2.985
543;539;3.024
543;540;3.997
543;546;3.454
543;547;3.026
543;573;3.933
544;540;3.008
544;541;3.438
544;547;3.197
544;548;2.906
544;574;2.64
544;577;3.897
545;535;2.934
545;541;2.963
545;542;3.38
545;549;3.008
546;542;2.985
546;543;3.454
546;549;3.236
546;550;3.088
547;543;3.026
547;544;3.197
547;551;3.035
548;519;3.574
548;523;3.663
548;544;2.906
548;552;2.933
548;574;3.735
549;545;3.008
549;546;3.236
549;553;2.985
550;546;3.088
550;554;3.183
550;567;3.637
551;516;2.833
551;547;3.035
551;555;3.451
551;571;2.98
552;516;3.815
552;519;3.789
552;520;3.38
552;548;2.933
552;555;3.02
552;556;2.903
553;549;2.985
553;557;3.073
554;550;3.183
554;558;2.93
554;559;3.051
554;564;3.981
554;568;2.852
555;513;3.843
555;516;3.752
555;551;3.451
555;552;3.02
555;559;3.74
556;513;3.435
556;516;3.978
556;552;2.903
557;553;3.073
558;554;2.93
558;560;2.954
559;554;3.051
559;555;3.74
559;565;2.83
560;558;2.954
560;565;3.297
561;564;2.835
562;566;2.94
563;566;3.243
563;567;2.955
563;1056;3.818
564;554;3.981
564;561;2.835
564;567;2.979
564;568;3.096
565;559;2.83
565;560;3.297
565;568;2.962
566;562;2.94
566;563;3.243
566;569;2.984
566;976;3.186
567;550;3.637
567;563;2.955
567;564;2.979
567;570;2.961
568;554;2.852
568;564;3.096
568;565;2.962
568;571;3.069
569;493;4.04
569;566;2.984
569;572;3.174
569;972;3.697
569;973;3.897
570;567;2.961
570;573;2.916
570;969;3.589
570;973;4.106
571;489;3.143
571;493;3.824
571;512;3.272
571;551;2.98
571;568;3.069
571;574;2.994
572;486;3.866
572;490;3.635
572;493;3.714
572;569;3.174
572;575;2.913
572;965;3.828
572;969;3.537
573;543;3.933
573;570;2.916
573;576;2.781
573;966;3.361
573;969;3.482
574;486;3.934
574;519;3.448
574;522;2.734
574;544;2.64
574;548;3.735
574;571;2.994
574;577;2.957
575;486;3.829
575;487;3.867
575;572;2.913
575;578;2.976
575;579;2.943
575;581;3.895
575;965;3.703
576;573;2.781
576;581;4.034
577;479;2.685
577;522;2.742
577;544;3.897
577;574;2.957
578;483;2.737
578;575;2.976
579;483;3.558
579;575;2.943
579;581;3.842
579;582;3.018
580;583;3.151
580;584;2.938
580;958;3.206
581;575;3.895
581;576;4.034
581;579;3.842
581;584;3.197
581;585;3.011
581;962;3.457
582;540;2.95
582;579;3.018
582;585;3.868
582;586;3.056
583;580;3.151
583;586;3.425
583;587;2.966
584;580;2.938
584;581;3.197
584;587;3.26
584;588;2.961
584;962;3.618
585;540;3.835
585;581;3.011
585;582;3.868
585;589;3.056
586;582;3.056
586;583;3.425
586;589;3.358
586;590;2.815
587;583;2.966
587;584;3.26
587;590;3.352
587;591;2.933
588;584;2.961
588;591;3.225
588;592;3.078
588;1070;3.587
589;585;3.056
589;586;3.358
589;592;2.998
590;586;2.815
590;587;3.352
590;593;2.968
591;587;2.933
591;588;3.225
591;594;3.087
591;595;3.087
591;695;3.747
591;1070;3.496
591;1074;3.573
592;588;3.078
592;589;2.998
592;596;2.969
592;1070;3.864
593;590;2.968
593;596;3.022
594;591;3.087
594;695;3.947
595;591;3.087
595;598;3.265
595;599;2.872
595;691;3.566
595;1070;3.833
596;592;2.969
596;593;3.022
596;600;3.056
597;106;3.432
597;110;3.34
597;600;3.214
597;601;3.295
598;595;3.265
598;601;3.059
598;602;3.024
598;690;3.475
598;691;3.814
599;595;2.872
599;603;2.922
600;596;3.056
600;597;3.214
600;603;3.34
600;604;3.058
601;107;3.686
601;597;3.295
601;598;3.059
601;604;3.41
601;605;3.022
602;598;3.024
602;605;3.493
602;606;2.969
602;653;3.907
602;687;4.037
603;599;2.922
603;600;3.34
603;607;2.973
604;100;3.392
604;600;3.058
604;601;3.41
604;607;3.237
604;608;2.983
605;601;3.022
605;602;3.493
605;608;3.384
605;609;2.974
605;683;3.76
606;602;2.969
606;609;3.45
606;610;2.925
606;646;3.472
606;649;3.818
607;19;3.522
607;23;3.806
607;603;2.973
607;604;3.237
607;610;3.314
607;611;3.001
607;642;3.549
608;94;3.949
608;95;4.028
608;98;3.94
608;604;2.983
608;605;3.384
608;611;3.227
608;612;2.992
609;605;2.974
609;606;3.45
609;613;2.961
609;649;3.922
609;676;3.77
609;679;3.84
609;680;3.396
610;606;2.925
610;607;3.314
610;613;3.251
610;614;2.991
610;642;3.795
610;645;3.961
610;646;4.008
611;94;3.663
611;607;3.001
611;608;3.227
611;615;3.345
612;94;3.696
612;608;2.992
612;615;3.284
612;616;3.014
613;609;2.961
613;610;3.251
613;617;2.999
613;618;2.822
613;639;3.803
614;25;3.243
614;610;2.991
614;618;3.053
614;619;3.142
614;641;4.036
615;91;3.406
615;611;3.345
615;612;3.284
616;87;3.932
616;91;3.864
616;612;3.014
616;619;2.806
617;613;2.999
617;620;3.008
617;621;3.539
617;635;3.506
617;639;4.128
617;673;3.402
618;613;2.822
618;614;3.053
618;635;3.762
619;614;3.142
619;616;2.806
620;617;3.008
620;632;4.106
620;635;3.002
621;617;3.539
621;633;3.087
621;635;2.962
621;661;3.804
621;662;3.358
621;669;2.781
621;673;3.549
622;631;2.642
622;632;3.328
622;662;3.684
622;663;2.917
623;626;3.011
623;627;2.863
623;628;2.816
623;629;2.751
624;662;4.106
624;663;2.793
624;665;3.629
625;628;3.837
626;623;3.011
626;631;4.017
627;623;2.863
628;623;2.816
628;625;3.837
628;1004;3.931
629;623;2.751
630;636;3.584
630;637;3.074
631;622;2.642
631;626;4.017
632;620;4.106
632;622;3.328
632;636;3.499
633;621;3.087
633;636;3.162
633;637;3.139
633;660;2.851
633;661;3.576
634;637;3.032
634;638;2.842
634;659;3.893
635;617;3.506
635;618;3.762
635;620;3.002
635;621;2.962
635;639;3.695
635;661;3.598
636;630;3.584
636;632;3.499
636;633;3.162
636;640;3.503
637;630;3.074
637;633;3.139
637;634;3.032
637;644;4.021
637;1044;3.885
638;634;2.842
638;644;3.964
638;647;3.918
638;648;3.826
638;1035;3.457
638;1039;3.706
639;613;3.803
639;617;4.128
639;635;3.695
639;644;3.634
639;648;3.639
639;661;4.045
640;636;3.503
640;1048;2.725
641;25;3.712
641;614;4.036
641;644;2.887
641;645;2.939
641;1051;2.869
642;25;3.277
642;607;3.549
642;610;3.795
642;645;3.472
642;646;2.957
643;646;3.234
643;647;2.996
643;1051;3.622
643;1054;3.868
643;1055;3.654
643;1058;3.987
644;637;4.021
644;638;3.964
644;639;3.634
644;641;2.887
644;647;3.268
644;648;2.982
644;1054;3.143
645;610;3.961
645;641;2.939
645;642;3.472
645;648;4.036
645;649;2.969
646;606;3.472
646;610;4.008
646;642;2.957
646;643;3.234
646;649;3.469
646;650;2.976
647;638;3.918
647;643;2.996
647;644;3.268
647;650;3.281
647;651;3.035
647;1039;3.938
647;1058;3.625
648;638;3.826
648;639;3.639
648;644;2.982
648;645;4.036
648;651;3.137
648;652;3.01
648;658;3.814
649;606;3.818
649;609;3.922
649;645;2.969
649;646;3.469
649;652;3.407
649;653;3.001
649;680;4.019
650;646;2.976
650;647;3.281
650;653;3.059
650;654;3.216
650;1031;5.798
650;1034;3.476
650;1058;3.727
650;1065;3.907
651;647;3.035
651;648;3.137
651;657;2.868
651;1035;3.527
652;648;3.01
652;649;3.407
652;655;2.956
652;677;3.448
652;680;3.589
652;681;3.983
653;602;3.907
653;649;3.001
653;650;3.059
653;684;3.811
654;650;3.216
654;1031;3.474
655;652;2.956
655;677;2.879
655;681;3.994
656;219;3.803
656;1031;3.769
656;1032;2.771
656;1033;2.834
657;214;3.68
657;219;3.394
657;220;5.613
657;651;2.868
657;677;3.874
657;1036;3.872
658;648;3.814
658;661;3.499
658;677;3.298
659;634;3.893
659;1036;3.503
660;633;2.851
660;989;3.803
661;621;3.804
661;633;3.576
661;635;3.598
661;639;4.045
661;658;3.499
661;670;3.273
661;673;3.452
662;621;3.358
662;622;3.684
662;624;4.106
662;666;3.38
662;670;2.927
663;622;2.917
663;624;2.793
663;670;3.645
664;990;3.448
665;624;3.629
666;662;3.38
666;669;2.77
666;670;3.067
667;671;2.949
668;671;3.418
668;672;2.987
669;621;2.781
669;666;2.77
669;672;3.21
669;673;3.056
670;661;3.273
670;662;2.927
670;663;3.645
670;666;3.067
670;673;3.054
670;674;2.905
671;667;2.949
671;668;3.418
671;674;3.064
671;675;3.01
672;668;2.987
672;669;3.21
673;617;3.402
673;621;3.549
673;661;3.452
673;669;3.056
673;670;3.054
673;676;3.241
673;677;2.933
674;210;3.827
674;670;2.905
674;671;3.064
674;677;3.359
674;678;2.966
675;671;3.01
675;678;3.41
675;679;2.992
676;609;3.77
676;673;3.241
676;679;3.428
676;680;2.981
677;652;3.448
677;655;2.879
677;657;3.874
677;658;3.298
677;673;2.933
677;674;3.359
677;680;3.309
677;681;2.972
678;213;3.512
678;674;2.966
678;675;3.41
678;681;3.439
678;682;2.999
679;609;3.84
679;675;2.992
679;676;3.428
679;682;3.469
679;683;3.002
680;609;3.396
680;649;4.019
680;652;3.589
680;676;2.981
680;677;3.309
680;684;2.967
681;217;3.634
681;652;3.983
681;655;3.994
681;677;2.972
681;678;3.439
681;685;2.927
682;213;3.834
682;678;2.999
682;679;3.469
682;685;3.422
682;686;3.034
683;605;3.76
683;679;3.002
683;686;3.395
683;687;2.992
684;653;3.811
684;680;2.967
684;687;3.194
684;688;2.927
685;681;2.927
685;682;3.422
685;688;3.277
685;689;2.977
686;114;3.778
686;682;3.034
686;683;3.395
686;690;3.022
687;602;4.037
687;683;2.992
687;684;3.194
687;690;3.412
687;691;2.93
688;684;2.927
688;685;3.277
688;691;3.117
688;692;3.066
689;254;3.738
689;685;2.977
689;692;3.47
689;693;3.005
690;598;3.475
690;686;3.022
690;687;3.412
690;694;2.92
691;595;3.566
691;598;3.814
691;687;2.93
691;688;3.117
691;694;3.373
691;695;3.115
691;1073;3.381
692;254;3.661
692;258;3.655
692;688;3.066
692;689;3.47
692;695;3.425
692;696;2.938
692;1073;3.594
692;1076;3.73
692;1358;6.383
693;257;3.753
693;258;3.967
693;261;3.629
693;689;3.005
693;696;3.498
693;697;2.949
694;690;2.92
694;691;3.373
694;698;3.043
695;591;3.747
695;594;3.947
695;691;3.115
695;692;3.425
695;698;3.274
695;699;3.002
695;1073;3.601
695;1074;3.704
695;1077;3.565
696;258;3.462
696;692;2.938
696;693;3.498
696;699;3.384
696;700;2.972
696;1077;4.039
696;1080;3.504
697;261;3.893
697;262;3.947
697;693;2.949
697;701;3.034
698;694;3.043
698;695;3.274
698;701;3.001
698;702;3.052
699;695;3.002
699;696;3.384
699;702;2.988
699;703;3.02
699;1077;3.469
699;1081;3.815
700;262;3.914
700;696;2.972
700;705;3.546
700;1080;4.014
700;1081;3.598
700;1084;3.234
701;697;3.034
701;698;3.001
701;705;3.887
702;698;3.052
702;699;2.988
703;699;3.02
703;1081;3.999
704;354;2.826
704;707;3.823
705;700;3.546
705;701;3.887
705;1088;2.857
706;1084;2.772
706;1085;3.564
706;1088;3.009
707;704;3.823
707;1085;3.568
707;1089;2.71
708;1089;2.615
709;718;3.399
710;713;3.812
711;348;3.731
711;349;2.88
712;351;3.704
713;710;3.812
714;717;3.378
714;718;3.828
714;725;3.583
715;725;3.686
716;724;2.852
717;714;3.378
717;718;3.559
718;709;3.399
718;714;3.828
718;717;3.559
718;724;3.845
719;722;3.893
719;723;3.797
719;724;4.018
720;722;3.074
720;728;3.736
721;722;2.977
722;281;3.797
722;719;3.893
722;720;3.074
722;721;2.977
723;719;3.797
724;716;2.852
724;718;3.845
724;719;4.018
724;726;3.865
725;714;3.583
725;715;3.686
726;724;3.865
726;728;3.615
727;730;2.702
728;720;3.736
728;726;3.615
728;730;3.244
729;731;2.982
729;732;3.068
730;727;2.702
730;728;3.244
730;733;3.573
731;729;2.982
731;736;3.286
732;729;3.068
733;730;3.573
734;735;3.93
735;734;3.93
735;738;3.656
736;731;3.286
737;740;3.782
738;735;3.656
739;741;3.317
740;737;3.782
741;739;3.317
742;747;2.9
743;744;2.952
744;743;2.952
745;800;2.632
746;748;5.975
747;742;2.9
748;746;5.975
749;753;3.261
750;753;2.881
751;753;2.759
752;765;3.0
753;749;3.261
753;750;2.881
753;751;2.759
754;756;3.211
754;764;3.925
755;756;3.142
756;754;3.211
756;755;3.142
757;764;2.838
758;759;2.974
758;763;2.764
758;767;2.866
759;758;2.974
760;764;3.869
761;764;2.956
762;765;3.151
763;758;2.764
763;766;3.01
763;767;3.591
764;754;3.925
764;757;2.838
764;760;3.869
764;761;2.956
764;767;2.78
765;752;3.0
765;762;3.151
766;763;3.01
767;758;2.866
767;763;3.591
767;764;2.78
768;771;3.94
769;798;3.137
769;799;3.8
770;773;2.829
770;780;3.675
770;781;2.773
771;768;3.94
771;779;3.397
772;798;3.495
773;770;2.829
774;797;2.85
775;778;3.695
776;778;3.028
776;779;4.019
777;779;2.979
778;775;3.695
778;776;3.028
779;771;3.397
779;776;4.019
779;777;2.979
780;770;3.675
781;770;2.773
782;783;3.6
782;784;3.642
783;782;3.6
784;782;3.642
784;786;2.931
785;787;3.213
786;784;2.931
786;794;3.952
787;785;3.213
787;790;3.297
788;791;3.087
789;792;2.662
790;787;3.297
790;793;2.879
790;794;2.987
791;788;3.087
792;789;2.662
793;790;2.879
794;786;3.952
794;790;2.987
795;796;4.028
796;795;4.028
797;774;2.85
798;769;3.137
798;772;3.495
799;769;3.8
800;745;2.632
801;804;3.568
801;805;3.975
801;806;3.451
801;807;3.475
802;804;3.464
803;804;3.219
804;801;3.568
804;802;3.464
804;803;3.219
804;805;2.866
804;806;3.651
805;801;3.975
805;804;2.866
806;801;3.451
806;804;3.651
807;801;3.475
808;812;2.784
809;812;2.77
810;812;3.947
811;813;3.144
812;808;2.784
812;809;2.77
812;810;3.947
813;811;3.144
814;817;3.712
815;1107;3.315
816;819;3.101
816;820;3.017
817;814;3.712
817;820;2.824
817;821;3.311
817;826;4.013
818;821;3.016
819;816;3.101
820;816;3.017
820;817;2.824
821;817;3.311
821;818;3.016
821;825;3.278
822;825;2.792
822;881;3.07
822;882;2.785
823;826;3.046
823;878;3.876
824;829;3.8
824;875;3.793
824;878;3.424
824;879;3.806
825;821;3.278
825;822;2.792
826;817;4.013
826;823;3.046
826;829;2.778
826;830;2.976
827;831;3.087
828;831;3.322
828;832;2.881
829;824;3.8
829;826;2.778
829;832;3.261
829;833;2.973
830;826;2.976
830;833;3.499
830;834;3.276
830;938;3.106
831;827;3.087
831;828;3.322
831;834;3.38
831;835;3.025
832;828;2.881
832;829;3.261
832;835;3.264
832;836;2.922
833;829;2.973
833;830;3.499
833;836;3.385
833;837;2.965
833;872;3.748
833;875;3.669
834;830;3.276
834;831;3.38
834;837;3.381
834;838;2.945
834;938;3.401
835;831;3.025
835;832;3.264
835;838;3.297
835;839;2.986
836;832;2.922
836;833;3.385
836;840;2.955
836;872;3.973
837;833;2.965
837;834;3.381
837;841;2.897
837;868;3.975
837;872;3.463
837;931;3.704
837;935;3.758
838;834;2.945
838;835;3.297
838;841;3.159
838;842;2.982
839;835;2.986
839;842;3.104
839;843;3.01
840;836;2.955
840;843;3.434
840;844;2.959
840;931;3.621
841;837;2.897
841;838;3.159
841;845;2.991
842;838;2.982
842;839;3.104
842;845;3.398
842;846;2.963
843;839;3.01
843;840;3.434
843;846;2.973
843;847;3.24
844;840;2.959
844;929;3.917
844;932;4.012
845;841;2.991
845;842;3.398
845;849;3.664
845;1266;3.866
846;842;2.963
846;843;2.973
846;849;3.077
846;850;3.033
846;853;3.438
846;857;3.913
847;843;3.24
847;854;2.771
847;922;2.779
848;851;3.289
848;854;2.666
848;1269;3.347
848;1323;3.055
849;845;3.664
849;846;3.077
849;1289;3.742
850;846;3.033
850;853;2.969
850;854;3.029
851;848;3.289
851;854;3.21
851;855;3.013
851;1324;4.008
852;855;2.638
853;846;3.438
853;850;2.969
853;856;3.29
853;857;2.965
854;847;2.771
854;848;2.666
854;850;3.029
854;851;3.21
854;858;3.026
854;1322;3.895
855;851;3.013
855;852;2.638
855;1324;3.479
856;853;3.29
857;846;3.913
857;853;2.965
857;860;3.102
857;861;3.028
858;854;3.026
858;862;2.758
859;863;3.023
860;857;3.102
860;863;3.384
860;864;2.992
861;857;3.028
861;864;2.986
861;865;3.276
862;858;2.758
862;865;2.999
862;866;3.029
862;922;2.878
862;925;3.801
863;859;3.023
863;860;3.384
863;866;2.894
863;867;2.965
864;860;2.992
864;861;2.986
864;867;3.472
864;868;2.916
865;861;3.276
865;862;2.999
865;869;3.004
865;928;3.795
866;862;3.029
866;863;2.894
866;869;3.354
866;870;3.044
867;863;2.965
867;864;3.472
867;871;2.986
868;837;3.975
868;864;2.916
868;871;3.27
868;872;2.939
868;928;4.037
868;931;3.603
869;865;3.004
869;866;3.354
869;873;2.982
869;928;3.746
870;866;3.044
870;874;3.026
871;867;2.986
871;868;3.27
871;875;2.937
872;833;3.748
872;836;3.973
872;837;3.463
872;868;2.939
872;876;3.007
872;934;3.64
873;869;2.982
873;876;3.323
873;877;2.955
873;901;3.863
873;905;3.678
874;870;3.026
874;877;3.427
874;878;2.955
875;824;3.793
875;833;3.669
875;871;2.937
875;878;3.445
875;879;2.677
875;934;3.581
876;872;3.007
876;873;3.323
876;879;3.421
876;880;2.933
876;898;3.742
877;873;2.955
877;874;3.427
877;880;3.375
877;881;3.008
878;823;3.876
878;824;3.424
878;874;2.955
878;875;3.445
878;881;4.027
878;882;2.981
879;824;3.806
879;875;2.677
879;876;3.421
879;882;3.456
879;883;3.038
879;888;3.771
879;894;3.95
879;897;2.68
880;876;2.933
880;877;3.375
880;883;3.009
880;884;2.93
880;885;3.782
880;888;6.398
880;889;3.681
881;822;3.07
881;877;3.008
881;878;4.027
882;822;2.785
882;878;2.981
882;879;3.456
883;879;3.038
883;880;3.009
883;887;2.808
883;888;4.009
883;891;3.773
883;894;3.641
884;880;2.93
884;888;2.991
885;880;3.782
885;888;3.47
885;889;2.994
886;889;2.797
886;890;2.853
887;883;2.808
888;879;3.771
888;880;6.398
888;883;4.009
888;884;2.991
888;885;3.47
888;891;3.046
888;894;3.691
888;898;3.802
889;880;3.681
889;885;2.994
889;886;2.797
889;895;3.551
889;898;3.69
890;886;2.853
891;883;3.773
891;888;3.046
891;894;3.158
891;895;2.955
892;895;3.435
892;896;2.961
893;896;3.408
893;897;3.003
893;937;3.289
893;943;4.017
893;946;3.809
894;879;3.95
894;883;3.641
894;888;3.691
894;891;3.158
894;897;3.146
894;898;2.981
895;889;3.551
895;891;2.955
895;892;3.435
895;898;6.371
895;899;2.975
896;892;2.961
896;893;3.408
896;899;3.173
897;879;2.68
897;893;3.003
897;894;3.146
897;934;2.933
897;937;2.759
898;876;3.742
898;888;3.802
898;889;3.69
898;894;2.981
898;895;6.371
898;901;3.025
898;902;2.954
899;895;2.975
899;896;3.173
899;903;3.026
900;930;3.968
900;934;3.739
901;873;3.863
901;898;3.025
901;904;3.051
901;905;3.087
902;898;2.954
902;905;2.967
902;906;2.906
903;899;3.026
903;907;2.976
903;927;3.685
904;901;3.051
904;907;4.001
904;908;3.046
904;928;2.895
905;873;3.678
905;901;3.087
905;902;2.967
905;908;3.391
905;909;2.986
906;902;2.906
906;909;3.175
906;910;2.999
907;903;2.976
907;904;4.001
907;910;3.371
907;911;2.975
908;904;3.046
908;905;3.391
908;911;3.321
908;912;2.993
908;921;3.768
909;905;2.986
909;906;3.175
909;912;3.179
909;913;2.934
910;906;2.999
910;907;3.371
910;913;3.139
910;914;2.957
911;907;2.975
911;908;3.321
911;916;3.039
911;920;3.324
911;921;3.345
911;924;3.642
912;908;2.993
912;909;3.179
912;915;2.997
913;909;2.934
913;910;3.139
914;910;2.957
915;912;2.997
916;911;3.039
917;920;3.791
917;921;3.174
918;921;3.474
918;922;3.002
919;922;2.737
919;923;3.216
920;911;3.324
920;917;3.791
920;924;2.988
921;908;3.768
921;911;3.345
921;917;3.174
921;918;3.474
921;925;2.982
922;847;2.779
922;862;2.878
922;918;3.002
922;919;2.737
922;925;3.832
922;1321;3.907
923;919;3.216
923;926;3.043
923;1271;3.898
923;1318;3.015
923;1319;3.574
923;1320;3.143
924;911;3.642
924;920;2.988
925;862;3.801
925;921;2.982
925;922;3.832
925;928;2.759
926;923;3.043
926;929;2.75
926;930;3.334
926;1267;3.563
927;903;3.685
927;930;2.984
928;865;3.795
928;868;4.037
928;869;3.746
928;904;2.895
928;925;2.759
928;931;2.849
929;844;3.917
929;926;2.75
930;900;3.968
930;926;3.334
930;927;2.984
930;933;2.925
930;934;2.996
930;1263;3.837
931;837;3.704
931;840;3.621
931;868;3.603
931;928;2.849
931;934;2.975
931;935;3.158
932;844;4.012
932;935;2.966
932;1263;3.634
933;930;2.925
933;936;2.77
933;1263;3.788
934;872;3.64
934;875;3.581
934;897;2.933
934;900;3.739
934;930;2.996
934;931;2.975
934;937;2.911
935;837;3.758
935;931;3.158
935;932;2.966
935;938;2.985
935;939;2.926
936;933;2.77
