source;destination;distance
0;3;2.782
1;47;3.58
2;7;3.571
2;48;3.664
3;0;2.782
4;7;3.262
4;8;2.974
5;9;2.97
6;10;2.976
7;2;3.571
7;4;3.262
7;10;3.1
7;11;2.963
7;43;3.986
7;47;3.733
8;4;2.974
8;11;3.47
8;12;2.989
9;5;2.97
9;12;3.457
9;13;2.918
10;6;2.976
10;7;3.1
10;13;3.499
10;14;2.951
11;7;2.963
11;8;3.47
11;14;3.383
11;15;3.023
11;44;3.615
12;8;2.989
12;9;3.457
12;16;2.982
12;104;3.941
13;9;2.918
13;10;3.499
13;16;3.357
13;17;2.943
14;10;2.951
14;11;3.383
14;18;3.004
14;37;3.797
15;11;3.023
15;19;2.987
15;37;3.747
15;99;3.938
15;100;3.559
16;12;2.982
16;13;3.357
16;19;3.179
16;20;3.079
17;13;2.943
17;20;3.338
17;21;2.984
18;14;3.004
18;21;3.484
18;22;2.961
18;37;2.995
18;96;3.146
19;15;2.987
19;16;3.179
19;22;3.138
19;97;3.498
19;590;3.488
20;16;3.079
20;17;3.338
21;17;2.984
21;18;3.484
21;24;2.984
21;30;3.646
21;33;3.41
22;18;2.961
22;19;3.138
22;93;4.08
22;96;3.887
22;97;4.006
23;590;3.752
24;21;2.984
24;27;3.93
25;597;3.246
25;624;3.692
25;625;3.269
26;30;3.847
27;24;3.93
27;30;2.842
28;31;2.711
28;32;3.017
29;32;3.352
29;33;2.982
30;21;3.646
30;26;3.847
30;27;2.842
30;33;3.376
30;34;3.003
31;28;2.711
31;34;3.428
31;35;3.014
32;28;3.017
32;29;3.352
32;36;3.018
33;21;3.41
33;29;2.982
33;30;3.376
33;36;3.243
33;37;2.957
34;30;3.003
34;31;3.428
34;37;3.344
34;38;2.941
34;93;2.879
34;96;3.59
35;31;3.014
35;38;3.343
35;39;2.962
35;81;3.963
36;32;3.018
36;33;3.243
36;39;3.395
36;40;2.995
37;14;3.797
37;15;3.747
37;18;2.995
37;33;2.957
37;34;3.344
37;40;3.018
37;41;2.859
37;96;3.957
38;34;2.941
38;35;3.343
38;42;2.983
38;80;2.739
39;35;2.962
39;36;3.395
39;42;3.153
39;43;2.991
40;36;2.995
40;37;3.018
40;43;3.419
40;44;2.912
41;37;2.859
41;45;2.951
41;73;3.48
41;99;3.496
42;38;2.983
42;39;3.153
42;45;3.299
42;46;2.972
43;7;3.986
43;39;2.991
43;40;3.419
43;46;3.391
43;47;3.055
44;11;3.615
44;40;2.912
44;47;3.236
44;48;2.809
44;99;2.656
45;41;2.951
45;42;3.299
45;49;2.988
45;56;3.96
45;73;3.934
46;42;2.972
46;43;3.391
46;50;3.064
46;51;4.035
47;1;3.58
47;7;3.733
47;43;3.055
47;44;3.236
48;2;3.664
48;44;2.809
48;66;3.213
48;69;2.661
49;45;2.988
49;56;4.034
49;59;3.85
49;66;3.669
50;46;3.064
50;53;3.054
50;55;3.666
51;46;4.035
52;55;3.687
52;58;3.474
53;50;3.054
53;56;2.981
54;57;2.992
55;50;3.666
55;52;3.687
55;58;3.0
56;45;3.96
56;49;4.034
56;53;2.981
56;59;3.04
56;70;3.945
57;54;2.992
57;60;3.019
57;70;4.038
58;52;3.474
58;55;3.0
58;61;3.032
59;49;3.85
59;56;3.04
59;62;2.982
59;63;3.771
59;66;3.521
59;67;3.991
59;70;3.764
60;57;3.019
61;58;3.032
62;59;2.982
63;59;3.771
63;66;3.473
63;67;2.926
64;67;3.482
64;68;3.034
65;68;3.041
65;69;3.053
65;102;3.369
65;108;3.205
65;111;3.827
66;48;3.213
66;49;3.669
66;59;3.521
66;63;3.473
66;69;3.832
66;70;2.979
67;59;3.991
67;63;2.926
67;64;3.482
67;70;3.378
67;71;2.951
68;64;3.034
68;65;3.041
68;72;3.001
68;101;3.918
69;48;2.661
69;65;3.053
69;66;3.832
69;72;3.309
69;73;2.915
69;99;3.118
69;102;2.791
70;56;3.945
70;57;4.038
70;59;3.764
70;66;2.979
70;67;3.378
70;73;3.189
70;74;2.991
71;67;2.951
71;74;3.427
71;75;2.981
72;68;3.001
72;69;3.309
72;76;2.921
72;95;3.632
73;41;3.48
73;45;3.934
73;69;2.915
73;70;3.189
73;76;3.47
73;77;2.897
74;70;2.991
74;71;3.427
74;77;3.392
74;78;3.019
75;71;2.981
75;78;3.427
75;79;2.984
75;89;3.443
75;92;3.263
76;72;2.921
76;73;3.47
76;79;3.009
76;80;2.866
77;73;2.897
77;74;3.392
77;81;2.977
78;74;3.019
78;75;3.427
78;82;3.01
79;75;2.984
79;76;3.009
79;83;3.939
79;89;2.752
80;38;2.739
80;76;2.866
81;35;3.963
81;77;2.977
82;78;3.01
82;84;2.981
83;79;3.939
83;90;2.911
83;93;3.561
84;82;2.981
85;89;3.597
86;89;3.063
87;90;2.843
87;91;3.237
87;599;3.947
88;91;3.313
89;75;3.443
89;79;2.752
89;85;3.597
89;86;3.063
89;92;2.991
90;83;2.911
90;87;2.843
91;87;3.237
91;88;3.313
91;94;3.009
91;598;3.497
91;599;3.633
92;75;3.263
92;89;2.991
92;95;2.857
93;22;4.08
93;34;2.879
93;83;3.561
93;96;2.932
94;91;3.009
94;97;2.848
94;591;3.941
94;594;3.639
94;595;3.727
95;72;3.632
95;92;2.857
95;98;3.157
95;99;3.032
96;18;3.146
96;22;3.887
96;34;3.59
96;37;3.957
96;93;2.932
96;99;3.089
97;19;3.498
97;22;4.006
97;94;2.848
97;100;3.005
98;95;3.157
98;101;2.727
98;591;3.991
99;15;3.938
99;41;3.496
99;44;2.656
99;69;3.118
99;95;3.032
99;96;3.089
99;102;2.769
99;103;3.461
100;15;3.559
100;97;3.005
100;103;2.982
100;104;2.971
100;107;3.673
100;587;3.494
101;68;3.918
101;98;2.727
101;111;3.808
102;65;3.369
102;69;2.791
102;99;2.769
102;108;2.804
103;99;3.461
103;100;2.982
104;12;3.941
104;100;2.971
104;108;2.968
105;108;3.278
105;109;2.948
106;110;3.106
106;580;3.346
107;100;3.673
107;110;3.377
107;111;3.006
107;584;3.696
108;65;3.205
108;102;2.804
108;104;2.968
108;105;3.278
108;111;3.473
108;112;2.971
109;105;2.948
109;112;3.214
109;113;3.041
110;106;3.106
110;107;3.377
110;113;3.098
110;114;2.995
110;580;3.307
111;65;3.827
111;101;3.808
111;107;3.006
111;108;3.473
111;114;3.281
111;115;3.045
112;108;2.971
112;109;3.214
112;115;3.45
112;116;3.001
113;109;3.041
113;110;3.098
113;116;3.229
113;117;3.013
114;110;2.995
114;111;3.281
114;117;3.097
114;118;3.321
114;669;3.79
115;111;3.045
115;112;3.45
115;118;2.974
116;112;3.001
116;113;3.229
116;119;2.83
116;250;3.963
117;113;3.013
117;114;3.097
117;120;3.139
117;121;3.017
118;114;3.321
118;115;2.974
118;122;2.994
119;116;2.83
119;254;2.684
120;117;3.139
120;123;3.375
120;250;3.452
120;253;2.647
120;254;2.793
121;117;3.017
121;124;3.32
121;125;2.938
121;247;4.008
122;118;2.994
122;126;2.992
123;120;3.375
123;126;3.116
123;127;3.086
123;1244;3.451
123;1245;2.941
124;121;3.32
124;127;3.413
124;128;3.17
124;239;3.531
124;243;3.976
124;1248;3.913
125;121;2.938
125;128;3.377
125;129;2.926
126;122;2.992
126;123;3.116
126;129;3.337
126;130;2.99
127;123;3.086
127;124;3.413
127;130;3.905
127;131;2.961
127;1239;4.016
127;1245;3.942
127;1248;3.747
128;124;3.17
128;125;3.377
128;131;3.329
128;132;2.892
128;239;3.305
129;125;2.926
129;126;3.337
129;132;3.486
129;133;3.01
130;126;2.99
130;127;3.905
130;133;3.459
130;134;2.943
130;1235;3.697
130;1238;3.459
130;1239;3.561
131;127;2.961
131;128;3.329
131;134;3.406
131;135;2.864
132;128;2.892
132;129;3.486
132;136;2.968
132;199;3.739
132;202;3.993
133;129;3.01
133;130;3.459
133;136;3.216
133;137;3.007
133;1146;4.036
134;130;2.943
134;131;3.406
134;137;3.301
134;138;2.976
134;1146;3.728
134;1235;3.861
135;131;2.864
135;139;2.951
135;202;3.559
135;235;3.656
136;132;2.968
136;133;3.216
136;140;2.938
136;195;3.661
136;199;3.904
137;133;3.007
137;134;3.301
137;140;3.212
137;141;3.12
137;1232;3.974
138;134;2.976
138;141;3.163
138;142;3.454
138;228;3.6
138;1229;3.678
138;1232;3.873
139;135;2.951
139;142;3.419
139;143;2.955
139;192;3.542
140;136;2.938
140;137;3.212
140;144;3.666
140;193;3.967
140;194;3.525
140;195;3.878
141;137;3.12
141;138;3.163
141;1229;3.619
141;1232;3.404
142;138;3.454
142;139;3.419
142;1225;3.653
142;1229;3.477
143;139;2.955
143;215;3.07
143;225;3.427
143;228;3.72
143;229;3.93
144;140;3.666
144;193;3.854
145;150;2.72
145;188;3.035
146;182;2.902
146;186;3.901
146;188;3.08
147;150;2.961
147;151;3.749
147;186;2.779
148;186;3.023
148;189;3.724
148;193;2.665
149;153;2.798
149;155;3.82
150;145;2.72
150;147;2.961
150;154;3.16
150;183;2.785
151;147;3.749
151;180;3.742
151;183;3.9
152;180;3.624
153;149;2.798
153;178;2.718
154;150;3.16
155;149;3.82
156;159;3.664
157;159;3.597
158;161;3.91
158;177;3.766
159;156;3.664
159;157;3.597
160;167;3.574
160;176;2.768
161;158;3.91
162;166;2.977
162;167;3.972
163;165;3.574
164;166;3.287
164;168;2.621
164;173;2.866
165;163;3.574
166;162;2.977
166;164;3.287
166;168;3.695
166;177;3.142
167;160;3.574
167;162;3.972
168;164;2.621
168;166;3.695
168;173;3.439
168;175;3.465
169;171;4.025
170;173;3.372
171;169;4.025
172;174;3.02
173;164;2.866
173;168;3.439
173;170;3.372
174;172;3.02
175;168;3.465
176;160;2.768
177;158;3.766
177;166;3.142
178;153;2.718
179;997;4.017
179;999;3.677
180;151;3.742
180;152;3.624
181;183;3.431
182;146;2.902
183;150;2.785
183;151;3.9
183;181;3.431
184;187;3.238
185;996;2.865
185;998;3.512
186;146;3.901
186;147;2.779
186;148;3.023
186;189;3.287
187;184;3.238
187;218;3.474
188;145;3.035
188;146;3.08
189;148;3.724
189;186;3.287
189;192;3.002
189;193;3.015
189;197;3.531
190;197;3.169
191;197;3.456
191;215;3.535
192;139;3.542
192;189;3.002
192;198;3.367
192;201;3.594
192;215;3.137
192;229;4.04
193;140;3.967
193;144;3.854
193;148;2.665
193;189;3.015
194;140;3.525
194;197;2.792
194;198;2.979
195;136;3.661
195;140;3.878
195;199;2.952
196;200;2.987
197;189;3.531
197;190;3.169
197;191;3.456
197;194;2.792
197;200;3.333
197;201;2.966
198;192;3.367
198;194;2.979
198;201;3.219
198;202;2.952
199;132;3.739
199;136;3.904
199;195;2.952
199;203;2.94
200;196;2.987
200;197;3.333
200;203;3.065
200;204;2.965
200;657;3.838
201;192;3.594
201;197;2.966
201;198;3.219
201;204;3.362
201;205;2.942
202;132;3.993
202;135;3.559
202;198;2.952
202;205;3.919
202;206;2.962
203;199;2.94
203;200;3.065
203;206;3.235
203;207;2.95
203;661;3.561
203;664;4.121
203;665;3.92
204;200;2.965
204;201;3.362
204;208;2.965
204;209;2.851
204;210;3.822
204;640;3.732
205;201;2.942
205;202;3.919
205;208;3.077
205;211;3.566
205;229;3.691
205;232;3.751
205;233;3.678
206;202;2.962
206;203;3.235
207;203;2.95
207;664;3.626
208;204;2.965
208;205;3.077
208;1310;3.157
208;1312;3.059
209;204;2.851
209;639;3.803
209;640;3.386
210;204;3.822
210;213;3.249
210;214;3.017
210;640;5.97
210;1317;3.785
211;205;3.566
211;215;3.048
211;216;3.131
211;230;3.873
211;233;3.349
211;1303;3.71
211;1306;3.557
211;1307;3.47
212;216;3.116
212;217;2.986
212;1303;3.772
212;1307;3.823
212;1342;3.4
212;1343;2.768
212;1344;3.109
213;210;3.249
213;1317;3.565
213;1344;3.202
214;210;3.017
214;217;3.052
215;143;3.07
215;191;3.535
215;192;3.137
215;211;3.048
215;225;2.877
215;229;6.215
216;211;3.131
216;212;3.116
216;219;2.97
216;226;3.358
216;1303;3.111
216;1342;3.491
217;212;2.986
217;214;3.052
217;1293;3.844
217;1342;3.379
218;187;3.474
219;216;2.97
219;221;2.929
219;222;3.09
219;225;3.6
220;222;3.062
220;1300;3.693
220;1338;2.858
220;1341;3.534
221;219;2.929
221;225;3.015
222;219;3.09
222;220;3.062
222;225;2.961
222;226;2.945
222;1339;3.82
222;1340;3.755
223;226;3.427
223;227;2.952
223;1337;2.906
223;1339;2.705
224;1222;3.744
224;1225;3.918
224;1226;3.262
224;1339;2.958
225;143;3.427
225;215;2.877
225;219;3.6
225;221;3.015
225;222;2.961
225;228;3.02
225;229;3.294
226;216;3.358
226;222;2.945
226;223;3.427
226;229;3.387
226;230;2.947
226;1303;3.411
226;1340;3.91
226;1341;3.864
227;223;2.952
227;231;2.975
228;138;3.6
228;143;3.72
228;225;3.02
228;231;3.151
228;232;2.968
229;143;3.93
229;192;4.04
229;205;3.691
229;215;6.215
229;225;3.294
229;226;3.387
229;232;3.135
229;233;2.967
230;211;3.873
230;226;2.947
230;233;3.156
230;234;2.971
230;1306;3.977
231;227;2.975
231;228;3.151
231;234;3.493
231;235;2.933
232;205;3.751
232;228;2.968
232;229;3.135
232;236;2.915
233;205;3.678
233;211;3.349
233;229;2.967
233;230;3.156
233;236;3.419
233;237;2.935
233;1306;3.36
234;230;2.971
234;231;3.493
234;238;2.961
234;1306;3.347
235;135;3.656
235;231;2.933
235;239;2.912
236;232;2.915
236;233;3.419
236;240;2.946
237;233;2.935
237;240;3.363
237;241;2.963
238;234;2.961
238;241;3.388
238;242;2.938
238;1252;3.691
238;1259;3.536
239;124;3.531
239;128;3.305
239;235;2.912
239;242;3.17
239;243;2.891
240;236;2.946
240;237;3.363
240;243;3.343
240;244;2.96
241;237;2.963
241;238;3.388
241;244;3.791
241;245;2.992
241;1370;3.771
242;238;2.938
242;239;3.17
242;245;3.513
242;246;2.92
242;1248;3.142
242;1251;3.789
243;124;3.976
243;239;2.891
243;240;3.343
243;246;3.121
243;247;2.949
243;672;3.834
244;240;2.96
244;241;3.791
244;248;3.072
244;672;3.742
244;675;3.667
244;1367;3.537
245;241;2.992
245;242;3.513
245;249;2.919
245;1370;3.966
245;1371;3.928
245;1374;3.476
246;242;2.92
246;243;3.121
246;250;2.935
247;121;4.008
247;243;2.949
247;250;3.358
247;251;3.083
247;676;3.812
248;244;3.072
248;251;3.301
248;252;3.038
248;675;3.699
248;676;3.967
248;679;3.439
248;1371;3.466
249;245;2.919
249;252;3.492
249;253;2.89
250;116;3.963
250;120;3.452
250;246;2.935
250;247;3.358
250;253;3.342
250;254;3.056
251;247;3.083
251;248;3.301
251;255;3.038
251;676;3.68
251;680;3.91
252;248;3.038
252;249;3.492
252;256;2.914
252;683;3.902
252;1088;3.994
252;1375;3.819
253;120;2.647
253;249;2.89
253;250;3.342
253;256;3.049
253;257;3.59
254;119;2.684
254;120;2.793
254;250;3.056
254;262;2.98
255;251;3.038
255;262;2.706
255;680;3.909
255;684;3.594
256;252;2.914
256;253;3.049
256;261;3.435
257;253;3.59
257;260;2.808
257;261;2.866
258;259;3.286
259;258;3.286
260;257;2.808
261;256;3.435
261;257;2.866
262;254;2.98
262;255;2.706
263;270;2.819
264;269;3.413
264;270;2.644
265;270;3.21
266;332;2.934
267;328;3.809
268;333;3.606
269;264;3.413
269;274;3.501
270;263;2.819
270;264;2.644
270;265;3.21
271;274;2.67
272;275;3.833
272;284;3.862
272;286;2.751
273;275;3.066
274;269;3.501
274;271;2.67
275;272;3.833
275;273;3.066
276;277;3.99
276;278;2.846
276;279;2.736
276;280;2.809
277;276;3.99
278;276;2.846
279;276;2.736
280;276;2.809
281;282;3.635
282;281;3.635
283;285;2.957
284;272;3.862
284;286;2.725
285;283;2.957
286;272;2.751
286;284;2.725
287;288;3.823
288;287;3.823
289;300;3.937
290;293;2.961
291;294;2.694
292;738;2.969
293;290;2.961
293;299;4.003
293;300;3.033
294;291;2.694
295;735;2.747
295;736;2.76
296;736;2.682
296;737;2.802
297;301;3.262
297;318;2.914
298;303;2.753
299;293;4.003
299;301;2.932
299;302;2.724
299;303;2.726
300;289;3.937
300;293;3.033
301;297;3.262
301;299;2.932
302;299;2.724
303;298;2.753
303;299;2.726
303;316;3.047
304;310;3.896
305;307;2.958
305;309;2.942
305;318;2.729
306;318;2.684
306;328;3.371
307;305;2.958
308;311;3.004
309;305;2.942
309;312;3.014
309;316;3.587
310;304;3.896
311;308;3.004
312;309;3.014
312;321;2.75
313;314;2.995
314;313;2.995
315;321;4.038
316;303;3.047
316;309;3.587
317;320;3.915
317;321;3.031
318;297;2.914
318;305;2.729
318;306;2.684
319;322;2.972
319;323;2.962
320;317;3.915
321;312;2.75
321;315;4.038
321;317;3.031
322;319;2.972
323;319;2.962
324;327;2.841
325;328;3.191
326;329;3.488
326;330;3.012
327;324;2.841
327;331;3.796
327;334;3.545
328;267;3.809
328;306;3.371
328;325;3.191
328;331;3.986
329;326;3.488
330;326;3.012
330;333;2.98
331;327;3.796
331;328;3.986
331;334;3.02
332;266;2.934
333;268;3.606
333;330;2.98
334;327;3.545
334;331;3.02
335;338;2.918
336;337;2.934
336;338;4.03
337;336;2.934
338;335;2.918
338;336;4.03
339;341;2.877
340;344;4.032
341;339;2.877
342;344;2.977
342;345;3.341
343;345;3.084
344;340;4.032
344;342;2.977
345;342;3.341
345;343;3.084
346;349;3.032
347;352;2.776
347;353;2.764
348;384;2.716
349;346;3.032
349;352;3.016
350;383;3.281
351;384;2.964
351;386;3.975
351;388;3.487
352;347;2.776
352;349;3.016
353;347;2.764
353;378;3.098
354;378;2.882
355;376;3.999
355;377;3.04
356;375;3.742
356;376;3.726
357;361;3.404
358;373;3.5
358;374;2.985
358;375;2.895
359;365;2.787
360;363;2.98
361;357;3.404
362;372;3.468
363;360;2.98
364;369;3.617
364;432;2.884
364;434;3.26
365;359;2.787
365;367;2.966
365;369;3.724
366;371;4.007
367;365;2.966
368;370;2.951
368;371;3.603
369;364;3.617
369;365;3.724
369;371;3.05
369;372;2.947
370;368;2.951
371;366;4.007
371;368;3.603
371;369;3.05
371;440;3.973
372;362;3.468
372;369;2.947
372;373;3.714
373;358;3.5
373;372;3.714
374;358;2.985
375;356;3.742
375;358;2.895
376;355;3.999
376;356;3.726
377;355;3.04
378;353;3.098
378;354;2.882
379;382;3.219
380;381;2.985
381;380;2.985
382;379;3.219
383;350;3.281
384;348;2.716
384;351;2.964
385;386;3.653
386;351;3.975
386;385;3.653
386;389;3.997
387;389;2.831
388;351;3.487
389;386;3.997
389;387;2.831
389;391;2.982
390;392;3.017
391;389;2.982
392;390;3.017
393;395;3.401
394;396;3.901
395;393;3.401
396;394;3.901
397;399;3.875
398;400;3.998
399;397;3.875
400;398;3.998
401;402;3.849
402;401;3.849
402;406;3.913
403;406;3.577
404;406;3.02
405;408;2.755
406;402;3.913
406;403;3.577
406;404;3.02
407;409;2.918
408;405;2.755
408;410;2.828
409;407;2.918
410;408;2.828
411;413;2.998
412;414;3.014
413;411;2.998
414;412;3.014
415;416;2.984
416;415;2.984
416;418;3.096
416;422;3.676
417;422;3.275
418;416;3.096
419;421;3.583
420;422;3.069
421;419;3.583
422;416;3.676
422;417;3.275
422;420;3.069
423;425;3.141
424;429;2.876
424;433;3.601
425;423;3.141
425;429;3.702
425;430;3.393
426;435;3.755
427;437;2.775
428;437;2.925
429;424;2.876
429;425;3.702
430;425;3.393
430;434;3.494
431;434;3.726
431;436;3.903
432;364;2.884
433;424;3.601
434;364;3.26
434;430;3.494
434;431;3.726
435;426;3.755
436;431;3.903
437;427;2.775
437;428;2.925
438;439;3.285
439;438;3.285
440;371;3.973
441;443;3.215
442;448;3.731
443;441;3.215
444;445;3.785
445;444;3.785
446;449;3.15
447;450;2.756
448;442;3.731
449;446;3.15
449;452;3.705
449;453;3.965
449;455;4.013
450;447;2.756
450;453;3.404
450;511;2.802
450;512;2.845
451;508;3.799
451;511;3.757
452;449;3.705
452;455;2.929
452;456;3.956
452;508;3.536
452;512;3.862
453;449;3.965
453;450;3.404
454;457;2.969
454;458;3.101
455;449;4.013
455;452;2.929
456;452;3.956
456;461;3.815
457;454;2.969
458;454;3.101
458;461;3.093
459;463;2.958
460;464;2.95
461;456;3.815
461;458;3.093
461;464;3.278
461;465;3.004
462;465;3.439
462;466;2.927
462;560;2.687
463;459;2.958
463;466;3.209
463;467;2.969
464;460;2.95
464;461;3.278
464;468;3.044
465;461;3.004
465;462;3.439
465;468;3.287
465;469;2.957
465;501;3.955
465;505;3.841
465;557;3.957
466;462;2.927
466;463;3.209
466;469;3.002
466;470;3.08
466;561;2.748
466;562;3.568
467;463;2.969
467;470;3.482
467;471;3.011
468;464;3.044
468;465;3.287
468;472;2.977
468;498;3.638
469;465;2.957
469;466;3.002
469;472;3.082
469;473;3.065
469;502;3.307
469;555;3.862
469;557;3.856
469;558;3.824
470;466;3.08
470;467;3.482
470;473;3.101
470;474;3.444
470;558;3.863
471;467;3.011
471;474;3.322
471;475;3.019
472;468;2.977
472;469;3.082
472;475;3.277
472;476;2.994
472;498;3.182
472;554;3.066
473;469;3.065
473;470;3.101
473;477;3.044
473;555;3.643
473;973;3.864
474;470;3.444
474;471;3.322
474;477;3.289
474;478;2.999
475;471;3.019
475;472;3.277
475;478;3.047
475;479;2.951
475;491;3.515
476;472;2.994
476;479;3.031
476;552;4.04
476;554;3.775
476;555;3.579
476;977;4.012
477;473;3.044
477;474;3.289
478;474;2.999
478;475;3.047
478;483;3.488
479;475;2.951
479;476;3.031
479;484;2.963
479;491;4.016
479;495;3.545
480;484;2.968
480;1020;3.209
480;1021;3.06
481;484;3.528
481;485;2.84
482;485;2.969
482;486;3.049
483;478;3.488
483;487;3.003
484;479;2.963
484;480;2.968
484;481;3.528
484;488;2.798
485;481;2.84
485;482;2.969
485;488;2.753
486;482;3.049
487;483;3.003
487;490;3.087
487;491;2.946
488;484;2.798
488;485;2.753
488;492;2.961
489;492;3.216
489;493;3.022
490;487;3.087
490;493;3.93
490;494;2.964
491;475;3.515
491;479;4.016
491;487;2.946
491;494;3.387
491;495;2.934
492;488;2.961
492;489;3.216
492;495;3.392
492;496;3.022
493;489;3.022
493;490;3.93
493;497;2.959
494;490;2.964
494;491;3.387
494;498;2.965
495;479;3.545
495;491;2.934
495;492;3.392
495;498;3.393
495;499;3.08
495;554;3.249
496;492;3.022
496;499;3.316
496;500;2.988
496;538;3.749
496;539;3.408
497;493;2.959
497;500;3.045
497;501;3.065
498;468;3.638
498;472;3.182
498;494;2.965
498;495;3.393
498;501;3.03
498;502;3.371
499;495;3.08
499;496;3.316
499;502;2.868
499;534;2.834
499;535;3.757
499;538;3.838
499;539;4.022
499;554;4.036
500;496;2.988
500;497;3.045
500;503;2.81
500;504;3.5
501;465;3.955
501;497;3.065
501;498;3.03
501;504;3.228
501;505;3.11
502;469;3.307
502;498;3.371
502;499;2.868
502;506;2.958
502;531;3.569
502;535;3.725
502;557;3.469
503;500;2.81
503;507;3.115
503;535;3.414
504;500;3.5
504;501;3.228
504;508;3.008
505;465;3.841
505;501;3.11
505;509;2.978
505;557;2.716
505;560;2.723
506;502;2.958
506;509;3.353
506;510;3.102
506;531;3.769
507;503;3.115
507;510;3.269
507;511;3.391
508;451;3.799
508;452;3.536
508;504;3.008
508;511;3.218
508;512;3.01
509;505;2.978
509;506;3.353
509;512;2.996
509;513;3.127
509;517;2.68
509;518;3.583
509;524;2.775
510;506;3.102
510;507;3.269
510;518;3.716
510;519;3.751
511;450;2.802
511;451;3.757
511;507;3.391
511;508;3.218
512;450;2.845
512;452;3.862
512;508;3.01
512;509;2.996
513;509;3.127
513;517;3.667
514;517;2.844
514;518;2.941
515;519;2.997
516;520;2.886
517;509;2.68
517;513;3.667
517;514;2.844
517;520;3.071
517;521;2.911
518;509;3.583
518;510;3.716
518;514;2.941
518;524;3.189
518;528;2.931
519;510;3.751
519;515;2.997
520;516;2.886
520;517;3.071
521;517;2.911
521;524;2.97
521;525;3.048
522;525;3.926
522;526;3.018
523;527;2.999
523;565;2.932
523;568;3.845
524;509;2.775
524;518;3.189
524;521;2.97
524;528;2.95
525;521;3.048
525;522;3.926
525;528;3.406
525;529;2.995
526;522;3.018
526;529;3.426
526;530;3.019
527;523;2.999
527;530;3.177
527;531;2.902
527;557;2.638
527;560;3.846
528;518;2.931
528;524;2.95
528;525;3.406
528;532;3.001
529;525;2.995
529;526;3.426
529;532;3.27
529;533;3.087
530;526;3.019
530;527;3.177
530;534;3.029
531;502;3.569
531;506;3.769
531;527;2.902
531;535;2.932
531;557;3.729
532;528;3.001
532;529;3.27
532;536;2.985
533;529;3.087
533;537;3.217
533;550;3.576
534;499;2.834
534;530;3.029
534;538;3.48
534;554;3.033
535;499;3.757
535;502;3.725
535;503;3.414
535;531;2.932
535;538;3.075
535;539;2.903
536;532;2.985
536;539;3.291
536;540;3.045
537;533;3.217
537;541;2.994
537;542;3.053
537;551;3.916
538;496;3.749
538;499;3.838
538;534;3.48
538;535;3.075
538;542;3.709
538;551;3.955
539;496;3.408
539;499;4.022
539;535;2.903
539;536;3.291
540;536;3.045
541;537;2.994
541;543;2.946
542;537;3.053
542;538;3.709
542;548;2.832
543;541;2.946
543;548;3.291
544;547;2.79
545;548;3.225
545;549;2.937
546;549;3.271
546;550;2.96
546;1060;3.888
547;544;2.79
547;550;3.067
547;551;3.08
548;542;2.832
548;543;3.291
548;545;3.225
548;551;2.956
549;545;2.937
549;546;3.271
549;552;2.948
549;981;3.129
550;533;3.576
550;546;2.96
550;547;3.067
550;553;2.979
551;537;3.916
551;538;3.955
551;547;3.08
551;548;2.956
551;554;3.008
552;476;4.04
552;549;2.948
552;555;3.182
552;977;3.717
552;978;3.892
553;550;2.979
553;556;2.891
553;974;3.865
554;472;3.066
554;476;3.775
554;495;3.249
554;499;4.036
554;534;3.033
554;551;3.008
554;557;2.978
555;469;3.862
555;473;3.643
555;476;3.579
555;552;3.182
555;558;2.922
555;970;3.816
555;974;3.527
556;553;2.891
556;559;2.784
556;971;3.386
556;974;3.484
557;465;3.957
557;469;3.856
557;502;3.469
557;505;2.716
557;527;2.638
557;531;3.729
557;554;2.978
557;560;2.976
558;469;3.824
558;470;3.863
558;555;2.922
558;561;2.969
558;562;2.95
558;564;3.887
558;970;3.608
559;556;2.784
559;564;4.04
560;462;2.687
560;505;2.723
560;527;3.846
560;557;2.976
561;466;2.748
561;558;2.969
562;466;3.568
562;558;2.95
562;564;3.865
562;565;2.993
563;566;3.106
563;567;2.934
563;963;3.291
564;558;3.887
564;559;4.04
564;562;3.865
564;567;3.209
564;568;3.012
564;967;3.478
565;523;2.932
565;562;2.993
565;568;3.843
565;569;3.054
566;563;3.106
566;569;3.451
566;570;2.973
567;563;2.934
567;564;3.209
567;570;3.295
567;571;2.959
567;967;3.621
568;523;3.845
568;564;3.012
568;565;3.843
568;572;3.05
569;565;3.054
569;566;3.451
569;572;3.384
569;573;2.809
570;566;2.973
570;567;3.295
570;573;3.355
570;574;2.938
571;567;2.959
571;574;3.219
571;575;3.073
571;1074;3.592
572;568;3.05
572;569;3.384
572;575;3.0
573;569;2.809
573;570;3.355
573;576;2.983
574;570;2.938
574;571;3.219
574;577;3.083
574;578;3.087
574;678;3.765
574;1074;3.506
574;1078;3.566
575;571;3.073
575;572;3.0
575;579;2.969
575;1074;3.858
576;573;2.983
576;579;3.038
577;574;3.083
577;678;3.983
578;574;3.087
578;581;3.263
578;582;2.875
578;674;3.553
578;1074;3.827
579;575;2.969
579;576;3.038
579;583;3.047
580;106;3.346
580;110;3.307
580;583;3.225
580;584;3.27
581;578;3.263
581;584;3.092
581;585;3.029
581;673;3.458
581;674;3.853
582;578;2.875
582;586;2.926
583;579;3.047
583;580;3.225
583;586;3.306
583;587;3.061
584;107;3.696
584;580;3.27
584;581;3.092
584;587;3.452
584;588;3.029
585;581;3.029
585;588;3.48
585;589;2.961
585;636;3.862
586;582;2.926
586;583;3.306
586;590;2.979
587;100;3.494
587;583;3.061
587;584;3.452
587;590;3.318
587;591;3.007
588;584;3.029
588;585;3.48
588;591;3.307
588;592;2.947
588;666;3.74
589;585;2.961
589;592;3.492
589;593;2.929
589;629;3.536
589;632;3.803
590;19;3.488
590;23;3.752
590;586;2.979
590;587;3.318
590;593;3.275
590;594;3.002
590;625;3.472
591;94;3.941
591;98;3.991
591;587;3.007
591;588;3.307
591;594;3.259
591;595;2.994
592;588;2.947
592;589;3.492
592;596;2.955
592;632;3.782
592;662;4.023
592;663;3.515
592;666;3.906
593;589;2.929
593;590;3.275
593;596;3.249
593;597;2.992
593;625;3.733
593;628;3.96
593;629;4.01
594;94;3.639
594;590;3.002
594;591;3.259
594;598;3.329
595;94;3.727
595;591;2.994
595;598;3.352
595;599;3.025
596;592;2.955
596;593;3.249
596;600;3.002
596;601;2.812
596;622;3.812
597;25;3.246
597;593;2.992
597;601;3.056
597;602;3.143
597;624;3.918
598;91;3.497
598;594;3.329
598;595;3.352
599;87;3.947
599;91;3.633
599;595;3.025
599;602;2.81
600;596;3.002
600;603;3.013
600;604;3.556
600;618;3.499
600;622;4.121
600;656;3.406
601;596;2.812
601;597;3.056
601;618;3.753
602;597;3.143
602;599;2.81
603;600;3.013
603;615;4.147
603;618;2.976
604;600;3.556
604;616;3.087
604;618;2.972
604;644;3.785
604;645;3.464
604;652;2.788
604;656;3.601
605;614;2.649
605;615;3.37
605;645;3.681
605;646;2.918
606;609;3.016
606;610;2.865
606;611;2.814
606;612;2.749
607;646;2.785
607;648;3.873
608;611;3.862
609;606;3.016
609;614;3.947
610;606;2.865
611;606;2.814
611;608;3.862
611;1008;3.939
612;606;2.749
613;619;3.569
613;620;3.223
614;605;2.649
614;609;3.947
615;603;4.147
615;605;3.37
615;619;3.516
616;604;3.087
616;619;3.148
616;620;3.12
616;643;2.85
616;644;3.573
617;620;3.037
617;621;2.843
617;642;3.9
618;600;3.499
618;601;3.753
618;603;2.976
618;604;2.972
618;622;3.661
618;644;3.584
619;613;3.569
619;615;3.516
619;616;3.148
619;623;3.502
620;613;3.223
620;616;3.12
620;617;3.037
620;1048;3.596
621;617;2.843
621;627;4.028
621;630;3.945
621;631;3.814
621;1039;3.416
621;1043;3.721
622;596;3.812
622;600;4.121
622;618;3.661
622;627;3.641
622;631;3.649
622;644;4.025
623;619;3.502
623;1052;2.737
624;25;3.692
624;597;3.918
624;627;2.892
624;628;2.941
624;1055;2.853
625;25;3.269
625;590;3.472
625;593;3.733
625;628;3.416
625;629;2.943
626;629;3.223
626;630;2.994
626;1055;3.664
626;1058;3.858
626;1059;3.609
626;1062;3.976
627;621;4.028
627;622;3.641
627;624;2.892
627;630;3.27
627;631;2.979
627;1058;3.12
628;593;3.96
628;624;2.941
628;625;3.416
628;631;4.027
628;632;2.973
629;589;3.536
629;593;4.01
629;625;2.943
629;626;3.223
629;632;3.486
629;633;2.974
630;621;3.945
630;626;2.994
630;627;3.27
630;633;3.276
630;634;3.035
630;1043;3.976
630;1062;3.621
631;621;3.814
631;622;3.649
631;627;2.979
631;628;4.027
631;634;3.14
631;635;3.004
631;641;3.828
632;589;3.803
632;592;3.782
632;628;2.973
632;629;3.486
632;635;3.34
632;636;3.003
632;663;4.037
633;629;2.974
633;630;3.276
633;636;3.044
633;637;3.199
633;1035;3.918
633;1038;3.468
633;1062;3.699
633;1069;3.921
634;630;3.035
634;631;3.14
634;640;2.886
634;1039;3.533
635;631;3.004
635;632;3.34
635;638;3.001
635;660;3.406
635;663;3.541
635;664;3.954
636;585;3.862
636;632;3.003
636;633;3.044
636;667;3.824
637;633;3.199
637;1035;3.515
638;635;3.001
638;660;2.829
638;664;4.032
639;209;3.803
640;204;3.732
640;209;3.386
640;210;5.97
640;634;2.886
640;660;3.86
640;1040;3.877
641;631;3.828
641;644;3.507
641;660;3.28
642;617;3.9
642;1040;3.515
643;616;2.85
643;994;3.809
644;604;3.785
644;616;3.573
644;618;3.584
644;622;4.025
644;641;3.507
644;653;3.301
644;656;3.464
645;604;3.464
645;605;3.681
645;649;3.352
645;653;2.978
646;605;2.918
646;607;2.785
646;653;3.678
647;995;3.374
648;607;3.873
649;645;3.352
649;652;2.773
649;653;3.063
650;654;2.954
651;654;3.365
651;655;2.987
652;604;2.788
652;649;2.773
652;655;3.152
652;656;3.041
653;644;3.301
653;645;2.978
653;646;3.678
653;649;3.063
653;656;3.366
653;657;2.924
654;650;2.954
654;651;3.365
654;657;3.143
654;658;3.02
655;651;2.987
655;652;3.152
656;600;3.406
656;604;3.601
656;644;3.464
656;652;3.041
656;653;3.366
656;659;3.003
656;660;2.925
657;200;3.838
657;653;2.924
657;654;3.143
657;660;3.331
657;661;2.968
658;654;3.02
658;661;3.424
658;662;3.002
659;656;3.003
659;662;3.415
659;663;2.982
660;635;3.406
660;638;2.829
660;640;3.86
660;641;3.28
660;656;2.925
660;657;3.331
660;663;3.305
660;664;2.979
661;203;3.561
661;657;2.968
661;658;3.424
661;664;3.441
661;665;2.995
662;592;4.023
662;658;3.002
662;659;3.415
662;665;3.479
662;666;2.998
663;592;3.515
663;632;4.037
663;635;3.541
663;659;2.982
663;660;3.305
663;667;2.951
664;203;4.121
664;207;3.626
664;635;3.954
664;638;4.032
664;660;2.979
664;661;3.441
664;668;2.935
665;203;3.92
665;661;2.995
665;662;3.479
665;668;3.379
665;669;3.019
666;588;3.74
666;592;3.906
666;662;2.998
666;669;3.457
666;670;2.996
667;636;3.824
667;663;2.951
667;670;3.201
667;671;2.933
668;664;2.935
668;665;3.379
668;671;3.267
668;672;2.978
669;114;3.79
669;665;3.019
669;666;3.457
669;673;3.021
670;666;2.996
670;667;3.201
670;673;3.342
670;674;2.918
671;667;2.933
671;668;3.267
671;674;3.146
671;675;3.065
672;243;3.834
672;244;3.742
672;668;2.978
672;675;3.467
672;676;3.0
673;581;3.458
673;669;3.021
673;670;3.342
673;677;2.921
674;578;3.553
674;581;3.853
674;670;2.918
674;671;3.146
674;677;3.372
674;678;3.114
674;1077;3.369
675;244;3.667
675;248;3.699
675;671;3.065
675;672;3.467
675;678;3.429
675;679;2.939
675;1077;3.573
675;1080;3.711
675;1367;6.364
676;247;3.812
676;248;3.967
676;251;3.68
676;672;3.0
676;680;2.95
677;673;2.921
677;674;3.372
677;681;3.069
678;574;3.765
678;577;3.983
678;674;3.114
678;675;3.429
678;681;3.281
678;682;3.027
678;1077;3.605
678;1078;3.711
678;1081;3.578
679;248;3.439
679;675;2.939
679;682;3.348
679;683;2.952
679;1084;3.479
680;251;3.91
680;255;3.909
680;676;2.95
680;683;3.365
680;684;3.038
681;677;3.069
681;678;3.281
681;684;2.993
681;685;3.087
682;678;3.027
682;679;3.348
682;685;2.961
682;686;3.066
682;1081;3.492
682;1085;3.66
683;252;3.902
683;679;2.952
683;680;3.365
683;688;3.404
683;1084;3.961
683;1085;3.57
683;1088;3.244
684;255;3.594
684;680;3.038
684;681;2.993
685;681;3.087
685;682;2.961
686;682;3.066
686;1085;3.984
687;1093;2.758
688;683;3.404
688;1092;2.828
689;1092;3.554
690;1095;3.954
691;1096;2.863
692;694;3.146
693;695;3.015
693;698;3.535
693;714;3.35
694;692;3.146
695;693;3.015
695;714;3.765
696;1101;3.724
697;1097;3.761
697;1099;3.85
697;1101;3.561
698;693;3.535
698;1097;3.285
699;702;2.941
700;703;3.0
701;704;2.795
702;699;2.941
703;700;3.0
704;701;2.795
705;707;2.857
706;716;3.527
707;705;2.857
708;711;2.938
708;712;3.084
709;712;3.035
710;713;2.727
711;708;2.938
711;714;2.982
711;716;3.71
712;708;3.084
712;709;3.035
712;715;3.006
712;716;3.134
712;717;3.773
712;718;3.718
713;710;2.727
714;693;3.35
714;695;3.765
714;711;2.982
715;712;3.006
715;722;2.78
716;706;3.527
716;711;3.71
716;712;3.134
717;712;3.773
718;712;3.718
718;719;3.009
719;718;3.009
720;724;2.914
720;725;2.85
720;726;3.876
720;727;3.815
720;728;2.894
721;724;3.649
722;715;2.78
723;728;3.802
724;720;2.914
724;721;3.649
725;720;2.85
726;720;3.876
727;720;3.815
728;720;2.894
728;723;3.802
729;742;3.939
729;751;2.74
730;733;2.842
730;739;2.808
731;734;3.114
732;739;3.822
732;740;3.157
733;730;2.842
733;736;2.957
734;731;3.114
735;295;2.747
736;295;2.76
736;296;2.682
736;733;2.957
737;296;2.802
738;292;2.969
739;730;2.808
739;732;3.822
740;732;3.157
741;752;3.359
741;753;3.037
742;729;3.939
742;751;2.928
742;753;2.701
743;753;3.897
744;754;3.04
745;746;2.64
746;745;2.64
746;754;2.863
747;748;3.988
748;747;3.988
748;759;3.77
749;752;2.995
749;757;3.592
749;758;3.061
749;759;2.896
749;760;2.734
750;758;2.656
751;729;2.74
751;742;2.928
752;741;3.359
752;749;2.995
752;755;3.741
753;741;3.037
753;742;2.701
753;743;3.897
754;744;3.04
754;746;2.863
755;752;3.741
755;756;3.223
755;757;3.552
756;755;3.223
757;749;3.592
757;755;3.552
758;749;3.061
758;750;2.656
759;748;3.77
759;749;2.896
759;760;3.81
760;749;2.734
760;759;3.81
760;761;2.972
761;760;2.972
762;763;3.028
763;762;3.028
763;767;3.77
764;768;3.109
765;767;2.987
765;768;3.08
766;768;3.003
767;763;3.77
767;765;2.987
768;764;3.109
768;765;3.08
768;766;3.003
769;792;3.049
770;791;3.902
771;792;3.879
772;776;2.786
772;777;3.043
773;789;3.857
774;778;3.834
775;780;2.757
776;772;2.786
777;772;3.043
777;779;4.093
777;780;3.911
778;774;3.834
779;777;4.093
780;775;2.757
780;777;3.911
781;783;2.976
782;784;2.98
782;786;2.633
783;781;2.976
784;782;2.98
784;787;2.979
785;788;2.87
786;782;2.633
787;784;2.979
788;785;2.87
788;790;3.992
789;773;3.857
790;788;3.992
791;770;3.902
792;769;3.049
792;771;3.879
793;795;4.106
794;795;2.998
795;793;4.106
795;794;2.998
796;812;3.371
796;818;2.851
797;799;3.786
798;799;3.893
799;797;3.786
799;798;3.893
800;803;3.523
801;803;3.364
802;804;3.376
803;800;3.523
803;801;3.364
804;802;3.376
805;808;2.793
806;809;4.036
807;814;3.196
808;805;2.793
809;806;4.036
809;811;3.001
809;815;3.693
810;813;2.992
811;809;3.001
811;814;3.309
811;815;3.85
812;796;3.371
812;815;3.01
812;818;2.844
813;810;2.992
814;807;3.196
814;811;3.309
815;809;3.693
815;811;3.85
815;812;3.01
815;817;3.622
815;818;3.505
816;819;3.047
817;815;3.622
818;796;2.851
818;812;2.844
818;815;3.505
819;816;3.047
820;821;3.635
821;820;3.635
822;824;3.059
822;826;4.031
823;826;3.193
824;822;3.059
824;827;3.058
824;828;3.714
825;828;4.035
825;883;4.113
826;822;4.031
826;823;3.193
827;824;3.058
827;830;2.666
828;824;3.714
828;825;4.035
828;831;3.028
828;834;3.84
828;887;3.71
829;834;3.909
829;883;3.624
829;884;3.642
830;827;2.666
830;887;4.023
831;828;3.028
831;834;2.916
831;835;3.001
832;836;3.032
833;837;2.922
834;828;3.84
834;829;3.909
834;831;2.916
834;837;3.153
834;838;2.962
834;883;3.859
835;831;3.001
835;838;3.493
835;839;3.201
835;943;3.187
836;832;3.032
836;839;3.385
836;840;3.021
837;833;2.922
837;834;3.153
837;840;3.351
837;841;2.933
838;834;2.962
838;835;3.493
838;841;3.359
838;842;2.97
838;877;3.733
838;880;3.665
839;835;3.201
839;836;3.385
839;842;3.385
839;843;2.96
839;943;3.438
840;836;3.021
840;837;3.351
840;843;3.23
840;844;2.984
841;837;2.933
841;838;3.359
841;845;2.966
841;877;3.976
842;838;2.97
842;839;3.385
842;846;2.901
842;873;3.987
842;877;3.481
842;936;3.684
842;940;3.78
843;839;2.96
843;840;3.23
843;846;3.183
843;847;2.996
844;840;2.984
844;847;3.136
844;848;3.015
845;841;2.966
845;848;3.412
845;849;2.955
845;936;3.644
846;842;2.901
846;843;3.183
846;850;2.99
847;843;2.996
847;844;3.136
847;850;3.382
847;851;2.965
848;844;3.015
848;845;3.412
848;851;3.004
848;852;3.293
849;845;2.955
849;934;3.916
849;936;4.038
850;846;2.99
850;847;3.382
850;854;3.411
850;1275;3.818
851;847;2.965
851;848;3.004
851;854;3.058
851;855;3.032
851;858;3.526
851;862;3.795
851;866;3.953
852;848;3.293
852;859;2.76
852;927;2.695
853;856;3.304
853;859;2.672
853;1278;3.37
853;1332;3.054
854;850;3.411
854;851;3.058
854;1298;3.794
855;851;3.032
855;858;2.966
855;859;3.027
856;853;3.304
856;859;3.178
856;860;3.005
857;860;2.64
858;851;3.526
858;855;2.966
858;861;3.315
858;862;2.965
859;852;2.76
859;853;2.672
859;855;3.027
859;856;3.178
859;863;3.031
859;1331;3.879
860;856;3.005
860;857;2.64
860;1333;3.505
861;858;3.315
862;851;3.795
862;858;2.965
862;865;3.097
862;866;3.023
863;859;3.031
863;867;2.756
864;868;3.025
865;862;3.097
865;868;3.344
865;869;2.99
866;851;3.953
866;862;3.023
866;869;3.011
866;870;3.271
867;863;2.756
867;870;2.997
867;871;3.028
867;927;2.895
867;930;3.834
868;864;3.025
868;865;3.344
868;871;2.911
868;872;2.945
869;865;2.99
869;866;3.011
869;873;2.93
870;866;3.271
870;867;2.997
870;874;2.991
870;930;3.99
870;933;3.778
871;867;3.028
871;868;2.911
871;874;3.347
871;875;3.026
872;868;2.945
872;876;2.992
873;842;3.987
873;869;2.93
873;876;3.218
873;877;2.932
873;933;3.996
873;936;3.655
874;870;2.991
874;871;3.347
874;878;2.971
874;933;3.943
875;871;3.026
875;879;3.034
876;872;2.992
876;873;3.218
876;880;2.942
877;838;3.733
877;841;3.976
877;842;3.481
877;873;2.932
877;881;3.005
877;939;3.651
878;874;2.971
878;881;3.307
878;882;2.968
878;906;3.893
878;910;3.66
879;875;3.034
879;882;3.373
879;883;2.961
880;838;3.665
880;876;2.942
880;883;3.375
880;884;2.683
880;939;3.598
881;877;3.005
881;878;3.307
881;885;2.971
881;903;3.857
882;878;2.968
882;879;3.373
882;885;3.466
882;886;2.997
883;825;4.113
883;829;3.624
883;834;3.859
883;879;2.961
883;880;3.375
883;886;3.454
883;887;3.025
884;829;3.642
884;880;2.683
884;887;3.41
884;888;3.087
884;893;3.774
884;899;3.958
884;902;2.676
885;881;2.971
885;882;3.466
885;888;3.027
885;889;2.93
885;890;3.783
885;893;6.331
885;894;3.669
886;882;2.997
886;883;3.454
887;828;3.71
887;830;4.023
887;883;3.025
887;884;3.41
888;884;3.087
888;885;3.027
888;892;2.828
888;893;3.937
888;896;3.815
888;899;3.599
889;885;2.93
889;893;2.991
890;885;3.783
890;893;3.463
890;894;3.0
891;894;2.839
891;895;3.484
892;888;2.828
893;884;3.774
893;885;6.331
893;888;3.937
893;889;2.991
893;890;3.463
893;896;3.045
893;899;3.709
893;903;3.77
894;885;3.669
894;890;3.0
894;891;2.839
894;900;3.842
894;903;3.646
895;891;3.484
896;888;3.815
896;893;3.045
896;899;3.178
896;900;2.944
897;900;3.447
897;901;2.965
898;901;3.38
898;902;3.006
898;942;3.288
898;951;3.822
899;884;3.958
899;888;3.599
899;893;3.709
899;896;3.178
899;902;3.125
899;903;2.984
900;894;3.842
900;896;2.944
900;897;3.447
900;903;5.986
900;904;2.984
901;897;2.965
901;898;3.38
901;904;3.185
902;884;2.676
902;898;3.006
902;899;3.125
902;939;2.945
902;942;2.782
903;881;3.857
903;893;3.77
903;894;3.646
903;899;2.984
903;900;5.986
903;906;3.026
903;907;2.965
904;900;2.984
904;901;3.185
904;908;3.038
905;935;3.965
905;939;3.711
906;878;3.893
906;903;3.026
906;909;3.254
906;910;3.099
907;903;2.965
907;910;2.851
907;911;2.906
908;904;3.038
908;912;2.97
908;932;3.723
909;906;3.254
909;912;3.885
909;913;3.057
909;933;2.849
910;878;3.66
910;906;3.099
910;907;2.851
910;913;3.335
910;914;2.99
911;907;2.906
911;914;3.153
911;915;3.001
912;908;2.97
912;909;3.885
912;915;3.304
912;916;2.965
913;909;3.057
913;910;3.335
913;916;3.326
913;917;2.989
913;926;3.784
914;910;2.99
914;911;3.153
914;917;3.203
914;918;2.931
915;911;3.001
915;912;3.304
915;918;3.143
915;919;2.968
916;912;2.965
916;913;3.326
916;921;3.035
916;925;3.294
916;926;3.272
916;929;3.659
917;913;2.989
917;914;3.203
917;920;2.999
918;914;2.931
918;915;3.143
919;915;2.968
920;917;2.999
921;916;3.035
922;925;3.866
923;926;3.453
923;927;3.005
924;927;2.732
924;928;3.195
925;916;3.294
925;922;3.866
925;929;2.974
926;913;3.784
926;916;3.272
926;923;3.453
926;930;2.943
927;852;2.695
927;867;2.895
927;923;3.005
927;924;2.732
927;1330;3.905
928;924;3.195
928;931;3.051
928;1327;3.024
928;1328;3.659
928;1329;3.134
929;916;3.659
929;925;2.974
930;867;3.834
930;870;3.99
930;926;2.943
930;933;2.739
931;928;3.051
931;934;2.771
931;935;3.358
931;1276;3.593
932;908;3.723
932;935;2.974
933;870;3.778
933;873;3.996
933;874;3.943
933;909;2.849
933;930;2.739
933;936;2.879
934;849;3.916
934;931;2.771
935;905;3.965
935;931;3.358
935;932;2.974
935;938;2.941
935;939;3.004
935;1272;3.854
936;842;3.684
936;845;3.644
936;849;4.038
936;873;3.655
936;933;2.879
936;939;2.976
936;940;3.174
937;940;2.969
937;1272;3.582
938;935;2.941
938;941;2.774
938;1272;3.823
939;877;3.651
939;880;3.598
939;902;2.945
939;905;3.711
939;935;3.004
939;936;2.976
939;942;2.903
940;842;3.78
940;936;3.174
940;937;2.969
940;943;2.989
940;944;2.945
941;938;2.774
941;944;3.167
941;947;3.495
941;951;3.706
942;898;3.288
942;902;2.782
942;939;2.903
942;948;2.861
943;835;3.187
943;839;3.438
943;940;2.989
944;940;2.945
944;941;3.167
944;947;3.482
944;948;3.009
945;948;3.701
946;949;3.139
946;950;2.94
947;941;3.495
947;944;3.482
947;950;3.295
947;951;2.98
947;1264;3.899
947;1265;4.069
948;942;2.861
948;944;3.009
948;945;3.701
948;952;2.982
949;946;3.139
949;952;3.319
949;953;2.97
950;946;2.94
950;947;3.295
950;953;3.09
950;954;2.965
950;1261;3.715
950;1265;3.825
951;898;3.822
951;941;3.706
951;947;2.98
951;954;3.379
951;955;2.993
952;948;2.982
952;949;3.319
952;956;2.967
953;949;2.97
953;950;3.09
953;956;3.12
953;957;3.039
954;950;2.965
954;951;3.379
954;957;3.042
954;1365;3.622
955;951;2.993
955;958;3.036
956;952;2.967
956;953;3.12
957;953;3.039
957;954;3.042
957;960;3.401
957;961;3.167
958;955;3.036
958;962;2.895
959;963;3.026
960;957;3.401
960;963;3.422
960;964;3.284
960;1086;2.791
961;957;3.167
961;964;3.463
961;965;2.963
962;958;2.895
962;966;2.983
963;563;3.291
963;959;3.026
963;960;3.422
963;966;3.1
