source;destination;distance
0;3;2.782
1;47;3.586
2;7;3.562
2;48;3.663
3;0;2.782
4;7;3.241
4;8;2.973
5;9;2.975
6;10;2.97
7;2;3.562
7;4;3.241
7;10;3.117
7;11;2.968
7;43;6.237
7;47;3.746
8;4;2.973
8;11;3.472
8;12;2.982
9;5;2.975
9;13;2.93
10;6;2.97
10;7;3.117
10;14;2.947
11;7;2.968
11;8;3.472
11;14;3.421
11;15;3.012
11;44;3.616
12;8;2.982
12;16;2.979
12;104;4.032
13;9;2.93
13;16;3.359
13;17;2.94
14;10;2.947
14;11;3.421
14;18;3.014
14;37;3.626
14;40;4.022
15;11;3.012
15;19;2.98
15;37;3.751
15;99;3.962
15;100;3.564
16;12;2.979
16;13;3.359
16;19;3.14
16;20;3.088
17;13;2.94
17;20;3.282
17;21;2.978
18;14;3.014
18;22;2.964
18;37;3.158
18;96;3.624
19;15;2.98
19;16;3.14
19;22;3.196
19;97;3.517
19;588;3.51
20;16;3.088
20;17;3.282
21;17;2.978
21;24;2.983
21;30;3.61
21;33;3.402
22;18;2.964
22;19;3.196
22;93;4.021
23;588;3.743
24;21;2.983
24;27;3.966
25;595;3.506
25;622;3.684
25;623;3.41
26;30;3.818
27;24;3.966
27;30;2.85
28;31;2.725
28;32;3.028
29;32;3.293
29;33;2.967
30;21;3.61
30;26;3.818
30;27;2.85
30;33;3.419
30;34;3.002
31;28;2.725
31;34;3.487
31;35;3.003
32;28;3.028
32;29;3.293
32;36;2.992
33;21;3.402
33;29;2.967
33;30;3.419
33;36;3.223
33;37;2.942
34;30;3.002
34;31;3.487
34;37;3.379
34;38;2.938
34;93;2.796
34;96;3.146
35;31;3.003
35;38;3.296
35;39;2.955
35;81;3.954
36;32;2.992
36;33;3.223
36;39;3.352
36;40;3.005
37;14;3.626
37;15;3.751
37;18;3.158
37;33;2.942
37;34;3.379
37;40;2.992
37;41;2.866
37;96;3.447
38;34;2.938
38;35;3.296
38;41;3.988
38;42;2.986
38;80;2.753
39;35;2.955
39;36;3.352
39;42;3.187
39;43;2.982
40;14;4.022
40;36;3.005
40;37;2.992
40;43;3.497
40;44;2.912
41;37;2.866
41;38;3.988
41;45;2.949
41;73;3.465
41;99;3.507
42;38;2.986
42;39;3.187
42;45;3.287
42;46;2.973
43;7;6.237
43;39;2.982
43;40;3.497
43;46;3.41
43;47;3.058
44;11;3.616
44;40;2.912
44;47;3.263
44;48;2.817
44;99;2.649
45;41;2.949
45;42;3.287
45;49;2.988
45;56;3.972
45;73;3.929
46;42;2.973
46;43;3.41
46;50;3.077
46;51;3.938
47;1;3.586
47;7;3.746
47;43;3.058
47;44;3.263
48;2;3.663
48;44;2.817
48;66;3.196
48;69;2.673
49;45;2.988
49;56;4.0
49;59;3.849
49;66;3.694
50;46;3.077
50;55;3.686
51;46;3.938
52;55;3.104
52;58;3.467
53;56;2.982
54;57;2.994
55;50;3.686
55;52;3.104
55;58;3.001
56;45;3.972
56;49;4.0
56;53;2.982
56;59;3.046
56;70;3.914
57;54;2.994
57;60;3.019
58;52;3.467
58;55;3.001
58;61;3.03
59;49;3.849
59;56;3.046
59;62;2.982
59;63;3.805
59;66;3.51
59;67;3.985
59;70;3.757
60;57;3.019
61;58;3.03
62;59;2.982
63;59;3.805
63;66;3.423
63;67;2.928
64;67;3.447
64;68;3.039
65;68;3.018
65;69;3.054
65;102;3.453
65;108;3.225
65;111;3.764
66;48;3.196
66;49;3.694
66;59;3.51
66;63;3.423
66;69;3.725
66;70;2.986
67;59;3.985
67;63;2.928
67;64;3.447
67;70;3.389
67;71;2.943
68;64;3.039
68;65;3.018
68;72;3.001
68;101;3.966
69;48;2.673
69;65;3.054
69;66;3.725
69;72;3.469
69;73;2.937
69;99;3.164
69;102;2.736
70;56;3.914
70;59;3.757
70;66;2.986
70;67;3.389
70;73;3.176
70;74;2.979
71;67;2.943
71;74;3.415
71;75;2.984
72;68;3.001
72;69;3.469
72;76;2.933
72;95;3.517
73;41;3.465
73;45;3.929
73;69;2.937
73;70;3.176
73;76;3.452
73;77;2.901
74;70;2.979
74;71;3.415
74;77;3.369
74;78;3.012
75;71;2.984
75;78;3.437
75;79;2.978
75;89;3.57
75;92;3.324
76;72;2.933
76;73;3.452
76;79;2.999
76;80;2.864
77;73;2.901
77;74;3.369
77;81;2.973
78;74;3.012
78;75;3.437
78;82;3.011
79;75;2.978
79;76;2.999
79;83;3.957
79;89;2.747
80;38;2.753
80;76;2.864
80;83;3.358
80;96;3.592
81;35;3.954
81;77;2.973
82;78;3.011
82;84;2.994
83;79;3.957
83;80;3.358
83;90;2.956
83;93;3.555
84;82;2.994
85;89;3.519
86;89;3.127
87;90;2.926
87;91;3.178
87;597;3.901
88;91;3.102
89;75;3.57
89;79;2.747
89;85;3.519
89;86;3.127
89;92;3.006
90;83;2.956
90;87;2.926
91;87;3.178
91;88;3.102
91;94;3.018
91;596;3.468
91;597;3.892
92;75;3.324
92;89;3.006
92;95;2.862
93;22;4.021
93;34;2.796
93;83;3.555
93;96;2.916
94;91;3.018
94;97;2.871
94;98;3.487
94;589;3.962
94;592;3.623
94;593;3.681
95;72;3.517
95;92;2.862
95;98;3.853
95;99;3.003
95;589;4.032
96;18;3.624
96;34;3.146
96;37;3.447
96;80;3.592
96;93;2.916
96;99;3.211
97;19;3.517
97;94;2.871
97;100;3.006
98;94;3.487
98;95;3.853
98;101;2.905
98;589;3.948
99;15;3.962
99;41;3.507
99;44;2.649
99;69;3.164
99;95;3.003
99;96;3.211
99;102;2.946
100;15;3.564
100;97;3.006
100;103;2.992
100;104;3.007
100;107;3.598
100;585;3.533
101;68;3.966
101;98;2.905
101;111;3.886
102;65;3.453
102;69;2.736
102;99;2.946
102;108;2.82
103;100;2.992
104;12;4.032
104;100;3.007
104;107;3.095
104;108;2.988
105;108;3.357
105;109;2.95
106;110;3.131
106;578;3.433
107;100;3.598
107;104;3.095
107;110;3.414
107;111;3.003
107;582;3.698
108;65;3.225
108;102;2.82
108;104;2.988
108;105;3.357
108;111;3.49
108;112;2.972
109;105;2.95
109;112;3.209
109;113;3.035
110;106;3.131
110;107;3.414
110;113;3.106
110;114;3.002
110;578;3.344
110;579;3.991
111;65;3.764
111;101;3.886
111;107;3.003
111;108;3.49
111;114;3.239
111;115;3.041
112;108;2.972
112;109;3.209
112;115;3.38
112;116;3.003
113;109;3.035
113;110;3.106
113;116;3.224
113;117;3.043
114;110;3.002
114;111;3.239
114;117;3.069
114;118;3.264
114;667;3.798
115;111;3.041
115;112;3.38
115;118;2.977
116;112;3.003
116;113;3.224
116;119;2.785
116;252;3.872
117;113;3.043
117;114;3.069
117;120;3.081
117;121;3.024
118;114;3.264
118;115;2.977
118;122;2.993
119;116;2.785
119;256;2.743
120;117;3.081
120;123;3.321
120;252;3.445
120;255;2.632
120;256;2.793
121;117;3.024
121;124;3.358
121;125;2.93
121;249;3.977
122;118;2.993
122;126;2.991
123;120;3.321
123;126;3.161
123;127;3.087
123;1250;3.441
123;1251;2.892
124;121;3.358
124;127;3.419
124;128;3.157
124;241;3.508
124;1254;3.984
125;121;2.93
125;128;3.419
125;129;2.921
126;122;2.991
126;123;3.161
126;129;3.36
126;130;2.985
127;123;3.087
127;124;3.419
127;130;3.5
127;131;2.958
127;1245;4.015
127;1251;3.972
127;1254;3.796
128;124;3.157
128;125;3.419
128;131;3.321
128;132;2.894
128;241;3.33
129;125;2.921
129;126;3.36
129;132;3.489
129;133;3.013
130;126;2.985
130;127;3.5
130;133;3.428
130;134;2.937
130;1241;3.675
130;1244;3.415
130;1245;3.801
131;127;2.958
131;128;3.321
131;134;3.47
131;135;2.868
132;128;2.894
132;129;3.489
132;136;2.969
132;201;3.726
132;204;3.987
133;129;3.013
133;130;3.428
133;136;3.181
133;137;3.003
134;130;2.937
134;131;3.47
134;137;3.302
134;138;2.979
134;1152;3.747
134;1241;3.741
135;131;2.868
135;139;2.939
135;204;3.567
135;230;3.701
135;234;3.73
135;237;3.64
136;132;2.969
136;133;3.181
136;140;2.926
136;197;3.829
136;201;3.912
137;133;3.003
137;134;3.302
137;140;3.204
137;141;3.118
137;197;3.823
137;1238;3.901
138;134;2.979
138;141;3.152
138;142;3.457
138;230;3.531
138;1235;3.662
138;1238;3.888
139;135;2.939
139;142;3.497
139;143;2.952
139;194;3.684
140;136;2.926
140;137;3.204
140;144;3.717
140;195;3.923
140;196;3.563
140;197;3.922
141;137;3.118
141;138;3.152
141;1235;3.592
141;1238;3.398
142;138;3.457
142;139;3.497
142;1231;3.697
142;1235;3.522
143;139;2.952
143;217;3.025
143;227;3.384
143;230;3.534
143;231;5.838
144;140;3.717
144;195;3.897
145;150;2.71
146;184;2.944
146;188;3.803
146;189;3.838
146;190;3.927
147;150;2.97
147;151;3.768
147;181;3.855
147;188;2.835
148;188;2.839
148;191;3.66
148;195;2.66
149;153;3.937
149;154;2.883
149;155;3.679
150;145;2.71
150;147;2.97
150;154;3.299
150;185;2.798
151;147;3.768
151;181;3.808
151;182;3.77
151;185;3.912
152;182;3.526
153;149;3.937
153;180;2.887
154;149;2.883
154;150;3.299
155;149;3.679
156;159;3.652
157;159;3.619
158;161;3.944
158;178;3.949
159;156;3.652
159;157;3.619
160;170;3.366
160;177;2.942
161;158;3.944
162;169;3.042
162;170;3.764
163;167;3.844
163;168;3.935
164;165;3.369
165;164;3.369
166;169;3.152
166;171;2.66
167;163;3.844
168;163;3.935
169;162;3.042
169;166;3.152
169;171;3.55
169;178;2.769
170;160;3.366
170;162;3.764
171;166;2.66
171;169;3.55
171;174;3.653
171;175;2.773
172;173;3.904
173;172;3.904
174;171;3.653
175;171;2.773
176;179;4.008
177;160;2.942
178;158;3.949
178;169;2.769
179;176;4.008
180;153;2.887
181;147;3.855
181;151;3.808
181;1007;3.907
182;151;3.77
182;152;3.526
183;185;3.432
183;1006;3.687
184;146;2.944
185;150;2.798
185;151;3.912
185;183;3.432
186;189;3.263
186;1006;3.795
187;1004;2.825
187;1006;3.42
188;146;3.803
188;147;2.835
188;148;2.839
188;191;3.127
189;146;3.838
189;186;3.263
189;220;3.457
190;146;3.927
191;148;3.66
191;188;3.127
191;194;3.009
191;195;3.026
191;199;3.502
192;199;3.26
193;199;3.361
193;217;3.484
194;139;3.684
194;191;3.009
194;200;3.552
194;203;3.442
194;217;3.069
194;231;3.972
195;140;3.923
195;144;3.897
195;148;2.66
195;191;3.026
196;140;3.563
196;199;2.805
196;200;2.974
197;136;3.829
197;137;3.823
197;140;3.922
197;201;2.956
198;202;2.995
199;191;3.502
199;192;3.26
199;193;3.361
199;196;2.805
199;202;3.277
199;203;2.956
200;194;3.552
200;196;2.974
200;203;3.243
200;204;2.95
201;132;3.726
201;136;3.912
201;197;2.956
201;205;2.942
202;198;2.995
202;199;3.277
202;205;3.053
202;206;2.954
202;655;3.703
203;194;3.442
203;199;2.956
203;200;3.243
203;206;3.366
203;207;2.948
204;132;3.987
204;135;3.567
204;200;2.95
204;207;3.918
204;208;2.961
205;201;2.942
205;202;3.053
205;208;3.219
205;209;2.943
205;659;3.488
205;662;4.137
205;663;3.898
206;202;2.954
206;203;3.366
206;210;2.968
206;211;2.815
206;212;3.747
206;638;3.788
207;203;2.948
207;204;3.918
207;210;3.058
207;213;3.507
207;231;3.625
207;234;3.735
207;235;3.624
208;204;2.961
208;205;3.219
209;205;2.943
209;662;3.648
210;206;2.968
210;207;3.058
210;1316;3.146
210;1318;2.995
211;206;2.815
211;637;3.773
211;638;3.413
212;206;3.747
212;215;3.326
212;216;3.009
212;638;5.647
212;1313;3.669
212;1323;4.032
213;207;3.507
213;217;3.052
213;218;3.129
213;231;3.718
213;235;3.34
213;1309;3.421
213;1312;6.255
213;1313;3.479
214;218;3.121
214;219;3.009
214;1309;3.697
214;1313;3.652
214;1348;3.483
214;1349;2.801
214;1350;3.168
215;212;3.326
215;1323;3.445
215;1350;3.178
216;212;3.009
216;219;3.06
217;143;3.025
217;193;3.484
217;194;3.069
217;213;3.052
217;227;2.824
217;231;4.036
218;213;3.129
218;214;3.121
218;221;2.972
218;228;3.347
218;1309;3.185
218;1348;3.467
219;214;3.009
219;216;3.06
219;1299;3.911
219;1348;3.387
220;189;3.457
221;218;2.972
221;223;2.934
221;224;3.11
221;227;3.619
222;224;3.077
222;1306;3.671
222;1344;2.849
222;1347;3.476
223;221;2.934
223;227;3.016
224;221;3.11
224;222;3.077
224;227;2.972
224;228;2.944
224;1345;3.791
224;1346;3.735
225;228;3.64
225;229;2.927
225;1343;2.834
225;1345;2.769
226;1228;3.73
226;1231;3.818
226;1232;3.277
226;1345;2.976
227;143;3.384
227;217;2.824
227;221;3.619
227;223;3.016
227;224;2.972
227;230;3.04
227;231;3.344
228;218;3.347
228;224;2.944
228;225;3.64
228;231;3.307
228;232;2.944
228;1309;3.497
228;1346;4.007
229;225;2.927
229;233;2.971
230;135;3.701
230;138;3.531
230;143;3.534
230;227;3.04
230;233;3.139
230;234;2.966
231;143;5.838
231;194;3.972
231;207;3.625
231;213;3.718
231;217;4.036
231;227;3.344
231;228;3.307
231;234;3.11
231;235;2.962
232;228;2.944
232;235;3.152
232;236;2.976
232;1312;3.903
233;229;2.971
233;230;3.139
233;237;2.941
234;135;3.73
234;207;3.735
234;230;2.966
234;231;3.11
234;238;2.904
235;207;3.624
235;213;3.34
235;231;2.962
235;232;3.152
235;238;3.452
235;239;2.934
235;1312;3.354
236;232;2.976
236;240;2.967
236;1312;3.314
237;135;3.64
237;233;2.941
237;241;2.911
238;234;2.904
238;235;3.452
238;242;2.935
239;235;2.934
239;242;3.361
239;243;2.952
240;236;2.967
240;243;3.413
240;244;2.946
240;1258;3.666
240;1265;3.451
241;124;3.508
241;128;3.33
241;237;2.911
241;244;3.187
241;245;2.884
242;238;2.935
242;239;3.361
242;245;3.375
242;246;2.953
243;239;2.952
243;240;3.413
243;246;3.809
243;247;2.985
243;1376;3.772
244;240;2.946
244;241;3.187
244;247;3.628
244;248;2.918
244;1254;3.227
244;1257;3.705
245;241;2.884
245;242;3.375
245;248;3.085
245;249;2.947
245;670;3.577
246;242;2.953
246;243;3.809
246;250;3.082
246;670;3.715
246;673;3.681
246;1373;3.528
247;243;2.985
247;244;3.628
247;251;2.922
247;1376;3.936
247;1377;3.921
247;1380;3.569
248;244;2.918
248;245;3.085
248;252;2.93
249;121;3.977
249;245;2.947
249;252;3.312
249;253;3.085
249;674;3.817
250;246;3.082
250;253;3.252
250;254;3.074
250;673;3.733
250;674;3.977
250;677;3.442
250;1377;3.472
251;247;2.922
251;255;2.883
251;1381;3.717
252;116;3.872
252;120;3.445
252;248;2.93
252;249;3.312
252;256;3.006
253;249;3.085
253;250;3.252
253;257;3.07
253;674;3.693
254;250;3.074
254;257;3.231
254;258;2.892
254;681;3.802
254;1095;6.474
254;1381;3.862
255;120;2.632
255;251;2.883
255;258;2.999
255;259;3.578
256;119;2.743
256;120;2.793
256;252;3.006
256;266;2.864
257;253;3.07
257;254;3.231
257;265;4.021
257;266;3.185
257;267;2.965
258;254;2.892
258;255;2.999
258;265;3.479
258;267;3.7
258;269;3.044
259;255;3.578
259;264;2.858
259;265;2.784
260;689;4.0
261;263;3.074
262;269;3.619
262;270;4.011
262;272;3.778
262;693;3.791
263;261;3.074
264;259;2.858
265;257;4.021
265;258;3.479
265;259;2.784
266;256;2.864
266;257;3.185
267;257;2.965
267;258;3.7
267;269;3.757
268;271;3.039
269;258;3.044
269;262;3.619
269;267;3.757
269;272;2.982
270;262;4.011
271;268;3.039
271;274;2.992
272;262;3.778
272;269;2.982
272;688;3.583
272;692;3.747
272;694;3.595
273;275;2.953
273;277;4.037
273;688;4.034
273;695;3.891
274;271;2.992
275;273;2.953
275;278;2.803
276;279;3.245
276;286;2.821
276;287;2.801
276;288;2.889
276;697;3.47
277;273;4.037
277;280;2.963
277;281;3.011
277;696;2.676
278;275;2.803
278;281;3.051
279;276;3.245
280;277;2.963
280;287;2.743
280;288;2.829
281;277;3.011
281;278;3.051
281;695;2.911
282;285;3.587
283;711;3.837
284;711;4.004
284;719;2.812
285;282;3.587
285;719;3.309
286;276;2.821
286;695;3.828
286;697;3.548
286;698;2.973
287;276;2.801
287;280;2.743
288;276;2.889
288;280;2.829
289;303;2.726
290;291;3.805
291;290;3.805
292;684;2.834
292;1092;3.787
293;1093;3.823
293;1096;3.511
293;1097;3.951
294;302;3.113
295;297;3.687
295;302;3.741
296;300;2.688
297;295;3.687
297;967;3.748
298;963;3.372
299;300;2.791
300;296;2.688
300;299;2.791
301;306;3.887
302;294;3.113
302;295;3.741
302;304;3.168
303;289;2.726
304;302;3.168
304;310;2.859
305;307;3.001
306;301;3.887
307;305;3.001
307;310;3.994
308;316;3.062
308;317;2.864
308;318;4.02
309;311;3.005
310;304;2.859
310;307;3.994
311;309;3.005
311;321;2.721
312;316;2.774
312;318;2.779
312;319;2.967
312;321;2.779
313;316;2.835
314;322;3.118
315;318;2.944
315;320;2.803
315;322;2.689
316;308;3.062
316;312;2.774
316;313;2.835
317;308;2.864
318;308;4.02
318;312;2.779
318;315;2.944
319;312;2.967
320;315;2.803
320;325;3.077
321;311;2.721
321;312;2.779
321;324;3.017
321;325;2.975
322;314;3.118
322;315;2.689
323;326;2.756
323;327;4.017
324;321;3.017
325;320;3.077
325;321;2.975
326;323;2.756
327;323;4.017
328;330;3.433
329;331;2.859
330;328;3.433
331;329;2.859
332;436;3.552
332;437;2.855
332;438;2.816
333;431;3.156
333;434;3.999
334;431;2.966
335;431;2.754
336;431;2.645
337;342;3.269
338;340;2.949
338;341;3.368
338;342;3.498
338;347;3.735
338;348;3.975
339;343;3.601
340;338;2.949
341;338;3.368
341;348;3.429
342;337;3.269
342;338;3.498
342;346;3.395
343;339;3.601
343;348;3.637
344;346;3.013
344;348;3.945
345;429;4.028
346;342;3.395
346;344;3.013
346;429;2.964
346;432;2.735
347;338;3.735
348;338;3.975
348;341;3.429
348;343;3.637
348;344;3.945
349;355;3.74
350;355;3.351
350;356;2.958
351;354;3.121
351;356;3.063
352;356;3.987
352;357;2.948
353;366;3.852
354;351;3.121
355;349;3.74
355;350;3.351
356;350;2.958
356;351;3.063
356;352;3.987
357;352;2.948
357;359;2.94
358;362;3.69
359;357;2.94
359;362;3.011
360;363;3.005
361;364;3.005
361;365;3.011
361;366;3.992
361;368;3.773
362;358;3.69
362;359;3.011
362;365;3.495
363;360;3.005
364;361;3.005
365;361;3.011
365;362;3.495
365;367;3.466
366;353;3.852
366;361;3.992
367;365;3.466
368;361;3.773
369;371;2.767
370;373;2.763
370;376;3.633
370;389;3.72
371;369;2.767
372;390;2.995
373;370;2.763
373;389;3.989
373;390;2.983
374;391;2.901
374;396;3.603
375;378;3.458
375;379;2.96
376;370;3.633
377;380;2.99
377;381;3.299
377;382;2.797
377;385;3.856
378;375;3.458
379;375;2.96
380;377;2.99
381;377;3.299
382;377;2.797
382;385;2.77
382;386;2.993
383;385;2.934
384;387;2.965
385;377;3.856
385;382;2.77
385;383;2.934
386;382;2.993
387;384;2.965
388;392;3.739
388;393;3.574
389;370;3.72
389;373;3.989
389;392;2.918
390;372;2.995
390;373;2.983
391;374;2.901
391;394;2.949
391;395;3.036
392;388;3.739
392;389;2.918
393;388;3.574
394;391;2.949
395;391;3.036
396;374;3.603
397;398;2.743
398;397;2.743
399;400;2.841
399;406;3.677
400;399;2.841
400;405;3.058
401;404;2.817
401;405;3.813
402;405;3.756
403;405;2.978
404;401;2.817
405;400;3.058
405;401;3.813
405;402;3.756
405;403;2.978
406;399;3.677
406;407;3.059
407;406;3.059
408;410;3.16
409;411;2.948
410;408;3.16
411;409;2.948
411;412;3.049
412;411;3.049
413;415;3.813
414;434;2.695
415;413;3.813
416;417;3.565
417;416;3.565
417;418;2.884
418;417;2.884
418;420;3.103
419;421;2.949
419;423;3.628
420;418;3.103
421;419;2.949
422;428;3.958
423;419;3.628
423;424;2.889
424;423;2.889
424;427;2.977
424;428;3.094
425;428;2.932
426;429;3.557
427;424;2.977
428;422;3.958
428;424;3.094
428;425;2.932
429;345;4.028
429;346;2.964
429;426;3.557
430;432;3.892
431;333;3.156
431;334;2.966
431;335;2.754
431;336;2.645
432;346;2.735
432;430;3.892
433;436;3.601
434;333;3.999
434;414;2.695
435;443;2.99
436;332;3.552
436;433;3.601
437;332;2.855
437;442;3.825
437;443;3.206
438;332;2.816
439;442;3.224
440;443;2.964
440;444;3.108
441;445;2.872
442;437;3.825
442;439;3.224
443;435;2.99
443;437;3.206
443;440;2.964
444;440;3.108
445;441;2.872
446;448;2.72
447;449;3.163
448;446;2.72
449;447;3.163
449;451;2.971
449;453;3.453
449;454;3.92
449;457;2.668
450;452;3.98
450;453;3.702
450;510;2.739
451;449;2.971
452;450;3.98
452;509;3.666
452;510;3.941
453;449;3.453
453;450;3.702
453;456;2.963
453;457;3.129
454;449;3.92
454;457;3.017
455;506;3.595
456;453;2.963
457;449;2.668
457;453;3.129
457;454;3.017
457;460;2.961
457;461;3.193
458;462;2.963
459;463;2.962
460;457;2.961
460;463;3.235
460;464;3.019
461;457;3.193
461;464;3.419
461;465;2.933
461;558;2.664
462;458;2.963
462;465;3.185
462;466;2.976
463;459;2.962
463;460;3.235
463;467;3.055
464;460;3.019
464;461;3.419
464;467;3.33
464;468;2.978
464;499;4.038
464;503;3.802
464;555;3.938
465;461;2.933
465;462;3.185
465;468;2.999
465;469;3.083
465;559;2.726
465;560;3.586
466;462;2.976
466;469;3.457
466;470;3.007
467;463;3.055
467;464;3.33
467;471;2.99
467;496;3.672
468;464;2.978
468;465;2.999
468;471;3.085
468;472;3.065
468;500;3.298
468;553;3.893
468;555;3.857
468;556;3.832
469;465;3.083
469;466;3.457
469;472;3.118
469;473;3.43
469;556;3.779
470;466;3.007
470;473;3.305
470;474;3.016
471;467;2.99
471;468;3.085
471;474;3.247
471;475;2.994
471;496;3.191
471;552;3.068
472;468;3.065
472;469;3.118
472;476;3.05
472;553;3.633
472;981;3.909
473;469;3.43
473;470;3.305
473;476;3.273
473;477;2.974
474;470;3.016
474;471;3.247
474;477;3.146
474;478;2.955
474;489;3.572
475;471;2.994
475;478;3.029
475;552;3.758
475;553;3.653
475;985;3.993
476;472;3.05
476;473;3.273
477;473;2.974
477;474;3.146
477;481;3.651
478;474;2.955
478;475;3.029
478;482;2.98
478;489;4.013
478;493;3.433
479;482;2.973
479;1027;3.171
479;1028;2.977
480;483;2.986
480;484;3.036
481;477;3.651
481;484;3.877
481;485;3.018
482;478;2.98
482;479;2.973
482;486;2.793
483;480;2.986
483;486;2.699
484;480;3.036
484;481;3.877
485;481;3.018
485;488;3.019
485;489;2.939
486;482;2.793
486;483;2.699
486;490;2.952
487;490;3.461
487;491;3.053
488;485;3.019
488;491;3.996
488;492;2.958
489;474;3.572
489;478;4.013
489;485;2.939
489;492;3.344
489;493;2.926
490;486;2.952
490;487;3.461
490;493;3.342
490;494;3.033
491;487;3.053
491;488;3.996
491;495;2.965
492;488;2.958
492;489;3.344
492;496;2.949
493;478;3.433
493;489;2.926
493;490;3.342
493;496;3.415
493;497;3.091
493;552;3.263
494;490;3.033
494;497;3.324
494;498;3.01
494;536;3.768
494;537;3.439
495;491;2.965
495;498;3.012
495;499;3.072
496;467;3.672
496;471;3.191
496;492;2.949
496;493;3.415
496;499;3.055
496;500;3.362
497;493;3.091
497;494;3.324
497;500;2.945
497;532;2.836
497;533;3.75
497;536;3.789
497;537;3.996
498;494;3.01
498;495;3.012
498;501;2.857
499;464;4.038
499;495;3.072
499;496;3.055
499;502;3.064
499;503;3.233
500;468;3.298
500;496;3.362
500;497;2.945
500;504;2.987
500;529;3.68
500;533;3.932
500;555;3.434
501;498;2.857
501;504;3.406
501;505;3.032
501;533;3.483
502;499;3.064
502;506;3.064
503;464;3.802
503;499;3.233
503;506;3.432
503;507;2.947
503;555;2.74
503;558;2.754
504;500;2.987
504;501;3.406
504;508;3.001
504;529;3.684
505;501;3.032
505;508;3.231
505;509;3.082
506;455;3.595
506;502;3.064
506;503;3.432
506;510;2.983
507;503;2.947
507;510;3.036
507;511;3.039
507;515;2.684
507;516;3.608
507;522;2.769
508;504;3.001
508;505;3.231
508;516;3.74
508;517;3.952
509;452;3.666
509;505;3.082
510;450;2.739
510;452;3.941
510;506;2.983
510;507;3.036
511;507;3.039
511;515;3.522
512;515;2.913
512;516;2.932
513;517;2.976
514;518;3.065
515;507;2.684
515;511;3.522
515;512;2.913
515;518;3.074
515;519;2.922
516;507;3.608
516;508;3.74
516;512;2.932
516;522;3.231
516;526;3.183
517;508;3.952
517;513;2.976
518;514;3.065
518;515;3.074
519;515;2.922
519;522;2.964
519;523;3.035
520;523;3.984
520;524;3.005
521;525;2.993
521;563;2.94
521;566;3.907
522;507;2.769
522;516;3.231
522;519;2.964
522;525;3.498
522;526;2.958
523;519;3.035
523;520;3.984
523;526;3.399
523;527;2.988
524;520;3.005
524;527;3.422
524;528;3.021
524;554;3.99
525;521;2.993
525;522;3.498
525;528;3.211
525;529;2.906
525;555;2.641
525;558;3.867
526;516;3.183
526;522;2.958
526;523;3.399
526;530;3.01
527;523;2.988
527;524;3.422
527;530;3.174
527;531;3.079
528;524;3.021
528;525;3.211
528;532;3.01
529;500;3.68
529;504;3.684
529;525;2.906
529;533;2.938
529;555;3.758
530;526;3.01
530;527;3.174
530;534;2.992
531;527;3.079
531;535;3.182
531;548;3.577
532;497;2.836
532;528;3.01
532;536;3.397
532;552;3.07
533;497;3.75
533;500;3.932
533;501;3.483
533;529;2.938
533;536;3.103
533;537;2.912
534;530;2.992
534;537;3.28
534;538;3.02
535;531;3.182
535;539;2.773
535;540;3.112
535;549;3.789
536;494;3.768
536;497;3.789
536;532;3.397
536;533;3.103
536;540;3.731
536;549;3.957
537;494;3.439
537;497;3.996
537;533;2.912
537;534;3.28
538;534;3.02
539;535;2.773
539;541;2.938
540;535;3.112
540;536;3.731
540;546;2.827
541;539;2.938
541;546;3.3
542;545;2.798
543;546;3.22
543;547;2.934
544;547;3.267
544;548;2.969
544;1067;4.011
545;542;2.798
545;548;3.136
545;549;3.086
546;540;2.827
546;541;3.3
546;543;3.22
546;549;2.96
547;543;2.934
547;544;3.267
547;550;2.885
547;989;3.135
548;531;3.577
548;544;2.969
548;545;3.136
548;551;2.978
549;535;3.789
549;536;3.957
549;545;3.086
549;546;2.96
549;552;3.04
550;547;2.885
550;553;3.196
550;982;3.775
550;985;3.886
551;548;2.978
551;554;2.902
551;982;3.607
552;471;3.068
552;475;3.758
552;493;3.263
552;532;3.07
552;549;3.04
552;555;2.97
553;468;3.893
553;472;3.633
553;475;3.653
553;550;3.196
553;556;2.938
553;978;3.823
553;982;3.508
554;524;3.99
554;551;2.902
554;557;2.759
554;979;3.42
554;982;3.469
555;464;3.938
555;468;3.857
555;500;3.434
555;503;2.74
555;525;2.641
555;529;3.758
555;552;2.97
555;558;2.987
556;468;3.832
556;469;3.779
556;553;2.938
556;559;2.967
556;560;2.946
556;562;3.89
556;978;3.537
557;554;2.759
558;461;2.664
558;503;2.754
558;525;3.867
558;555;2.987
559;465;2.726
559;556;2.967
560;465;3.586
560;556;2.946
560;562;3.959
560;563;3.026
561;564;3.054
561;565;2.931
561;971;3.301
562;556;3.89
562;560;3.959
562;565;3.198
562;566;3.009
562;975;3.508
563;521;2.94
563;560;3.026
563;566;3.822
563;567;3.053
564;561;3.054
564;567;3.47
564;568;2.974
565;561;2.931
565;562;3.198
565;568;3.294
565;569;2.964
565;972;4.038
565;975;3.67
566;521;3.907
566;562;3.009
566;563;3.822
566;570;3.059
567;563;3.053
567;564;3.47
567;570;3.36
567;571;2.782
568;564;2.974
568;565;3.294
568;571;3.319
568;572;2.939
568;1085;3.769
569;565;2.964
569;572;3.209
569;573;3.079
569;1081;3.588
570;566;3.059
570;567;3.36
570;573;2.994
571;567;2.782
571;568;3.319
571;574;3.018
572;568;2.939
572;569;3.209
572;575;3.076
572;576;3.085
572;676;3.772
572;1081;3.489
572;1085;3.569
573;569;3.079
573;570;2.994
573;577;2.976
573;1081;3.846
574;571;3.018
574;577;3.015
575;572;3.076
575;676;3.889
576;572;3.085
576;579;3.27
576;580;2.875
576;672;3.559
576;1081;3.834
577;573;2.976
577;574;3.015
577;581;3.054
578;106;3.433
578;110;3.344
578;581;3.21
578;582;3.292
579;110;3.991
579;576;3.27
579;582;3.049
579;583;3.019
579;671;3.508
579;672;3.812
580;576;2.875
580;584;2.926
581;577;3.054
581;578;3.21
581;584;3.301
581;585;3.054
582;107;3.698
582;578;3.292
582;579;3.049
582;585;3.472
582;586;3.031
583;579;3.019
583;586;3.474
583;587;2.964
583;634;3.911
584;580;2.926
584;581;3.301
584;588;2.981
585;100;3.533
585;581;3.054
585;582;3.472
585;588;3.264
585;589;2.999
586;582;3.031
586;583;3.474
586;589;3.298
586;590;2.952
586;664;3.715
587;583;2.964
587;590;3.484
587;591;2.928
587;627;3.498
587;630;3.8
588;19;3.51
588;23;3.743
588;584;2.981
588;585;3.264
588;591;3.268
588;592;3.0
588;623;3.505
589;94;3.962
589;95;4.032
589;98;3.948
589;585;2.999
589;586;3.298
589;592;3.286
589;593;2.997
590;586;2.952
590;587;3.484
590;594;2.96
590;630;3.772
590;660;4.083
590;661;3.539
590;664;3.877
591;587;2.928
591;588;3.268
591;594;3.25
591;595;2.985
591;623;3.735
591;626;3.962
591;627;4.021
592;94;3.623
592;588;3.0
592;589;3.286
592;596;3.311
593;94;3.681
593;589;2.997
593;596;3.354
593;597;3.022
594;590;2.96
594;591;3.25
594;598;2.996
594;599;2.816
594;620;3.839
595;25;3.506
595;591;2.985
595;599;3.059
595;600;3.159
595;622;3.806
596;91;3.468
596;592;3.311
596;593;3.354
597;87;3.901
597;91;3.892
597;593;3.022
597;600;2.809
598;594;2.996
598;601;3.001
598;602;3.599
598;616;3.509
598;620;3.997
598;654;3.33
598;657;3.986
599;594;2.816
599;595;3.059
599;616;3.772
600;595;3.159
600;597;2.809
601;598;3.001
601;613;4.125
601;616;2.975
602;598;3.599
602;614;3.092
602;616;2.967
602;642;3.786
602;643;3.38
602;650;2.786
602;654;3.515
603;612;2.639
603;613;3.348
603;643;3.689
603;644;2.918
604;607;3.009
604;608;2.866
604;609;2.816
604;610;2.751
605;643;4.144
605;644;2.779
605;646;3.657
606;609;3.861
607;604;3.009
607;612;4.01
608;604;2.866
609;604;2.816
609;606;3.861
609;1015;3.916
610;604;2.751
611;617;3.568
611;618;3.205
612;603;2.639
612;607;4.01
613;601;4.125
613;603;3.348
613;617;3.532
614;602;3.092
614;617;3.14
614;618;3.13
614;641;2.856
614;642;3.562
615;618;3.033
615;619;2.843
615;640;3.903
616;598;3.509
616;599;3.772
616;601;2.975
616;602;2.967
616;620;3.686
616;642;3.596
617;611;3.568
617;613;3.532
617;614;3.14
617;621;3.62
618;611;3.205
618;614;3.13
618;615;3.033
618;1055;3.601
619;615;2.843
619;625;3.965
619;628;3.903
619;629;3.808
619;1046;3.483
619;1050;3.773
620;594;3.839
620;598;3.997
620;616;3.686
620;625;3.655
620;629;3.65
620;642;4.049
621;617;3.62
621;1059;2.72
622;25;3.684
622;595;3.806
622;625;2.865
622;626;2.945
622;1062;2.882
623;25;3.41
623;588;3.505
623;591;3.735
623;626;3.426
623;627;2.946
624;627;3.226
624;628;2.995
624;1062;3.627
624;1065;3.87
624;1066;3.652
624;1069;3.969
625;619;3.965
625;620;3.655
625;622;2.865
625;628;3.256
625;629;2.979
625;1065;3.079
626;591;3.962
626;622;2.945
626;623;3.426
626;629;4.019
626;630;2.972
627;587;3.498
627;591;4.021
627;623;2.946
627;624;3.226
627;630;3.48
627;631;2.978
628;619;3.903
628;624;2.995
628;625;3.256
628;631;3.262
628;632;3.035
628;1050;3.943
628;1069;3.584
629;619;3.808
629;620;3.65
629;625;2.979
629;626;4.019
629;632;3.141
629;633;3.013
629;639;3.803
630;587;3.8
630;590;3.772
630;626;2.972
630;627;3.48
630;633;3.388
630;634;2.994
631;627;2.978
631;628;3.262
631;634;3.072
631;635;3.198
631;1042;3.952
631;1045;3.591
631;1069;3.698
631;1076;3.903
632;628;3.035
632;629;3.141
632;635;3.498
632;638;2.858
632;1046;3.538
633;629;3.013
633;630;3.388
633;636;2.969
633;658;3.403
633;661;3.574
633;662;3.961
634;583;3.911
634;630;2.994
634;631;3.072
634;665;3.783
635;631;3.198
635;632;3.498
635;1042;3.461
636;633;2.969
636;658;2.871
636;662;3.978
637;211;3.773
637;1042;3.814
637;1043;2.75
637;1044;2.849
638;206;3.788
638;211;3.413
638;212;5.647
638;632;2.858
638;658;3.854
638;1047;3.882
639;629;3.803
639;642;3.515
639;658;3.266
640;615;3.903
640;1047;3.505
641;614;2.856
641;1002;3.824
642;602;3.786
642;614;3.562
642;616;3.596
642;620;4.049
642;639;3.515
642;651;3.335
642;654;3.454
643;602;3.38
643;603;3.689
643;605;4.144
643;647;3.363
643;651;2.973
644;603;2.918
644;605;2.779
644;651;3.705
645;1003;3.372
646;605;3.657
647;643;3.363
647;650;2.775
647;651;3.072
648;652;2.949
649;652;3.293
649;653;3.004
650;602;2.786
650;647;2.775
650;653;3.239
650;654;3.09
651;642;3.335
651;643;2.973
651;644;3.705
651;647;3.072
651;654;3.431
651;655;2.915
652;648;2.949
652;649;3.293
652;655;3.305
652;656;3.015
653;649;3.004
653;650;3.239
653;656;3.484
653;657;3.377
654;598;3.33
654;602;3.515
654;642;3.454
654;650;3.09
654;651;3.431
654;657;3.26
654;658;2.912
655;202;3.703
655;651;2.915
655;652;3.305
655;658;3.257
655;659;2.966
656;652;3.015
656;653;3.484
656;659;3.421
656;660;3.024
657;598;3.986
657;653;3.377
657;654;3.26
657;660;3.315
657;661;2.987
658;633;3.403
658;636;2.871
658;638;3.854
658;639;3.266
658;654;2.912
658;655;3.257
658;661;3.282
658;662;2.982
659;205;3.488
659;655;2.966
659;656;3.421
659;662;3.426
659;663;3.001
660;590;4.083
660;656;3.024
660;657;3.315
660;663;3.466
660;664;2.998
661;590;3.539
661;633;3.574
661;657;2.987
661;658;3.282
661;665;2.952
662;205;4.137
662;209;3.648
662;633;3.961
662;636;3.978
662;658;2.982
662;659;3.426
662;666;2.932
663;205;3.898
663;659;3.001
663;660;3.466
663;666;3.423
663;667;3.029
664;586;3.715
664;590;3.877
664;660;2.998
664;667;3.441
664;668;2.996
665;634;3.783
665;661;2.952
665;668;3.18
665;669;2.932
666;662;2.932
666;663;3.423
666;669;3.266
666;670;2.979
667;114;3.798
667;663;3.029
667;664;3.441
667;671;3.031
668;664;2.996
668;665;3.18
668;671;3.327
668;672;2.914
669;665;2.932
669;666;3.266
669;672;3.141
669;673;3.077
670;245;3.577
670;246;3.715
670;666;2.979
670;673;3.474
670;674;3.016
671;579;3.508
671;667;3.031
671;668;3.327
671;675;2.909
672;576;3.559
672;579;3.812
672;668;2.914
672;669;3.141
672;675;3.4
672;676;3.127
672;1084;3.378
673;246;3.681
673;250;3.733
673;669;3.077
673;670;3.474
673;676;3.453
673;677;2.945
673;1084;3.548
673;1087;3.772
673;1373;6.37
674;249;3.817
674;250;3.977
674;253;3.693
674;670;3.016
674;677;3.375
674;678;2.962
675;671;2.909
675;672;3.4
675;679;3.074
676;572;3.772
676;575;3.889
676;672;3.127
676;673;3.453
676;679;3.318
676;680;2.989
676;1084;3.637
676;1085;3.752
676;1088;3.543
677;250;3.442
677;673;2.945
677;674;3.375
677;680;3.478
677;681;2.991
677;1088;4.023
677;1091;3.466
678;674;2.962
678;681;3.28
678;682;3.067
679;675;3.074
679;676;3.318
679;682;3.15
679;683;3.056
680;676;2.989
680;677;3.478
680;683;2.973
680;1088;3.462
680;1092;3.445
681;254;3.802
681;677;2.991
681;678;3.28
681;1092;3.552
681;1095;3.477
682;678;3.067
682;679;3.15
683;679;3.056
683;680;2.973
684;292;2.834
684;1092;3.511
685;1096;3.785
686;1095;3.637
687;696;3.497
687;1099;2.805
687;1100;2.809
688;272;3.583
688;273;4.034
688;696;3.547
688;1099;2.824
689;260;4.0
689;692;2.823
689;1102;3.734
690;696;3.64
690;697;3.704
690;1102;3.495
691;708;2.666
691;1110;3.007
692;272;3.747
692;689;2.823
693;262;3.791
694;272;3.595
695;273;3.891
695;281;2.911
695;286;3.828
696;277;2.676
696;687;3.497
696;688;3.547
696;690;3.64
697;276;3.47
697;286;3.548
697;690;3.704
698;286;2.973
699;710;2.877
700;708;3.909
700;709;3.962
700;1108;3.871
701;705;2.791
701;1104;3.566
701;1105;3.567
701;1106;3.89
701;1107;2.859
701;1108;3.748
702;705;2.909
702;1105;3.326
702;1106;2.704
703;814;2.881
703;815;4.039
704;814;4.025
704;817;2.883
704;818;2.742
705;701;2.791
705;702;2.909
705;1106;2.791
706;792;3.387
707;1109;3.652
708;691;2.666
708;700;3.909
708;1108;2.808
708;1109;3.21
709;700;3.962
709;712;3.188
709;791;3.623
710;699;2.877
711;283;3.837
711;284;4.004
711;719;2.816
712;709;3.188
712;719;3.335
713;719;3.703
713;720;3.936
714;720;3.925
714;795;3.842
714;796;3.91
714;798;3.433
714;799;3.905
715;717;2.943
716;798;2.701
717;715;2.943
718;720;2.987
718;722;3.692
719;284;2.812
719;285;3.309
719;711;2.816
719;712;3.335
719;713;3.703
720;713;3.936
720;714;3.925
720;718;2.987
720;799;2.671
721;724;2.959
721;725;2.934
721;738;2.82
721;739;2.828
721;740;3.107
722;718;3.692
723;740;2.987
724;721;2.959
725;721;2.934
726;728;3.428
727;736;3.366
728;726;3.428
729;734;4.034
730;732;2.841
731;733;3.946
731;734;3.85
731;735;3.669
732;730;2.841
733;731;3.946
734;729;4.034
734;731;3.85
734;739;3.923
735;731;3.669
736;727;3.366
736;739;2.973
737;749;2.851
737;753;3.954
738;721;2.82
739;721;2.828
739;734;3.923
739;736;2.973
740;721;3.107
740;723;2.987
740;745;3.465
740;749;2.742
741;745;2.88
741;751;3.965
741;753;3.703
742;745;3.827
742;760;2.723
743;757;3.859
744;757;3.143
744;759;2.847
745;740;3.465
745;741;2.88
745;742;3.827
745;750;3.45
746;748;3.03
747;754;2.936
748;746;3.03
749;737;2.851
749;740;2.742
750;745;3.45
750;755;3.97
750;757;2.978
751;741;3.965
752;755;3.421
753;737;3.954
753;741;3.703
754;747;2.936
755;750;3.97
755;752;3.421
756;758;2.977
757;743;3.859
757;744;3.143
757;750;2.978
757;759;2.794
758;756;2.977
759;744;2.847
759;757;2.794
760;742;2.723
761;764;3.424
762;763;2.946
763;762;2.946
764;761;3.424
765;771;3.766
766;771;3.589
767;770;3.842
767;771;3.161
768;775;2.825
769;774;2.906
770;767;3.842
770;773;3.167
771;765;3.766
771;766;3.589
771;767;3.161
772;777;2.894
773;770;3.167
773;776;2.928
774;769;2.906
774;780;2.979
774;1115;2.64
775;768;2.825
776;773;2.928
777;772;2.894
778;786;4.034
778;787;3.491
779;782;2.802
779;1115;3.379
780;774;2.979
781;783;2.696
782;779;2.802
782;785;3.863
783;781;2.696
784;793;3.451
785;782;3.863
786;778;4.034
786;788;3.736
786;789;2.903
786;790;3.783
787;778;3.491
788;786;3.736
789;786;2.903
789;794;2.801
790;786;3.783
790;795;3.153
791;709;3.623
792;706;3.387
792;796;3.155
793;784;3.451
794;789;2.801
794;797;3.221
795;714;3.842
795;790;3.153
796;714;3.91
796;792;3.155
797;794;3.221
798;714;3.433
798;716;2.701
798;799;3.679
799;714;3.905
799;720;2.671
799;798;3.679
800;801;2.858
801;800;2.858
802;804;3.749
803;805;3.252
803;810;3.576
804;802;3.749
805;803;3.252
805;809;3.736
805;810;2.923
806;809;3.949
807;809;2.951
808;811;2.999
809;805;3.736
809;806;3.949
809;807;2.951
810;803;3.576
810;805;2.923
811;808;2.999
811;812;2.973
811;813;2.797
812;811;2.973
813;811;2.797
814;703;2.881
814;704;4.025
815;703;4.039
815;817;3.004
815;820;3.204
816;828;3.788
817;704;2.883
817;815;3.004
817;820;3.673
818;704;2.742
819;823;3.73
820;815;3.204
820;817;3.673
821;824;2.956
822;826;2.624
822;899;2.727
823;819;3.73
824;821;2.956
825;827;3.025
825;829;2.762
825;830;2.853
826;822;2.624
827;825;3.025
827;829;3.793
828;816;3.788
829;825;2.762
829;827;3.793
830;825;2.853
831;833;3.882
831;834;3.438
832;835;2.786
833;831;3.882
834;831;3.438
834;838;3.597
835;832;2.786
835;838;2.747
835;894;2.856
835;895;2.827
836;839;3.051
837;842;3.839
837;888;3.931
837;891;3.369
837;892;3.766
838;834;3.597
838;835;2.747
839;836;3.051
839;842;2.893
839;843;2.965
840;844;3.047
841;845;2.898
842;837;3.839
842;839;2.893
842;845;3.294
842;846;2.967
843;839;2.965
843;846;3.429
843;847;3.198
843;951;3.131
844;840;3.047
844;847;3.395
844;848;3.01
845;841;2.898
845;842;3.294
845;848;3.306
845;849;2.926
846;842;2.967
846;843;3.429
846;849;3.356
846;850;2.963
846;885;3.732
846;888;3.65
847;843;3.198
847;844;3.395
847;850;3.401
847;851;2.952
847;951;3.417
848;844;3.01
848;845;3.306
848;851;3.246
848;852;2.975
849;845;2.926
849;846;3.356
849;853;2.957
849;885;3.975
850;846;2.963
850;847;3.401
850;854;2.898
850;881;3.959
850;885;3.471
850;944;3.69
850;948;3.775
851;847;2.952
851;848;3.246
851;854;3.167
851;855;2.976
852;848;2.975
852;855;3.099
852;856;3.009
853;849;2.957
853;856;3.428
853;857;2.96
853;944;3.628
854;850;2.898
854;851;3.167
854;858;2.986
855;851;2.976
855;852;3.099
855;858;3.391
855;859;2.952
856;852;3.009
856;853;3.428
856;859;2.975
856;860;3.24
857;853;2.96
857;942;3.88
857;945;4.002
858;854;2.986
858;855;3.391
858;862;3.688
858;1281;3.853
859;855;2.952
859;856;2.975
859;862;3.073
859;863;3.038
859;866;3.527
859;870;3.809
859;874;4.023
860;856;3.24
860;867;2.767
860;935;2.789
861;864;3.331
861;867;2.678
861;1284;3.36
861;1338;3.016
862;858;3.688
862;859;3.073
862;1304;3.764
863;859;3.038
863;866;2.972
863;867;3.026
864;861;3.331
864;867;3.18
864;868;3.006
864;1339;4.0
865;868;2.639
866;859;3.527
866;863;2.972
866;869;3.282
866;870;2.96
867;860;2.767
867;861;2.678
867;863;3.026
867;864;3.18
867;871;3.025
867;1337;3.869
868;864;3.006
868;865;2.639
868;1339;3.479
869;866;3.282
870;859;3.809
870;866;2.96
870;873;3.114
870;874;3.03
871;867;3.025
871;874;3.491
871;875;2.771
872;876;3.031
873;870;3.114
873;876;3.364
873;877;2.982
874;859;4.023
874;870;3.03
874;871;3.491
874;877;2.985
874;878;3.268
875;871;2.771
875;878;3.011
875;879;3.033
875;935;2.875
875;938;3.765
876;872;3.031
876;873;3.364
876;879;2.894
876;880;2.949
877;873;2.982
877;874;2.985
877;880;3.5
877;881;2.926
878;874;3.268
878;875;3.011
878;882;3.007
878;941;3.8
879;875;3.033
879;876;2.894
879;882;3.332
879;883;3.034
880;876;2.949
880;877;3.5
880;884;2.986
881;850;3.959
881;877;2.926
881;884;3.243
881;885;2.936
881;944;3.61
882;878;3.007
882;879;3.332
882;886;2.97
882;941;3.86
883;879;3.034
883;887;3.029
884;880;2.986
884;881;3.243
884;887;4.015
884;888;2.942
885;846;3.732
885;849;3.975
885;850;3.471
885;881;2.936
885;889;3.001
885;947;3.647
886;882;2.97
886;889;3.282
886;890;2.953
886;914;3.844
886;918;3.667
887;883;3.029
887;884;4.015
887;890;3.382
887;891;2.944
888;837;3.931
888;846;3.65
888;884;2.942
888;891;3.471
888;892;2.678
888;947;3.595
889;885;3.001
889;886;3.282
889;893;2.954
889;911;3.869
890;886;2.953
890;887;3.382
890;893;3.341
890;894;3.004
891;837;3.369
891;887;2.944
891;888;3.471
891;894;3.986
891;895;2.97
892;837;3.766
892;888;2.678
892;895;3.324
892;896;3.049
892;901;3.758
892;907;4.047
892;910;2.682
893;889;2.954
893;890;3.341
893;896;3.023
893;897;2.918
893;898;3.683
893;901;3.839
894;835;2.856
894;890;3.004
894;891;3.986
895;835;2.827
895;891;2.97
895;892;3.324
896;892;3.049
896;893;3.023
896;900;2.942
896;904;3.766
896;907;3.604
897;893;2.918
897;900;2.97
897;901;2.974
898;893;3.683
898;901;3.488
898;902;3.036
899;822;2.727
899;902;3.037
899;903;2.901
900;896;2.942
900;897;2.97
901;892;3.758
901;893;3.839
901;897;2.974
901;898;3.488
901;904;3.03
901;907;3.703
901;911;3.799
902;898;3.036
902;899;3.037
902;908;3.909
902;911;5.579
903;899;2.901
904;896;3.766
904;901;3.03
904;907;3.006
904;908;2.937
905;909;2.983
906;909;3.389
906;910;2.999
906;950;3.167
906;956;4.038
906;959;3.92
907;892;4.047
907;896;3.604
907;901;3.703
907;904;3.006
907;910;3.198
907;911;2.974
908;902;3.909
908;904;2.937
908;911;3.957
908;912;2.965
909;905;2.983
909;906;3.389
909;912;3.161
910;892;2.682
910;906;2.999
910;907;3.198
910;947;2.949
910;950;2.79
911;889;3.869
911;901;3.799
911;902;5.579
911;907;2.974
911;908;3.957
911;914;3.039
911;915;2.953
912;908;2.965
912;909;3.161
912;916;3.024
913;943;3.981
913;947;3.718
914;886;3.844
914;911;3.039
914;917;3.048
914;918;3.088
915;911;2.953
915;918;2.96
915;919;2.909
916;912;3.024
916;920;2.967
916;940;3.695
917;914;3.048
917;920;3.985
917;921;3.042
917;941;2.864
918;886;3.667
918;914;3.088
918;915;2.96
918;921;3.352
918;922;2.981
919;915;2.909
919;922;3.194
919;923;2.99
920;916;2.967
920;917;3.985
920;923;3.447
920;924;2.98
921;917;3.042
921;918;3.352
921;924;3.279
921;925;2.984
921;934;3.741
922;918;2.981
922;919;3.194
922;925;3.205
922;926;2.922
923;919;2.99
923;920;3.447
923;926;3.148
923;927;2.967
924;920;2.98
924;921;3.279
924;929;3.038
924;933;3.335
924;934;3.403
924;937;3.632
925;921;2.984
925;922;3.205
925;928;2.996
926;922;2.922
926;923;3.148
927;923;2.967
928;925;2.996
929;924;3.038
930;933;3.793
930;934;3.173
931;934;3.46
931;935;3.005
932;935;2.73
932;936;3.211
933;924;3.335
933;930;3.793
933;937;2.999
934;921;3.741
934;924;3.403
934;930;3.173
934;931;3.46
934;938;2.974
935;860;2.789
935;875;2.875
935;931;3.005
935;932;2.73
935;938;3.772
935;1336;3.958
936;932;3.211
936;939;3.056
936;1286;3.892
936;1333;2.994
936;1334;3.643
936;1335;3.137
937;924;3.632
937;933;2.999
938;875;3.765
938;934;2.974
938;935;3.772
938;941;2.743
939;936;3.056
939;942;2.755
939;943;3.321
939;1282;3.64
940;916;3.695
940;943;2.973
941;878;3.8
941;882;3.86
941;917;2.864
941;938;2.743
941;944;2.854
942;857;3.88
