source;destination;distance
0;3;2.784
1;47;3.596
2;7;3.572
2;48;3.673
3;0;2.784
4;7;3.253
4;8;2.981
5;9;2.973
6;10;2.973
7;2;3.572
7;4;3.253
7;10;3.099
7;11;2.968
7;43;4.01
7;47;3.753
8;4;2.981
8;11;3.492
8;12;2.987
9;5;2.973
9;13;2.93
10;6;2.973
10;7;3.099
10;14;2.946
11;7;2.968
11;8;3.492
11;14;3.432
11;15;3.019
11;44;3.596
12;8;2.987
12;16;2.975
13;9;2.93
13;16;3.37
13;17;2.941
14;10;2.946
14;11;3.432
14;18;3.022
14;37;3.626
14;40;4.02
15;11;3.019
15;19;2.983
15;37;3.782
15;99;3.951
15;100;3.612
16;12;2.975
16;13;3.37
16;19;3.2
16;20;3.086
17;13;2.941
17;20;3.262
17;21;2.973
18;14;3.022
18;21;3.426
18;22;3.039
18;37;3.565
18;96;3.562
19;15;2.983
19;16;3.2
19;22;3.082
19;97;3.513
19;598;3.488
20;16;3.086
20;17;3.262
21;17;2.973
21;18;3.426
21;24;2.983
21;30;3.624
21;33;3.401
22;18;3.039
22;19;3.082
22;93;3.979
23;598;3.707
24;21;2.983
24;27;4.049
25;605;3.205
25;632;3.677
25;633;3.31
26;30;3.852
27;24;4.049
27;30;2.853
28;31;2.742
28;32;3.022
29;32;3.302
29;33;2.98
30;21;3.624
30;26;3.852
30;27;2.853
30;33;3.456
30;34;3.003
31;28;2.742
31;34;3.447
31;35;2.999
32;28;3.022
32;29;3.302
32;36;2.988
33;21;3.401
33;29;2.98
33;30;3.456
33;36;3.231
33;37;2.942
34;30;3.003
34;31;3.447
34;37;3.348
34;38;2.937
34;93;2.817
34;96;3.151
35;31;2.999
35;38;3.446
35;39;2.978
35;81;3.707
36;32;2.988
36;33;3.231
36;39;3.324
36;40;2.991
37;14;3.626
37;15;3.782
37;18;3.565
37;33;2.942
37;34;3.348
37;40;3.056
37;41;2.878
37;96;3.407
38;34;2.937
38;35;3.446
38;41;4.012
38;42;2.988
38;80;2.775
39;35;2.978
39;36;3.324
39;42;3.164
39;43;2.983
40;14;4.02
40;36;2.991
40;37;3.056
40;43;3.498
40;44;2.914
41;37;2.878
41;38;4.012
41;45;2.954
41;73;3.463
41;99;3.526
42;38;2.988
42;39;3.164
42;45;3.302
42;46;2.967
43;7;4.01
43;39;2.983
43;40;3.498
43;46;3.381
43;47;3.057
44;11;3.596
44;40;2.914
44;47;3.271
44;48;2.822
44;99;2.654
45;41;2.954
45;42;3.302
45;49;2.988
45;56;3.968
45;73;3.941
46;42;2.967
46;43;3.381
46;50;3.071
46;51;4.017
47;1;3.596
47;7;3.753
47;43;3.057
47;44;3.271
48;2;3.673
48;44;2.822
48;66;3.199
48;69;2.669
49;45;2.988
49;56;4.034
49;59;3.859
49;66;3.689
50;46;3.071
50;53;3.066
50;55;3.677
51;46;4.017
52;55;3.7
52;58;3.475
53;50;3.066
53;56;2.987
54;57;2.991
55;50;3.677
55;52;3.7
55;58;3.001
56;45;3.968
56;49;4.034
56;53;2.987
56;59;3.042
56;70;3.907
57;54;2.991
57;60;3.018
58;52;3.475
58;55;3.001
58;61;3.029
59;49;3.859
59;56;3.042
59;62;2.977
59;63;3.821
59;66;3.512
59;67;3.978
59;70;3.771
60;57;3.018
61;58;3.029
62;59;2.977
63;59;3.821
63;66;3.424
63;67;2.93
64;67;3.454
64;68;3.039
65;68;3.016
65;69;3.056
65;102;3.454
65;108;3.218
65;111;3.797
66;48;3.199
66;49;3.689
66;59;3.512
66;63;3.424
66;69;3.741
66;70;2.988
67;59;3.978
67;63;2.93
67;64;3.454
67;70;3.408
67;71;2.945
68;64;3.039
68;65;3.016
68;72;2.997
68;101;3.965
69;48;2.669
69;65;3.056
69;66;3.741
69;72;3.427
69;73;2.929
69;99;3.161
69;102;2.753
70;56;3.907
70;59;3.771
70;66;2.988
70;67;3.408
70;73;3.256
70;74;2.998
71;67;2.945
71;74;3.417
71;75;2.984
72;68;2.997
72;69;3.427
72;76;2.932
72;95;3.514
73;41;3.463
73;45;3.941
73;69;2.929
73;70;3.256
73;76;3.46
73;77;2.9
74;70;2.998
74;71;3.417
74;77;3.369
74;78;3.013
75;71;2.984
75;78;3.459
75;79;2.979
75;89;3.603
75;92;3.321
76;72;2.932
76;73;3.46
76;79;3.001
76;80;2.862
77;73;2.9
77;74;3.369
77;81;2.957
78;74;3.013
78;75;3.459
78;82;3.007
79;75;2.979
79;76;3.001
79;83;3.955
79;89;2.75
80;38;2.775
80;76;2.862
80;83;3.201
80;96;3.598
81;35;3.707
81;77;2.957
82;78;3.007
82;84;2.984
83;79;3.955
83;80;3.201
83;90;2.949
83;93;3.582
84;82;2.984
85;89;3.511
86;89;3.119
87;90;2.918
87;91;3.202
87;607;3.901
88;91;3.118
89;75;3.603
89;79;2.75
89;85;3.511
89;86;3.119
89;92;3.006
90;83;2.949
90;87;2.918
91;87;3.202
91;88;3.118
91;94;3.011
91;606;3.416
91;607;3.881
92;75;3.321
92;89;3.006
92;95;2.871
93;22;3.979
93;34;2.817
93;83;3.582
93;96;2.917
94;91;3.011
94;97;2.869
94;98;3.479
94;599;3.955
94;602;3.641
94;603;3.695
95;72;3.514
95;92;2.871
95;98;3.831
95;99;3.009
96;18;3.562
96;34;3.151
96;37;3.407
96;80;3.598
96;93;2.917
96;99;3.245
97;19;3.513
97;94;2.869
97;100;3.063
98;94;3.479
98;95;3.831
98;101;2.928
98;599;3.938
99;15;3.951
99;41;3.526
99;44;2.654
99;69;3.161
99;95;3.009
99;96;3.245
99;102;2.954
100;15;3.612
100;97;3.063
100;103;2.988
100;104;2.985
100;107;3.578
100;595;3.54
101;68;3.965
101;98;2.928
101;111;3.898
102;65;3.454
102;69;2.753
102;99;2.954
102;108;2.827
103;100;2.988
104;100;2.985
104;107;3.095
104;108;2.994
105;108;3.407
105;109;2.959
106;110;3.13
106;588;3.411
107;100;3.578
107;104;3.095
107;110;3.44
107;111;3.002
107;592;3.741
108;65;3.218
108;102;2.827
108;104;2.994
108;105;3.407
108;111;3.44
108;112;2.984
109;105;2.959
109;112;3.111
109;113;3.015
110;106;3.13
110;107;3.44
110;113;3.118
110;114;2.994
110;588;3.3
111;65;3.797
111;101;3.898
111;107;3.002
111;108;3.44
111;114;3.308
111;115;3.034
112;108;2.984
112;109;3.111
112;115;3.432
112;116;2.998
113;109;3.015
113;110;3.118
113;116;3.228
113;117;3.035
114;110;2.994
114;111;3.308
114;117;3.085
114;118;3.295
114;677;3.819
115;111;3.034
115;112;3.432
115;118;2.976
116;112;2.998
116;113;3.228
116;119;2.818
116;259;3.868
117;113;3.035
117;114;3.085
117;120;3.145
117;121;3.004
118;114;3.295
118;115;2.976
118;122;3.006
119;116;2.818
119;263;2.733
120;117;3.145
120;259;3.504
120;262;2.627
120;263;2.822
121;117;3.004
121;124;3.31
121;125;2.934
121;256;3.948
122;118;3.006
122;126;2.991
123;126;3.134
123;127;3.088
123;1240;3.465
123;1241;2.951
124;121;3.31
124;127;3.434
124;128;3.176
124;248;3.623
124;252;3.924
124;1244;3.917
125;121;2.934
125;128;3.357
125;129;2.925
126;122;2.991
126;123;3.134
126;129;3.322
126;130;2.988
127;123;3.088
127;124;3.434
127;131;2.961
127;1235;4.003
127;1241;3.948
127;1244;3.781
128;124;3.176
128;125;3.357
128;131;3.322
128;132;2.888
128;248;3.381
129;125;2.925
129;126;3.322
129;132;3.498
129;133;3.016
130;126;2.988
130;133;3.418
130;134;2.939
130;1231;3.701
130;1234;3.406
130;1235;3.78
131;127;2.961
131;128;3.322
131;134;3.451
131;135;2.872
132;128;2.888
132;129;3.498
132;136;2.966
132;208;3.686
132;211;3.961
133;129;3.016
133;130;3.418
133;136;3.22
133;137;3.004
134;130;2.939
134;131;3.451
134;137;3.304
134;138;2.972
134;1142;3.767
134;1231;3.763
135;131;2.872
135;139;2.951
135;211;3.561
135;244;3.806
136;132;2.966
136;133;3.22
136;140;2.931
136;204;3.82
136;208;3.916
137;133;3.004
137;134;3.304
137;140;3.257
137;141;3.135
137;204;3.823
137;1228;3.912
138;134;2.972
138;141;3.125
138;142;3.474
138;237;3.697
138;1225;3.675
138;1228;3.979
139;135;2.951
139;142;3.417
139;143;2.955
139;201;3.665
140;136;2.931
140;137;3.257
140;144;3.711
140;202;3.931
140;203;3.587
140;204;3.938
141;137;3.135
141;138;3.125
141;1225;3.656
141;1228;3.407
142;138;3.474
142;139;3.417
142;1221;3.68
142;1225;3.472
143;139;2.955
143;224;2.936
143;234;3.47
143;237;3.742
143;238;3.655
144;140;3.711
144;202;3.964
145;150;2.749
146;192;2.939
146;196;3.758
146;197;3.744
147;150;2.9
147;151;3.632
147;196;2.973
148;196;2.818
148;198;3.787
148;202;2.642
149;155;3.435
150;145;2.749
150;147;2.9
150;154;3.658
150;193;2.884
151;147;3.632
151;188;3.26
151;191;2.908
152;188;3.637
153;186;2.778
154;150;3.658
155;149;3.435
156;160;3.888
157;160;4.04
158;160;3.765
159;162;3.716
159;183;3.711
160;156;3.888
160;157;4.04
160;158;3.765
161;172;3.355
161;182;3.64
161;183;3.003
162;159;3.716
163;171;3.016
163;172;3.894
164;166;3.565
164;171;3.946
165;167;3.52
166;164;3.565
166;171;2.829
167;165;3.52
167;171;3.467
168;174;2.642
169;174;3.926
170;173;3.55
170;174;2.919
170;181;3.336
170;183;3.609
171;163;3.016
171;164;3.946
171;166;2.829
171;167;3.467
172;161;3.355
172;163;3.894
173;170;3.55
173;176;3.059
174;168;2.642
174;169;3.926
174;170;2.919
174;179;3.231
175;177;3.377
176;173;3.059
177;175;3.377
178;180;3.062
179;174;3.231
179;181;3.037
180;178;3.062
180;184;3.892
180;185;3.876
181;170;3.336
181;179;3.037
182;161;3.64
183;159;3.711
183;161;3.003
183;170;3.609
184;180;3.892
185;180;3.876
186;153;2.778
187;995;4.263
187;997;3.494
188;151;3.26
188;152;3.637
188;191;3.103
189;999;4.123
190;193;3.793
191;151;2.908
191;188;3.103
191;193;3.006
192;146;2.939
193;150;2.884
193;190;3.793
193;191;3.006
194;197;3.147
195;996;3.779
196;146;3.758
196;147;2.973
196;148;2.818
196;198;2.913
197;146;3.744
197;194;3.147
197;227;3.434
197;228;3.934
198;148;3.787
198;196;2.913
198;201;3.022
198;202;3.017
198;206;3.768
199;206;3.174
200;206;3.348
200;224;3.624
201;139;3.665
201;198;3.022
201;207;3.501
201;210;3.495
201;224;3.137
201;238;3.959
202;140;3.931
202;144;3.964
202;148;2.642
202;198;3.017
203;140;3.587
203;206;2.777
203;207;2.978
204;136;3.82
204;137;3.823
204;140;3.938
204;208;2.953
205;209;2.983
206;198;3.768
206;199;3.174
206;200;3.348
206;203;2.777
206;209;3.283
206;210;2.953
207;201;3.501
207;203;2.978
207;210;3.282
207;211;2.957
208;132;3.686
208;136;3.916
208;204;2.953
208;212;2.94
209;205;2.983
209;206;3.283
209;212;3.046
209;213;2.963
209;665;3.84
210;201;3.495
210;206;2.953
210;207;3.282
210;213;3.314
210;214;2.935
211;132;3.961
211;135;3.561
211;207;2.957
211;214;3.901
211;215;2.954
212;208;2.94
212;209;3.046
212;215;3.248
212;216;2.946
212;669;3.475
212;673;3.859
213;209;2.963
213;210;3.314
213;217;2.968
213;218;2.84
213;219;3.778
213;648;3.673
214;210;2.935
214;211;3.901
214;217;3.124
214;220;3.618
214;238;3.91
214;241;3.777
214;242;3.757
215;211;2.954
215;212;3.248
216;212;2.946
216;647;3.493
216;672;3.618
217;213;2.968
217;214;3.124
217;1306;3.155
217;1308;2.992
218;213;2.84
218;647;3.795
218;648;3.41
219;213;3.778
219;222;2.939
219;223;3.054
219;648;5.605
219;1303;3.499
219;1313;4.033
220;214;3.618
220;224;3.076
220;225;3.151
220;239;3.876
220;242;3.327
220;1299;3.706
220;1302;3.567
220;1303;3.485
221;225;3.143
221;226;2.893
221;1299;3.84
221;1303;3.723
221;1338;3.446
221;1339;2.77
221;1340;3.34
222;219;2.939
222;226;3.742
222;1313;3.557
222;1340;3.381
223;219;3.054
223;226;3.091
224;143;2.936
224;200;3.624
224;201;3.137
224;220;3.076
224;234;3.082
224;238;4.017
225;220;3.151
225;221;3.143
225;228;2.951
225;235;3.432
225;1299;3.136
225;1338;3.489
226;221;2.893
226;222;3.742
226;223;3.091
226;1289;3.604
226;1337;3.693
226;1338;3.346
227;197;3.434
228;197;3.934
228;225;2.951
228;230;2.942
228;231;3.144
228;234;3.452
229;231;3.058
229;1334;2.933
229;1337;3.52
230;228;2.942
230;234;3.021
231;228;3.144
231;229;3.058
231;234;2.977
231;235;2.937
231;1335;3.778
231;1336;3.744
232;235;3.635
232;236;2.909
232;1333;2.87
232;1335;2.779
233;1218;3.748
233;1221;3.81
233;1222;3.282
233;1335;2.946
234;143;3.47
234;224;3.082
234;228;3.452
234;230;3.021
234;231;2.977
234;237;3.02
234;238;3.43
235;225;3.432
235;231;2.937
235;232;3.635
235;238;3.274
235;239;2.941
235;1299;3.565
235;1336;4.053
236;232;2.909
236;240;2.978
237;138;3.697
237;143;3.742
237;234;3.02
237;240;3.144
237;241;2.974
238;143;3.655
238;201;3.959
238;214;3.91
238;224;4.017
238;234;3.43
238;235;3.274
238;241;3.203
238;242;2.976
239;220;3.876
239;235;2.941
239;242;3.211
239;243;2.975
239;1302;3.963
240;236;2.978
240;237;3.144
240;244;2.94
241;214;3.777
241;237;2.974
241;238;3.203
241;245;2.903
242;214;3.757
242;220;3.327
242;238;2.976
242;239;3.211
242;246;2.945
242;1302;3.414
243;239;2.975
243;246;3.457
243;247;2.934
244;135;3.806
244;240;2.94
244;248;2.921
245;241;2.903
245;249;2.937
246;242;2.945
246;243;3.457
246;249;3.484
246;250;2.982
247;243;2.934
247;250;3.417
247;251;2.934
247;1248;3.694
247;1255;3.612
248;124;3.623
248;128;3.381
248;244;2.921
248;251;3.176
248;252;2.885
249;245;2.937
249;246;3.484
249;252;3.31
249;253;2.96
250;246;2.982
250;247;3.417
250;253;3.824
250;254;2.99
250;1366;3.757
251;247;2.934
251;248;3.176
251;254;3.591
251;255;2.901
251;1244;3.143
251;1247;3.789
252;124;3.924
252;248;2.885
252;249;3.31
252;255;3.168
252;256;2.957
252;680;3.856
253;249;2.96
253;250;3.824
253;257;3.084
253;680;3.774
253;683;3.676
253;1363;3.525
254;250;2.99
254;251;3.591
254;258;2.923
254;1366;3.973
254;1367;3.958
254;1370;3.503
255;251;2.901
255;252;3.168
255;259;2.932
256;121;3.948
256;252;2.957
256;259;3.312
256;260;3.079
256;684;3.816
257;253;3.084
257;260;3.242
257;261;3.071
257;683;3.714
257;684;3.963
257;687;3.432
257;1367;3.481
258;254;2.923
258;262;2.886
258;1371;3.87
259;116;3.868
259;120;3.504
259;255;2.932
259;256;3.312
259;262;3.471
259;263;2.981
260;256;3.079
260;257;3.242
260;264;3.045
260;684;3.687
261;257;3.071
261;264;3.403
261;265;2.905
261;691;3.951
261;1088;6.449
261;1371;3.681
262;120;2.627
262;258;2.886
262;259;3.471
262;265;3.351
262;266;3.574
263;119;2.733
263;120;2.822
263;259;2.981
263;272;2.876
264;260;3.045
264;261;3.403
264;272;2.769
264;273;3.274
265;261;2.905
265;262;3.351
265;271;3.494
265;273;3.902
265;276;3.906
266;262;3.574
266;270;2.75
266;271;2.809
267;269;3.523
267;699;3.54
268;274;3.609
268;713;3.764
269;267;3.523
269;271;3.723
269;274;4.019
270;266;2.75
271;265;3.494
271;266;2.809
271;269;3.723
271;274;3.102
272;263;2.876
272;264;2.769
273;264;3.274
273;265;3.902
274;268;3.609
274;269;4.019
274;271;3.102
274;276;3.01
275;278;3.022
275;282;3.583
276;265;3.906
276;274;3.01
277;279;2.913
277;281;3.787
277;282;3.49
277;697;3.78
277;713;3.632
278;275;3.022
279;277;2.913
279;282;2.882
279;283;3.893
280;283;3.133
280;292;2.76
280;293;2.818
280;294;2.746
280;295;3.777
281;277;3.787
281;284;2.952
281;285;2.619
281;713;3.694
282;275;3.583
282;277;3.49
282;279;2.882
282;285;3.035
283;279;3.893
283;280;3.133
284;281;2.952
284;288;3.809
284;289;3.481
284;290;3.292
284;291;2.835
284;292;2.825
285;281;2.619
285;282;3.035
285;288;3.96
285;713;3.437
286;288;3.236
287;711;2.697
288;284;3.809
288;285;3.96
288;286;3.236
289;284;3.481
289;715;2.732
289;720;3.534
290;284;3.292
291;284;2.835
292;280;2.76
292;284;2.825
293;280;2.818
294;280;2.746
294;308;2.725
295;280;3.777
295;296;3.897
296;295;3.897
297;694;2.848
297;1085;3.252
297;1086;3.812
297;1089;3.756
298;1086;3.488
298;1089;3.682
298;1090;3.708
298;1093;3.891
299;307;3.134
299;308;4.102
300;302;3.695
300;307;3.793
301;304;3.069
301;305;2.695
302;300;3.695
302;958;3.737
303;954;3.507
304;301;3.069
304;305;2.772
305;301;2.695
305;304;2.772
306;311;3.992
307;299;3.134
307;300;3.793
307;309;3.275
308;294;2.725
308;299;4.102
308;316;3.424
309;307;3.275
309;316;3.17
310;313;2.934
311;306;3.992
312;725;2.663
313;310;2.934
313;316;4.015
314;321;2.992
314;322;2.879
314;323;3.993
315;317;3.035
316;308;3.424
316;309;3.17
316;313;4.015
317;315;3.035
317;325;2.66
318;321;3.882
318;730;2.751
319;728;2.799
319;731;3.214
320;323;3.031
320;324;2.711
320;326;2.651
321;314;2.992
321;318;3.882
321;728;2.83
321;730;2.706
322;314;2.879
322;725;3.945
323;314;3.993
323;320;3.031
324;320;2.711
324;329;3.226
325;317;2.66
325;328;2.932
325;329;2.985
326;320;2.651
327;330;2.902
328;325;2.932
329;324;3.226
329;325;2.985
330;327;2.902
331;332;3.799
332;331;3.799
333;443;2.825
333;444;2.702
334;442;3.376
335;437;3.821
336;438;3.593
337;437;2.856
338;437;2.652
339;344;3.974
339;348;3.638
340;342;2.948
340;343;3.882
341;345;3.442
342;340;2.948
343;340;3.882
343;349;3.591
344;339;3.974
344;347;2.745
344;348;3.753
344;436;3.456
345;341;3.442
346;349;3.813
347;344;2.745
347;436;2.787
348;339;3.638
348;344;3.753
348;438;2.738
349;343;3.591
349;346;3.813
350;355;3.256
351;354;3.196
351;356;3.055
352;357;2.971
353;366;3.82
354;351;3.196
355;350;3.256
356;351;3.055
357;352;2.971
357;359;3.006
358;362;3.593
359;357;3.006
359;362;2.979
359;366;3.875
360;363;2.99
361;364;2.989
361;365;3.007
361;366;3.952
361;368;3.612
362;358;3.593
362;359;2.979
363;360;2.99
364;361;2.989
365;361;3.007
365;367;3.688
366;353;3.82
366;359;3.875
366;361;3.952
367;365;3.688
368;361;3.612
369;371;3.374
370;378;3.596
371;369;3.374
372;374;3.421
373;394;2.783
374;372;3.421
374;394;3.844
375;395;2.863
375;400;3.689
376;394;3.523
377;380;2.964
378;370;3.596
378;382;3.996
379;381;2.997
379;382;3.24
379;384;3.113
379;385;2.744
380;377;2.964
381;379;2.997
382;378;3.996
382;379;3.24
383;386;3.253
383;387;3.95
384;379;3.113
385;379;2.744
385;389;3.163
385;390;3.204
386;383;3.253
387;383;3.95
387;389;2.812
388;391;2.941
389;385;3.163
389;387;2.812
390;385;3.204
391;388;2.941
392;396;2.874
392;397;3.941
393;396;2.943
394;373;2.783
394;374;3.844
394;376;3.523
394;397;3.515
395;375;2.863
395;398;2.951
395;399;3.028
395;400;3.653
396;392;2.874
396;393;2.943
397;392;3.941
397;394;3.515
398;395;2.951
399;395;3.028
400;375;3.689
400;395;3.653
401;402;2.811
402;401;2.811
403;406;2.826
404;406;2.766
404;410;3.722
404;412;3.798
405;411;3.143
406;403;2.826
406;404;2.766
406;410;2.939
407;409;2.826
407;410;3.976
408;410;2.973
409;407;2.826
410;404;3.722
410;406;2.939
410;407;3.976
410;408;2.973
411;405;3.143
412;404;3.798
412;413;2.979
413;412;2.979
414;416;2.902
415;417;2.969
416;414;2.902
417;415;2.969
417;418;3.026
418;417;3.026
419;421;3.969
420;441;3.496
421;419;3.969
422;423;3.694
423;422;3.694
424;425;3.197
425;424;3.197
425;429;3.708
426;427;3.043
427;426;3.043
428;430;2.851
428;434;3.72
429;425;3.708
430;428;2.851
430;433;2.98
430;434;3.036
431;434;4.026
432;435;3.958
433;430;2.98
434;428;3.72
434;430;3.036
434;431;4.026
435;432;3.958
436;344;3.456
436;347;2.787
436;438;3.535
436;439;3.277
437;335;3.821
437;337;2.856
437;338;2.652
438;336;3.593
438;348;2.738
438;436;3.535
439;436;3.277
440;442;3.127
441;420;3.496
442;334;3.376
442;440;3.127
443;333;2.825
443;449;3.673
444;333;2.702
445;448;2.991
446;449;3.099
446;450;3.312
446;451;3.934
447;452;2.849
447;453;3.661
448;445;2.991
449;443;3.673
449;446;3.099
450;446;3.312
451;446;3.934
452;447;2.849
453;447;3.661
453;454;3.392
454;453;3.392
455;458;2.747
456;459;3.599
457;460;3.095
458;455;2.747
459;456;3.599
460;457;3.095
460;463;3.057
460;466;3.119
460;467;2.753
461;462;3.966
461;463;3.615
461;519;3.369
461;520;2.747
462;461;3.966
462;519;3.658
463;460;3.057
463;461;3.615
463;466;2.946
463;467;3.079
464;467;3.0
465;516;3.672
465;517;4.039
466;460;3.119
466;463;2.946
466;521;3.357
467;460;2.753
467;463;3.079
467;464;3.0
467;470;2.914
467;471;3.167
468;472;2.951
469;473;2.968
470;467;2.914
470;473;3.216
470;474;3.007
471;467;3.167
471;474;3.42
471;475;2.928
471;568;2.689
472;468;2.951
472;475;3.216
472;476;2.974
473;469;2.968
473;470;3.216
473;477;3.048
474;470;3.007
474;471;3.42
474;477;3.317
474;478;2.977
474;509;3.989
474;513;3.815
474;565;3.937
475;471;2.928
475;472;3.216
475;478;3.003
475;479;3.088
475;569;2.75
475;570;3.641
476;472;2.974
476;479;3.468
476;480;3.009
477;473;3.048
477;474;3.317
477;481;2.988
477;506;3.663
478;474;2.977
478;475;3.003
478;481;3.078
478;482;3.069
478;510;3.329
478;563;3.874
478;565;3.879
478;566;3.841
479;475;3.088
479;476;3.468
479;482;3.125
479;483;3.454
479;566;3.845
480;476;3.009
480;483;3.276
480;484;3.021
481;477;2.988
481;478;3.078
481;484;3.252
481;485;2.996
481;506;3.244
481;562;3.172
482;478;3.069
482;479;3.125
482;486;3.055
482;563;3.662
482;972;3.896
483;479;3.454
483;480;3.276
483;486;3.313
483;487;2.971
484;480;3.021
484;481;3.252
484;487;3.134
484;488;2.959
484;499;3.509
485;481;2.996
485;488;3.023
485;562;3.798
485;563;3.713
485;976;4.022
486;482;3.055
486;483;3.313
487;483;2.971
487;484;3.134
487;491;3.616
487;499;3.841
488;484;2.959
488;485;3.023
488;492;2.925
488;499;4.019
488;503;3.41
489;492;2.954
489;1020;3.132
489;1021;2.988
490;493;2.98
490;494;3.027
491;487;3.616
491;495;3.029
492;488;2.925
492;489;2.954
492;496;2.783
493;490;2.98
493;496;2.708
494;490;3.027
495;491;3.029
495;498;3.039
495;499;2.938
496;492;2.783
496;493;2.708
496;500;2.968
497;500;3.279
497;501;3.033
498;495;3.039
498;501;3.978
498;502;2.964
499;484;3.509
499;487;3.841
499;488;4.019
499;495;2.938
499;502;3.362
499;503;2.929
500;496;2.968
500;497;3.279
500;503;3.365
500;504;3.032
501;497;3.033
501;498;3.978
501;505;2.963
502;498;2.964
502;499;3.362
502;506;2.967
503;488;3.41
503;499;2.929
503;500;3.365
503;506;3.409
503;507;3.094
503;562;3.28
504;500;3.032
504;507;3.334
504;508;3.013
504;546;3.807
504;547;3.382
505;501;2.963
505;508;3.023
505;509;3.085
506;477;3.663
506;481;3.244
506;502;2.967
506;503;3.409
506;509;3.059
506;510;3.38
507;503;3.094
507;504;3.334
507;510;2.958
507;542;2.831
507;543;3.76
507;546;3.796
508;504;3.013
508;505;3.023
508;511;2.871
509;474;3.989
509;505;3.085
509;506;3.059
509;512;3.064
509;513;3.229
510;478;3.329
510;506;3.38
510;507;2.958
510;514;2.983
510;539;3.691
510;543;3.91
510;565;3.428
511;508;2.871
511;514;3.417
511;515;3.031
511;543;3.485
512;509;3.064
512;516;3.061
513;474;3.815
513;509;3.229
513;516;3.396
513;517;2.944
513;565;2.747
513;568;2.725
514;510;2.983
514;511;3.417
514;518;3.001
514;539;3.608
515;511;3.031
515;518;3.219
515;519;3.084
516;465;3.672
516;512;3.061
516;513;3.396
516;520;2.986
517;465;4.039
517;513;2.944
517;520;2.999
517;521;3.04
517;525;2.678
517;526;3.548
517;532;2.768
518;514;3.001
518;515;3.219
518;526;3.69
518;527;3.971
519;461;3.369
519;462;3.658
519;515;3.084
520;461;2.747
520;516;2.986
520;517;2.999
521;466;3.357
521;517;3.04
521;525;3.586
522;525;2.918
522;526;2.934
523;527;2.982
524;528;2.84
525;517;2.678
525;521;3.586
525;522;2.918
525;528;3.069
525;529;2.914
526;517;3.548
526;518;3.69
526;522;2.934
526;532;3.215
527;518;3.971
527;523;2.982
528;524;2.84
528;525;3.069
529;525;2.914
529;532;2.965
529;533;3.042
530;533;3.963
530;534;3.017
531;535;2.99
531;573;2.918
531;576;3.996
532;517;2.768
532;526;3.215
532;529;2.965
532;536;2.953
533;529;3.042
533;530;3.963
533;536;3.409
533;537;2.99
534;530;3.017
534;537;3.427
534;538;3.017
535;531;2.99
535;538;3.231
535;539;2.904
535;565;2.647
535;568;3.864
536;532;2.953
536;533;3.409
536;540;3.004
537;533;2.99
537;534;3.427
537;540;3.202
537;541;3.089
538;534;3.017
538;535;3.231
538;542;3.012
539;510;3.691
539;514;3.608
539;535;2.904
539;543;2.935
539;565;3.755
540;536;3.004
540;537;3.202
540;544;2.998
541;537;3.089
541;545;3.214
541;558;3.607
542;507;2.831
542;538;3.012
542;546;3.426
542;562;3.072
543;507;3.76
543;510;3.91
543;511;3.485
543;539;2.935
543;546;3.152
543;547;2.91
544;540;2.998
544;547;3.307
544;548;3.035
545;541;3.214
545;549;3.0
545;550;3.042
545;559;3.827
546;504;3.807
546;507;3.796
546;542;3.426
546;543;3.152
546;550;3.756
546;559;3.971
547;504;3.382
547;543;2.91
547;544;3.307
548;544;3.035
549;545;3.0
549;551;2.942
550;545;3.042
550;546;3.756
550;556;2.843
551;549;2.942
551;556;3.241
552;555;2.791
553;556;3.239
553;557;2.937
554;557;3.3
554;558;2.958
554;1060;3.899
555;552;2.791
555;558;3.085
555;559;3.087
556;550;2.843
556;551;3.241
556;553;3.239
556;559;2.938
557;553;2.937
557;554;3.3
557;560;2.993
557;980;3.117
558;541;3.607
558;554;2.958
558;555;3.085
558;561;2.981
559;545;3.827
559;546;3.971
559;555;3.087
559;556;2.938
559;562;3.051
560;557;2.993
560;563;3.178
560;976;3.68
560;977;3.945
561;558;2.981
561;564;2.894
561;973;3.854
562;481;3.172
562;485;3.798
562;503;3.28
562;542;3.072
562;559;3.051
562;565;2.954
563;478;3.874
563;482;3.662
563;485;3.713
563;560;3.178
563;566;2.93
563;969;3.82
563;973;3.528
564;561;2.894
564;567;2.788
564;970;3.358
564;973;3.493
565;474;3.937
565;478;3.879
565;510;3.428
565;513;2.747
565;535;2.647
565;539;3.755
565;562;2.954
565;568;2.983
566;478;3.841
566;479;3.845
566;563;2.93
566;569;2.972
566;570;2.952
566;572;3.893
566;969;3.603
567;564;2.788
568;471;2.689
568;513;2.725
568;535;3.864
568;565;2.983
569;475;2.75
569;566;2.972
570;475;3.641
570;566;2.952
570;572;3.893
570;573;3.025
571;574;3.052
571;575;2.922
571;962;3.187
572;566;3.893
572;570;3.893
572;575;3.202
572;576;3.014
572;966;3.487
573;531;2.918
573;570;3.025
573;576;3.878
573;577;3.062
574;571;3.052
574;577;3.459
574;578;2.972
575;571;2.922
575;572;3.202
575;578;3.256
575;579;2.947
575;966;3.633
576;531;3.996
576;572;3.014
576;573;3.878
576;580;3.054
577;573;3.062
577;574;3.459
577;580;3.418
577;581;2.773
578;574;2.972
578;575;3.256
578;581;3.298
578;582;2.926
579;575;2.947
579;582;3.214
579;583;3.075
579;1074;3.581
580;576;3.054
580;577;3.418
580;583;3.008
581;577;2.773
581;578;3.298
581;584;2.971
582;578;2.926
582;579;3.214
582;585;3.089
582;586;3.068
582;686;3.755
582;1074;3.498
582;1078;3.43
583;579;3.075
583;580;3.008
583;587;2.962
583;1074;3.83
584;581;2.971
584;587;3.026
585;582;3.089
585;686;3.831
586;582;3.068
586;589;3.078
586;590;2.874
586;682;3.674
586;1074;3.844
587;583;2.962
587;584;3.026
587;590;3.486
587;591;3.026
588;106;3.411
588;110;3.3
588;591;2.938
588;592;3.357
589;586;3.078
589;592;3.063
589;593;3.025
589;681;3.566
589;682;3.777
590;586;2.874
590;587;3.486
590;594;3.456
591;587;3.026
591;588;2.938
591;594;3.793
591;595;3.152
592;107;3.741
592;588;3.357
592;589;3.063
592;595;3.396
592;596;3.061
593;589;3.025
593;596;3.397
593;597;2.96
593;644;3.978
594;590;3.456
594;591;3.793
594;598;2.931
595;100;3.54
595;591;3.152
595;592;3.396
595;598;3.299
595;599;3.013
596;592;3.061
596;593;3.397
596;599;3.329
596;600;2.953
596;674;3.708
597;593;2.96
597;601;2.909
597;637;3.512
597;640;3.793
598;19;3.488
598;23;3.707
598;594;2.931
598;595;3.299
598;601;3.29
598;602;2.977
598;633;3.434
599;94;3.955
599;98;3.938
599;595;3.013
599;596;3.329
599;602;3.264
599;603;2.99
600;596;2.953
600;604;2.949
600;640;3.77
600;670;4.06
600;671;3.559
600;674;3.912
601;597;2.909
601;598;3.29
601;604;3.272
601;605;2.985
601;633;3.739
601;636;3.963
602;94;3.641
602;598;2.977
602;599;3.264
602;606;3.304
603;94;3.695
603;599;2.99
603;606;3.327
603;607;3.015
604;600;2.949
604;601;3.272
604;608;2.988
604;609;2.819
604;630;3.819
605;25;3.205
605;601;2.985
605;609;3.056
605;610;3.136
605;632;4.004
606;91;3.416
606;602;3.304
606;603;3.327
607;87;3.901
607;91;3.881
607;603;3.015
607;610;2.803
608;604;2.988
608;611;3.01
608;612;3.551
608;626;3.51
608;630;4.144
608;664;3.41
609;604;2.819
609;605;3.056
609;626;3.741
610;605;3.136
610;607;2.803
611;608;3.01
611;623;4.122
611;626;2.971
612;608;3.551
612;624;3.078
612;626;2.979
612;652;3.813
612;653;3.459
612;660;2.782
612;664;3.598
613;622;2.668
613;623;3.689
613;653;3.583
613;654;2.923
614;617;3.026
614;618;2.842
614;619;2.796
614;620;2.764
615;654;2.773
615;656;3.887
616;619;3.773
617;614;3.026
617;622;3.988
618;614;2.842
619;614;2.796
619;616;3.773
619;1007;3.993
620;614;2.764
621;627;3.577
621;628;3.209
622;613;2.668
622;617;3.988
623;611;4.122
623;613;3.689
623;627;3.535
624;612;3.078
624;627;3.198
624;628;3.133
624;651;2.86
624;652;3.571
625;628;3.028
625;629;2.84
625;650;3.9
626;608;3.51
626;609;3.741
626;611;2.971
626;612;2.979
626;630;3.68
626;652;3.609
627;621;3.577
627;623;3.535
627;624;3.198
627;631;3.507
628;621;3.209
628;624;3.133
628;625;3.028
628;635;3.799
628;1048;3.622
629;625;2.84
629;635;3.333
629;638;4.032
629;639;3.905
629;1039;3.383
629;1043;3.926
630;604;3.819
630;608;4.144
630;626;3.68
630;635;3.798
630;639;3.629
630;652;4.061
631;627;3.507
631;1052;2.726
632;25;3.677
632;605;4.004
632;635;2.85
632;636;2.952
632;1055;2.868
633;25;3.31
633;598;3.434
633;601;3.739
633;636;3.456
633;637;2.928
634;637;3.246
634;638;2.989
634;1055;3.675
634;1058;3.979
634;1059;3.665
634;1062;3.984
635;628;3.799
635;629;3.333
635;630;3.798
635;632;2.85
635;638;3.338
635;639;2.994
635;1043;2.942
636;601;3.963
636;632;2.952
636;633;3.456
636;640;2.961
637;597;3.512
637;633;2.928
637;634;3.246
637;640;3.437
637;641;2.979
638;629;4.032
638;634;2.989
638;635;3.338
638;641;3.194
638;642;3.016
638;1043;3.93
638;1062;3.687
639;629;3.905
639;630;3.629
639;635;2.994
639;642;3.185
639;643;3.034
639;649;3.871
640;597;3.793
640;600;3.77
640;636;2.961
640;637;3.437
640;643;3.345
640;644;2.976
640;671;4.033
641;637;2.979
641;638;3.194
641;644;3.085
641;645;3.208
641;1035;3.977
641;1038;3.607
641;1062;3.706
641;1069;3.924
642;638;3.016
642;639;3.185
642;648;2.898
642;1039;3.524
643;639;3.034
643;640;3.345
643;646;3.01
643;649;3.759
643;668;3.512
643;671;3.594
643;672;4.006
644;593;3.978
644;640;2.976
644;641;3.085
644;675;3.777
645;641;3.208
645;1035;3.479
646;643;3.01
646;672;4.003
647;216;3.493
647;218;3.795
647;1035;3.778
647;1036;2.766
647;1037;2.846
648;213;3.673
648;218;3.41
648;219;5.605
648;642;2.898
648;1040;3.891
649;639;3.871
649;643;3.759
649;652;3.52
649;668;3.341
650;625;3.9
650;1040;3.508
651;624;2.86
651;993;3.821
652;612;3.813
652;624;3.571
652;626;3.609
652;630;4.061
652;649;3.52
652;661;3.288
652;664;3.462
653;612;3.459
653;613;3.583
653;657;3.368
653;661;2.98
654;613;2.923
654;615;2.773
654;661;3.709
655;994;3.435
656;615;3.887
657;653;3.368
657;660;2.779
657;661;3.069
658;662;2.959
659;662;3.392
659;663;2.984
660;612;2.782
660;657;2.779
660;663;3.199
660;664;3.055
661;652;3.288
661;653;2.98
661;654;3.709
661;657;3.069
661;664;3.055
661;665;2.899
662;658;2.959
662;659;3.392
662;665;3.185
662;666;3.033
663;659;2.984
663;660;3.199
664;608;3.41
664;612;3.598
664;652;3.462
664;660;3.055
664;661;3.055
664;667;3.013
664;668;2.923
665;209;3.84
665;661;2.899
665;662;3.185
665;668;3.383
665;669;2.966
666;662;3.033
666;669;3.427
666;670;3.005
667;664;3.013
667;670;3.363
667;671;2.96
668;643;3.512
668;649;3.341
668;664;2.923
668;665;3.383
668;671;3.344
668;672;2.992
669;212;3.475
669;665;2.966
669;666;3.427
669;672;3.423
669;673;2.997
670;600;4.06
670;666;3.005
670;667;3.363
670;673;3.458
670;674;2.996
671;600;3.559
671;640;4.033
671;643;3.594
671;667;2.96
671;668;3.344
671;675;2.958
672;216;3.618
672;643;4.006
672;646;4.003
672;668;2.992
672;669;3.423
672;676;2.927
673;212;3.859
673;669;2.997
673;670;3.458
673;676;3.455
673;677;3.04
674;596;3.708
674;600;3.912
674;670;2.996
674;677;3.426
674;678;2.983
675;644;3.777
675;671;2.958
675;678;3.179
675;679;2.929
676;672;2.927
676;673;3.455
676;679;3.27
676;680;2.981
677;114;3.819
677;673;3.04
677;674;3.426
677;681;3.022
678;674;2.983
678;675;3.179
678;681;3.451
678;682;2.934
679;675;2.929
679;676;3.27
679;682;3.128
679;683;3.074
680;252;3.856
680;253;3.774
680;676;2.981
680;683;3.42
680;684;3.009
681;589;3.566
681;677;3.022
681;678;3.451
681;685;2.908
682;586;3.674
682;589;3.777
682;678;2.934
682;679;3.128
682;685;3.314
682;686;3.116
682;1077;3.549
683;253;3.676
683;257;3.714
683;679;3.074
683;680;3.42
683;686;3.46
683;687;2.933
683;1077;3.572
683;1080;3.788
683;1363;6.374
684;256;3.816
684;257;3.963
684;260;3.687
684;680;3.009
684;688;2.962
685;681;2.908
685;682;3.314
685;689;3.06
686;582;3.755
686;585;3.831
686;682;3.116
686;683;3.46
686;689;3.33
686;690;3.011
686;1077;3.645
686;1078;3.764
686;1081;3.483
687;257;3.432
687;683;2.933
687;690;3.416
687;691;2.952
687;1084;3.475
688;684;2.962
688;691;3.357
688;692;3.034
689;685;3.06
689;686;3.33
689;692;3.035
689;693;3.109
690;686;3.011
690;687;3.416
690;693;2.948
690;694;3.015
690;1081;3.476
690;1085;3.573
691;261;3.951
691;687;2.952
691;688;3.357
691;695;3.548
691;1085;3.596
691;1088;3.301
692;688;3.034
692;689;3.035
692;695;3.778
693;689;3.109
693;690;2.948
694;297;2.848
694;690;3.015
694;1085;3.648
695;691;3.548
695;692;3.778
696;1088;3.61
696;1092;3.897
697;277;3.78
698;714;3.984
698;1095;3.378
699;267;3.54
700;1092;2.683
700;1095;3.836
701;706;3.646
701;707;3.97
702;1096;3.068
702;1099;3.898
702;1105;3.549
703;706;3.849
703;1105;3.41
704;709;2.904
704;1105;3.389
704;1106;3.914
705;1106;3.439
705;1108;2.804
706;701;3.646
706;703;3.849
707;701;3.97
707;709;3.391
708;709;3.922
709;704;2.904
709;707;3.391
709;708;3.922
710;1100;3.112
711;287;2.697
712;1095;3.816
713;268;3.764
713;277;3.632
713;281;3.694
713;285;3.437
714;698;3.984
715;289;2.732
715;718;2.85
716;1100;3.912
717;722;3.82
717;727;2.859
718;715;2.85
719;722;3.361
719;727;2.641
720;289;3.534
721;729;3.754
722;717;3.82
722;719;3.361
722;724;3.998
723;738;2.943
724;722;3.998
724;726;3.765
725;312;2.663
725;322;3.945
726;724;3.765
727;717;2.859
727;719;2.641
728;319;2.799
728;321;2.83
729;721;3.754
730;318;2.751
730;321;2.706
731;319;3.214
732;734;3.92
733;736;2.888
734;732;3.92
735;737;2.759
736;733;2.888
737;735;2.759
738;723;2.943
739;741;2.881
740;742;3.028
741;739;2.881
742;740;3.028
742;746;3.843
743;746;3.718
744;747;2.973
745;748;2.798
746;742;3.843
746;743;3.718
747;744;2.973
748;745;2.798
749;751;3.255
750;751;2.934
751;749;3.255
751;750;2.934
752;753;3.109
753;752;3.109
754;757;2.983
754;758;2.97
755;759;2.706
756;759;2.764
756;760;2.973
757;754;2.983
758;754;2.97
759;755;2.706
759;756;2.764
760;756;2.973
760;761;3.044
760;762;3.342
760;763;3.548
761;760;3.044
762;760;3.342
762;765;4.035
762;766;3.454
763;760;3.548
763;765;3.127
764;766;2.986
765;762;4.035
765;763;3.127
766;762;3.454
766;764;2.986
766;767;3.065
767;766;3.065
767;770;3.881
768;769;2.95
769;768;2.95
770;767;3.881
771;772;3.717
772;771;3.717
773;775;2.8
774;787;4.027
774;788;2.672
775;773;2.8
776;781;3.048
776;789;2.865
777;779;2.976
777;780;2.994
777;789;3.761
778;782;2.956
779;777;2.976
779;782;3.195
780;777;2.994
780;782;2.812
781;776;3.048
781;783;3.608
782;778;2.956
782;779;3.195
782;780;2.812
783;781;3.608
783;785;2.88
784;785;3.036
785;783;2.88
785;784;3.036
785;786;3.69
786;785;3.69
787;774;4.027
788;774;2.672
788;790;2.972
789;776;2.865
789;777;3.761
790;788;2.972
791;792;3.192
792;791;3.192
793;797;3.487
794;795;3.897
794;796;3.902
794;799;3.786
794;800;3.112
795;794;3.897
795;798;2.943
795;799;3.324
796;794;3.902
797;793;3.487
797;800;2.945
798;795;2.943
798;801;3.35
799;794;3.786
799;795;3.324
800;794;3.112
800;797;2.945
801;798;3.35
801;804;3.943
801;805;3.35
802;807;3.43
803;806;2.973
803;807;2.951
804;801;3.943
805;801;3.35
805;811;3.796
806;803;2.973
806;810;4.021
806;811;3.774
807;802;3.43
807;803;2.951
807;812;3.602
808;812;2.894
808;814;3.799
809;812;3.061
810;806;4.021
810;813;3.02
810;815;3.118
811;805;3.796
811;806;3.774
812;807;3.602
812;808;2.894
812;809;3.061
812;814;2.968
813;810;3.02
813;815;3.275
814;808;3.799
814;812;2.968
815;810;3.118
815;813;3.275
815;819;2.874
816;818;2.999
816;819;2.84
817;820;3.106
817;821;2.847
818;816;2.999
819;815;2.874
819;816;2.84
819;822;4.034
820;817;3.106
821;817;2.847
821;823;3.068
821;824;3.031
822;819;4.034
822;826;3.866
823;821;3.068
824;821;3.031
825;829;3.878
826;822;3.866
826;829;2.73
826;885;2.766
826;886;3.991
827;830;3.081
827;833;3.861
828;833;3.902
828;879;3.849
828;882;3.405
828;883;3.705
829;825;3.878
829;826;2.73
830;827;3.081
830;833;2.828
830;834;2.931
831;835;3.057
832;836;2.904
833;827;3.861
833;828;3.902
833;830;2.828
833;836;3.239
833;837;2.973
834;830;2.931
834;837;3.313
834;838;3.134
834;942;3.262
835;831;3.057
835;838;3.461
835;839;3.011
836;832;2.904
836;833;3.239
836;839;3.354
836;840;2.923
837;833;2.973
837;834;3.313
837;840;3.388
837;841;2.952
837;876;3.818
837;879;3.752
838;834;3.134
838;835;3.461
838;841;3.44
838;842;2.962
838;942;3.661
839;835;3.011
839;836;3.354
839;842;3.228
839;843;2.97
840;836;2.923
840;837;3.388
840;844;2.955
840;876;3.99
841;837;2.952
841;838;3.44
841;845;2.899
841;872;3.957
841;876;3.4
841;935;3.717
841;939;3.757
842;838;2.962
842;839;3.228
842;845;3.167
842;846;2.988
843;839;2.97
843;846;3.123
843;847;3.01
844;840;2.955
844;847;3.43
844;848;2.949
844;935;3.608
845;841;2.899
845;842;3.167
845;849;2.999
846;842;2.988
846;843;3.123
846;849;3.371
846;850;2.957
847;843;3.01
847;844;3.43
847;850;3.05
847;851;3.296
848;844;2.949
848;933;3.89
849;845;2.999
849;846;3.371
849;853;3.443
849;1271;3.857
850;846;2.957
850;847;3.05
850;853;3.052
850;854;3.033
850;857;3.587
850;861;3.721
850;865;3.835
851;847;3.296
851;858;2.746
851;926;2.707
852;855;3.426
852;858;2.679
852;1274;3.349
852;1328;3.014
853;849;3.443
853;850;3.052
853;1294;3.815
854;850;3.033
854;857;2.958
854;858;3.021
855;852;3.426
855;858;3.246
855;859;3.021
855;1329;4.011
856;859;2.645
857;850;3.587
857;854;2.958
857;860;3.419
857;861;2.971
858;851;2.746
858;852;2.679
858;854;3.021
858;855;3.246
858;862;3.028
858;1327;3.92
859;855;3.021
859;856;2.645
859;1329;3.477
860;857;3.419
861;850;3.721
861;857;2.971
861;864;3.102
861;865;3.034
862;858;3.028
862;866;2.754
863;867;3.025
864;861;3.102
864;867;3.353
864;868;2.987
865;850;3.835
865;861;3.034
865;868;3.023
865;869;3.288
866;862;2.754
866;869;2.982
866;870;3.032
866;926;2.868
866;929;3.761
867;863;3.025
867;864;3.353
867;870;2.918
867;871;2.958
868;864;2.987
868;865;3.023
868;871;3.485
868;872;2.922
869;865;3.288
869;866;2.982
869;873;3.017
869;932;3.836
870;866;3.032
870;867;2.918
870;873;3.377
870;874;3.046
871;867;2.958
871;868;3.485
871;875;2.986
872;841;3.957
872;868;2.922
872;875;3.287
872;876;2.939
872;935;3.603
873;869;3.017
873;870;3.377
873;877;2.982
873;932;3.767
874;870;3.046
874;877;3.5
874;878;3.025
875;871;2.986
875;872;3.287
875;879;2.941
876;837;3.818
876;840;3.99
876;841;3.4
876;872;2.939
876;880;3.012
876;938;3.687
877;873;2.982
877;874;3.5
877;880;3.336
877;881;2.958
877;905;3.868
877;909;3.661
878;874;3.025
878;881;3.38
878;882;2.955
879;828;3.849
879;837;3.752
879;875;2.941
879;882;3.48
879;883;2.675
879;938;3.608
880;876;3.012
880;877;3.336
880;883;3.443
880;884;2.954
880;902;3.758
881;877;2.958
881;878;3.38
881;885;3.007
882;828;3.405
882;878;2.955
882;879;3.48
882;885;3.431
882;886;3.002
883;828;3.705
883;879;2.675
883;880;3.443
883;886;3.288
883;887;3.085
883;892;3.814
883;898;3.897
883;901;2.689
884;880;2.954
884;887;3.007
884;888;2.933
884;889;3.797
884;892;6.396
884;893;3.692
885;826;2.766
885;881;3.007
885;882;3.431
886;826;3.991
886;882;3.002
886;883;3.288
887;883;3.085
887;884;3.007
887;891;2.82
887;892;4.029
887;895;3.785
887;898;3.661
888;884;2.933
888;892;2.999
889;884;3.797
889;892;3.443
889;893;2.997
890;893;2.841
890;894;2.916
891;887;2.82
892;883;3.814
892;884;6.396
892;887;4.029
892;888;2.999
892;889;3.443
892;895;3.035
892;898;3.668
892;902;3.788
893;884;3.692
893;889;2.997
893;890;2.841
893;899;3.598
893;902;3.691
894;890;2.916
895;887;3.785
895;892;3.035
895;898;3.125
895;899;2.95
896;899;3.429
896;900;2.957
897;900;3.366
897;901;2.996
897;941;3.16
897;950;3.92
898;883;3.897
898;887;3.661
898;892;3.668
898;895;3.125
898;901;3.152
898;902;2.986
899;893;3.598
899;895;2.95
899;896;3.429
899;902;6.328
899;903;2.978
900;896;2.957
900;897;3.366
900;903;3.262
901;883;2.689
901;897;2.996
901;898;3.152
901;938;2.921
901;941;2.793
902;880;3.758
902;892;3.788
902;893;3.691
902;898;2.986
902;899;6.328
902;905;3.02
902;906;2.956
903;899;2.978
903;900;3.262
903;907;3.027
904;934;4.027
904;938;3.726
905;877;3.868
905;902;3.02
905;908;3.05
905;909;3.086
906;902;2.956
906;909;2.968
906;910;2.907
907;903;3.027
907;911;2.974
907;931;3.71
908;905;3.05
908;911;4.008
908;912;3.053
908;932;2.887
909;877;3.661
909;905;3.086
909;906;2.968
909;912;3.345
909;913;2.982
910;906;2.907
910;913;3.179
910;914;2.993
911;907;2.974
911;908;4.008
911;914;3.474
911;915;2.991
912;908;3.053
912;909;3.345
912;915;3.308
912;916;2.984
912;925;3.774
913;909;2.982
913;910;3.179
913;916;3.252
913;917;2.94
914;910;2.993
914;911;3.474
914;917;3.181
914;918;2.977
915;911;2.991
915;912;3.308
915;920;3.038
915;924;3.28
915;925;3.373
915;928;3.663
916;912;2.984
916;913;3.252
916;919;3.0
917;913;2.94
917;914;3.181
918;914;2.977
919;916;3.0
920;915;3.038
921;924;3.803
921;925;3.181
922;925;4.025
922;926;3.006
923;926;2.744
923;927;3.253
924;915;3.28
924;921;3.803
924;928;3.0
925;912;3.774
925;915;3.373
925;921;3.181
925;922;4.025
925;929;2.963
926;851;2.707
926;866;2.868
926;922;3.006
926;923;2.744
926;1326;3.877
927;923;3.253
927;930;3.046
927;1276;3.903
927;1323;3.005
927;1324;3.66
927;1325;3.148
928;915;3.663
928;924;3.0
929;866;3.761
929;925;2.963
929;932;2.751
930;927;3.046
930;933;2.742
930;934;3.349
930;1272;3.595
931;907;3.71
931;934;2.986
932;869;3.836
932;873;3.767
932;908;2.887
932;929;2.751
932;935;2.859
933;848;3.89
933;930;2.742
934;904;4.027
934;930;3.349
934;931;2.986
934;937;2.936
934;938;3.003
934;1268;3.843
935;841;3.717
935;844;3.608
935;872;3.603
935;932;2.859
935;938;2.969
935;939;3.18
936;939;2.969
936;1268;3.643
937;934;2.936
937;940;2.773
937;1268;3.822
938;876;3.687
938;879;3.608
938;901;2.921
938;904;3.726
938;934;3.003
938;935;2.969
938;941;2.905
939;841;3.757
939;935;3.18
939;936;2.969
939;942;3.001
939;943;2.914
940;937;2.773
940;943;3.215
940;946;3.531
940;950;3.685
941;897;3.16
941;901;2.793
941;938;2.905
941;947;2.908
942;834;3.262
942;838;3.661
942;939;3.001
942;947;3.934
943;939;2.914
943;940;3.215
943;946;3.477
943;947;2.999
944;947;3.713
945;948;3.119
945;949;2.929
946;940;3.531
946;943;3.477
946;949;3.385
946;950;2.977
946;1260;3.868
946;1261;4.096
947;941;2.908
947;942;3.934
947;943;2.999
947;944;3.713
947;951;2.96
948;945;3.119
948;951;3.352
