source;destination;distance
0;3;2.78
1;47;3.582
2;7;3.623
2;48;3.683
3;0;2.78
4;7;3.236
4;8;2.973
5;9;2.97
6;10;2.974
7;2;3.623
7;4;3.236
7;10;3.119
7;11;2.966
7;43;3.982
7;47;3.776
8;4;2.973
8;11;3.461
8;12;2.986
9;5;2.97
9;13;2.923
10;6;2.974
10;7;3.119
10;14;2.95
11;7;2.966
11;8;3.461
11;14;3.356
11;15;3.018
11;44;3.613
12;8;2.986
12;16;2.984
13;9;2.923
13;16;3.308
13;17;2.934
14;10;2.95
14;11;3.356
14;18;3.006
14;37;3.776
15;11;3.018
15;19;2.978
15;37;3.823
15;99;3.846
15;100;3.6
16;12;2.984
16;13;3.308
16;19;3.165
16;20;3.084
17;13;2.934
17;20;3.367
17;21;2.996
18;14;3.006
18;21;3.478
18;22;2.962
18;37;3.001
18;96;3.158
19;15;2.978
19;16;3.165
19;22;3.145
19;97;3.513
19;610;3.489
20;16;3.084
20;17;3.367
20;23;3.407
21;17;2.996
21;18;3.478
21;24;2.999
21;30;3.649
21;33;3.402
22;18;2.962
22;19;3.145
22;93;4.048
22;96;3.916
22;97;3.915
23;20;3.407
23;610;3.75
24;21;2.999
24;27;4.042
25;617;3.22
25;644;3.659
25;645;3.279
26;30;3.839
27;24;4.042
27;30;2.856
28;31;2.738
28;32;2.999
29;32;3.26
29;33;2.987
30;21;3.649
30;26;3.839
30;27;2.856
30;33;3.418
30;34;2.995
31;28;2.738
31;34;3.426
31;35;3.003
32;28;2.999
32;29;3.26
32;36;2.971
33;21;3.402
33;29;2.987
33;30;3.418
33;36;3.303
33;37;2.967
34;30;2.995
34;31;3.426
34;37;3.26
34;38;2.928
34;80;3.891
34;93;2.801
34;96;3.663
35;31;3.003
35;38;3.428
35;39;2.979
35;81;3.724
36;32;2.971
36;33;3.303
36;39;3.352
36;40;2.995
37;14;3.776
37;15;3.823
37;18;3.001
37;33;2.967
37;34;3.26
37;40;3.027
37;41;2.862
37;96;3.863
38;34;2.928
38;35;3.428
38;42;2.981
38;80;2.736
39;35;2.979
39;36;3.352
39;42;3.19
39;43;2.986
40;36;2.995
40;37;3.027
40;43;3.489
40;44;2.918
41;37;2.862
41;45;2.951
41;73;3.481
41;99;3.503
42;38;2.981
42;39;3.19
42;45;3.314
42;46;2.966
43;7;3.982
43;39;2.986
43;40;3.489
43;46;3.387
43;47;3.059
44;11;3.613
44;40;2.918
44;47;3.246
44;48;2.825
44;99;2.663
45;41;2.951
45;42;3.314
45;49;2.987
45;56;3.971
45;73;3.94
46;42;2.966
46;43;3.387
46;50;3.071
46;51;4.027
47;1;3.582
47;7;3.776
47;43;3.059
47;44;3.246
48;2;3.683
48;44;2.825
48;66;3.177
48;69;2.668
49;45;2.987
49;56;4.029
49;59;3.861
49;66;3.657
50;46;3.071
50;53;3.072
50;55;3.66
51;46;4.027
52;55;3.692
52;58;3.468
53;50;3.072
53;56;2.983
54;57;2.997
55;50;3.66
55;52;3.692
55;58;2.998
56;45;3.971
56;49;4.029
56;53;2.983
56;59;3.047
56;70;3.925
57;54;2.997
57;60;3.018
58;52;3.468
58;55;2.998
58;61;3.031
59;49;3.861
59;56;3.047
59;62;2.979
59;63;3.786
59;66;3.507
59;67;3.983
59;70;3.771
60;57;3.018
61;58;3.031
62;59;2.979
63;59;3.786
63;66;3.446
63;67;2.93
64;67;3.447
64;68;3.037
65;68;3.019
65;69;3.057
65;102;3.415
65;108;3.23
65;111;3.816
66;48;3.177
66;49;3.657
66;59;3.507
66;63;3.446
66;69;3.922
66;70;2.968
67;59;3.983
67;63;2.93
67;64;3.447
67;70;3.429
67;71;2.948
68;64;3.037
68;65;3.019
68;72;2.998
68;101;3.987
69;48;2.668
69;65;3.057
69;66;3.922
69;72;3.395
69;73;2.93
69;99;3.213
69;102;2.76
70;56;3.925
70;59;3.771
70;66;2.968
70;67;3.429
70;73;3.233
70;74;2.994
71;67;2.948
71;74;3.448
71;75;2.988
72;68;2.998
72;69;3.395
72;76;2.926
72;95;3.601
73;41;3.481
73;45;3.94
73;69;2.93
73;70;3.233
73;76;3.429
73;77;2.895
74;70;2.994
74;71;3.448
74;77;3.401
74;78;3.012
75;71;2.988
75;78;3.401
75;79;2.972
75;89;3.568
75;92;3.319
76;72;2.926
76;73;3.429
76;79;3.017
76;80;2.855
77;73;2.895
77;74;3.401
77;81;2.971
78;74;3.012
78;75;3.401
78;82;3.012
79;75;2.972
79;76;3.017
79;83;3.974
79;89;2.759
80;34;3.891
80;38;2.736
80;76;2.855
80;83;3.212
80;96;3.946
81;35;3.724
81;77;2.971
82;78;3.012
82;84;2.984
83;79;3.974
83;80;3.212
83;90;2.916
83;93;3.61
84;82;2.984
85;89;3.631
86;89;3.082
87;90;2.888
87;91;3.208
87;619;3.948
88;91;3.258
89;75;3.568
89;79;2.759
89;85;3.631
89;86;3.082
89;92;2.995
90;83;2.916
90;87;2.888
91;87;3.208
91;88;3.258
91;94;2.997
91;618;3.472
91;619;3.644
92;75;3.319
92;89;2.995
92;95;2.873
93;22;4.048
93;34;2.801
93;83;3.61
93;96;2.917
94;91;2.997
94;97;2.828
94;611;3.943
94;614;3.651
94;615;3.741
95;72;3.601
95;92;2.873
95;98;3.791
95;99;3.018
96;18;3.158
96;22;3.916
96;34;3.663
96;37;3.863
96;80;3.946
96;93;2.917
97;19;3.513
97;22;3.915
97;94;2.828
97;100;3.047
98;95;3.791
98;101;2.945
98;611;3.939
99;15;3.846
99;41;3.503
99;44;2.663
99;69;3.213
99;95;3.018
99;102;2.937
100;15;3.6
100;97;3.047
100;103;2.993
100;104;2.965
100;107;3.62
100;607;3.528
101;68;3.987
101;98;2.945
101;111;3.919
102;65;3.415
102;69;2.76
102;99;2.937
102;108;2.817
103;100;2.993
104;100;2.965
104;107;3.099
104;108;3.002
105;108;3.328
105;109;2.948
106;110;3.138
106;600;3.439
107;100;3.62
107;104;3.099
107;110;3.402
107;111;3.003
107;604;3.676
108;65;3.23
108;102;2.817
108;104;3.002
108;105;3.328
108;111;3.485
108;112;2.976
109;105;2.948
109;112;3.216
109;113;3.046
110;106;3.138
110;107;3.402
110;113;3.066
110;114;2.992
110;600;3.335
110;601;3.983
111;65;3.816
111;101;3.919
111;107;3.003
111;108;3.485
111;114;3.248
111;115;3.039
112;108;2.976
112;109;3.216
112;115;3.461
112;116;3.008
113;109;3.046
113;110;3.066
113;116;3.239
113;117;3.048
114;110;2.992
114;111;3.248
114;117;3.052
114;118;3.241
114;688;3.827
115;111;3.039
115;112;3.461
115;118;2.959
116;112;3.008
116;113;3.239
116;119;2.774
116;266;3.852
117;113;3.048
117;114;3.052
117;120;3.099
117;121;3.015
118;114;3.241
118;115;2.959
118;122;2.999
119;116;2.774
119;270;2.76
120;117;3.099
120;123;3.395
120;266;3.827
120;269;2.658
120;270;2.807
121;117;3.015
121;124;3.343
121;125;2.926
121;263;4.026
122;118;2.999
122;126;2.989
123;120;3.395
123;126;3.164
123;127;3.098
123;1266;3.412
123;1267;3.015
124;121;3.343
124;127;3.439
124;128;3.174
124;259;3.883
124;1270;3.962
125;121;2.926
125;128;3.382
125;129;2.923
126;122;2.989
126;123;3.164
126;129;3.346
126;130;2.989
127;123;3.098
127;124;3.439
127;130;3.492
127;131;2.949
127;1261;3.943
127;1267;3.962
127;1270;3.857
128;124;3.174
128;125;3.382
128;131;3.368
128;132;2.888
128;255;3.563
129;125;2.923
129;126;3.346
129;132;3.487
129;133;3.001
130;126;2.989
130;127;3.492
130;133;3.467
130;134;2.939
130;1257;3.675
130;1260;3.71
130;1261;3.632
131;127;2.949
131;128;3.368
131;134;3.41
131;135;2.865
132;128;2.888
132;129;3.487
132;136;2.962
132;214;3.722
133;129;3.001
133;130;3.467
133;136;3.202
133;137;3.011
134;130;2.939
134;131;3.41
134;137;3.364
134;138;2.984
134;1166;3.884
134;1257;3.857
135;131;2.865
135;139;2.951
135;217;3.583
135;251;3.574
136;132;2.962
136;133;3.202
136;140;2.922
136;210;3.734
136;214;3.925
137;133;3.011
137;134;3.364
137;140;3.351
137;141;3.19
137;210;3.754
137;1254;3.898
138;134;2.984
138;141;3.473
138;244;3.637
138;1251;3.669
138;1254;3.781
139;135;2.951
139;142;3.306
139;143;2.991
139;207;3.544
140;136;2.922
140;137;3.351
140;143;3.001
140;144;3.087
140;208;3.745
140;209;3.483
141;137;3.19
141;138;3.473
141;148;3.131
141;1251;3.862
141;1254;3.467
142;139;3.306
142;1247;3.898
142;1251;3.5
143;139;2.991
143;140;3.001
143;241;3.516
143;244;3.703
143;245;3.731
144;140;3.087
144;148;3.465
145;148;2.907
145;190;3.8
145;193;3.506
146;194;3.73
147;189;2.848
147;191;2.896
148;141;3.131
148;144;3.465
148;145;2.907
149;152;3.071
149;153;2.957
149;187;2.799
149;188;2.797
150;153;3.597
150;196;3.423
151;154;3.848
151;197;3.633
152;149;3.071
152;178;2.825
153;149;2.957
153;150;3.597
154;151;3.848
154;159;3.839
154;160;3.103
155;160;3.701
155;1239;2.778
155;1243;3.818
155;1246;3.421
155;1250;3.501
156;160;3.479
156;1234;3.723
156;1242;2.732
157;1234;2.818
158;1239;3.152
159;154;3.839
160;154;3.103
160;155;3.701
160;156;3.479
160;162;3.882
161;164;2.971
161;178;3.741
162;160;3.882
162;175;3.785
163;172;2.88
163;175;3.523
164;161;2.971
164;174;3.364
165;168;3.165
166;171;2.886
166;172;2.716
167;170;4.025
168;165;3.165
169;171;3.461
170;167;4.025
171;166;2.886
171;169;3.461
172;163;2.88
172;166;2.716
173;181;3.302
173;182;2.717
174;164;3.364
174;178;3.623
174;181;3.041
175;162;3.785
175;163;3.523
176;181;3.653
177;181;3.814
177;184;3.702
178;152;2.825
178;161;3.741
178;174;3.623
179;184;3.699
180;1185;3.543
181;173;3.302
181;174;3.041
181;176;3.653
181;177;3.814
182;173;2.717
182;1180;3.517
183;186;3.004
183;1180;3.675
184;177;3.702
184;179;3.699
184;1180;3.777
184;1182;3.602
185;1182;3.989
186;183;3.004
186;1179;2.798
187;149;2.799
188;149;2.797
189;147;2.848
189;208;4.011
189;209;3.896
190;145;3.8
190;192;3.399
190;193;3.691
190;208;3.664
191;147;2.896
192;190;3.399
192;201;2.847
192;204;3.218
193;145;3.506
193;190;3.691
193;204;4.003
193;208;3.31
194;146;3.73
194;198;3.697
195;199;2.999
195;200;3.825
195;202;4.005
195;204;3.399
196;150;3.423
196;199;3.298
196;202;3.644
197;151;3.633
198;194;3.697
199;195;2.999
199;196;3.298
199;202;3.526
200;195;3.825
201;192;2.847
201;1024;3.614
202;195;4.005
202;196;3.644
202;199;3.526
202;233;2.754
202;234;3.593
202;236;3.492
203;206;3.347
204;192;3.218
204;193;4.003
204;195;3.399
204;207;2.998
204;208;3.129
204;212;3.817
205;212;2.949
206;203;3.347
206;212;3.386
206;230;3.476
207;139;3.544
207;204;2.998
207;213;3.526
207;216;3.672
207;217;4.04
207;230;3.149
207;245;3.924
208;140;3.745
208;189;4.011
208;190;3.664
208;193;3.31
208;204;3.129
209;140;3.483
209;189;3.896
209;212;2.784
209;213;2.919
210;136;3.734
210;137;3.754
210;214;2.965
211;215;2.986
212;204;3.817
212;205;2.949
212;206;3.386
212;209;2.784
212;215;3.305
212;216;2.948
213;207;3.526
213;209;2.919
213;216;3.224
213;217;2.922
214;132;3.722
214;136;3.925
214;210;2.965
214;218;2.94
215;211;2.986
215;212;3.305
215;218;3.056
215;219;2.956
215;676;3.724
216;207;3.672
216;212;2.948
216;213;3.224
216;219;3.285
216;220;2.919
217;135;3.583
217;207;4.04
217;213;2.922
217;220;3.894
217;221;2.955
218;214;2.94
218;215;3.056
218;221;3.247
218;222;2.953
218;680;3.435
218;684;3.904
219;215;2.956
219;216;3.285
219;223;2.958
219;224;2.822
219;225;3.876
219;660;3.489
220;216;2.919
220;217;3.894
220;223;3.08
220;226;3.665
220;245;3.838
220;248;3.774
220;249;3.715
221;217;2.955
221;218;3.247
222;218;2.953
222;683;3.655
223;219;2.958
223;220;3.08
223;1332;3.098
223;1334;2.994
224;219;2.822
224;659;3.784
224;660;3.428
225;219;3.876
225;228;3.686
225;229;3.042
225;660;3.653
225;1329;3.663
225;1339;3.879
226;220;3.665
226;230;3.029
226;231;3.16
226;246;3.88
226;249;3.287
226;1325;3.661
226;1328;3.529
226;1329;3.301
227;230;3.484
227;231;3.082
227;232;3.024
227;1325;3.696
227;1329;3.608
227;1364;3.443
227;1365;2.779
227;1366;3.208
228;225;3.686
228;1339;3.601
228;1366;3.323
229;225;3.042
230;206;3.476
230;207;3.149
230;226;3.029
230;227;3.484
230;241;2.781
230;245;3.994
231;226;3.16
231;227;3.082
231;234;2.931
231;242;3.431
231;1325;3.138
231;1363;3.892
231;1364;3.482
232;227;3.024
232;1364;3.504
233;202;2.754
234;202;3.593
234;231;2.931
234;237;2.942
234;241;3.686
235;238;3.026
235;1315;3.981
235;1322;3.678
235;1359;3.465
235;1360;2.876
235;1362;4.032
235;1363;3.476
236;202;3.492
237;234;2.942
237;241;3.012
238;235;3.026
238;241;2.977
238;242;2.957
238;1361;3.769
238;1362;3.772
239;242;3.565
239;243;2.911
239;1359;2.853
239;1361;2.786
240;1244;3.562
240;1247;3.901
240;1248;3.27
240;1361;2.964
241;143;3.516
241;230;2.781
241;234;3.686
241;237;3.012
241;238;2.977
241;244;3.032
241;245;3.399
242;231;3.431
242;238;2.957
242;239;3.565
242;245;3.384
242;246;2.941
242;1325;3.463
242;1362;3.972
242;1363;3.983
243;239;2.911
243;247;2.974
244;138;3.637
244;143;3.703
244;241;3.032
244;247;3.211
244;248;2.989
245;143;3.731
245;207;3.924
245;220;3.838
245;230;3.994
245;241;3.399
245;242;3.384
245;248;3.254
245;249;3.005
246;226;3.88
246;242;2.941
246;249;3.259
246;250;3.001
246;1328;3.965
247;243;2.974
247;244;3.211
247;251;2.933
248;220;3.774
248;244;2.989
248;245;3.254
248;252;2.903
249;220;3.715
249;226;3.287
249;245;3.005
249;246;3.259
249;253;2.942
249;1328;3.406
250;246;3.001
250;254;2.959
250;1328;3.389
251;135;3.574
251;247;2.933
251;255;2.917
252;248;2.903
252;256;2.937
253;249;2.942
253;256;3.449
253;257;2.993
254;250;2.959
254;257;3.383
254;258;2.921
254;1274;3.66
254;1281;3.594
255;128;3.563
255;251;2.917
255;258;3.133
255;259;2.881
256;252;2.937
256;253;3.449
256;259;3.331
256;260;2.967
257;253;2.993
257;254;3.383
257;260;3.947
257;261;2.984
257;1392;3.738
258;254;2.921
258;255;3.133
258;261;3.626
258;262;2.9
258;1270;3.197
258;1273;3.768
259;124;3.883
259;255;2.881
259;256;3.331
259;262;3.151
259;263;2.949
259;691;3.987
260;256;2.967
260;257;3.947
260;264;3.139
260;691;3.675
260;694;3.724
260;1389;3.435
261;257;2.984
261;258;3.626
261;264;3.489
261;265;2.929
261;1392;3.998
261;1393;3.919
261;1396;3.48
262;258;2.9
262;259;3.151
262;266;2.929
263;121;4.026
263;259;2.949
263;266;3.28
263;267;3.094
263;695;3.785
264;260;3.139
264;261;3.489
264;267;3.296
264;268;3.079
264;694;3.638
264;695;3.969
264;698;3.452
264;1393;3.491
265;261;2.929
265;269;2.902
265;1397;3.824
266;116;3.852
266;120;3.827
266;262;2.929
266;263;3.28
266;269;3.476
266;270;2.996
267;263;3.094
267;264;3.296
267;270;3.489
267;271;3.073
267;695;3.717
268;264;3.079
268;271;3.456
268;272;2.908
268;702;3.928
268;1115;6.499
268;1397;3.604
269;120;2.658
269;265;2.902
269;266;3.476
269;272;3.034
269;273;3.639
270;119;2.76
270;120;2.807
270;266;2.996
270;267;3.489
270;280;2.883
271;267;3.073
271;268;3.456
271;279;3.979
271;280;3.227
271;281;2.993
272;268;2.908
272;269;3.034
272;279;3.473
272;281;3.438
272;283;3.015
273;269;3.639
273;278;2.822
273;279;2.827
274;710;3.655
275;277;3.761
276;283;3.501
276;285;3.693
276;712;3.885
277;275;3.761
278;273;2.822
279;271;3.979
279;272;3.473
279;273;2.827
280;270;2.883
280;271;3.227
281;271;2.993
281;272;3.438
281;283;3.685
282;284;3.023
283;272;3.015
283;276;3.501
283;281;3.685
283;285;2.999
284;282;3.023
284;287;3.081
285;276;3.693
285;283;2.999
285;290;3.063
285;709;3.944
285;713;3.606
286;288;2.919
286;290;3.479
286;291;3.496
286;294;3.684
287;284;3.081
288;286;2.919
288;291;2.971
289;292;3.166
289;300;2.75
289;301;2.782
289;302;3.72
289;305;3.98
289;716;2.811
290;285;3.063
290;286;3.479
290;293;2.962
290;294;3.002
290;713;2.614
290;714;4.003
291;286;3.496
291;288;2.971
291;294;3.037
292;289;3.166
292;304;3.5
293;290;2.962
293;298;3.759
293;299;2.885
293;300;2.721
293;302;2.801
294;286;3.684
294;290;3.002
294;291;3.037
294;714;2.822
295;298;3.626
296;729;3.901
297;738;2.807
298;293;3.759
298;295;3.626
298;738;3.291
299;293;2.885
300;289;2.75
300;293;2.721
300;714;3.865
300;716;3.788
300;717;3.648
301;289;2.782
301;717;3.062
302;289;3.72
302;293;2.801
303;306;3.307
303;319;2.704
304;292;3.5
305;289;3.98
306;303;3.307
307;705;2.825
307;706;3.87
307;1113;3.626
307;1116;3.595
308;1113;3.392
308;1116;3.656
309;317;3.283
310;317;3.838
311;315;2.626
312;988;3.658
313;984;3.656
314;315;3.805
315;311;2.626
315;314;3.805
316;322;3.854
317;309;3.283
317;310;3.838
317;320;3.19
318;323;4.027
319;303;2.704
320;317;3.19
320;327;2.797
321;324;2.999
321;327;3.993
322;316;3.854
323;318;4.027
324;321;2.999
324;327;3.868
324;334;3.864
325;333;3.068
325;335;3.995
326;328;3.015
327;320;2.797
327;321;3.993
327;324;3.868
328;326;3.015
329;333;2.827
329;335;2.792
329;337;2.721
330;333;2.979
331;338;3.34
332;335;3.023
332;336;2.824
332;338;2.686
333;325;3.068
333;329;2.827
333;330;2.979
334;324;3.864
335;325;3.995
335;329;2.792
335;332;3.023
336;332;2.824
337;329;2.721
337;339;2.962
338;331;3.34
338;332;2.686
339;337;2.962
340;341;2.752
341;340;2.752
342;454;2.793
342;455;3.72
343;448;3.146
343;451;3.942
344;448;2.917
345;448;2.784
346;448;2.659
347;352;2.836
348;350;2.943
348;351;3.801
348;352;3.838
349;353;3.461
350;348;2.943
351;348;3.801
351;358;3.651
352;347;2.836
352;348;3.838
352;356;3.74
352;357;3.827
353;349;3.461
353;358;3.925
354;356;3.029
355;444;3.87
356;352;3.74
356;354;3.029
356;446;2.943
356;447;3.376
356;449;2.647
357;352;3.827
358;351;3.651
358;353;3.925
359;364;3.734
359;365;3.015
360;363;2.856
360;364;3.257
360;365;3.002
361;365;3.91
361;366;2.943
362;375;3.909
363;360;2.856
364;359;3.734
364;360;3.257
365;359;3.015
365;360;3.002
365;361;3.91
366;361;2.943
366;368;2.907
367;371;3.68
368;366;2.907
368;371;2.994
369;372;2.954
370;373;3.001
370;374;2.998
370;376;3.618
370;377;2.835
370;378;4.022
371;367;3.68
371;368;2.994
372;369;2.954
373;370;3.001
374;370;2.998
374;377;3.746
375;362;3.909
376;370;3.618
377;370;2.835
377;374;3.746
378;370;4.022
379;381;3.243
380;384;3.641
380;387;3.634
380;399;3.956
381;379;3.243
382;384;4.039
383;400;3.08
384;380;3.641
384;382;4.039
384;400;3.056
385;399;3.934
385;401;2.742
385;406;3.433
386;389;2.966
387;380;3.634
387;391;4.029
388;390;3.022
388;391;3.345
388;392;2.802
388;395;2.807
389;386;2.966
390;388;3.022
391;387;4.029
391;388;3.345
392;388;2.802
392;395;3.551
392;396;2.822
393;395;3.055
394;397;2.914
395;388;2.807
395;392;3.551
395;393;3.055
396;392;2.822
397;394;2.914
398;402;3.665
398;403;3.456
399;380;3.956
399;385;3.934
399;402;2.956
400;383;3.08
400;384;3.056
401;385;2.742
401;404;2.946
401;405;3.048
401;406;3.916
402;398;3.665
402;399;2.956
403;398;3.456
404;401;2.946
405;401;3.048
406;385;3.433
406;401;3.916
407;408;3.332
408;407;3.332
409;410;2.771
410;409;2.771
411;412;2.787
411;418;3.667
412;411;2.787
412;417;2.983
413;416;2.795
413;417;3.799
414;417;3.791
415;417;2.979
416;413;2.795
417;412;2.983
417;413;3.799
417;414;3.791
417;415;2.979
418;411;3.667
418;419;3.141
419;418;3.141
420;422;2.883
421;423;2.965
422;420;2.883
423;421;2.965
423;424;3.026
424;423;3.026
425;427;3.936
426;451;2.683
427;425;3.936
428;429;3.52
429;428;3.52
429;431;2.883
430;433;3.141
431;429;2.883
432;434;2.995
432;438;3.633
433;430;3.141
434;432;2.995
434;438;3.754
435;436;4.032
436;435;4.032
437;443;3.777
438;432;3.633
438;434;3.754
438;439;2.96
439;438;2.96
439;442;2.988
439;443;3.075
440;443;2.909
441;444;3.687
442;439;2.988
443;437;3.777
443;439;3.075
443;440;2.909
444;355;3.87
444;441;3.687
445;449;3.871
446;356;2.943
447;356;3.376
448;343;3.146
448;344;2.917
448;345;2.784
448;346;2.659
449;356;2.647
449;445;3.871
450;453;3.531
451;343;3.942
451;426;2.683
452;460;2.952
453;450;3.531
454;342;2.793
454;460;3.7
455;342;3.72
456;459;3.015
457;460;3.004
457;461;3.213
457;462;3.921
458;463;3.879
458;464;3.589
459;456;3.015
460;452;2.952
460;454;3.7
460;457;3.004
461;457;3.213
462;457;3.921
463;458;3.879
464;458;3.589
465;466;3.3
466;465;3.3
467;469;2.722
468;470;3.22
469;467;2.722
470;468;3.22
470;472;2.993
470;474;3.182
470;475;3.905
470;477;2.975
470;478;2.78
471;473;3.794
471;474;3.601
471;531;3.326
471;532;2.772
472;470;2.993
473;471;3.794
473;528;3.68
473;531;3.518
473;532;4.03
474;470;3.182
474;471;3.601
474;477;2.969
474;478;3.106
475;470;3.905
475;478;2.991
476;528;3.653
477;470;2.975
477;474;2.969
478;470;2.78
478;474;3.106
478;475;2.991
478;481;2.984
478;482;3.171
479;483;2.955
480;484;2.964
481;478;2.984
481;484;3.22
481;485;3.015
482;478;3.171
482;485;3.426
482;486;2.926
482;580;2.686
482;581;4.026
483;479;2.955
483;486;3.209
483;487;2.973
484;480;2.964
484;481;3.22
484;488;3.052
485;481;3.015
485;482;3.426
485;488;3.294
485;489;2.976
485;521;4.005
485;525;3.82
485;577;3.942
486;482;2.926
486;483;3.209
486;489;3.008
486;490;3.09
486;581;2.742
486;582;3.611
487;483;2.973
487;490;3.473
487;491;3.009
488;484;3.052
488;485;3.294
488;492;2.988
488;518;3.654
489;485;2.976
489;486;3.008
489;492;3.078
489;493;3.083
489;522;3.319
489;575;3.867
489;577;3.892
489;578;3.847
490;486;3.09
490;487;3.473
490;493;3.139
490;494;3.456
490;578;3.813
491;487;3.009
491;494;3.309
491;495;3.018
492;488;2.988
492;489;3.078
492;495;3.251
492;496;2.992
492;518;3.171
492;574;3.046
493;489;3.083
493;490;3.139
493;497;3.05
493;575;3.643
493;1002;3.976
494;490;3.456
494;491;3.309
494;497;3.344
494;498;2.977
495;491;3.018
495;492;3.251
495;498;3.129
495;499;2.955
495;511;3.534
496;492;2.992
496;499;3.026
496;572;4.032
496;574;3.8
496;575;3.63
496;1006;4.005
497;493;3.05
497;494;3.344
498;494;2.977
498;495;3.129
498;511;3.799
499;495;2.955
499;496;3.026
499;504;2.899
499;511;4.012
499;515;3.49
500;504;2.969
500;1047;3.248
500;1048;3.074
501;504;3.605
501;505;2.808
502;505;2.959
502;506;3.019
503;507;3.016
504;499;2.899
504;500;2.969
504;501;3.605
504;508;2.793
505;501;2.808
505;502;2.959
505;508;2.751
506;502;3.019
507;503;3.016
507;510;3.045
507;511;2.937
508;504;2.793
508;505;2.751
508;512;2.965
509;512;3.29
509;513;3.032
510;507;3.045
510;513;3.929
510;514;2.965
511;495;3.534
511;498;3.799
511;499;4.012
511;507;2.937
511;514;3.377
511;515;2.924
512;508;2.965
512;509;3.29
512;515;3.358
512;516;3.037
513;509;3.032
513;510;3.929
513;517;2.956
514;510;2.965
514;511;3.377
514;518;2.974
515;499;3.49
515;511;2.924
515;512;3.358
515;518;3.397
515;519;3.093
515;574;3.264
516;512;3.037
516;519;3.287
516;520;3.007
516;558;3.814
516;559;3.402
517;513;2.956
517;520;3.013
517;521;3.089
518;488;3.654
518;492;3.171
518;514;2.974
518;515;3.397
518;521;3.07
518;522;3.378
519;515;3.093
519;516;3.287
519;522;2.976
519;554;2.803
519;555;3.783
519;558;3.828
519;559;4.037
520;516;3.007
520;517;3.013
520;523;2.869
521;485;4.005
521;517;3.089
521;518;3.07
521;524;3.052
521;525;3.233
522;489;3.319
522;518;3.378
522;519;2.976
522;526;2.981
522;551;3.682
522;555;3.937
522;577;3.444
523;520;2.869
523;526;3.426
523;527;3.029
523;555;3.478
524;521;3.052
524;528;3.058
525;485;3.82
525;521;3.233
525;528;3.431
525;529;2.947
525;577;2.749
525;580;2.714
526;522;2.981
526;523;3.426
526;530;2.98
526;551;3.712
527;523;3.029
527;530;3.218
527;531;3.087
528;473;3.68
528;476;3.653
528;524;3.058
528;525;3.431
528;532;2.984
529;525;2.947
529;532;3.029
529;533;3.028
529;537;2.684
529;538;3.625
529;544;2.777
530;526;2.98
530;527;3.218
530;538;3.705
530;539;3.965
531;471;3.326
531;473;3.518
531;527;3.087
532;471;2.772
532;473;4.03
532;528;2.984
532;529;3.029
533;529;3.028
533;537;3.756
534;537;2.91
534;538;2.928
535;539;2.981
536;540;2.839
537;529;2.684
537;533;3.756
537;534;2.91
537;540;3.068
537;541;2.919
538;529;3.625
538;530;3.705
538;534;2.928
538;544;3.182
538;548;2.955
539;530;3.965
539;535;2.981
540;536;2.839
540;537;3.068
541;537;2.919
541;544;2.957
541;545;3.046
542;545;3.964
542;546;3.014
543;546;4.007
543;547;2.998
543;585;2.977
543;588;3.882
544;529;2.777
544;538;3.182
544;541;2.957
544;547;3.473
544;548;2.957
545;541;3.046
545;542;3.964
545;548;3.395
545;549;2.982
546;542;3.014
546;543;4.007
546;549;3.41
546;550;3.025
546;576;3.989
547;543;2.998
547;544;3.473
547;550;3.213
547;551;2.908
547;577;2.644
547;580;3.858
548;538;2.955
548;544;2.957
548;545;3.395
548;552;3.008
549;545;2.982
549;546;3.41
549;552;3.199
549;553;3.086
550;546;3.025
550;547;3.213
550;554;3.028
551;522;3.682
551;526;3.712
551;547;2.908
551;555;2.929
551;577;3.76
552;548;3.008
552;549;3.199
552;556;2.993
553;549;3.086
553;557;3.195
553;570;3.576
554;519;2.803
554;550;3.028
554;558;3.44
554;574;3.024
555;519;3.783
555;522;3.937
555;523;3.478
555;551;2.929
555;558;3.127
555;559;2.917
556;552;2.993
556;559;3.3
556;560;3.041
557;553;3.195
557;561;2.996
557;562;3.058
557;571;3.869
558;516;3.814
558;519;3.828
558;554;3.44
558;555;3.127
558;562;3.761
558;571;3.947
559;516;3.402
559;519;4.037
559;555;2.917
559;556;3.3
560;556;3.041
561;557;2.996
561;563;2.946
562;557;3.058
562;558;3.761
562;568;2.84
563;561;2.946
563;568;3.282
564;567;2.788
565;568;3.242
565;569;2.933
566;569;3.271
566;570;2.957
566;1087;3.898
567;564;2.788
567;570;3.072
567;571;3.082
568;562;2.84
568;563;3.282
568;565;3.242
568;571;2.95
569;565;2.933
569;566;3.271
569;572;2.985
569;1010;3.129
570;553;3.576
570;566;2.957
570;567;3.072
570;573;2.977
571;557;3.869
571;558;3.947
571;567;3.082
571;568;2.95
571;574;3.081
572;496;4.032
572;569;2.985
572;575;3.179
572;1006;3.705
572;1007;3.909
573;570;2.977
573;576;2.898
573;1003;3.893
574;492;3.046
574;496;3.8
574;515;3.264
574;554;3.024
574;571;3.081
574;577;2.947
575;489;3.867
575;493;3.643
575;496;3.63
575;572;3.179
575;578;2.927
575;999;3.831
575;1003;3.52
576;546;3.989
576;573;2.898
576;579;2.794
576;1000;3.395
576;1003;3.467
577;485;3.942
577;489;3.892
577;522;3.444
577;525;2.749
577;547;2.644
577;551;3.76
577;574;2.947
577;580;2.973
578;489;3.847
578;490;3.813
578;575;2.927
578;581;2.976
578;582;2.95
578;584;3.863
578;999;3.588
579;576;2.794
579;584;4.031
580;482;2.686
580;525;2.714
580;547;3.858
580;577;2.973
581;482;4.026
581;486;2.742
581;578;2.976
582;486;3.611
582;578;2.95
582;584;3.943
582;585;3.028
583;586;3.028
583;587;2.92
583;992;3.147
584;578;3.863
584;579;4.031
584;582;3.943
584;587;3.206
584;588;3.013
584;996;3.484
585;543;2.977
585;582;3.028
585;588;3.853
585;589;3.054
586;583;3.028
586;590;2.989
587;583;2.92
587;584;3.206
587;590;3.247
587;591;2.942
587;996;3.6
588;543;3.882
588;584;3.013
588;585;3.853
588;592;3.047
589;585;3.054
589;593;2.786
590;586;2.989
590;587;3.247
590;593;3.266
590;594;2.932
590;1105;3.747
591;587;2.942
591;594;3.186
591;595;3.078
591;1101;3.613
592;588;3.047
592;595;2.999
593;589;2.786
593;590;3.266
593;596;2.99
594;590;2.932
594;591;3.186
594;597;3.068
594;598;3.085
594;697;3.822
594;1101;3.498
594;1105;3.497
595;591;3.078
595;592;2.999
595;599;2.981
595;1101;3.889
596;593;2.99
596;599;3.03
597;594;3.068
597;697;3.986
598;594;3.085
598;601;3.253
598;602;2.876
598;693;3.572
598;1101;3.843
599;595;2.981
599;596;3.03
599;603;3.05
600;106;3.439
600;110;3.335
600;603;3.211
600;604;3.298
601;110;3.983
601;598;3.253
601;604;3.06
601;605;3.025
601;692;3.541
601;693;3.815
602;598;2.876
602;606;2.934
603;599;3.05
603;600;3.211
603;606;3.284
603;607;3.054
604;107;3.676
604;600;3.298
604;601;3.06
604;607;3.477
604;608;3.034
605;601;3.025
605;608;3.475
605;609;2.961
605;656;3.942
605;689;4.034
606;602;2.934
606;603;3.284
606;610;2.975
607;100;3.528
607;603;3.054
607;604;3.477
607;610;3.298
607;611;3.001
608;604;3.034
608;605;3.475
608;611;3.331
608;612;2.956
608;685;3.733
609;605;2.961
609;612;3.465
609;613;2.926
609;649;3.503
609;652;3.832
610;19;3.489
610;23;3.75
610;606;2.975
610;607;3.298
610;613;3.31
610;614;3.002
610;645;3.477
611;94;3.943
611;98;3.939
611;607;3.001
611;608;3.331
611;614;3.242
611;615;2.993
612;608;2.956
612;609;3.465
612;616;2.956
612;652;3.858
612;681;3.953
612;682;3.433
613;609;2.926
613;610;3.31
613;616;3.236
613;617;2.994
613;645;3.758
613;648;3.993
613;649;4.035
614;94;3.651
614;610;3.002
614;611;3.242
614;618;3.346
615;94;3.741
615;611;2.993
615;618;3.344
615;619;3.025
616;612;2.956
616;613;3.236
616;620;2.996
616;621;2.82
616;642;3.815
617;25;3.22
617;613;2.994
617;621;3.055
617;622;3.139
617;644;3.944
618;91;3.472
618;614;3.346
618;615;3.344
619;87;3.948
619;91;3.644
619;615;3.025
619;622;2.804
620;616;2.996
620;623;3.01
620;624;3.555
620;638;3.502
620;642;4.135
620;675;3.405
621;616;2.82
621;617;3.055
621;638;3.767
622;617;3.139
622;619;2.804
623;620;3.01
623;635;4.154
623;638;2.992
624;620;3.555
624;636;3.089
624;638;2.969
624;664;3.808
624;665;3.354
624;671;2.777
624;675;3.602
625;634;2.723
625;635;3.478
625;665;3.772
625;666;2.934
626;629;3.023
626;630;2.888
626;631;2.832
626;632;2.763
627;665;4.101
627;666;2.773
627;667;3.667
628;631;3.811
629;626;3.023
630;626;2.888
631;626;2.832
631;628;3.811
631;1035;3.961
632;626;2.763
633;639;3.569
633;640;3.193
634;625;2.723
635;623;4.154
635;625;3.478
635;639;3.5
636;624;3.089
636;639;3.2
636;640;3.141
636;663;2.868
636;664;3.572
637;640;3.033
637;641;2.845
637;662;3.863
638;620;3.502
638;621;3.767
638;623;2.992
638;624;2.969
638;642;3.667
638;664;3.605
639;633;3.569
639;635;3.5
639;636;3.2
639;643;3.524
640;633;3.193
640;636;3.141
640;637;3.033
640;647;3.829
640;1075;3.652
641;637;2.845
641;647;3.354
641;651;3.832
641;1066;3.407
641;1070;3.925
642;616;3.815
642;620;4.135
642;638;3.667
642;647;3.8
642;651;3.66
642;664;4.066
643;639;3.524
643;1079;2.729
644;25;3.659
644;617;3.944
644;647;2.852
644;648;2.952
644;1082;2.887
645;25;3.279
645;610;3.477
645;613;3.758
645;648;3.477
645;649;2.939
646;649;3.168
646;650;2.987
646;1082;3.847
646;1085;3.992
646;1086;3.655
646;1089;3.812
647;640;3.829
647;641;3.354
647;642;3.8
647;644;2.852
647;650;3.361
647;651;2.996
647;1070;2.94
648;613;3.993
648;644;2.952
648;645;3.477
648;652;2.96
649;609;3.503
649;613;4.035
649;645;2.939
649;646;3.168
649;652;3.463
649;653;2.984
650;646;2.987
650;647;3.361
650;653;3.197
650;654;3.03
650;1070;3.924
650;1089;3.681
651;641;3.832
651;642;3.66
651;647;2.996
651;654;3.131
651;655;3.022
651;661;3.768
652;609;3.832
652;612;3.858
652;648;2.96
652;649;3.463
652;655;3.388
652;656;3.003
653;649;2.984
653;650;3.197
653;656;3.066
653;657;3.203
653;1062;3.962
653;1065;3.582
653;1089;3.708
653;1096;3.903
654;650;3.03
654;651;3.131
654;660;2.877
654;1066;3.541
655;651;3.022
655;652;3.388
655;658;2.962
655;679;3.418
655;682;3.557
655;683;3.99
656;605;3.942
656;652;3.003
656;653;3.066
656;686;3.749
657;653;3.203
657;1062;3.471
658;655;2.962
658;679;2.887
658;683;4.012
659;224;3.784
659;1062;3.821
659;1063;2.754
659;1064;2.854
660;219;3.489
660;224;3.428
660;225;3.653
660;654;2.877
660;679;3.841
660;1067;3.854
661;651;3.768
661;664;3.506
661;679;3.25
662;637;3.863
662;1067;3.524
663;636;2.868
663;1023;4.027
664;624;3.808
664;636;3.572
664;638;3.605
664;642;4.066
664;661;3.506
664;672;3.199
664;675;3.464
665;624;3.354
665;625;3.772
665;627;4.101
665;668;3.377
665;672;2.948
666;625;2.934
666;627;2.773
666;672;3.598
667;627;3.667
668;665;3.377
668;671;2.783
668;672;3.058
669;673;2.953
670;673;3.398
670;674;2.996
671;624;2.777
671;668;2.783
671;674;3.203
671;675;3.049
672;664;3.199
672;665;2.948
672;666;3.598
672;668;3.058
672;675;3.054
672;676;2.899
673;669;2.953
673;670;3.398
673;676;3.184
673;677;3.03
674;670;2.996
674;671;3.203
675;620;3.405
675;624;3.602
675;664;3.464
675;671;3.049
675;672;3.054
675;678;3.003
675;679;2.934
676;215;3.724
676;672;2.899
676;673;3.184
676;679;3.309
676;680;2.967
677;673;3.03
677;680;3.431
677;681;3.006
678;675;3.003
678;681;3.371
678;682;2.969
679;655;3.418
679;658;2.887
679;660;3.841
679;661;3.25
679;675;2.934
679;676;3.309
679;682;3.351
679;683;2.98
680;218;3.435
680;676;2.967
680;677;3.431
680;683;3.454
680;684;2.998
681;612;3.953
681;677;3.006
681;678;3.371
681;684;3.465
681;685;2.993
682;612;3.433
682;655;3.557
682;678;2.969
682;679;3.351
682;686;2.961
683;222;3.655
683;655;3.99
683;658;4.012
683;679;2.98
683;680;3.454
683;687;2.928
684;218;3.904
684;680;2.998
684;681;3.465
684;687;3.405
684;688;3.018
685;608;3.733
685;681;2.993
685;689;2.983
686;656;3.749
686;682;2.961
686;689;3.124
686;690;2.924
687;683;2.928
687;684;3.405
687;690;3.312
687;691;2.994
688;114;3.827
688;684;3.018
688;691;3.449
688;692;3.008
689;605;4.034
689;685;2.983
689;686;3.124
689;692;3.377
689;693;2.925
690;686;2.924
690;687;3.312
690;693;3.145
690;694;3.083
691;259;3.987
691;260;3.675
691;687;2.994
691;688;3.449
691;694;3.419
691;695;3.017
692;601;3.541
692;688;3.008
692;689;3.377
692;695;3.475
692;696;2.888
693;598;3.572
693;601;3.815
693;689;2.925
693;690;3.145
693;696;3.377
693;697;3.142
693;1104;3.397
694;260;3.724
694;264;3.638
694;690;3.083
694;691;3.419
694;697;3.49
694;698;2.943
694;1104;3.613
694;1107;3.774
695;263;3.785
695;264;3.969
695;267;3.717
695;691;3.017
695;692;3.475
695;698;3.449
695;699;2.951
696;692;2.888
696;693;3.377
696;700;3.073
697;594;3.822
697;597;3.986
697;693;3.142
697;694;3.49
697;700;3.288
697;701;3.001
697;1104;3.666
697;1105;3.692
697;1108;3.564
698;264;3.452
698;694;2.943
698;695;3.449
698;702;2.992
698;1111;3.543
699;695;2.951
699;702;3.27
699;703;3.038
700;696;3.073
700;697;3.288
700;703;3.059
700;704;3.121
701;697;3.001
701;704;2.96
701;1108;3.426
701;1112;3.419
702;268;3.928
702;698;2.992
702;699;3.27
702;1112;3.535
702;1115;3.443
703;699;3.038
703;700;3.059
704;700;3.121
704;701;2.96
705;307;2.825
705;1112;3.579
706;307;3.87
707;1115;3.651
708;715;3.706
708;1119;2.855
708;1120;2.778
709;285;3.944
709;715;3.288
709;1119;2.723
709;1122;3.945
710;274;3.655
710;1122;3.824
711;715;3.531
711;716;3.269
711;727;3.181
711;1122;3.519
711;1123;3.004
712;276;3.885
713;285;3.606
713;290;2.614
714;290;4.003
714;294;2.822
714;300;3.865
715;708;3.706
715;709;3.288
715;711;3.531
716;289;2.811
716;300;3.788
716;711;3.269
716;718;3.875
717;300;3.648
717;301;3.062
718;716;3.875
718;727;3.804
719;1124;3.751
720;723;2.891
720;1127;3.758
721;836;3.708
722;838;2.95
722;839;2.882
723;720;2.891
723;726;2.804
724;802;3.712
725;804;3.634
725;812;3.461
726;723;2.804
726;800;2.764
726;802;6.353
726;807;4.006
726;1127;3.915
727;711;3.181
727;718;3.804
727;1125;2.775
728;730;3.16
728;811;3.791
729;296;3.901
729;738;2.798
730;728;3.16
730;738;3.497
731;738;3.809
732;816;3.746
732;818;3.647
732;820;3.744
733;736;2.953
734;815;3.96
735;818;2.707
736;733;2.953
737;739;2.981
737;741;3.585
738;297;2.807
738;298;3.291
738;729;2.798
738;730;3.497
738;731;3.809
739;737;2.981
739;820;2.655
740;744;2.946
740;757;2.918
740;759;2.987
741;737;3.585
742;759;2.863
743;746;3.787
744;740;2.946
745;747;3.41
746;743;3.787
746;757;3.445
747;745;3.41
748;753;3.788
749;751;2.81
750;752;3.086
750;754;3.686
751;749;2.81
752;750;3.086
753;748;3.788
753;758;3.617
754;750;3.686
755;758;2.993
756;769;2.987
757;740;2.918
757;746;3.445
758;753;3.617
758;755;2.993
759;740;2.987
759;742;2.863
759;764;3.18
759;765;3.812
759;769;2.729
760;764;3.979
761;778;2.666
762;775;3.886
763;775;2.963
763;777;2.786
764;759;3.18
764;760;3.979
765;759;3.812
765;768;3.703
766;768;3.02
767;772;2.784
768;765;3.703
768;766;3.02
769;756;2.987
769;759;2.729
770;773;3.863
770;775;3.001
771;774;2.881
772;767;2.784
773;770;3.863
774;771;2.881
774;776;4.02
775;762;3.886
775;763;2.963
775;770;3.001
775;777;2.784
776;774;4.02
777;763;2.786
777;775;2.784
778;761;2.666
779;783;3.866
780;783;3.647
780;784;3.294
781;782;2.961
782;781;2.961
783;779;3.866
783;780;3.647
784;780;3.294
785;791;3.82
786;791;3.595
787;790;3.781
787;791;3.045
788;795;2.808
789;794;2.925
790;787;3.781
790;793;3.277
791;785;3.82
791;786;3.595
791;787;3.045
792;797;2.834
793;790;3.277
793;796;2.967
794;789;2.925
794;799;2.809
795;788;2.808
796;793;2.967
797;792;2.834
798;806;3.914
798;807;2.813
799;794;2.809
799;805;3.695
800;726;2.764
800;805;3.504
801;803;2.694
802;724;3.712
802;726;6.353
802;805;3.482
803;801;2.694
804;725;3.634
804;812;3.793
804;813;3.589
805;799;3.695
805;800;3.504
805;802;3.482
806;798;3.914
806;808;3.453
806;809;3.126
806;810;3.498
807;726;4.006
807;798;2.813
808;806;3.453
809;806;3.126
809;814;2.834
810;806;3.498
810;815;3.317
811;728;3.791
812;725;3.461
812;804;3.793
812;816;3.278
813;804;3.589
814;809;2.834
815;734;3.96
815;810;3.317
816;732;3.746
816;812;3.278
817;820;3.634
818;732;3.647
818;735;2.707
818;820;3.725
819;821;2.83
820;732;3.744
820;739;2.655
820;817;3.634
820;818;3.725
821;819;2.83
821;823;3.808
822;823;3.673
823;821;3.808
823;822;3.673
824;826;3.741
825;827;3.689
825;832;3.305
826;824;3.741
827;825;3.689
827;832;2.861
828;831;3.591
829;831;3.031
830;833;3.021
831;828;3.591
831;829;3.031
832;825;3.305
832;827;2.861
832;835;3.261
833;830;3.021
833;834;3.003
833;835;2.828
834;833;3.003
835;832;3.261
835;833;2.828
836;721;3.708
836;838;3.025
837;846;4.05
837;849;3.818
838;722;2.95
838;836;3.025
838;841;3.925
839;722;2.882
840;844;3.783
841;838;3.925
842;845;2.96
843;847;2.645
843;920;2.728
844;840;3.783
845;842;2.96
846;837;4.05
846;848;3.026
846;850;2.804
846;851;2.856
847;843;2.645
848;846;3.026
848;850;3.079
849;837;3.818
850;846;2.804
850;848;3.079
851;846;2.856
852;854;3.921
852;855;3.371
853;856;2.794
854;852;3.921
855;852;3.371
855;859;3.374
856;853;2.794
856;859;2.721
856;915;2.881
856;916;2.801
857;860;3.046
858;863;3.805
858;909;3.999
858;912;3.429
858;913;3.648
859;855;3.374
859;856;2.721
860;857;3.046
860;863;2.931
860;864;2.96
861;865;3.054
862;865;3.343
862;866;2.892
863;858;3.805
863;860;2.931
863;866;3.273
863;867;2.977
864;860;2.96
864;867;3.423
864;868;3.2
864;972;3.132
865;861;3.054
865;862;3.343
865;868;3.448
865;869;3.021
866;862;2.892
866;863;3.273
866;869;3.29
866;870;2.928
867;863;2.977
867;864;3.423
867;870;3.419
867;871;2.969
867;906;3.782
867;909;3.753
868;864;3.2
868;865;3.448
868;871;3.355
868;872;2.951
868;972;3.435
869;865;3.021
869;866;3.29
869;872;3.218
869;873;2.981
870;866;2.928
870;867;3.419
870;874;2.962
870;906;3.983
871;867;2.969
871;868;3.355
871;875;2.894
871;902;3.964
871;906;3.385
871;965;3.707
871;969;3.782
872;868;2.951
872;869;3.218
872;875;3.179
872;876;2.986
873;869;2.981
873;876;3.104
873;877;3.007
874;870;2.962
874;877;3.42
874;878;2.956
874;965;3.605
875;871;2.894
875;872;3.179
875;879;2.997
876;872;2.986
876;873;3.104
876;879;3.387
876;880;2.955
877;873;3.007
877;874;3.42
877;880;2.994
877;881;3.252
878;874;2.956
878;963;3.935
879;875;2.997
879;876;3.387
879;883;3.656
879;1297;3.874
880;876;2.955
880;877;2.994
880;883;3.078
880;884;3.029
880;887;3.504
880;891;3.836
881;877;3.252
881;888;2.77
881;956;2.684
882;885;3.312
882;888;2.668
882;1300;3.34
882;1354;3.067
883;879;3.656
883;880;3.078
883;1320;3.762
884;880;3.029
884;887;2.956
884;888;3.024
885;882;3.312
885;888;3.18
885;889;3.002
885;1355;4.029
886;889;2.643
887;880;3.504
887;884;2.956
887;890;3.304
887;891;2.957
888;881;2.77
888;882;2.668
888;884;3.024
888;885;3.18
888;892;3.017
888;1353;3.868
889;885;3.002
889;886;2.643
889;1355;3.49
890;887;3.304
891;880;3.836
891;887;2.957
891;894;3.108
891;895;3.027
892;888;3.017
892;896;2.752
893;897;3.02
894;891;3.108
894;897;3.382
894;898;2.993
895;891;3.027
895;898;2.992
895;899;3.279
896;892;2.752
896;899;3.0
896;900;3.034
896;956;2.887
896;959;3.839
897;893;3.02
897;894;3.382
897;900;2.927
897;901;2.95
898;894;2.993
898;895;2.992
898;902;2.923
899;895;3.279
899;896;3.0
899;903;3.005
899;962;3.863
900;896;3.034
900;897;2.927
900;903;3.395
900;904;3.039
901;897;2.95
901;905;2.976
902;871;3.964
902;898;2.923
902;905;3.284
902;906;2.944
902;962;4.031
902;965;3.559
903;899;3.005
903;900;3.395
903;907;2.981
903;962;3.906
904;900;3.039
904;908;3.031
905;901;2.976
905;902;3.284
905;909;2.94
906;867;3.782
906;870;3.983
906;871;3.385
906;902;2.944
906;910;3.006
906;968;3.692
907;903;2.981
907;910;3.219
907;911;2.957
907;935;3.897
907;939;3.699
908;904;3.031
908;911;3.426
908;912;2.946
909;858;3.999
909;867;3.753
909;905;2.94
909;913;2.738
909;968;3.614
910;906;3.006
910;907;3.219
910;914;2.953
910;932;3.859
911;907;2.957
911;908;3.426
911;914;3.423
911;915;3.0
912;858;3.429
912;908;2.946
912;915;4.017
912;916;2.967
913;858;3.648
913;909;2.738
913;916;3.419
913;917;3.055
913;922;3.752
913;928;4.044
913;931;2.686
914;910;2.953
914;911;3.423
914;917;3.015
914;918;2.919
914;919;3.778
914;922;6.222
914;923;3.685
915;856;2.881
915;911;3.0
915;912;4.017
916;856;2.801
916;912;2.967
916;913;3.419
917;913;3.055
917;914;3.015
917;921;2.889
917;922;4.031
917;925;3.742
917;928;3.62
918;914;2.919
918;921;2.979
918;922;2.985
919;914;3.778
919;922;3.458
919;923;3.026
920;843;2.728
920;923;3.036
920;924;2.882
921;917;2.889
921;918;2.979
922;913;3.752
922;914;6.222
922;917;4.031
922;918;2.985
922;919;3.458
922;925;3.038
922;928;3.756
922;932;3.838
923;914;3.685
923;919;3.026
923;920;3.036
923;929;3.769
923;932;3.798
924;920;2.882
925;917;3.742
925;922;3.038
925;928;3.088
925;929;2.924
926;930;2.985
927;930;3.411
927;931;3.001
927;971;3.253
927;977;4.024
927;980;3.922
928;913;4.044
928;917;3.62
928;922;3.756
928;925;3.088
928;931;3.213
928;932;2.982
929;923;3.769
929;925;2.924
929;932;6.362
929;933;2.955
930;926;2.985
930;927;3.411
930;933;3.295
931;913;2.686
931;927;3.001
931;928;3.213
931;968;2.966
931;971;2.803
932;910;3.859
932;922;3.838
932;923;3.798
932;928;2.982
932;929;6.362
932;935;3.022
932;936;2.958
933;929;2.955
933;930;3.295
933;937;3.029
934;964;3.986
934;968;3.737
935;907;3.897
935;932;3.022
935;938;3.243
935;939;3.096
936;932;2.958
936;939;2.85
936;940;2.908
937;933;3.029
937;941;2.974
937;961;3.704
938;935;3.243
938;941;3.884
938;942;3.063
938;962;2.889
939;907;3.699
939;935;3.096
939;936;2.85
939;942;3.341
939;943;2.982
940;936;2.908
940;943;3.165
940;944;2.994
941;937;2.974
941;938;3.884
941;944;3.336
941;945;2.971
942;938;3.063
942;939;3.341
942;945;3.336
942;946;2.989
942;955;3.754
943;939;2.982
943;940;3.165
943;946;3.317
943;947;2.967
944;940;2.994
944;941;3.336
944;947;3.266
944;948;2.986
945;941;2.971
945;942;3.336
945;950;3.03
945;954;3.296
945;955;3.352
945;958;3.637
946;942;2.989
946;943;3.317
946;949;2.995
947;943;2.967
947;944;3.266
948;944;2.986
949;946;2.995
950;945;3.03
951;954;3.799
951;955;3.193
952;955;3.479
952;956;3.005
953;956;2.729
953;957;3.238
954;945;3.296
954;951;3.799
954;958;2.996
955;942;3.754
955;945;3.352
