source;destination;distance
0;3;2.792
1;47;3.61
2;7;3.578
2;48;3.677
3;0;2.792
4;7;3.282
4;8;2.973
5;9;2.976
6;10;2.974
7;2;3.578
7;4;3.282
7;10;3.114
7;11;2.969
7;43;4.001
7;47;3.728
8;4;2.973
8;11;3.355
8;12;2.969
9;5;2.976
9;13;2.93
10;6;2.974
10;7;3.114
10;14;2.948
11;7;2.969
11;8;3.355
11;14;3.435
11;15;3.002
11;44;3.607
12;8;2.969
12;16;2.972
12;104;4.034
13;9;2.93
13;16;3.381
13;17;2.938
14;10;2.948
14;11;3.435
14;18;3.008
14;37;3.627
14;40;4.021
15;11;3.002
15;19;2.987
15;37;3.757
15;99;3.965
15;100;3.542
16;12;2.972
16;13;3.381
16;19;3.137
16;20;3.088
17;13;2.938
17;20;3.324
17;21;2.985
18;14;3.008
18;22;2.962
18;37;3.162
18;96;3.626
19;15;2.987
19;16;3.137
19;22;3.161
19;97;3.482
19;597;3.508
20;16;3.088
20;17;3.324
21;17;2.985
21;24;2.985
21;30;3.607
21;33;3.406
22;18;2.962
22;19;3.161
22;93;4.025
23;597;3.713
24;21;2.985
24;27;4.017
25;604;3.263
25;631;3.684
25;632;3.241
26;30;3.826
27;24;4.017
27;30;2.85
28;31;2.727
28;32;3.023
29;32;3.302
29;33;2.972
30;21;3.607
30;26;3.826
30;27;2.85
30;33;3.4
30;34;2.994
31;28;2.727
31;34;3.491
31;35;2.999
32;28;3.023
32;29;3.302
32;36;2.989
33;21;3.406
33;29;2.972
33;30;3.4
33;36;3.224
33;37;2.941
34;30;2.994
34;31;3.491
34;37;3.386
34;38;2.939
34;93;2.799
34;96;3.139
35;31;2.999
35;38;3.306
35;39;2.956
35;81;3.947
36;32;2.989
36;33;3.224
36;39;3.359
36;40;3.007
37;14;3.627
37;15;3.757
37;18;3.162
37;33;2.941
37;34;3.386
37;40;2.978
37;41;2.858
37;96;3.459
38;34;2.939
38;35;3.306
38;41;4.001
38;42;2.982
38;80;2.754
39;35;2.956
39;36;3.359
39;42;3.21
39;43;2.978
40;14;4.021
40;36;3.007
40;37;2.978
40;43;3.492
40;44;2.912
41;37;2.858
41;38;4.001
41;45;2.956
41;73;3.453
41;99;3.508
42;38;2.982
42;39;3.21
42;45;3.253
42;46;2.967
43;7;4.001
43;39;2.978
43;40;3.492
43;46;3.389
43;47;3.06
44;11;3.607
44;40;2.912
44;47;3.267
44;48;2.811
44;99;2.646
45;41;2.956
45;42;3.253
45;49;2.987
45;56;3.998
45;73;3.928
46;42;2.967
46;43;3.389
46;50;3.076
46;51;3.909
47;1;3.61
47;7;3.728
47;43;3.06
47;44;3.267
48;2;3.677
48;44;2.811
48;66;3.213
48;69;2.664
49;45;2.987
49;56;3.992
49;59;3.851
49;66;3.696
50;46;3.076
50;53;3.331
50;55;3.649
51;46;3.909
52;55;3.579
52;58;3.525
53;50;3.331
53;56;2.993
54;57;2.982
55;50;3.649
55;52;3.579
55;58;2.996
56;45;3.998
56;49;3.992
56;53;2.993
56;59;3.036
56;70;3.919
57;54;2.982
57;60;3.012
58;52;3.525
58;55;2.996
58;61;3.058
59;49;3.851
59;56;3.036
59;62;2.969
59;63;3.819
59;66;3.523
59;67;3.978
59;70;3.68
60;57;3.012
61;58;3.058
62;59;2.969
63;59;3.819
63;66;3.44
63;67;2.921
64;67;3.45
64;68;3.045
65;68;3.012
65;69;3.055
65;102;3.48
65;108;3.233
65;111;3.77
66;48;3.213
66;49;3.696
66;59;3.523
66;63;3.44
66;69;3.777
66;70;2.985
67;59;3.978
67;63;2.921
67;64;3.45
67;70;3.405
67;71;2.944
68;64;3.045
68;65;3.012
68;72;3.005
68;101;3.903
69;48;2.664
69;65;3.055
69;66;3.777
69;72;3.47
69;73;2.937
69;99;3.164
69;102;2.739
70;56;3.919
70;59;3.68
70;66;2.985
70;67;3.405
70;73;3.193
70;74;2.977
71;67;2.944
71;74;3.417
71;75;2.986
72;68;3.005
72;69;3.47
72;76;2.933
72;95;3.516
73;41;3.453
73;45;3.928
73;69;2.937
73;70;3.193
73;76;3.445
73;77;2.903
74;70;2.977
74;71;3.417
74;77;3.375
74;78;3.008
75;71;2.986
75;79;2.99
75;89;3.545
75;92;3.291
76;72;2.933
76;73;3.445
76;79;2.996
76;80;2.865
77;73;2.903
77;74;3.375
77;81;2.973
78;74;3.008
78;82;3.002
79;75;2.99
79;76;2.996
79;83;3.971
79;89;2.747
80;38;2.754
80;76;2.865
80;96;3.589
81;35;3.947
81;77;2.973
82;78;3.002
82;84;2.987
83;79;3.971
83;90;2.883
83;93;3.583
84;82;2.987
85;89;3.684
86;89;3.133
87;90;2.872
87;91;3.178
87;606;3.885
88;91;3.141
89;75;3.545
89;79;2.747
89;85;3.684
89;86;3.133
89;92;2.994
90;83;2.883
90;87;2.872
91;87;3.178
91;88;3.141
91;94;3.014
91;605;3.441
91;606;3.87
92;75;3.291
92;89;2.994
92;95;2.867
93;22;4.025
93;34;2.799
93;83;3.583
93;96;2.918
94;91;3.014
94;97;2.875
94;598;3.956
94;601;3.627
94;602;3.68
95;72;3.516
95;92;2.867
95;98;3.832
95;99;3.005
96;18;3.626
96;34;3.139
96;37;3.459
96;80;3.589
96;93;2.918
96;99;3.216
97;19;3.482
97;94;2.875
97;100;2.999
98;95;3.832
98;101;2.907
98;598;3.947
99;15;3.965
99;41;3.508
99;44;2.646
99;69;3.164
99;95;3.005
99;96;3.216
99;102;2.947
100;15;3.542
100;97;2.999
100;103;2.989
100;104;3.0
100;107;3.614
100;594;3.528
101;68;3.903
101;98;2.907
101;111;3.881
102;65;3.48
102;69;2.739
102;99;2.947
102;108;2.814
103;100;2.989
104;12;4.034
104;100;3.0
104;107;3.097
104;108;2.995
105;108;3.343
105;109;2.946
106;110;3.131
106;587;3.435
107;100;3.614
107;104;3.097
107;110;3.418
107;111;2.998
107;591;3.714
108;65;3.233
108;102;2.814
108;104;2.995
108;105;3.343
108;111;3.475
108;112;2.973
109;105;2.946
109;112;3.236
109;113;3.034
110;106;3.131
110;107;3.418
110;113;3.076
110;114;2.998
110;587;3.344
110;588;3.984
111;65;3.77
111;101;3.881
111;107;2.998
111;108;3.475
111;114;3.248
111;115;3.047
112;108;2.973
112;109;3.236
112;115;3.448
112;116;3.006
113;109;3.034
113;110;3.076
113;116;3.221
113;117;3.054
114;110;2.998
114;111;3.248
114;117;3.02
114;118;3.228
114;676;3.806
115;111;3.047
115;112;3.448
115;118;2.982
116;112;3.006
116;113;3.221
116;119;2.798
116;258;3.805
117;113;3.054
117;114;3.02
117;120;3.074
117;121;3.008
117;258;4.128
118;114;3.228
118;115;2.982
118;122;3.01
119;116;2.798
119;262;2.712
120;117;3.074
120;123;3.452
120;258;3.875
120;261;2.663
120;262;2.777
121;117;3.008
121;124;3.342
121;125;2.93
121;255;3.988
122;118;3.01
122;126;2.981
123;120;3.452
123;126;3.182
123;127;3.094
123;1264;3.455
123;1265;2.926
124;121;3.342
124;127;3.442
124;128;3.16
124;247;3.615
124;1268;3.98
125;121;2.93
125;128;3.387
125;129;2.92
126;122;2.981
126;123;3.182
126;129;3.314
126;130;2.978
127;123;3.094
127;124;3.442
127;131;2.965
127;1259;3.967
127;1265;3.975
127;1268;3.849
128;124;3.16
128;125;3.387
128;131;3.316
128;132;2.886
128;247;3.426
129;125;2.92
129;126;3.314
129;133;3.014
130;126;2.978
130;133;3.409
130;134;2.933
130;1166;4.129
130;1255;3.672
130;1258;3.399
130;1259;3.813
131;127;2.965
131;128;3.316
131;134;3.469
131;135;2.869
132;128;2.886
132;136;2.963
132;207;3.721
132;210;3.989
133;129;3.014
133;130;3.409
133;136;3.203
133;137;3.007
134;130;2.933
134;131;3.469
134;137;3.267
134;138;2.969
134;1166;3.751
134;1255;3.767
135;131;2.869
135;139;2.943
135;210;3.6
135;236;3.681
135;240;3.828
135;243;3.678
136;132;2.963
136;133;3.203
136;140;2.937
136;203;3.648
136;207;3.912
137;133;3.007
137;134;3.267
137;140;3.207
137;141;3.123
137;1252;3.906
138;134;2.969
138;141;3.132
138;142;3.453
138;236;3.58
138;1249;3.679
138;1252;3.919
139;135;2.943
139;142;3.433
139;143;2.944
139;200;3.532
140;136;2.937
140;137;3.207
140;144;3.697
140;201;3.917
140;202;3.543
140;203;3.874
141;137;3.123
141;138;3.132
141;1249;3.621
141;1252;3.389
142;138;3.453
142;139;3.433
142;1245;3.686
142;1249;3.49
143;139;2.944
143;223;3.106
143;233;3.428
143;236;3.644
143;237;3.745
144;140;3.697
144;201;3.831
145;150;2.74
145;196;2.953
146;190;2.915
146;194;3.843
146;196;3.085
147;150;2.942
147;151;3.811
147;191;3.989
147;194;2.763
148;194;2.843
148;197;3.799
148;201;2.661
149;155;3.51
150;145;2.74
150;147;2.942
150;154;3.287
150;191;2.829
151;147;3.811
151;188;3.787
151;191;3.908
152;188;3.684
153;186;2.692
154;150;3.287
155;149;3.51
156;159;3.822
157;159;3.061
158;161;3.855
158;183;3.715
159;156;3.822
159;157;3.061
160;171;3.565
160;182;2.776
161;158;3.855
162;170;3.07
162;171;3.833
163;166;3.348
164;167;3.987
164;169;3.701
165;167;3.729
166;163;3.348
167;164;3.987
167;165;3.729
168;173;2.633
169;164;3.701
169;173;4.014
170;162;3.07
171;160;3.565
171;162;3.833
172;175;3.209
173;168;2.633
173;169;4.014
173;179;3.921
173;180;2.928
174;177;2.914
175;172;3.209
176;179;4.074
177;174;2.914
178;181;3.116
179;173;3.921
179;176;4.074
180;173;2.928
181;178;3.116
181;184;3.807
181;185;3.763
182;160;2.776
183;158;3.715
184;181;3.807
185;181;3.763
186;153;2.692
187;1018;4.022
187;1020;3.642
188;151;3.787
188;152;3.684
189;191;3.367
190;146;2.915
191;147;3.989
191;150;2.829
191;151;3.908
191;189;3.367
192;195;2.846
193;1017;2.881
193;1019;3.552
194;146;3.843
194;147;2.763
194;148;2.843
194;197;3.192
195;192;2.846
195;226;3.437
195;227;3.955
196;145;2.953
196;146;3.085
197;148;3.799
197;194;3.192
197;200;3.016
197;201;3.022
197;205;3.613
198;205;3.167
199;205;3.469
199;223;3.49
200;139;3.532
200;197;3.016
200;206;3.343
200;209;3.582
200;210;3.999
200;223;3.182
200;237;6.073
201;140;3.917
201;144;3.831
201;148;2.661
201;197;3.022
202;140;3.543
202;205;2.79
202;206;2.974
203;136;3.648
203;140;3.874
203;207;2.95
204;208;2.989
205;197;3.613
205;198;3.167
205;199;3.469
205;202;2.79
205;208;3.349
205;209;2.965
206;200;3.343
206;202;2.974
206;209;3.22
206;210;2.951
207;132;3.721
207;136;3.912
207;203;2.95
207;211;2.936
208;204;2.989
208;205;3.349
208;211;3.049
208;212;2.964
208;664;3.814
209;200;3.582
209;205;2.965
209;206;3.22
209;212;3.294
209;213;2.935
210;132;3.989
210;135;3.6
210;200;3.999
210;206;2.951
210;213;3.891
210;214;2.96
211;207;2.936
211;208;3.049
211;214;3.252
211;215;2.949
211;668;3.499
211;672;3.905
212;208;2.964
212;209;3.294
212;216;2.964
212;217;2.857
212;218;3.894
212;647;3.622
213;209;2.935
213;210;3.891
213;216;3.071
213;219;3.651
213;237;3.822
213;240;3.77
213;241;3.727
214;210;2.96
214;211;3.252
215;211;2.949
215;671;3.654
216;212;2.964
216;213;3.071
216;1330;3.155
216;1332;2.993
217;212;2.857
217;646;3.786
217;647;3.402
218;212;3.894
218;221;3.271
218;222;3.004
218;647;5.943
218;1327;3.444
218;1337;3.592
219;213;3.651
219;223;3.065
219;224;3.189
219;238;3.864
219;241;3.313
219;1323;3.684
219;1326;3.524
219;1327;3.41
220;224;3.117
220;225;3.031
220;1323;3.823
220;1327;3.791
220;1362;3.474
220;1363;2.792
220;1364;3.221
221;218;3.271
221;1337;3.53
221;1364;3.346
222;218;3.004
222;225;3.079
223;143;3.106
223;199;3.49
223;200;3.182
223;219;3.065
223;233;2.857
224;219;3.189
224;220;3.117
224;227;2.963
224;234;3.361
224;1323;3.146
224;1362;3.503
225;220;3.031
225;222;3.079
225;1313;3.751
225;1362;3.329
226;195;3.437
227;195;3.955
227;224;2.963
227;229;2.934
227;230;3.117
227;233;3.614
228;230;3.083
228;1320;3.722
228;1358;3.065
228;1361;3.575
229;227;2.934
229;233;3.016
230;227;3.117
230;228;3.083
230;233;2.973
230;234;2.95
230;1359;3.796
230;1360;3.755
231;234;3.413
231;235;2.938
231;1357;2.895
231;1359;2.707
232;1242;3.791
232;1245;3.806
232;1246;3.289
232;1359;2.972
233;143;3.428
233;223;2.857
233;227;3.614
233;229;3.016
233;230;2.973
233;236;3.032
233;237;3.368
234;224;3.361
234;230;2.95
234;231;3.413
234;237;3.325
234;238;2.945
234;1323;3.418
234;1360;3.923
234;1361;3.932
235;231;2.938
235;239;2.979
236;135;3.681
236;138;3.58
236;143;3.644
236;233;3.032
236;239;3.12
236;240;2.964
237;143;3.745
237;200;6.073
237;213;3.822
237;233;3.368
237;234;3.325
237;240;3.159
237;241;2.965
238;219;3.864
238;234;2.945
238;241;3.163
238;242;2.971
238;1326;3.967
239;235;2.979
239;236;3.12
239;243;2.933
240;135;3.828
240;213;3.77
240;236;2.964
240;237;3.159
240;244;2.913
241;213;3.727
241;219;3.313
241;237;2.965
241;238;3.163
241;244;3.472
241;245;2.939
241;1326;3.382
242;238;2.971
242;246;2.96
242;1326;3.336
243;135;3.678
243;239;2.933
243;247;2.908
244;240;2.913
244;241;3.472
244;248;2.943
245;241;2.939
245;248;3.32
245;249;2.956
246;242;2.96
246;249;3.42
246;250;2.938
246;1272;3.691
246;1279;3.599
247;124;3.615
247;128;3.426
247;243;2.908
247;250;3.185
247;251;2.88
248;244;2.943
248;245;3.32
248;251;3.35
248;252;2.958
249;245;2.956
249;246;3.42
249;252;3.815
249;253;2.993
249;1390;3.796
250;246;2.938
250;247;3.185
250;253;3.628
250;254;2.899
250;1268;3.158
250;1271;3.763
251;247;2.88
251;248;3.35
251;254;3.118
251;255;2.946
251;679;3.608
252;248;2.958
252;249;3.815
252;256;3.085
252;679;3.748
252;682;3.654
252;1387;3.52
253;249;2.993
253;250;3.628
253;257;2.925
253;1390;3.961
253;1391;3.925
253;1394;3.498
254;250;2.899
254;251;3.118
254;258;2.929
255;121;3.988
255;251;2.946
255;258;3.274
255;259;3.095
255;683;3.793
256;252;3.085
256;259;3.249
256;260;3.086
256;682;3.64
256;683;3.984
256;686;3.438
256;1391;3.481
257;253;2.925
257;261;2.873
257;1395;3.667
258;116;3.805
258;117;4.128
258;120;3.875
258;254;2.929
258;255;3.274
258;261;3.432
258;262;3.007
259;255;3.095
259;256;3.249
259;263;3.069
259;683;3.685
260;256;3.086
260;263;3.353
260;264;2.92
260;687;3.693
260;690;5.71
260;1108;3.911
260;1395;4.038
261;120;2.663
261;257;2.873
261;258;3.432
261;264;2.977
261;265;3.582
262;119;2.712
262;120;2.777
262;258;3.007
262;270;2.843
263;259;3.069
263;260;3.353
263;269;3.952
263;270;2.75
263;271;3.061
264;260;2.92
264;261;2.977
264;269;3.367
264;273;3.122
265;261;3.582
265;268;2.833
265;269;2.819
266;273;3.701
266;698;3.713
267;273;3.461
267;276;3.812
267;701;3.957
268;265;2.833
269;263;3.952
269;264;3.367
269;265;2.819
270;262;2.843
270;263;2.75
271;263;3.061
272;275;2.871
273;264;3.122
273;266;3.701
273;267;3.461
273;276;2.983
274;277;4.039
275;272;2.871
275;278;2.992
276;267;3.812
276;273;2.983
276;697;3.613
276;702;3.835
277;274;4.039
277;280;2.94
277;282;3.643
277;283;3.543
277;286;3.539
278;275;2.992
279;283;3.466
280;277;2.94
280;283;3.038
281;284;3.051
281;291;2.762
281;292;2.812
281;293;3.641
281;705;2.975
282;277;3.643
282;285;3.006
282;286;2.605
282;702;2.632
282;703;3.115
283;277;3.543
283;279;3.466
283;280;3.038
283;286;3.016
284;281;3.051
285;282;3.006
285;290;3.613
285;291;3.893
285;292;2.73
285;293;2.81
286;277;3.539
286;282;2.605
286;283;3.016
286;703;2.864
287;290;3.576
288;721;3.952
289;730;2.779
290;285;3.613
290;287;3.576
290;730;3.099
291;281;2.762
291;285;3.893
291;703;3.775
291;705;3.662
291;706;2.977
292;281;2.812
292;285;2.73
292;706;3.931
293;281;3.641
293;285;2.81
294;308;2.759
295;693;2.849
295;694;4.016
296;1106;3.267
296;1109;3.419
296;1110;3.974
297;306;3.207
298;306;3.864
299;302;3.959
299;304;2.685
300;980;3.708
301;976;3.393
302;299;3.959
302;304;2.859
303;304;2.855
304;299;2.685
304;302;2.859
304;303;2.855
305;311;3.927
306;297;3.207
306;298;3.864
306;309;3.067
307;312;3.964
308;294;2.759
309;306;3.067
309;316;2.952
310;313;3.0
310;316;3.76
311;305;3.927
312;307;3.964
313;310;3.0
313;316;3.961
313;322;3.828
314;321;3.072
314;322;3.111
314;323;3.631
315;317;2.968
316;309;2.952
316;310;3.76
316;313;3.961
317;315;2.968
318;321;2.784
318;323;2.742
318;324;3.245
318;326;2.739
319;321;2.75
320;323;2.968
320;325;2.775
320;327;2.737
321;314;3.072
321;318;2.784
321;319;2.75
322;313;3.828
322;314;3.111
323;314;3.631
323;318;2.742
323;320;2.968
324;318;3.245
325;320;2.775
326;318;2.739
326;328;2.977
326;329;3.351
327;320;2.737
328;326;2.977
329;326;3.351
330;331;2.858
331;330;2.858
332;441;3.747
332;442;2.845
333;437;3.098
333;440;3.978
334;437;2.924
335;437;2.75
336;437;2.629
337;340;4.003
338;344;2.807
339;342;2.939
339;343;3.815
339;344;3.901
340;337;4.003
341;345;3.467
342;339;2.939
343;339;3.815
343;351;3.525
344;338;2.807
344;339;3.901
344;349;3.655
344;350;3.767
345;341;3.467
345;351;3.648
346;349;3.059
346;351;3.857
347;431;3.499
348;434;3.857
349;344;3.655
349;346;3.059
349;435;2.857
349;436;2.817
349;438;2.629
350;344;3.767
351;343;3.525
351;345;3.648
351;346;3.857
352;358;3.79
353;358;3.597
353;359;2.895
354;357;2.98
354;359;3.021
355;359;4.005
355;360;2.958
356;368;3.794
357;354;2.98
358;352;3.79
358;353;3.597
359;353;2.895
359;354;3.021
359;355;4.005
360;355;2.958
360;361;2.981
361;360;2.981
361;364;2.988
361;368;4.004
362;365;2.929
363;366;3.011
363;367;3.005
363;368;3.862
363;369;2.829
364;361;2.988
364;367;3.258
365;362;2.929
366;363;3.011
367;363;3.005
367;364;3.258
367;369;3.782
368;356;3.794
368;361;4.004
368;363;3.862
369;363;2.829
369;367;3.782
370;391;2.81
371;373;3.322
372;377;3.657
372;379;3.6
373;371;3.322
374;394;3.086
375;377;3.993
375;394;2.861
376;393;3.906
376;395;3.556
377;372;3.657
377;375;3.993
377;393;3.619
378;381;2.963
379;372;3.6
380;382;3.001
380;383;3.065
380;385;2.793
380;388;3.755
381;378;2.963
382;380;3.001
383;380;3.065
384;386;3.928
385;380;2.793
385;388;2.943
385;389;3.059
386;384;3.928
386;388;3.026
387;390;3.079
388;380;3.755
388;385;2.943
388;386;3.026
389;385;3.059
390;387;3.079
391;370;2.81
392;396;3.916
392;397;3.754
393;376;3.906
393;377;3.619
393;396;2.804
394;374;3.086
394;375;2.861
395;376;3.556
395;398;2.954
395;399;3.016
396;392;3.916
396;393;2.804
397;392;3.754
398;395;2.954
399;395;3.016
400;401;3.193
401;400;3.193
402;403;2.732
403;402;2.732
404;405;2.798
404;411;3.699
405;404;2.798
405;410;3.042
406;409;2.801
406;410;3.813
407;410;3.802
408;410;3.004
409;406;2.801
410;405;3.042
410;406;3.813
410;407;3.802
410;408;3.004
411;404;3.699
411;412;3.087
412;411;3.087
413;415;2.997
414;416;2.957
415;413;2.997
416;414;2.957
416;417;3.038
417;416;3.038
418;440;2.832
419;420;3.523
420;419;3.523
421;423;3.066
422;424;3.025
422;428;3.669
423;421;3.066
424;422;3.025
424;428;3.729
425;426;2.923
426;425;2.923
427;433;3.833
428;422;3.669
428;424;3.729
428;429;2.897
429;428;2.897
429;432;2.982
429;433;3.043
430;433;2.95
431;347;3.499
431;434;3.802
432;429;2.982
433;427;3.833
433;429;3.043
433;430;2.95
434;348;3.857
434;431;3.802
435;349;2.857
435;438;3.845
436;349;2.817
437;333;3.098
437;334;2.924
437;335;2.75
437;336;2.629
438;349;2.629
438;435;3.845
439;441;3.753
440;333;3.978
440;418;2.832
441;332;3.747
441;439;3.753
442;332;2.845
442;447;3.767
443;446;2.998
444;447;3.02
444;448;3.217
444;449;3.991
445;450;3.947
445;451;2.87
445;452;2.795
446;443;2.998
447;442;3.767
447;444;3.02
448;444;3.217
449;444;3.991
450;445;3.947
451;445;2.87
452;445;2.795
453;454;3.727
454;453;3.727
455;457;2.799
456;458;3.288
457;455;2.799
458;456;3.288
458;460;3.029
458;462;3.186
458;465;2.968
458;466;2.753
459;461;3.983
459;462;3.591
459;518;3.334
459;519;2.753
460;458;3.029
461;459;3.983
461;518;3.607
462;458;3.186
462;459;3.591
462;465;2.979
462;466;3.136
463;466;2.994
464;515;3.622
464;516;4.029
465;458;2.968
465;462;2.979
465;520;3.355
466;458;2.753
466;462;3.136
466;463;2.994
466;469;2.968
466;470;3.141
467;471;2.958
468;472;2.967
469;466;2.968
469;472;3.226
469;473;3.015
470;466;3.141
470;473;3.422
470;474;2.928
470;567;2.679
471;467;2.958
471;474;3.197
471;475;2.971
472;468;2.967
472;469;3.226
472;476;3.054
473;469;3.015
473;470;3.422
473;476;3.301
473;477;2.98
473;508;4.002
473;512;3.818
473;564;3.947
474;470;2.928
474;471;3.197
474;477;3.005
474;478;3.087
474;568;2.74
474;569;3.615
475;471;2.971
475;478;3.449
475;479;3.003
476;472;3.054
476;473;3.301
476;480;2.985
476;505;3.672
477;473;2.98
477;474;3.005
477;480;3.09
477;481;3.07
477;509;3.308
477;562;3.868
477;564;3.888
477;565;3.829
478;474;3.087
478;475;3.449
478;481;3.122
478;482;3.437
478;565;3.812
479;475;3.003
479;482;3.292
479;483;3.017
480;476;2.985
480;477;3.09
480;483;3.271
480;484;2.992
480;505;3.215
480;561;3.112
481;477;3.07
481;478;3.122
481;485;3.052
481;562;3.65
481;994;3.911
482;478;3.437
482;479;3.292
482;485;3.331
482;486;2.98
483;479;3.017
483;480;3.271
483;486;3.092
483;487;2.958
483;498;3.55
484;480;2.992
484;487;3.027
484;561;3.803
484;562;3.671
484;998;3.978
485;481;3.052
485;482;3.331
486;482;2.98
486;483;3.092
486;490;3.639
486;498;3.851
487;483;2.958
487;484;3.027
487;491;2.892
487;498;3.997
487;502;3.418
488;491;2.971
488;1040;3.019
488;1041;3.016
489;492;2.961
489;493;3.028
490;486;3.639
490;494;2.996
490;498;4.029
491;487;2.892
491;488;2.971
491;495;2.792
492;489;2.961
492;495;2.755
493;489;3.028
494;490;2.996
494;497;3.033
494;498;2.936
495;491;2.792
495;492;2.755
495;499;2.958
496;499;3.429
496;500;3.047
497;494;3.033
497;500;4.007
497;501;2.968
498;483;3.55
498;486;3.851
498;487;3.997
498;490;4.029
498;494;2.936
498;501;3.302
498;502;2.914
499;495;2.958
499;496;3.429
499;502;3.307
499;503;3.032
500;496;3.047
500;497;4.007
500;504;2.966
501;497;2.968
501;498;3.302
501;505;2.964
502;487;3.418
502;498;2.914
502;499;3.307
502;505;3.416
502;506;3.091
502;561;3.261
503;499;3.032
503;506;3.312
503;507;3.006
503;545;3.795
503;546;3.41
504;500;2.966
504;507;3.022
504;508;3.089
505;476;3.672
505;480;3.215
505;501;2.964
505;502;3.416
505;508;3.058
505;509;3.374
506;502;3.091
506;503;3.312
506;509;2.956
506;541;2.828
506;542;3.741
506;545;3.735
506;546;4.028
507;503;3.006
507;504;3.022
507;510;2.865
508;473;4.002
508;504;3.089
508;505;3.058
508;511;3.066
508;512;3.254
509;477;3.308
509;505;3.374
509;506;2.956
509;513;2.986
509;538;3.684
509;542;3.924
509;564;3.417
510;507;2.865
510;513;3.414
510;514;3.032
510;542;3.497
511;508;3.066
511;515;3.058
512;473;3.818
512;508;3.254
512;515;3.453
512;516;2.944
512;564;2.743
512;567;2.723
513;509;2.986
513;510;3.414
513;516;3.487
513;517;2.985
513;538;3.682
514;510;3.032
514;517;3.229
514;518;3.089
515;464;3.622
515;511;3.058
515;512;3.453
515;519;2.98
516;464;4.029
516;512;2.944
516;513;3.487
516;519;3.024
516;520;3.032
516;524;2.67
516;525;3.621
516;531;2.766
517;513;2.985
517;514;3.229
517;525;3.712
517;526;3.967
518;459;3.334
518;461;3.607
518;514;3.089
519;459;2.753
519;515;2.98
519;516;3.024
520;465;3.355
520;516;3.032
520;524;3.534
521;524;2.919
521;525;2.922
522;526;2.982
523;527;2.845
524;516;2.67
524;520;3.534
524;521;2.919
524;527;3.078
524;528;2.919
525;516;3.621
525;517;3.712
525;521;2.922
525;531;3.204
525;535;2.962
526;517;3.967
526;522;2.982
527;523;2.845
527;524;3.078
528;524;2.919
528;531;2.964
528;532;3.041
529;532;3.961
529;533;3.015
530;534;2.997
530;572;2.944
530;575;3.918
531;516;2.766
531;525;3.204
531;528;2.964
531;535;2.956
532;528;3.041
532;529;3.961
532;535;3.406
532;536;2.991
533;529;3.015
533;536;3.446
533;537;3.022
534;530;2.997
534;537;3.203
534;538;2.903
534;564;2.643
534;567;3.873
535;525;2.962
535;531;2.956
535;532;3.406
535;539;3.007
536;532;2.991
536;533;3.446
536;539;3.193
536;540;3.086
537;533;3.022
537;534;3.203
537;541;3.008
538;509;3.684
538;513;3.682
538;534;2.903
538;542;2.938
538;564;3.757
539;535;3.007
539;536;3.193
539;543;2.996
540;536;3.086
540;544;3.194
540;557;3.567
541;506;2.828
541;537;3.008
541;545;3.425
541;561;3.072
542;506;3.741
542;509;3.924
542;510;3.497
542;538;2.938
542;545;3.126
542;546;2.923
543;539;2.996
543;546;3.293
543;547;3.039
544;540;3.194
544;548;3.003
544;549;3.064
544;558;3.775
545;503;3.795
545;506;3.735
545;541;3.425
545;542;3.126
545;549;3.75
545;558;3.974
546;503;3.41
546;506;4.028
546;542;2.923
546;543;3.293
547;543;3.039
548;544;3.003
548;550;2.95
549;544;3.064
549;545;3.75
549;555;2.827
550;548;2.95
550;555;3.272
551;554;2.79
552;555;3.218
552;556;2.941
553;556;3.3
553;557;2.961
553;1080;3.911
554;551;2.79
554;557;3.074
554;558;3.083
555;549;2.827
555;550;3.272
555;552;3.218
555;558;2.938
556;552;2.941
556;553;3.3
556;559;3.0
556;1002;3.144
557;540;3.567
557;553;2.961
557;554;3.074
557;560;2.977
558;544;3.775
558;545;3.974
558;554;3.083
558;555;2.938
558;561;3.059
559;556;3.0
559;562;3.18
559;998;3.707
559;999;3.9
560;557;2.977
560;563;2.898
560;995;3.878
561;480;3.112
561;484;3.803
561;502;3.261
561;541;3.072
561;558;3.059
561;564;2.977
562;477;3.868
562;481;3.65
562;484;3.671
562;559;3.18
562;565;2.931
562;991;3.811
562;995;3.522
563;560;2.898
563;566;2.78
563;992;3.408
563;995;3.49
564;473;3.947
564;477;3.888
564;509;3.417
564;512;2.743
564;534;2.643
564;538;3.757
564;561;2.977
564;567;2.982
565;477;3.829
565;478;3.812
565;562;2.931
565;568;2.972
565;569;2.949
565;571;3.852
565;991;3.562
566;563;2.78
567;470;2.679
567;512;2.723
567;534;3.873
567;564;2.982
568;474;2.74
568;565;2.972
569;474;3.615
569;565;2.949
569;571;3.916
569;572;3.022
570;573;3.057
570;574;2.926
570;984;3.161
571;565;3.852
571;569;3.916
571;574;3.193
571;575;3.011
571;988;3.495
572;530;2.944
572;569;3.022
572;575;3.837
572;576;3.051
573;570;3.057
573;577;2.988
574;570;2.926
574;571;3.193
574;577;3.281
574;578;2.957
574;988;3.631
575;530;3.918
575;571;3.011
575;572;3.837
575;579;3.051
576;572;3.051
576;579;3.362
576;580;2.783
577;573;2.988
577;574;3.281
577;580;3.318
577;581;2.936
578;574;2.957
578;581;3.216
578;582;3.075
578;1094;3.595
579;575;3.051
579;576;3.362
579;582;3.005
580;576;2.783
580;577;3.318
580;583;2.996
581;577;2.936
581;578;3.216
581;584;3.08
581;585;3.084
581;685;3.77
581;1094;3.487
581;1098;3.573
582;578;3.075
582;579;3.005
582;586;2.976
582;1094;3.865
583;580;2.996
583;586;3.022
584;581;3.08
584;685;3.868
585;581;3.084
585;588;3.264
585;589;2.871
585;681;3.569
585;1094;3.837
586;582;2.976
586;583;3.022
586;590;3.053
587;106;3.435
587;110;3.344
587;590;3.205
587;591;3.293
588;110;3.984
588;585;3.264
588;591;3.043
588;592;3.019
588;680;3.51
588;681;3.812
589;585;2.871
589;593;2.93
590;586;3.053
590;587;3.205
590;593;3.303
590;594;3.05
591;107;3.714
591;587;3.293
591;588;3.043
591;594;3.467
591;595;3.03
592;588;3.019
592;595;3.466
592;596;2.956
592;643;3.907
593;589;2.93
593;590;3.303
593;597;2.979
594;100;3.528
594;590;3.05
594;591;3.467
594;597;3.267
594;598;2.996
595;591;3.03
595;592;3.466
595;598;3.317
595;599;2.947
595;673;3.709
596;592;2.956
596;599;3.485
596;600;2.927
596;636;3.491
596;639;3.796
597;19;3.508
597;23;3.713
597;593;2.979
597;594;3.267
597;600;3.264
597;601;2.999
597;632;3.47
598;94;3.956
598;98;3.947
598;594;2.996
598;595;3.317
598;601;3.272
598;602;2.992
599;595;2.947
599;596;3.485
599;603;2.961
599;639;3.774
599;669;4.113
599;670;3.536
599;673;3.895
600;596;2.927
600;597;3.264
600;603;3.258
600;604;2.99
600;632;3.825
600;635;3.967
600;636;4.0
601;94;3.627
601;597;2.999
601;598;3.272
601;605;3.326
602;94;3.68
602;598;2.992
602;605;3.341
602;606;3.023
603;599;2.961
603;600;3.258
603;607;3.002
603;608;2.815
603;629;3.829
604;25;3.263
604;600;2.99
604;608;3.05
604;609;3.159
604;631;3.839
605;91;3.441
605;601;3.326
605;602;3.341
606;87;3.885
606;91;3.87
606;602;3.023
606;609;2.806
607;603;3.002
607;610;3.01
607;611;3.578
607;625;3.505
607;629;4.092
607;663;3.409
607;666;3.988
608;603;2.815
608;604;3.05
608;625;3.759
609;604;3.159
609;606;2.806
610;607;3.01
610;622;4.135
610;625;2.963
611;607;3.578
611;623;3.084
611;625;2.967
611;651;3.815
611;652;3.381
611;659;2.792
611;663;3.526
612;621;2.651
612;622;3.342
612;652;3.678
612;653;2.918
613;616;3.008
613;617;2.842
613;618;2.821
613;619;2.755
614;652;4.138
614;653;2.793
614;655;3.635
615;618;3.824
616;613;3.008
616;621;3.984
617;613;2.842
618;613;2.821
618;615;3.824
618;1028;3.913
619;613;2.755
620;626;3.563
620;627;3.213
621;612;2.651
621;616;3.984
622;610;4.135
622;612;3.342
622;626;3.514
623;611;3.084
623;626;3.172
623;627;3.134
623;650;2.866
623;651;3.555
624;627;3.026
624;628;2.841
624;649;3.895
625;607;3.505
625;608;3.759
625;610;2.963
625;611;2.967
625;629;3.682
625;651;3.603
626;620;3.563
626;622;3.514
626;623;3.172
626;630;3.517
627;620;3.213
627;623;3.134
627;624;3.026
627;634;4.005
627;1068;3.613
628;624;2.841
628;634;3.979
628;637;3.885
628;638;3.862
628;1059;3.441
628;1063;3.87
629;603;3.829
629;607;4.092
629;625;3.682
629;634;3.679
629;638;3.637
629;651;4.04
630;626;3.517
630;1072;2.722
631;25;3.684
631;604;3.839
631;634;2.888
631;635;2.941
631;1075;2.871
632;25;3.241
632;597;3.47
632;600;3.825
632;635;3.43
632;636;2.947
633;636;3.217
633;637;2.998
633;1075;3.652
633;1078;3.878
633;1079;3.625
633;1082;3.95
634;627;4.005
634;628;3.979
634;629;3.679
634;631;2.888
634;637;3.282
634;638;2.987
634;1078;3.079
635;600;3.967
635;631;2.941
635;632;3.43
635;639;2.971
636;596;3.491
636;600;4.0
636;632;2.947
636;633;3.217
636;639;3.47
636;640;2.975
637;628;3.885
637;633;2.998
637;634;3.282
637;640;3.264
637;641;3.045
637;1063;3.965
637;1082;3.554
638;628;3.862
638;629;3.637
638;634;2.987
638;641;3.147
638;642;3.018
638;648;3.81
639;596;3.796
639;599;3.774
639;635;2.971
639;636;3.47
639;642;3.384
639;643;2.992
640;636;2.975
640;637;3.264
640;643;3.054
640;644;3.206
640;1055;3.931
640;1058;3.519
640;1082;3.725
640;1089;3.917
641;637;3.045
641;638;3.147
641;647;2.844
641;1059;3.542
642;638;3.018
642;639;3.384
642;645;2.961
642;667;3.414
642;670;3.581
642;671;3.952
643;592;3.907
643;639;2.992
643;640;3.054
643;674;3.79
644;640;3.206
644;1055;3.491
645;642;2.961
645;667;2.877
645;671;3.992
646;217;3.786
646;1055;3.774
646;1056;2.772
646;1057;2.828
647;212;3.622
647;217;3.402
647;218;5.943
647;641;2.844
647;667;3.879
647;1060;3.877
648;638;3.81
648;651;3.507
648;667;3.275
649;624;3.895
649;1060;3.529
650;623;2.866
650;1015;3.821
651;611;3.815
651;623;3.555
651;625;3.603
651;629;4.04
651;648;3.507
651;660;3.302
651;663;3.44
652;611;3.381
652;612;3.678
652;614;4.138
652;656;3.376
652;660;2.963
653;612;2.918
653;614;2.793
653;660;3.644
654;1016;3.446
655;614;3.635
656;652;3.376
656;659;2.776
656;660;3.083
657;661;2.953
658;661;3.295
658;662;3.011
659;611;2.792
659;656;2.776
659;662;3.234
659;663;3.094
660;651;3.302
660;652;2.963
660;653;3.644
660;656;3.083
660;663;3.399
660;664;2.92
661;657;2.953
661;658;3.295
661;664;3.279
661;665;3.012
662;658;3.011
662;659;3.234
662;665;3.467
662;666;3.341
663;607;3.409
663;611;3.526
663;651;3.44
663;659;3.094
663;660;3.399
663;666;3.448
663;667;2.937
664;208;3.814
664;660;2.92
664;661;3.279
664;667;3.267
664;668;2.966
665;661;3.012
665;662;3.467
665;668;3.423
665;669;3.02
666;607;3.988
666;662;3.341
666;663;3.448
666;669;3.296
666;670;2.989
667;642;3.414
667;645;2.877
667;647;3.879
667;648;3.275
667;663;2.937
667;664;3.267
667;670;3.268
667;671;2.983
668;211;3.499
668;664;2.966
668;665;3.423
668;671;3.418
668;672;2.998
669;599;4.113
669;665;3.02
669;666;3.296
669;672;3.493
669;673;3.009
670;599;3.536
670;642;3.581
670;666;2.989
670;667;3.268
670;674;2.956
671;215;3.654
671;642;3.952
671;645;3.992
671;667;2.983
671;668;3.418
671;675;2.927
672;211;3.905
672;668;2.998
672;669;3.493
672;675;3.442
672;676;3.04
673;595;3.709
673;599;3.895
673;669;3.009
673;676;3.413
673;677;2.992
674;643;3.79
674;670;2.956
674;677;3.18
674;678;2.931
675;671;2.927
675;672;3.442
675;678;3.267
675;679;2.981
676;114;3.806
676;672;3.04
676;673;3.413
676;680;3.027
677;673;2.992
677;674;3.18
677;680;3.378
677;681;2.924
678;674;2.931
678;675;3.267
678;681;3.137
678;682;3.079
679;251;3.608
679;252;3.748
679;675;2.981
679;682;3.468
679;683;3.019
680;588;3.51
680;676;3.027
680;677;3.378
680;684;2.905
681;585;3.569
681;588;3.812
681;677;2.924
681;678;3.137
681;684;3.401
681;685;3.133
681;1097;3.376
682;252;3.654
682;256;3.64
682;678;3.079
682;679;3.468
682;685;3.476
682;686;2.946
682;1097;3.578
682;1100;3.754
682;1387;6.373
683;255;3.793
683;256;3.984
683;259;3.685
683;679;3.019
683;686;3.36
683;687;2.956
684;680;2.905
684;681;3.401
684;688;3.08
685;581;3.77
685;584;3.868
685;681;3.133
685;682;3.476
685;688;3.308
685;689;2.991
685;1097;3.628
685;1098;3.816
685;1101;3.536
686;256;3.438
686;682;2.946
686;683;3.36
686;689;3.485
686;690;2.984
686;1104;3.515
687;260;3.693
687;683;2.956
687;690;3.22
687;691;3.05
688;684;3.08
688;685;3.308
688;691;3.138
688;692;3.107
689;685;2.991
689;686;3.485
689;692;2.972
689;1101;3.449
689;1105;3.416
690;260;5.71
690;686;2.984
690;687;3.22
690;1105;3.598
690;1108;3.379
691;687;3.05
691;688;3.138
692;688;3.107
692;689;2.972
693;295;2.849
693;1105;3.52
694;295;4.016
695;1108;3.783
696;704;3.64
696;1112;2.763
696;1113;2.781
697;276;3.613
697;704;3.355
697;1112;2.787
697;1115;4.028
698;266;3.713
698;1115;3.96
699;704;3.316
699;705;3.431
699;718;3.207
699;1115;3.59
700;718;2.693
701;267;3.957
702;276;3.835
702;282;2.632
703;282;3.115
703;286;2.864
703;291;3.775
704;696;3.64
704;697;3.355
704;699;3.316
705;281;2.975
705;291;3.662
705;699;3.431
706;291;2.977
706;292;3.931
707;720;2.89
708;718;3.696
708;719;3.889
708;1121;3.867
709;712;3.935
710;714;2.789
710;1117;3.51
710;1118;3.673
710;1119;3.957
710;1120;2.889
710;1121;4.017
711;714;2.884
711;1119;3.134
712;709;3.935
712;827;2.922
713;827;3.796
713;830;2.829
713;831;2.757
714;710;2.789
714;711;2.884
714;717;3.641
714;1119;2.844
715;794;3.474
716;796;3.668
716;803;3.373
717;714;3.641
718;699;3.207
718;700;2.693
718;708;3.696
718;1121;3.556
718;1122;3.866
719;708;3.889
719;722;3.418
719;802;3.271
720;707;2.89
721;288;3.952
721;730;2.822
722;719;3.418
722;730;4.012
723;730;3.71
723;731;3.92
724;807;3.881
724;809;3.594
724;811;3.503
725;728;2.947
726;806;3.856
727;809;2.743
728;725;2.947
729;731;2.982
729;733;3.457
730;289;2.779
730;290;3.099
730;721;2.822
730;722;4.012
730;723;3.71
731;723;3.92
731;729;2.982
731;811;2.659
732;734;2.925
732;735;2.969
732;737;3.594
732;748;2.745
732;749;3.147
732;750;3.22
733;729;3.457
734;732;2.925
734;737;3.716
734;748;4.004
734;759;3.369
735;732;2.969
736;738;2.875
737;732;3.594
737;734;3.716
738;736;2.875
739;744;3.708
740;742;2.846
741;743;2.895
741;745;3.693
742;740;2.846
743;741;2.895
744;739;3.708
744;749;3.817
745;741;3.693
746;749;2.994
747;760;3.261
748;732;2.745
748;734;4.004
749;732;3.147
749;744;3.817
749;746;2.994
750;732;3.22
750;755;3.603
750;760;2.764
750;762;3.913
751;755;2.951
751;769;4.109
752;755;3.801
752;768;3.649
752;769;3.318
752;771;2.821
752;772;2.78
752;773;3.332
753;768;3.579
754;768;3.42
754;771;2.772
755;750;3.603
755;751;2.951
755;752;3.801
755;761;3.437
755;768;3.565
756;759;3.96
757;759;3.049
758;765;2.945
759;734;3.369
759;756;3.96
759;757;3.049
760;747;3.261
760;750;2.764
761;755;3.437
761;766;3.881
761;768;2.997
762;750;3.913
763;767;2.871
764;769;3.83
765;758;2.945
766;761;3.881
767;763;2.871
767;770;4.028
768;752;3.649
768;753;3.579
768;754;3.42
768;755;3.565
768;761;2.997
768;771;2.779
769;751;4.109
769;752;3.318
769;764;3.83
770;767;4.028
771;752;2.821
771;754;2.772
771;768;2.779
772;752;2.78
773;752;3.332
773;777;3.81
774;777;3.631
774;778;3.471
774;779;3.627
775;776;2.938
776;775;2.938
777;773;3.81
777;774;3.631
778;774;3.471
779;774;3.627
780;784;2.805
781;788;2.884
782;787;2.929
783;786;3.164
784;780;2.805
785;790;2.827
786;783;3.164
786;789;2.94
787;782;2.929
787;1128;2.683
788;781;2.884
789;786;2.94
790;785;2.827
791;1128;2.972
792;794;2.742
792;1128;3.408
793;795;2.729
794;715;3.474
794;792;2.742
794;797;3.43
795;793;2.729
796;716;3.668
796;803;3.9
796;804;3.465
797;794;3.43
798;799;3.253
798;800;3.141
798;801;3.702
799;798;3.253
800;798;3.141
800;805;2.806
801;798;3.702
801;804;3.429
801;805;3.496
801;806;3.879
802;719;3.271
803;716;3.373
803;796;3.9
803;806;3.181
803;807;2.947
804;796;3.465
804;801;3.429
805;800;2.806
805;801;3.496
805;808;3.267
806;726;3.856
806;801;3.879
806;803;3.181
807;724;3.881
807;803;2.947
808;805;3.267
809;724;3.594
809;727;2.743
809;811;3.517
810;812;2.836
811;724;3.503
811;731;2.659
811;809;3.517
812;810;2.836
813;814;3.991
814;813;3.991
815;817;3.024
816;818;3.758
816;823;3.449
817;815;3.024
818;816;3.758
818;823;3.183
819;822;3.642
820;822;3.013
821;824;3.028
822;819;3.642
822;820;3.013
823;816;3.449
823;818;3.183
823;826;3.763
824;821;3.028
824;825;2.969
824;826;2.822
825;824;2.969
826;823;3.763
826;824;2.822
827;712;2.922
827;713;3.796
828;830;3.025
828;833;3.305
829;838;4.023
829;841;3.773
830;713;2.829
830;828;3.025
830;833;3.66
831;713;2.757
832;836;3.814
833;828;3.305
833;830;3.66
834;837;2.949
835;839;2.642
835;912;2.734
836;832;3.814
837;834;2.949
838;829;4.023
838;840;2.988
838;842;2.812
838;843;2.851
839;835;2.642
840;838;2.988
840;842;3.003
841;829;3.773
842;838;2.812
842;840;3.003
843;838;2.851
844;846;3.947
844;847;3.527
845;848;2.796
846;844;3.947
846;852;4.097
847;844;3.527
847;851;3.579
848;845;2.796
848;851;2.741
848;907;2.843
848;908;2.82
849;852;3.056
850;855;3.817
850;901;3.957
850;904;3.382
850;905;3.787
851;847;3.579
851;848;2.741
852;846;4.097
852;849;3.056
852;855;2.859
852;856;2.959
853;857;3.052
854;857;3.426
854;858;2.89
855;850;3.817
855;852;2.859
855;858;3.313
855;859;2.972
856;852;2.959
856;859;3.43
856;860;3.212
856;964;3.131
857;853;3.052
857;854;3.426
857;860;3.418
857;861;3.013
858;854;2.89
858;855;3.313
858;861;3.294
858;862;2.93
859;855;2.972
859;856;3.43
859;862;3.342
859;863;2.953
859;898;3.797
859;901;3.713
860;856;3.212
860;857;3.418
860;863;3.405
860;864;2.957
860;964;3.426
861;857;3.013
861;858;3.294
861;864;3.223
861;865;2.979
862;858;2.93
862;859;3.342
862;866;2.955
862;898;3.99
863;859;2.953
863;860;3.405
863;867;2.897
863;894;3.968
863;898;3.444
863;957;3.701
863;961;3.774
864;860;2.957
864;861;3.223
864;867;3.184
864;868;2.981
865;861;2.979
865;868;3.099
865;869;3.01
866;862;2.955
866;869;3.42
866;870;2.96
866;957;3.615
867;863;2.897
867;864;3.184
867;871;2.993
868;864;2.981
868;865;3.099
868;871;3.406
868;872;2.952
869;865;3.01
869;866;3.42
869;872;2.971
869;873;3.239
870;866;2.96
870;955;3.879
870;958;4.011
871;867;2.993
871;868;3.406
871;875;3.684
871;1295;3.878
872;868;2.952
872;869;2.971
872;875;3.076
872;876;3.03
872;879;3.481
872;883;3.809
872;887;4.033
873;869;3.239
873;880;2.744
873;948;2.713
874;877;3.357
874;880;2.68
874;1298;3.352
874;1352;3.013
875;871;3.684
875;872;3.076
875;1318;3.725
876;872;3.03
876;879;2.968
876;880;3.021
877;874;3.357
877;880;3.193
877;881;3.006
877;1353;3.928
878;881;2.64
879;872;3.481
879;876;2.968
879;882;3.28
879;883;2.962
880;873;2.744
880;874;2.68
880;876;3.021
880;877;3.193
880;884;3.024
880;1351;3.914
881;877;3.006
881;878;2.64
881;1353;3.467
882;879;3.28
883;872;3.809
883;879;2.962
883;886;3.112
883;887;3.024
884;880;3.024
884;888;2.753
885;889;3.02
886;883;3.112
886;889;3.373
886;890;2.989
887;872;4.033
887;883;3.024
887;890;2.989
887;891;3.268
888;884;2.753
888;891;2.993
888;892;3.029
888;948;2.878
888;951;3.8
889;885;3.02
889;886;3.373
889;892;2.923
889;893;2.94
890;886;2.989
890;887;2.989
890;894;2.926
891;887;3.268
891;888;2.993
891;895;3.004
891;951;4.03
891;954;3.843
892;888;3.029
892;889;2.923
892;895;3.363
892;896;3.036
893;889;2.94
893;897;2.981
894;863;3.968
894;890;2.926
894;897;3.257
894;898;2.936
894;954;4.039
894;957;3.61
895;891;3.004
895;892;3.363
895;899;2.975
895;954;3.861
896;892;3.036
896;900;3.025
897;893;2.981
897;894;3.257
897;900;4.028
897;901;2.938
898;859;3.797
898;862;3.99
898;863;3.444
898;894;2.936
898;902;3.004
898;960;3.647
899;895;2.975
899;902;3.208
899;903;2.955
899;927;3.866
899;931;3.664
900;896;3.025
900;897;4.028
900;903;3.39
900;904;2.94
901;850;3.957
901;859;3.713
901;897;2.938
901;904;3.468
901;905;2.672
901;960;3.591
902;898;3.004
902;899;3.208
902;906;2.967
902;924;3.839
903;899;2.955
903;900;3.39
903;906;3.345
903;907;2.999
904;850;3.382
904;900;2.94
904;901;3.468
904;907;4.018
904;908;2.965
905;850;3.787
905;901;2.672
905;908;3.444
905;909;3.046
905;914;3.73
905;920;4.058
905;923;2.677
906;902;2.967
906;903;3.345
906;909;3.021
906;910;2.922
906;911;3.895
906;914;3.969
907;848;2.843
907;903;2.999
907;904;4.018
908;848;2.82
908;904;2.965
908;905;3.444
909;905;3.046
909;906;3.021
909;913;2.94
909;917;3.728
909;920;3.603
910;906;2.922
910;913;2.941
910;914;2.989
911;906;3.895
911;914;3.437
911;915;3.013
912;835;2.734
912;915;3.053
912;916;2.894
913;909;2.94
913;910;2.941
914;905;3.73
914;906;3.969
914;910;2.989
914;911;3.437
914;917;3.032
914;920;3.684
914;924;3.808
915;911;3.013
915;912;3.053
915;921;3.368
915;924;5.965
916;912;2.894
917;909;3.728
917;914;3.032
917;920;3.031
917;921;2.925
918;922;2.983
919;922;3.41
919;923;3.001
919;963;3.179
919;972;3.924
920;905;4.058
920;909;3.603
920;914;3.684
920;917;3.031
920;923;3.214
920;924;2.983
921;915;3.368
921;917;2.925
921;925;2.947
922;918;2.983
922;919;3.41
922;925;3.208
923;905;2.677
923;919;3.001
923;920;3.214
923;960;2.938
923;963;2.786
924;902;3.839
924;914;3.808
924;915;5.965
924;920;2.983
924;927;3.035
924;928;2.953
925;921;2.947
925;922;3.208
925;929;3.029
926;956;3.986
926;960;3.722
927;899;3.866
927;924;3.035
927;930;3.044
927;931;3.083
928;924;2.953
928;931;2.862
928;932;2.906
929;925;3.029
929;933;2.973
929;953;3.685
930;927;3.044
930;933;3.874
930;934;3.062
930;954;2.855
931;899;3.664
931;927;3.083
931;928;2.862
931;934;3.36
931;935;2.987
932;928;2.906
932;935;3.205
932;936;3.002
933;929;2.973
933;930;3.874
933;936;3.308
933;937;2.966
934;930;3.062
934;931;3.36
934;937;3.302
934;938;3.0
934;947;3.805
935;931;2.987
935;932;3.205
935;938;3.211
935;939;2.937
936;932;3.002
936;933;3.308
936;939;3.269
936;940;2.984
937;933;2.966
937;934;3.302
937;942;3.038
937;946;3.294
937;947;3.311
937;950;3.641
938;934;3.0
938;935;3.211
938;941;2.994
939;935;2.937
939;936;3.269
940;936;2.984
941;938;2.994
942;937;3.038
943;946;3.849
944;947;3.445
944;948;3.008
945;948;2.745
945;949;3.236
946;937;3.294
946;943;3.849
946;950;2.977
947;934;3.805
947;937;3.311
947;944;3.445
947;951;2.936
948;873;2.713
948;888;2.878
948;944;3.008
948;945;2.745
948;1350;3.825
949;945;3.236
949;952;3.06
949;1300;3.897
949;1347;3.001
949;1348;3.568
949;1349;3.154
950;937;3.641
