source;destination;distance
0;3;2.783
1;47;3.607
2;7;3.67
2;48;3.686
3;0;2.783
4;7;3.258
4;8;2.969
5;9;2.968
6;10;2.966
7;2;3.67
7;4;3.258
7;10;3.146
7;11;2.969
7;43;3.953
7;47;3.679
8;4;2.969
8;11;3.478
8;12;2.975
9;5;2.968
9;12;3.492
9;13;2.923
10;6;2.966
10;7;3.146
10;14;2.949
11;7;2.969
11;8;3.478
11;14;3.405
11;15;3.013
11;44;3.581
12;8;2.975
12;9;3.492
12;16;2.98
12;104;3.967
13;9;2.923
13;16;3.394
13;17;2.944
14;10;2.949
14;11;3.405
14;18;3.013
14;37;3.859
15;11;3.013
15;19;2.985
15;37;3.73
15;99;3.962
15;100;3.603
16;12;2.98
16;13;3.394
16;19;3.128
16;20;3.088
17;13;2.944
17;20;3.289
17;21;2.981
18;14;3.013
18;22;2.961
18;37;3.135
18;96;3.583
19;15;2.985
19;16;3.128
19;22;3.17
19;97;3.52
19;593;3.505
20;16;3.088
20;17;3.289
21;17;2.981
21;24;2.988
21;30;3.606
21;33;3.408
22;18;2.961
22;19;3.17
22;93;4.013
22;96;4.039
23;593;3.724
24;21;2.988
24;27;4.043
25;600;3.236
25;627;3.695
25;628;3.278
26;30;3.844
27;24;4.043
27;30;2.854
28;31;2.737
28;32;3.021
29;32;3.283
29;33;2.977
30;21;3.606
30;26;3.844
30;27;2.854
30;33;3.398
30;34;2.989
31;28;2.737
31;34;3.472
31;35;2.998
32;28;3.021
32;29;3.283
32;36;2.982
33;21;3.408
33;29;2.977
33;30;3.398
33;36;3.243
33;37;2.938
34;30;2.989
34;31;3.472
34;37;3.392
34;38;2.939
34;93;2.819
34;96;3.219
35;31;2.998
35;38;3.366
35;39;2.971
35;81;3.596
36;32;2.982
36;33;3.243
36;39;3.366
36;40;3.005
37;14;3.859
37;15;3.73
37;18;3.135
37;33;2.938
37;34;3.392
37;40;3.005
37;41;2.853
37;96;3.472
38;34;2.939
38;35;3.366
38;42;2.978
38;80;2.758
39;35;2.971
39;36;3.366
39;42;3.179
39;43;2.983
40;36;3.005
40;37;3.005
40;43;3.445
40;44;2.91
41;37;2.853
41;45;2.951
41;73;3.463
41;99;3.474
42;38;2.978
42;39;3.179
42;45;3.301
42;46;2.976
43;7;3.953
43;39;2.983
43;40;3.445
43;46;3.382
43;47;3.059
44;11;3.581
44;40;2.91
44;47;3.276
44;48;2.805
44;99;2.662
45;41;2.951
45;42;3.301
45;49;2.992
45;56;3.977
45;73;3.919
46;42;2.976
46;43;3.382
46;50;3.075
46;51;3.89
47;1;3.607
47;7;3.679
47;43;3.059
47;44;3.276
48;2;3.686
48;44;2.805
48;66;3.24
48;69;2.664
49;45;2.992
49;56;3.985
49;59;3.831
49;66;3.658
50;46;3.075
50;53;3.358
50;55;3.566
51;46;3.89
52;55;3.361
52;58;3.409
53;50;3.358
53;56;2.992
54;57;2.987
55;50;3.566
55;52;3.361
55;58;2.988
56;45;3.977
56;49;3.985
56;53;2.992
56;59;3.044
56;70;3.921
57;54;2.987
57;60;3.013
58;52;3.409
58;55;2.988
58;61;3.046
59;49;3.831
59;56;3.044
59;62;2.969
59;63;3.777
59;66;3.532
59;67;4.008
59;70;3.753
60;57;3.013
61;58;3.046
62;59;2.969
63;59;3.777
63;66;3.438
63;67;2.937
64;67;3.429
64;68;3.035
65;68;3.037
65;69;3.056
65;102;3.369
65;108;3.388
65;111;3.851
66;48;3.24
66;49;3.658
66;59;3.532
66;63;3.438
66;69;3.824
66;70;2.965
67;59;4.008
67;63;2.937
67;64;3.429
67;70;3.418
67;71;2.953
68;64;3.035
68;65;3.037
68;72;2.997
68;101;3.86
69;48;2.664
69;65;3.056
69;66;3.824
69;72;3.343
69;73;2.914
69;99;3.11
69;102;2.79
70;56;3.921
70;59;3.753
70;66;2.965
70;67;3.418
70;73;3.168
70;74;2.98
71;67;2.953
71;74;3.438
71;75;2.986
72;68;2.997
72;69;3.343
72;76;2.922
72;95;3.61
73;41;3.463
73;45;3.919
73;69;2.914
73;70;3.168
73;76;3.443
73;77;2.894
74;70;2.98
74;71;3.438
74;77;3.398
74;78;3.005
75;71;2.986
75;79;2.987
75;89;3.531
75;92;3.288
76;72;2.922
76;73;3.443
76;79;3.003
76;80;2.859
77;73;2.894
77;74;3.398
77;81;2.958
78;74;3.005
78;82;3.005
79;75;2.987
79;76;3.003
79;83;3.989
79;89;2.75
80;38;2.758
80;76;2.859
80;83;3.248
80;96;3.601
81;35;3.596
81;77;2.958
82;78;3.005
82;84;2.987
83;79;3.989
83;80;3.248
83;90;2.914
83;93;3.569
84;82;2.987
85;89;3.698
86;89;3.14
87;90;2.867
87;91;3.179
87;602;3.914
88;91;3.147
89;75;3.531
89;79;2.75
89;85;3.698
89;86;3.14
89;92;2.993
90;83;2.914
90;87;2.867
91;87;3.179
91;88;3.147
91;94;3.011
91;601;3.41
91;602;3.867
92;75;3.288
92;89;2.993
92;95;2.87
93;22;4.013
93;34;2.819
93;83;3.569
93;96;2.926
94;91;3.011
94;97;2.875
94;594;3.965
94;597;3.632
94;598;3.683
95;72;3.61
95;92;2.87
95;98;3.132
95;99;3.035
96;18;3.583
96;22;4.039
96;34;3.219
96;37;3.472
96;80;3.601
96;93;2.926
96;99;3.162
97;19;3.52
97;94;2.875
97;100;3.019
98;95;3.132
98;101;2.727
98;594;3.964
99;15;3.962
99;41;3.474
99;44;2.662
99;69;3.11
99;95;3.035
99;96;3.162
99;102;2.776
99;103;3.353
100;15;3.603
100;97;3.019
100;103;3.001
100;104;2.947
100;107;3.643
100;590;3.536
101;68;3.86
101;98;2.727
101;111;3.791
102;65;3.369
102;69;2.79
102;99;2.776
102;108;2.814
103;99;3.353
103;100;3.001
104;12;3.967
104;100;2.947
104;107;3.085
104;108;2.977
105;108;3.413
105;109;2.942
106;110;3.136
106;583;3.468
107;100;3.643
107;104;3.085
107;110;3.406
107;111;3.011
107;587;3.672
108;65;3.388
108;102;2.814
108;104;2.977
108;105;3.413
108;111;3.495
108;112;2.968
109;105;2.942
109;112;3.222
109;113;3.03
110;106;3.136
110;107;3.406
110;113;3.08
110;114;2.991
110;583;3.341
110;584;4.016
111;65;3.851
111;101;3.791
111;107;3.011
111;108;3.495
111;114;3.253
111;115;3.042
112;108;2.968
112;109;3.222
112;115;3.478
112;116;3.012
113;109;3.03
113;110;3.08
113;116;3.212
113;117;3.048
114;110;2.991
114;111;3.253
114;117;3.019
114;118;3.237
114;672;3.806
115;111;3.042
115;112;3.478
115;118;2.967
116;112;3.012
116;113;3.212
116;119;2.803
116;250;3.806
117;113;3.048
117;114;3.019
117;120;3.069
117;121;3.009
118;114;3.237
118;115;2.967
118;122;3.008
119;116;2.803
119;254;2.705
120;117;3.069
120;123;3.375
120;250;3.88
120;253;2.652
120;254;2.774
121;117;3.009
121;124;3.354
121;125;2.923
121;247;4.003
122;118;3.008
122;126;2.971
123;120;3.375
123;126;3.232
123;127;3.123
123;1258;3.498
123;1259;2.881
124;121;3.354
124;127;3.429
124;128;3.172
124;239;3.598
125;121;2.923
125;128;3.355
125;129;2.915
126;122;2.971
126;123;3.232
126;129;3.354
126;130;2.98
127;123;3.123
127;124;3.429
127;131;2.961
127;1253;4.016
127;1259;3.978
127;1262;3.865
128;124;3.172
128;125;3.355
128;131;3.398
128;132;2.898
128;239;3.515
129;125;2.915
129;126;3.354
129;132;3.489
129;133;3.01
130;126;2.98
130;133;3.412
130;134;2.931
130;1249;3.668
130;1252;3.389
130;1253;3.835
131;127;2.961
131;128;3.398
131;134;3.416
131;135;2.875
132;128;2.898
132;129;3.489
132;136;2.969
132;199;3.722
132;202;3.979
133;129;3.01
133;130;3.412
133;136;3.196
133;137;3.0
134;130;2.931
134;131;3.416
134;137;3.327
134;138;2.975
134;1160;3.771
134;1249;3.762
135;131;2.875
135;139;2.949
135;202;3.551
135;235;3.619
136;132;2.969
136;133;3.196
136;140;2.929
136;195;3.807
136;199;3.919
137;133;3.0
137;134;3.327
137;140;3.211
137;141;3.135
137;195;3.82
137;1246;3.91
138;134;2.975
138;141;3.171
138;142;3.48
138;228;3.625
138;1243;3.676
138;1246;3.866
139;135;2.949
139;142;3.494
139;143;2.958
139;192;3.681
140;136;2.929
140;137;3.211
140;144;3.708
140;193;3.912
140;194;3.617
140;195;3.957
141;137;3.135
141;138;3.171
141;1243;3.635
141;1246;3.419
142;138;3.48
142;139;3.494
142;1239;3.688
142;1243;3.508
143;139;2.958
143;215;3.024
143;225;3.38
143;228;3.632
143;229;5.742
144;140;3.708
144;193;3.97
145;150;2.736
146;182;2.921
146;186;3.786
146;187;3.862
147;150;2.955
147;151;3.756
147;186;2.944
148;186;2.842
148;193;2.66
149;153;3.744
149;155;3.334
150;145;2.736
150;147;2.955
150;154;3.126
150;183;2.727
151;147;3.756
151;180;3.792
151;183;3.913
152;180;3.633
153;149;3.744
153;178;2.776
154;150;3.126
155;149;3.334
156;159;3.658
157;159;3.601
158;161;3.989
158;177;3.932
159;156;3.658
159;157;3.601
160;169;3.339
160;176;2.898
161;158;3.989
162;168;3.079
162;169;3.699
163;165;3.43
164;166;3.485
165;163;3.43
166;164;3.485
167;168;2.937
167;173;2.835
168;162;3.079
168;167;2.937
168;171;2.836
168;177;2.77
169;160;3.339
169;162;3.699
170;172;3.891
171;168;2.836
171;173;3.929
171;175;2.759
172;170;3.891
172;174;3.024
172;175;3.697
173;167;2.835
173;171;3.929
174;172;3.024
175;171;2.759
175;172;3.697
176;160;2.898
177;158;3.932
177;168;2.77
178;153;2.776
179;1014;4.052
179;1016;3.72
180;151;3.792
180;152;3.633
181;183;3.412
182;146;2.921
183;150;2.727
183;151;3.913
183;181;3.412
184;187;3.162
185;1015;3.333
186;146;3.786
186;147;2.944
186;148;2.842
186;189;2.915
187;146;3.862
187;184;3.162
187;218;3.364
188;192;3.5
189;186;2.915
189;192;3.021
189;193;3.023
189;197;3.759
190;197;3.194
191;197;3.328
191;215;3.485
192;139;3.681
192;188;3.5
192;189;3.021
192;198;3.545
192;201;3.466
192;215;3.083
192;229;3.987
193;140;3.912
193;144;3.97
193;148;2.66
193;189;3.023
194;140;3.617
194;197;2.8
194;198;2.976
195;136;3.807
195;137;3.82
195;140;3.957
195;199;2.946
196;200;2.99
197;189;3.759
197;190;3.194
197;191;3.328
197;194;2.8
197;200;3.293
197;201;2.958
198;192;3.545
198;194;2.976
198;201;3.258
198;202;2.953
199;132;3.722
199;136;3.919
199;195;2.946
199;203;2.935
200;196;2.99
200;197;3.293
200;203;3.074
200;204;2.96
200;660;3.819
201;192;3.466
201;197;2.958
201;198;3.258
201;204;3.371
201;205;2.951
202;132;3.979
202;135;3.551
202;198;2.953
202;205;3.491
202;206;2.953
203;199;2.935
203;200;3.074
203;206;3.226
203;207;2.939
203;664;3.495
203;667;4.087
203;668;3.915
204;200;2.96
204;201;3.371
204;208;2.967
204;209;2.82
204;210;3.869
204;643;3.668
205;201;2.951
205;202;3.491
205;208;3.099
205;211;3.486
205;229;3.594
205;232;3.764
205;233;3.67
206;202;2.953
206;203;3.226
207;203;2.939
207;642;3.495
207;667;3.637
208;204;2.967
208;205;3.099
208;1324;3.126
208;1326;3.006
209;204;2.82
209;642;3.772
209;643;3.429
210;204;3.869
210;213;3.219
210;214;3.0
210;643;5.889
210;1321;3.724
210;1331;3.767
211;205;3.486
211;215;3.057
211;216;3.154
211;229;3.721
211;233;3.346
211;1317;3.413
211;1320;6.3
211;1321;3.449
212;216;3.13
212;217;3.014
212;1317;3.715
212;1321;3.618
212;1356;3.633
212;1357;2.802
212;1358;3.22
213;210;3.219
213;1331;3.621
213;1358;3.339
214;210;3.0
214;217;3.063
215;143;3.024
215;191;3.485
215;192;3.083
215;211;3.057
215;225;2.825
215;229;6.16
216;211;3.154
216;212;3.13
216;219;2.961
216;226;3.346
216;1317;3.193
216;1356;3.456
217;212;3.014
217;214;3.063
217;1307;3.809
217;1356;3.345
218;187;3.364
219;216;2.961
219;221;2.93
219;222;3.137
219;225;3.636
220;222;3.053
220;1314;3.685
220;1352;2.838
220;1355;3.533
221;219;2.93
221;225;3.015
222;219;3.137
222;220;3.053
222;225;2.974
222;226;2.945
222;1353;3.796
222;1354;3.735
223;226;3.568
223;227;2.921
223;1351;2.828
223;1353;2.775
224;1236;3.74
224;1239;3.832
224;1240;3.302
224;1353;2.966
225;143;3.38
225;215;2.825
225;219;3.636
225;221;3.015
225;222;2.974
225;228;3.035
225;229;3.363
226;216;3.346
226;222;2.945
226;223;3.568
226;229;3.321
226;230;2.943
226;1317;3.496
226;1354;4.007
227;223;2.921
227;231;2.977
228;138;3.625
228;143;3.632
228;225;3.035
228;231;3.252
228;232;2.984
229;143;5.742
229;192;3.987
229;205;3.594
229;211;3.721
229;215;6.16
229;225;3.363
229;226;3.321
229;232;3.149
229;233;2.969
230;226;2.943
230;233;3.16
230;234;2.975
230;1320;3.946
231;227;2.977
231;228;3.252
231;235;2.937
232;205;3.764
232;228;2.984
232;229;3.149
232;236;2.903
233;205;3.67
233;211;3.346
233;229;2.969
233;230;3.16
233;236;3.459
233;237;2.938
233;1320;3.36
234;230;2.975
234;238;2.952
234;1320;3.306
235;135;3.619
235;231;2.937
235;239;2.913
236;232;2.903
236;233;3.459
236;240;2.945
237;233;2.938
237;240;3.321
237;241;2.948
238;234;2.952
238;241;3.407
238;242;2.943
238;1266;3.699
238;1273;3.466
239;124;3.598
239;128;3.515
239;235;2.913
239;242;3.148
239;243;2.867
240;236;2.945
240;237;3.321
240;243;3.393
240;244;2.951
241;237;2.948
241;238;3.407
241;244;3.812
241;245;2.995
241;1384;3.775
242;238;2.943
242;239;3.148
242;245;3.57
242;246;2.914
242;1262;3.197
242;1265;3.783
243;239;2.867
243;240;3.393
243;246;3.097
243;247;2.942
243;675;3.568
244;240;2.951
244;241;3.812
244;248;3.076
244;675;3.741
244;678;3.681
244;1381;3.533
245;241;2.995
245;242;3.57
245;249;2.918
245;1384;3.954
245;1385;3.937
245;1388;3.523
246;242;2.914
246;243;3.097
246;250;2.93
247;121;4.003
247;243;2.942
247;250;3.283
247;251;3.09
247;679;3.795
248;244;3.076
248;251;3.261
248;252;3.074
248;678;3.701
248;679;4.0
248;682;3.421
248;1385;3.478
249;245;2.918
249;253;2.891
249;1389;3.83
250;116;3.806
250;120;3.88
250;246;2.93
250;247;3.283
250;253;4.028
250;254;2.992
251;247;3.09
251;248;3.261
251;255;3.093
251;679;3.686
252;248;3.074
252;255;3.003
252;256;2.886
252;686;3.805
252;1104;6.445
252;1389;6.44
253;120;2.652
253;249;2.891
253;250;4.028
253;256;2.988
253;257;3.519
254;119;2.705
254;120;2.774
254;250;2.992
254;264;2.831
255;251;3.093
255;252;3.003
255;263;3.978
255;264;2.741
255;265;2.992
256;252;2.886
256;253;2.988
256;263;3.423
256;265;3.828
256;267;3.059
257;253;3.519
257;262;2.703
257;263;2.767
258;267;3.781
258;694;3.781
259;261;3.568
260;267;3.421
260;268;3.438
260;270;3.925
260;697;3.769
261;259;3.568
262;257;2.703
263;255;3.978
263;256;3.423
263;257;2.767
264;254;2.831
264;255;2.741
265;255;2.992
265;256;3.828
265;267;3.977
266;269;2.72
267;256;3.059
267;258;3.781
267;260;3.421
267;265;3.977
267;270;3.037
268;260;3.438
269;266;2.72
269;272;3.04
270;260;3.925
270;267;3.037
270;693;3.759
270;698;3.529
271;273;2.932
271;275;3.38
271;276;3.457
271;279;3.55
272;269;3.04
273;271;2.932
273;276;3.034
274;277;3.155
274;284;2.788
274;285;2.788
274;286;3.63
274;288;3.637
274;701;2.895
275;271;3.38
275;278;3.005
275;279;2.697
275;698;2.644
275;699;3.266
276;271;3.457
276;273;3.034
276;279;3.026
277;274;3.155
278;275;3.005
278;286;2.942
279;271;3.55
279;275;2.697
279;276;3.026
279;699;2.824
280;283;3.563
281;717;3.901
282;726;2.757
283;280;3.563
284;274;2.788
284;699;3.851
284;701;3.512
284;702;2.97
285;274;2.788
286;274;3.63
286;278;2.942
287;300;2.799
287;308;3.696
288;274;3.637
289;689;2.85
289;690;4.017
289;1102;3.519
289;1105;3.785
290;1106;3.742
291;299;3.37
292;299;3.864
293;297;2.727
294;977;3.735
295;973;3.401
296;297;2.844
297;293;2.727
297;296;2.844
298;303;3.67
299;291;3.37
299;292;3.864
299;301;3.275
300;287;2.799
301;299;3.275
301;308;2.883
302;304;2.998
303;298;3.67
304;302;2.998
304;308;3.612
304;314;3.921
305;314;3.058
305;315;3.117
305;316;3.708
306;310;3.147
307;309;3.043
308;287;3.696
308;301;2.883
308;304;3.612
309;307;3.043
310;306;3.147
310;314;2.844
310;316;2.847
310;317;2.925
310;319;2.785
311;314;2.941
312;319;3.907
312;320;3.566
313;316;2.932
313;318;2.758
313;320;2.703
314;304;3.921
314;305;3.058
314;310;2.844
314;311;2.941
315;305;3.117
316;305;3.708
316;310;2.847
316;313;2.932
317;310;2.925
318;313;2.758
319;310;2.785
319;312;3.907
319;321;3.041
320;312;3.566
320;313;2.703
321;319;3.041
322;324;3.821
323;325;2.762
324;322;3.821
325;323;2.762
326;436;3.35
326;437;2.885
326;438;3.685
327;430;3.16
327;434;3.975
328;430;2.893
329;430;2.779
330;430;2.633
331;337;2.775
332;335;2.935
332;336;4.606
332;337;3.909
333;384;3.941
334;338;3.289
335;332;2.935
336;332;4.606
336;343;3.541
337;331;2.775
337;332;3.909
337;341;3.639
337;342;3.729
338;334;3.289
338;419;3.724
339;341;3.064
339;343;3.948
340;427;3.904
341;337;3.639
341;339;3.064
341;428;2.68
341;429;3.581
341;431;2.606
342;337;3.729
343;336;3.541
343;339;3.948
344;350;3.765
345;350;3.693
345;351;2.848
346;349;2.985
346;351;3.021
347;351;3.979
347;352;2.957
348;361;3.902
349;346;2.985
350;344;3.765
350;345;3.693
351;345;2.848
351;346;3.021
351;347;3.979
352;347;2.957
353;357;3.82
354;357;3.019
355;358;2.992
356;359;3.012
356;360;3.01
356;361;3.958
356;363;3.71
357;353;3.82
357;354;3.019
358;355;2.992
359;356;3.012
360;356;3.01
360;362;3.459
361;348;3.902
361;356;3.958
362;360;3.459
363;356;3.71
364;366;3.128
365;369;2.84
365;372;3.926
365;374;3.635
366;364;3.128
367;369;3.674
368;387;3.198
369;365;2.84
369;367;3.674
369;387;2.95
370;386;3.78
370;388;3.706
371;386;3.338
372;365;3.926
372;386;3.687
373;376;2.969
374;365;3.635
374;378;3.769
375;377;3.03
375;378;3.037
375;379;3.017
375;380;2.768
376;373;2.969
377;375;3.03
378;374;3.769
378;375;3.037
379;375;3.017
380;375;2.768
380;382;2.765
381;383;2.97
382;380;2.765
383;381;2.97
384;333;3.941
385;390;3.656
386;370;3.78
386;371;3.338
386;372;3.687
386;389;2.917
387;368;3.198
387;369;2.95
388;370;3.706
388;391;2.944
388;392;2.999
389;386;2.917
390;385;3.656
391;388;2.944
392;388;2.999
393;394;2.825
394;393;2.825
395;396;2.774
395;402;3.705
396;395;2.774
396;401;3.08
397;400;2.787
397;401;3.849
398;401;3.792
399;401;2.979
400;397;2.787
401;396;3.08
401;397;3.849
401;398;3.792
401;399;2.979
402;395;3.705
402;403;3.093
403;402;3.093
404;406;3.21
405;407;2.947
406;404;3.21
407;405;2.947
407;408;3.029
408;407;3.029
409;434;2.814
410;411;3.634
411;410;3.634
411;413;2.893
412;415;3.154
413;411;2.893
414;416;2.974
414;421;3.636
415;412;3.154
416;414;2.974
416;421;3.719
417;418;2.906
418;417;2.906
419;338;3.724
420;422;3.299
420;426;3.424
421;414;3.636
421;416;3.719
421;422;2.942
422;420;3.299
422;421;2.942
422;425;2.975
422;426;3.069
423;426;2.92
424;427;3.682
425;422;2.975
426;420;3.424
426;422;3.069
426;423;2.92
427;340;3.904
427;424;3.682
428;341;2.68
428;431;3.89
428;432;3.959
429;341;3.581
430;327;3.16
430;328;2.893
430;329;2.779
430;330;2.633
431;341;2.606
431;428;3.89
432;428;3.959
433;436;3.598
434;327;3.975
434;409;2.814
435;443;2.818
436;326;3.35
436;433;3.598
437;326;2.885
437;443;3.731
438;326;3.685
439;442;3.003
440;443;3.003
440;444;3.218
440;445;4.006
441;446;3.921
441;447;2.773
441;448;3.487
442;439;3.003
443;435;2.818
443;437;3.731
443;440;3.003
444;440;3.218
445;440;4.006
446;441;3.921
447;441;2.773
448;441;3.487
449;450;3.638
450;449;3.638
451;453;2.828
452;454;3.149
453;451;2.828
454;452;3.149
454;456;3.019
454;458;3.325
454;459;3.965
454;461;3.038
454;462;2.746
455;457;3.973
455;458;3.789
455;515;2.749
456;454;3.019
457;455;3.973
457;514;3.561
457;515;3.894
458;454;3.325
458;455;3.789
458;461;2.965
458;462;3.131
459;454;3.965
459;462;2.985
460;511;3.656
461;454;3.038
461;458;2.965
461;516;3.342
462;454;2.746
462;458;3.131
462;459;2.985
462;465;2.944
462;466;3.157
463;467;2.95
464;468;2.968
465;462;2.944
465;468;3.231
465;469;3.01
466;462;3.157
466;469;3.405
466;470;2.925
466;563;2.675
467;463;2.95
467;470;3.22
467;471;2.976
468;464;2.968
468;465;3.231
468;472;3.051
469;465;3.01
469;466;3.405
469;472;3.325
469;473;2.978
469;504;3.98
469;508;3.8
469;560;3.94
470;466;2.925
470;467;3.22
470;473;2.997
470;474;3.088
470;564;2.732
470;565;3.593
471;467;2.976
471;474;3.477
471;475;3.006
472;468;3.051
472;469;3.325
472;476;2.981
472;501;3.668
473;469;2.978
473;470;2.997
473;476;3.092
473;477;3.071
473;505;3.312
473;558;3.871
473;560;3.864
473;561;3.835
474;470;3.088
474;471;3.477
474;477;3.118
474;478;3.447
474;561;3.823
475;471;3.006
475;478;3.297
475;479;3.019
476;472;2.981
476;473;3.092
476;479;3.282
476;480;2.994
476;501;3.24
476;557;3.145
477;473;3.071
477;474;3.118
477;481;3.053
477;558;3.653
477;991;3.88
478;474;3.447
478;475;3.297
478;481;3.345
478;482;2.983
479;475;3.019
479;476;3.282
479;482;3.009
479;483;2.952
479;494;3.523
479;498;3.787
480;476;2.994
480;483;3.03
480;557;3.801
480;558;3.669
480;995;4.003
481;477;3.053
481;478;3.345
482;478;2.983
482;479;3.009
482;486;3.859
482;490;3.702
483;479;2.952
483;480;3.03
483;487;2.954
483;498;3.506
484;487;2.959
484;1036;3.17
484;1037;3.021
485;488;2.957
485;489;2.986
486;482;3.859
486;490;3.021
487;483;2.954
487;484;2.959
487;491;2.779
488;485;2.957
488;491;2.755
489;485;2.986
490;482;3.702
490;486;3.021
490;493;3.078
490;494;2.941
491;487;2.779
491;488;2.755
491;495;2.975
492;495;3.317
492;496;3.046
493;490;3.078
493;496;3.933
493;497;2.947
494;479;3.523
494;490;2.941
494;497;3.393
494;498;2.943
495;491;2.975
495;492;3.317
495;498;3.323
495;499;3.03
496;492;3.046
496;493;3.933
496;500;2.958
497;493;2.947
497;494;3.393
497;501;2.981
498;479;3.787
498;483;3.506
498;494;2.943
498;495;3.323
498;501;3.412
498;502;3.094
498;557;3.26
499;495;3.03
499;502;3.307
499;503;3.009
499;541;3.831
499;542;3.396
500;496;2.958
500;503;3.01
500;504;3.095
501;472;3.668
501;476;3.24
501;497;2.981
501;498;3.412
501;504;3.089
501;505;3.382
502;498;3.094
502;499;3.307
502;505;2.958
502;537;2.826
502;538;3.726
502;541;3.822
503;499;3.009
503;500;3.01
503;506;2.868
504;469;3.98
504;500;3.095
504;501;3.089
504;507;3.056
504;508;3.257
505;473;3.312
505;501;3.382
505;502;2.958
505;509;2.983
505;534;3.689
505;538;3.887
505;560;3.424
506;503;2.868
506;509;3.415
506;510;3.031
506;538;3.507
507;504;3.056
507;511;3.067
508;469;3.8
508;504;3.257
508;511;3.452
508;512;2.948
508;560;2.743
508;563;2.754
509;505;2.983
509;506;3.415
509;513;2.999
509;534;3.629
510;506;3.031
510;513;3.252
510;514;3.097
511;460;3.656
511;507;3.067
511;508;3.452
511;514;4.03
511;515;2.99
512;508;2.948
512;515;3.033
512;516;3.064
512;520;2.706
512;521;3.505
512;527;2.781
513;509;2.999
513;510;3.252
513;521;3.72
513;522;3.96
514;457;3.561
514;510;3.097
514;511;4.03
515;455;2.749
515;457;3.894
515;511;2.99
515;512;3.033
516;461;3.342
516;512;3.064
516;520;3.652
517;520;3.001
517;521;2.932
518;522;2.984
519;523;2.841
520;512;2.706
520;516;3.652
520;517;3.001
520;523;3.086
520;524;2.914
521;512;3.505
521;513;3.72
521;517;2.932
521;527;3.24
521;531;4.011
522;513;3.96
522;518;2.984
523;519;2.841
523;520;3.086
524;520;2.914
524;527;2.971
524;528;3.039
525;528;3.968
525;529;3.016
526;530;3.004
526;568;2.932
526;571;3.919
527;512;2.781
527;521;3.24
527;524;2.971
527;531;2.956
528;524;3.039
528;525;3.968
528;531;3.412
528;532;2.99
529;525;3.016
529;532;3.413
529;533;3.021
530;526;3.004
530;533;3.256
530;534;2.911
530;560;2.648
530;563;3.876
531;521;4.011
531;527;2.956
531;528;3.412
531;535;2.996
532;528;2.99
532;529;3.413
532;535;3.203
532;536;3.086
533;529;3.021
533;530;3.256
533;537;3.005
534;505;3.689
534;509;3.629
534;530;2.911
534;538;2.938
534;560;3.769
535;531;2.996
535;532;3.203
535;539;2.996
536;532;3.086
536;540;3.206
536;553;3.575
537;502;2.826
537;533;3.005
537;541;3.417
537;557;3.08
538;502;3.726
538;505;3.887
538;506;3.507
538;534;2.938
538;541;3.149
538;542;2.917
539;535;2.996
539;542;3.318
539;543;3.037
540;536;3.206
540;544;2.996
540;545;3.058
540;554;3.775
541;499;3.831
541;502;3.822
541;537;3.417
541;538;3.149
541;545;3.755
541;554;3.962
542;499;3.396
542;538;2.917
542;539;3.318
543;539;3.037
544;540;2.996
544;546;2.945
545;540;3.058
545;541;3.755
545;551;2.832
546;544;2.945
546;551;3.318
547;550;2.784
548;551;3.236
548;552;2.933
549;552;3.292
549;553;2.956
549;1076;3.827
550;547;2.784
550;553;3.085
550;554;3.081
551;545;2.832
551;546;3.318
551;548;3.236
551;554;2.939
552;548;2.933
552;549;3.292
552;555;2.983
552;999;3.123
553;536;3.575
553;549;2.956
553;550;3.085
553;556;2.981
554;540;3.775
554;541;3.962
554;550;3.081
554;551;2.939
554;557;3.065
555;552;2.983
555;558;3.186
555;995;3.712
555;996;3.911
556;553;2.981
556;559;2.896
556;992;3.878
557;476;3.145
557;480;3.801
557;498;3.26
557;537;3.08
557;554;3.065
557;560;2.967
558;473;3.871
558;477;3.653
558;480;3.669
558;555;3.186
558;561;2.932
558;988;3.807
558;992;3.522
559;556;2.896
559;562;2.785
559;989;3.366
559;992;3.489
560;469;3.94
560;473;3.864
560;505;3.424
560;508;2.743
560;530;2.648
560;534;3.769
560;557;2.967
560;563;2.981
561;473;3.835
561;474;3.823
561;558;2.932
561;564;2.976
561;565;2.948
561;567;3.879
561;988;3.573
562;559;2.785
563;466;2.675
563;508;2.754
563;530;3.876
563;560;2.981
564;470;2.732
564;561;2.976
565;470;3.593
565;561;2.948
565;567;3.915
565;568;3.032
566;569;3.065
566;570;2.926
566;981;3.173
567;561;3.879
567;565;3.915
567;570;3.19
567;571;3.019
567;985;3.495
568;526;2.932
568;565;3.032
568;571;3.836
568;572;3.049
569;566;3.065
569;572;3.462
569;573;2.966
570;566;2.926
570;567;3.19
570;573;3.282
570;574;2.954
570;985;3.638
571;526;3.919
571;567;3.019
571;568;3.836
571;575;3.05
572;568;3.049
572;569;3.462
572;575;3.379
572;576;2.781
573;569;2.966
573;570;3.282
573;576;3.326
573;577;2.938
574;570;2.954
574;577;3.199
574;578;3.08
574;1090;3.608
575;571;3.05
575;572;3.379
575;578;2.998
576;572;2.781
576;573;3.326
576;579;2.977
577;573;2.938
577;574;3.199
577;580;3.072
577;581;3.087
577;681;3.791
577;1090;3.486
577;1094;3.61
578;574;3.08
578;575;2.998
578;582;2.974
578;1090;3.852
579;576;2.977
579;582;3.03
580;577;3.072
580;681;3.909
581;577;3.087
581;584;3.263
581;585;2.871
581;677;3.579
581;1090;3.834
582;578;2.974
582;579;3.03
582;586;3.053
583;106;3.468
583;110;3.341
583;586;3.222
583;587;3.304
584;110;4.016
584;581;3.263
584;587;3.037
584;588;3.021
584;676;3.523
584;677;3.779
585;581;2.871
585;589;2.929
586;582;3.053
586;583;3.222
586;589;3.29
586;590;3.053
587;107;3.672
587;583;3.304
587;584;3.037
587;590;3.454
587;591;3.031
588;584;3.021
588;591;3.484
588;592;2.96
588;639;3.919
589;585;2.929
589;586;3.29
589;593;2.977
590;100;3.536
590;586;3.053
590;587;3.454
590;593;3.295
590;594;3.001
591;587;3.031
591;588;3.484
591;594;3.306
591;595;2.95
591;669;3.718
592;588;2.96
592;595;3.492
592;596;2.926
592;632;3.487
592;635;3.813
593;19;3.505
593;23;3.724
593;589;2.977
593;590;3.295
593;596;3.285
593;597;3.005
593;628;3.474
594;94;3.965
594;98;3.964
594;590;3.001
594;591;3.306
594;597;3.257
594;598;2.995
595;591;2.95
595;592;3.492
595;599;2.957
595;635;3.79
595;665;4.048
595;666;3.525
595;669;3.9
596;592;2.926
596;593;3.285
596;599;3.241
596;600;2.992
596;628;3.841
596;631;3.986
596;632;4.021
597;94;3.632
597;593;3.005
597;594;3.257
597;601;3.326
598;94;3.683
598;594;2.995
598;601;3.321
598;602;3.02
599;595;2.957
599;596;3.241
599;603;2.999
599;604;2.817
599;625;3.832
600;25;3.236
600;596;2.992
600;604;3.046
600;605;3.162
600;627;4.034
601;91;3.41
601;597;3.326
601;598;3.321
602;87;3.914
602;91;3.867
602;598;3.02
602;605;2.796
603;599;2.999
603;606;3.004
603;607;3.57
603;621;3.515
603;625;4.028
603;659;3.36
604;599;2.817
604;600;3.046
604;621;3.751
605;600;3.162
605;602;2.796
606;603;3.004
606;621;2.972
607;603;3.57
607;619;3.085
607;621;2.97
607;647;3.81
607;648;3.464
607;655;2.794
607;659;3.634
608;617;2.65
608;618;3.366
608;648;3.701
608;649;2.917
609;612;3.008
609;613;2.862
609;614;2.821
609;615;2.756
610;648;4.139
610;649;2.774
610;651;3.731
611;614;3.862
612;609;3.008
612;617;4.023
613;609;2.862
614;609;2.821
614;611;3.862
614;1024;3.924
615;609;2.756
616;622;3.583
616;623;3.06
617;608;2.65
617;612;4.023
618;608;3.366
618;622;3.53
619;607;3.085
619;622;3.208
619;623;3.139
619;646;2.857
619;647;3.576
620;623;3.024
620;624;2.847
620;645;3.907
621;603;3.515
621;604;3.751
621;606;2.972
621;607;2.97
621;625;3.675
621;647;3.609
622;616;3.583
622;618;3.53
622;619;3.208
622;626;3.493
623;616;3.06
623;619;3.139
623;620;3.024
623;1064;3.971
624;620;2.847
624;630;4.007
624;633;3.893
624;634;3.802
624;1055;3.458
624;1059;3.772
625;599;3.832
625;603;4.028
625;621;3.675
625;630;3.24
625;634;3.652
625;647;4.04
626;622;3.493
626;630;3.482
626;1068;2.724
627;25;3.695
627;600;4.034
627;630;2.876
627;631;2.945
627;1071;2.867
628;25;3.278
628;593;3.474
628;596;3.841
628;631;3.429
628;632;2.945
629;632;3.209
629;633;2.996
629;1071;3.651
629;1074;3.873
629;1075;3.658
629;1078;3.968
630;624;4.007
630;625;3.24
630;626;3.482
630;627;2.876
630;633;3.261
630;634;2.985
630;1074;3.135
631;596;3.986
631;627;2.945
631;628;3.429
631;634;4.022
631;635;2.971
632;592;3.487
632;596;4.021
632;628;2.945
632;629;3.209
632;635;3.456
632;636;2.975
633;624;3.893
633;629;2.996
633;630;3.261
633;636;3.289
633;637;3.036
633;1059;3.992
633;1078;3.606
634;624;3.802
634;625;3.652
634;630;2.985
634;631;4.022
634;637;3.159
634;638;3.031
634;644;3.846
635;592;3.813
635;595;3.79
635;631;2.971
635;632;3.456
635;638;3.379
635;639;2.981
636;632;2.975
636;633;3.289
636;639;3.113
636;640;3.228
636;1051;5.815
636;1054;3.482
636;1078;3.746
636;1085;3.896
637;633;3.036
637;634;3.159
637;643;2.849
637;1055;3.53
638;634;3.031
638;635;3.379
638;641;3.022
638;644;3.74
638;663;3.51
638;666;3.596
638;667;4.006
639;588;3.919
639;635;2.981
639;636;3.113
639;670;3.808
640;636;3.228
640;1051;3.462
641;638;3.022
641;667;4.028
642;207;3.495
642;209;3.772
642;1051;3.791
642;1052;2.74
642;1053;2.857
643;204;3.668
643;209;3.429
643;210;5.889
643;637;2.849
643;1056;3.899
644;634;3.846
644;638;3.74
644;647;3.509
644;663;3.309
645;620;3.907
645;1056;3.517
646;619;2.857
646;1012;3.848
647;607;3.81
647;619;3.576
647;621;3.609
647;625;4.04
647;644;3.509
647;656;3.284
647;659;3.498
648;607;3.464
648;608;3.701
648;610;4.139
648;652;3.385
648;656;2.961
649;608;2.917
649;610;2.774
649;656;3.694
650;1013;3.431
651;610;3.731
652;648;3.385
652;655;2.771
652;656;3.08
653;657;2.957
654;657;3.399
654;658;2.983
655;607;2.794
655;652;2.771
655;658;3.218
655;659;3.049
656;647;3.284
656;648;2.961
656;649;3.694
656;652;3.08
656;659;3.053
656;660;2.9
657;653;2.957
657;654;3.399
657;660;3.184
657;661;3.027
658;654;2.983
658;655;3.218
659;603;3.36
659;607;3.634
659;647;3.498
659;655;3.049
659;656;3.053
659;662;2.991
659;663;2.924
660;200;3.819
660;656;2.9
660;657;3.184
660;663;3.385
660;664;2.964
661;657;3.027
661;664;3.431
661;665;3.004
662;659;2.991
662;665;3.382
662;666;2.963
663;638;3.51
663;644;3.309
663;659;2.924
663;660;3.385
663;666;3.348
663;667;2.99
664;203;3.495
664;660;2.964
664;661;3.431
664;667;3.433
664;668;2.992
665;595;4.048
665;661;3.004
665;662;3.382
665;668;3.354
665;669;2.97
666;595;3.525
666;638;3.596
666;662;2.963
666;663;3.348
666;670;2.956
667;203;4.087
667;207;3.637
667;638;4.006
667;641;4.028
667;663;2.99
667;664;3.433
667;671;2.928
668;203;3.915
668;664;2.992
668;665;3.354
668;671;3.451
668;672;3.033
669;591;3.718
669;595;3.9
669;665;2.97
669;672;3.459
669;673;2.984
670;639;3.808
670;666;2.956
670;673;3.173
670;674;2.928
671;667;2.928
671;668;3.451
671;674;3.273
671;675;2.982
672;114;3.806
672;668;3.033
672;669;3.459
672;676;3.025
673;669;2.984
673;670;3.173
673;676;3.344
673;677;2.916
674;670;2.928
674;671;3.273
674;677;3.118
674;678;3.082
675;243;3.568
675;244;3.741
675;671;2.982
675;678;3.47
675;679;3.014
676;584;3.523
676;672;3.025
676;673;3.344
676;680;2.901
677;581;3.579
677;584;3.779
677;673;2.916
677;674;3.118
677;680;3.41
677;681;3.14
677;1093;3.385
678;244;3.681
678;248;3.701
678;674;3.082
678;675;3.47
678;681;3.469
678;682;2.944
678;1093;3.578
678;1096;3.759
678;1381;6.37
679;247;3.795
679;248;4.0
679;251;3.686
679;675;3.014
679;682;3.395
679;683;2.961
680;676;2.901
680;677;3.41
680;684;3.087
681;577;3.791
681;580;3.909
681;677;3.14
681;678;3.469
681;684;3.283
681;685;2.99
681;1093;3.652
681;1094;3.713
681;1097;3.516
682;248;3.421
682;678;2.944
682;679;3.395
682;686;2.989
682;1100;3.535
683;679;2.961
683;686;3.246
683;687;3.044
684;680;3.087
684;681;3.283
684;687;3.18
684;688;3.132
685;681;2.99
685;688;2.976
685;689;2.983
685;1097;3.425
685;1101;3.409
686;252;3.805
686;682;2.989
686;683;3.246
686;1101;3.578
686;1104;3.465
687;683;3.044
687;684;3.18
688;684;3.132
688;685;2.976
689;289;2.85
689;685;2.983
689;1101;3.529
690;289;4.017
690;1105;3.464
691;1104;3.522
692;700;3.41
692;1108;2.78
692;1109;2.752
693;270;3.759
693;700;3.361
693;1108;2.78
694;258;3.781
695;700;3.795
695;701;3.451
696;714;2.662
696;1118;2.955
697;260;3.769
698;270;3.529
698;275;2.644
699;275;3.266
699;279;2.824
699;284;3.851
700;692;3.41
700;693;3.361
700;695;3.795
701;274;2.895
701;284;3.512
701;695;3.451
702;284;2.97
703;716;2.847
704;714;3.779
704;715;3.881
704;1116;3.847
705;708;3.687
706;1113;3.597
706;1114;3.559
706;1115;2.822
706;1116;3.538
707;710;3.829
707;1115;3.496
708;705;3.687
708;824;2.834
708;825;3.564
709;827;2.822
709;828;2.77
710;707;3.829
710;1115;2.803
711;793;3.897
712;795;3.617
712;803;3.47
713;796;3.779
714;696;2.662
714;704;3.779
714;1116;2.792
714;1117;3.206
715;704;3.881
715;718;3.03
715;802;3.344
716;703;2.847
717;281;3.901
717;726;2.751
718;715;3.03
718;726;3.096
719;726;3.621
720;727;3.996
720;807;3.967
720;809;3.62
720;811;3.897
721;724;2.969
721;726;3.976
722;806;3.963
723;809;2.741
724;721;2.969
725;727;2.988
725;729;3.559
726;282;2.757
726;717;2.751
726;718;3.096
726;719;3.621
726;721;3.976
727;720;3.996
727;725;2.988
727;811;2.626
728;731;2.949
728;732;2.891
728;745;2.9
728;746;2.924
728;747;3.039
729;725;3.559
730;747;2.914
731;728;2.949
731;734;3.594
732;728;2.891
733;735;3.439
734;731;3.594
734;745;3.702
735;733;3.439
736;741;3.761
737;739;2.851
738;740;3.899
738;741;3.309
738;742;3.702
739;737;2.851
740;738;3.899
741;736;3.761
741;738;3.309
741;746;3.412
742;738;3.702
743;746;2.97
744;757;3.399
744;761;3.923
745;728;2.9
745;734;3.702
745;757;3.208
746;728;2.924
746;741;3.412
746;743;2.97
747;728;3.039
747;730;2.914
747;752;3.431
747;753;3.853
748;752;2.834
748;759;3.967
748;761;3.838
749;766;3.614
749;768;2.815
749;769;2.794
749;770;3.095
750;765;3.628
751;765;3.749
751;768;2.87
752;747;3.431
752;748;2.834
752;758;3.711
753;747;3.853
754;756;3.015
755;762;2.784
756;754;3.015
757;744;3.399
757;745;3.208
758;752;3.711
758;763;4.018
758;765;2.993
759;748;3.967
760;764;2.85
761;744;3.923
761;748;3.838
762;755;2.784
763;758;4.018
764;760;2.85
764;767;2.967
765;750;3.628
765;751;3.749
765;758;2.993
765;768;2.771
766;749;3.614
766;770;2.744
767;764;2.967
768;749;2.815
768;751;2.87
768;765;2.771
769;749;2.794
770;749;3.095
770;766;2.744
770;774;3.784
771;774;3.53
771;775;2.884
772;773;2.922
773;772;2.922
774;770;3.784
774;771;3.53
775;771;2.884
776;782;3.786
777;782;3.519
778;781;3.872
778;782;3.159
779;786;2.837
780;785;2.907
781;778;3.872
781;784;3.178
782;776;3.786
782;777;3.519
782;778;3.159
783;788;2.866
784;781;3.178
784;787;2.923
785;780;2.907
785;791;2.86
785;1123;2.685
786;779;2.837
787;784;2.923
788;783;2.866
789;798;3.247
789;1123;3.402
790;793;2.821
790;1123;3.605
790;1124;3.302
791;785;2.86
792;794;2.733
793;711;3.897
793;790;2.821
793;796;3.481
794;792;2.733
795;712;3.617
795;803;3.941
795;804;3.473
796;713;3.779
796;793;3.481
797;799;3.238
797;800;3.12
797;801;3.785
798;789;3.247
799;797;3.238
800;797;3.12
801;797;3.785
801;806;3.161
802;715;3.344
803;712;3.47
803;795;3.941
803;806;3.238
803;807;2.884
804;795;3.473
805;808;3.205
806;722;3.963
806;801;3.161
806;803;3.238
807;720;3.967
807;803;2.884
808;805;3.205
809;720;3.62
809;723;2.741
809;811;3.651
810;812;2.833
811;720;3.897
811;727;2.626
811;809;3.651
812;810;2.833
813;815;3.707
813;820;3.295
814;819;3.759
815;813;3.707
815;820;3.347
816;819;3.495
817;819;3.041
818;821;3.019
819;814;3.759
819;816;3.495
819;817;3.041
820;813;3.295
820;815;3.347
820;823;3.878
821;818;3.019
821;822;2.85
821;823;2.792
822;821;2.85
823;820;3.878
823;821;2.792
824;708;2.834
825;708;3.564
825;827;3.042
826;838;3.939
827;709;2.822
827;825;3.042
827;830;3.705
828;709;2.77
829;833;3.826
830;827;3.705
831;834;2.966
832;836;2.657
832;909;2.66
833;829;3.826
834;831;2.966
835;837;3.014
835;839;2.758
835;840;2.822
836;832;2.657
837;835;3.014
837;839;3.755
838;826;3.939
839;835;2.758
839;837;3.755
840;835;2.822
841;843;3.969
841;844;3.63
842;845;2.788
843;841;3.969
844;841;3.63
844;848;3.574
845;842;2.788
845;848;2.749
845;904;2.87
845;905;2.802
846;849;3.055
847;852;3.85
847;898;3.936
847;901;3.385
847;902;3.796
848;844;3.574
848;845;2.749
849;846;3.055
849;852;2.9
849;853;2.958
850;854;3.038
851;855;2.953
852;847;3.85
852;849;2.9
852;855;3.32
852;856;2.963
853;849;2.958
853;856;3.43
853;857;3.204
853;961;3.117
854;850;3.038
854;857;3.278
854;858;3.001
855;851;2.953
855;852;3.32
855;858;3.32
855;859;2.927
856;852;2.963
856;853;3.43
856;859;3.371
856;860;2.967
856;895;3.724
856;898;3.644
857;853;3.204
857;854;3.278
857;860;3.395
857;861;2.952
857;961;3.433
858;854;3.001
858;855;3.32
858;861;3.245
858;862;2.976
859;855;2.927
859;856;3.371
859;863;2.954
859;895;3.967
860;856;2.967
860;857;3.395
860;864;2.896
860;891;3.944
860;895;3.451
860;954;3.689
860;958;3.769
861;857;2.952
861;858;3.245
861;864;3.169
861;865;2.985
862;858;2.976
862;865;3.1
862;866;3.012
863;859;2.954
863;866;3.417
863;867;2.951
863;954;3.629
864;860;2.896
864;861;3.169
864;868;2.994
865;861;2.985
865;862;3.1
865;868;3.403
865;869;2.952
866;862;3.012
866;863;3.417
866;869;3.035
866;870;3.253
867;863;2.951
867;952;3.842
867;955;4.011
868;864;2.994
868;865;3.403
868;872;3.623
868;1289;3.873
869;865;2.952
869;866;3.035
869;872;3.067
869;873;3.014
869;876;3.601
869;880;3.735
869;884;3.866
870;866;3.253
870;877;2.79
870;945;2.692
871;874;3.308
871;877;2.669
871;1292;3.355
871;1346;3.088
872;868;3.623
872;869;3.067
872;1312;3.81
873;869;3.014
873;876;2.958
873;877;3.026
874;871;3.308
874;877;3.186
874;878;3.003
874;1347;3.905
875;878;2.645
876;869;3.601
876;873;2.958
876;879;3.26
876;880;2.96
877;870;2.79
877;871;2.669
877;873;3.026
877;874;3.186
877;881;3.021
877;1345;3.57
878;874;3.003
878;875;2.645
878;1347;3.412
879;876;3.26
880;869;3.735
880;876;2.96
880;883;3.119
880;884;3.033
881;877;3.021
881;885;2.77
882;886;3.022
883;880;3.119
883;886;3.349
883;887;2.994
884;869;3.866
884;880;3.033
884;887;2.992
884;888;3.289
885;881;2.77
885;888;2.998
885;889;3.023
885;945;2.88
885;948;3.765
886;882;3.022
886;883;3.349
886;889;2.921
886;890;2.957
887;883;2.994
887;884;2.992
887;891;2.931
888;884;3.289
888;885;2.998
888;892;3.002
888;951;3.847
889;885;3.023
889;886;2.921
889;892;3.405
889;893;3.042
890;886;2.957
890;894;2.977
891;860;3.944
891;887;2.931
891;894;3.264
891;895;2.95
891;951;4.015
891;954;3.563
892;888;3.002
892;889;3.405
892;896;2.98
892;951;3.73
893;889;3.042
893;897;3.022
894;890;2.977
894;891;3.264
894;897;4.028
894;898;2.935
895;856;3.724
895;859;3.967
895;860;3.451
895;891;2.95
895;899;3.006
895;957;3.677
896;892;2.98
896;899;3.202
896;900;2.953
896;924;3.868
896;928;3.637
897;893;3.022
897;894;4.028
897;900;3.423
897;901;2.945
898;847;3.936
898;856;3.644
898;894;2.935
898;901;3.449
898;902;2.67
898;957;3.599
899;895;3.006
899;896;3.202
899;903;2.982
899;911;2.893
899;921;3.817
899;925;3.982
900;896;2.953
900;897;3.423
900;903;3.31
900;904;2.994
901;847;3.385
901;897;2.945
901;898;3.449
901;904;4.022
901;905;2.97
902;847;3.796
902;898;2.67
902;905;3.423
902;906;3.046
902;911;3.779
902;917;4.083
902;920;2.676
903;899;2.982
903;900;3.31
903;906;3.015
903;907;2.907
903;908;4.04
903;911;3.601
903;912;3.56
904;845;2.87
904;900;2.994
904;901;4.022
905;845;2.802
905;901;2.97
905;902;3.423
906;902;3.046
906;903;3.015
906;910;2.964
906;914;3.703
906;917;3.622
907;903;2.907
907;910;2.929
907;911;2.973
908;903;4.04
908;912;3.035
909;832;2.66
909;912;3.033
909;913;2.897
910;906;2.964
910;907;2.929
911;899;2.893
911;902;3.779
911;903;3.601
911;907;2.973
911;914;3.043
912;903;3.56
912;908;3.035
912;909;3.033
912;918;3.5
912;921;5.792
913;909;2.897
914;906;3.703
914;911;3.043
914;917;3.025
914;918;2.929
915;919;2.972
916;919;3.434
916;920;2.999
916;960;3.166
916;966;4.024
916;969;3.928
917;902;4.083
917;906;3.622
917;914;3.025
917;920;3.213
917;921;2.98
918;912;3.5
918;914;2.929
918;921;5.792
918;922;2.965
919;915;2.972
919;916;3.434
919;922;3.253
920;902;2.676
920;916;2.999
920;917;3.213
920;957;2.947
920;960;2.778
921;899;3.817
921;912;5.792
921;917;2.98
921;918;5.792
921;924;3.035
921;925;2.962
922;918;2.965
922;919;3.253
922;926;3.025
923;953;3.988
923;957;3.703
924;896;3.868
924;921;3.035
924;927;3.05
924;928;3.088
925;899;3.982
925;921;2.962
925;928;2.973
925;929;2.911
926;922;3.025
926;930;2.98
926;950;3.682
927;924;3.05
927;930;4.026
927;931;3.05
927;951;2.895
928;896;3.637
928;924;3.088
928;925;2.973
928;931;3.339
928;932;2.979
929;925;2.911
929;932;3.215
929;933;3.005
930;926;2.98
930;927;4.026
930;933;3.338
930;934;2.972
931;927;3.05
931;928;3.339
931;934;3.33
931;935;2.996
931;944;3.788
932;928;2.979
932;929;3.215
932;935;3.224
932;936;2.936
933;929;3.005
933;930;3.338
933;936;3.281
933;937;2.985
934;930;2.972
934;931;3.33
934;939;3.041
934;943;3.287
934;944;3.3
934;947;3.645
935;931;2.996
935;932;3.224
935;938;3.006
936;932;2.936
936;933;3.281
937;933;2.985
938;935;3.006
939;934;3.041
940;943;3.844
941;944;3.5
941;945;3.013
942;945;2.751
942;946;3.219
942;1344;4.031
943;934;3.287
943;940;3.844
943;947;2.969
944;931;3.788
944;934;3.3
944;941;3.5
944;948;2.918
945;870;2.692
945;885;2.88
945;941;3.013
945;942;2.751
946;942;3.219
946;949;3.048
946;1294;3.903
946;1341;2.99
946;1342;3.673
946;1343;3.136
947;934;3.645
947;943;2.969
948;885;3.765
948;944;2.918
948;951;2.741
949;946;3.048
949;952;2.74
949;953;3.304
949;1290;3.565
950;926;3.682
950;953;2.98
951;888;3.847
951;891;4.015
951;892;3.73
951;927;2.895
951;948;2.741
951;954;2.839
952;867;3.842
952;949;2.74
953;923;3.988
953;949;3.304
953;950;2.98
953;956;2.917
953;957;3.01
953;1286;3.85
954;860;3.689
954;863;3.629
954;891;3.563
954;951;2.839
954;957;2.987
954;958;3.176
955;867;4.011
955;958;2.979
955;1286;3.643
956;953;2.917
956;959;2.772
956;1286;3.807
957;895;3.677
957;898;3.599
957;920;2.947
957;923;3.703
957;953;3.01
957;954;2.987
957;960;2.893
958;860;3.769
958;954;3.176
