source;destination;distance
0;3;2.77
1;47;3.584
2;7;3.645
2;48;3.683
3;0;2.77
4;7;3.239
4;8;2.965
5;9;2.972
6;10;2.973
7;2;3.645
7;4;3.239
7;10;3.124
7;11;2.969
7;43;4.036
7;47;3.759
8;4;2.965
8;11;3.472
8;12;2.981
9;5;2.972
9;13;2.923
10;6;2.973
10;7;3.124
10;13;3.493
10;14;2.942
11;7;2.969
11;8;3.472
11;14;3.459
11;15;3.025
11;44;3.616
12;8;2.981
12;16;2.982
12;104;4.019
13;9;2.923
13;10;3.493
13;16;3.371
13;17;2.936
14;10;2.942
14;11;3.459
14;18;3.008
14;37;3.635
15;11;3.025
15;19;2.991
15;37;3.805
15;99;3.871
15;100;3.703
16;12;2.982
16;13;3.371
16;19;3.156
16;20;3.084
17;13;2.936
17;20;3.314
17;21;2.974
18;14;3.008
18;22;2.964
18;37;3.168
18;96;3.622
19;15;2.991
19;16;3.156
19;22;3.167
19;97;3.528
19;594;3.542
20;16;3.084
20;17;3.314
21;17;2.974
21;24;2.986
21;30;3.618
21;33;3.401
22;18;2.964
22;19;3.167
22;93;4.021
23;594;3.834
24;21;2.986
24;27;3.978
25;601;3.211
25;628;3.7
25;629;3.307
26;30;3.831
27;24;3.978
27;30;2.834
28;31;2.716
28;32;3.035
29;32;3.312
29;33;2.976
30;21;3.618
30;26;3.831
30;27;2.834
30;33;3.4
30;34;2.995
31;28;2.716
31;34;3.459
31;35;3.005
32;28;3.035
32;29;3.312
32;36;2.996
33;21;3.401
33;29;2.976
33;30;3.4
33;36;3.252
33;37;2.939
34;30;2.995
34;31;3.459
34;37;3.353
34;38;2.936
34;93;2.806
34;96;3.076
35;31;3.005
35;38;3.388
35;39;2.971
35;81;3.444
36;32;2.996
36;33;3.252
36;39;3.36
36;40;3.004
37;14;3.635
37;15;3.805
37;18;3.168
37;33;2.939
37;34;3.353
37;40;2.995
37;41;2.856
37;96;3.413
38;34;2.936
38;35;3.388
38;41;4.002
38;42;2.987
38;80;2.702
39;35;2.971
39;36;3.36
39;42;3.183
39;43;2.987
40;36;3.004
40;37;2.995
40;43;3.426
40;44;2.895
41;37;2.856
41;38;4.002
41;45;2.959
41;73;3.473
41;99;3.513
42;38;2.987
42;39;3.183
42;45;3.278
42;46;2.97
43;7;4.036
43;39;2.987
43;40;3.426
43;46;3.431
43;47;3.051
44;11;3.616
44;40;2.895
44;47;3.287
44;48;2.804
44;99;2.652
45;41;2.959
45;42;3.278
45;49;2.982
45;56;3.96
45;73;3.935
46;42;2.97
46;43;3.431
46;50;3.077
46;51;3.964
47;1;3.584
47;7;3.759
47;43;3.051
47;44;3.287
48;2;3.683
48;44;2.804
48;66;3.226
48;69;2.665
49;45;2.982
49;56;3.987
49;59;3.847
49;66;3.644
50;46;3.077
50;55;3.642
51;46;3.964
52;55;3.13
52;58;3.428
53;56;2.984
54;57;2.994
55;50;3.642
55;52;3.13
55;58;3.0
56;45;3.96
56;49;3.987
56;53;2.984
56;59;3.051
56;70;3.927
57;54;2.994
57;60;3.021
58;52;3.428
58;55;3.0
58;61;3.035
59;49;3.847
59;56;3.051
59;62;2.977
59;63;3.772
59;66;3.516
59;67;4.003
59;70;3.764
60;57;3.021
61;58;3.035
62;59;2.977
63;59;3.772
63;66;3.456
63;67;2.927
64;67;3.446
64;68;3.037
65;68;3.015
65;69;3.046
65;102;3.421
65;108;3.2
65;111;3.832
66;48;3.226
66;49;3.644
66;59;3.516
66;63;3.456
66;69;3.853
66;70;2.978
67;59;4.003
67;63;2.927
67;64;3.446
67;70;3.435
67;71;2.944
68;64;3.037
68;65;3.015
68;72;2.998
68;101;3.875
69;48;2.665
69;65;3.046
69;66;3.853
69;72;3.472
69;73;2.94
69;99;3.219
69;102;2.608
70;56;3.927
70;59;3.764
70;66;2.978
70;67;3.435
70;73;3.241
70;74;2.987
71;67;2.944
71;74;3.409
71;75;2.987
72;68;2.998
72;69;3.472
72;76;2.937
72;95;3.543
73;41;3.473
73;45;3.935
73;69;2.94
73;70;3.241
73;76;3.465
73;77;2.905
74;70;2.987
74;71;3.409
74;77;3.307
74;78;3.004
75;71;2.987
75;79;2.996
75;89;3.523
75;92;3.295
76;72;2.937
76;73;3.465
76;79;2.998
76;80;2.872
77;73;2.905
77;74;3.307
77;81;2.977
78;74;3.004
78;82;3.003
79;75;2.996
79;76;2.998
79;83;3.958
79;89;2.674
80;38;2.702
80;76;2.872
80;96;3.514
81;35;3.444
81;77;2.977
82;78;3.003
82;84;2.984
83;79;3.958
83;90;2.933
83;93;3.636
84;82;2.984
85;89;3.634
86;89;3.144
87;90;2.871
87;91;3.179
87;603;3.934
88;91;3.121
89;75;3.523
89;79;2.674
89;85;3.634
89;86;3.144
89;92;3.011
90;83;2.933
90;87;2.871
91;87;3.179
91;88;3.121
91;94;2.999
91;602;3.387
91;603;3.843
92;75;3.295
92;89;3.011
92;95;2.862
93;22;4.021
93;34;2.806
93;83;3.636
93;96;2.876
94;91;2.999
94;97;2.961
94;595;4.034
94;598;3.612
94;599;3.677
95;72;3.543
95;92;2.862
95;98;3.073
95;99;3.021
96;18;3.622
96;34;3.076
96;37;3.413
96;80;3.514
96;93;2.876
97;19;3.528
97;94;2.961
97;100;3.043
98;95;3.073
98;101;2.92
98;595;3.891
99;15;3.871
99;41;3.513
99;44;2.652
99;69;3.219
99;95;3.021
99;102;2.941
100;15;3.703
100;97;3.043
100;103;2.982
100;104;2.968
100;107;3.756
100;591;3.815
101;68;3.875
101;98;2.92
101;111;3.906
102;65;3.421
102;69;2.608
102;99;2.941
102;108;2.8
103;100;2.982
104;12;4.019
104;100;2.968
104;107;3.097
104;108;2.989
105;108;3.391
105;109;2.95
106;110;3.14
106;584;3.441
107;100;3.756
107;104;3.097
107;110;3.368
107;111;2.996
107;588;3.644
108;65;3.2
108;102;2.8
108;104;2.989
108;105;3.391
108;111;3.488
108;112;2.98
109;105;2.95
109;112;3.094
109;113;3.014
110;106;3.14
110;107;3.368
110;113;3.151
110;114;3.009
110;584;3.338
110;585;4.031
111;65;3.832
111;101;3.906
111;107;2.996
111;108;3.488
111;114;3.289
111;115;3.046
112;108;2.98
112;109;3.094
112;115;3.391
112;116;3.011
113;109;3.014
113;110;3.151
113;116;3.191
113;117;3.045
114;110;3.009
114;111;3.289
114;117;3.092
114;118;3.264
114;673;3.863
115;111;3.046
115;112;3.391
115;118;2.939
116;112;3.011
116;113;3.191
116;119;2.742
116;255;3.825
117;113;3.045
117;114;3.092
117;120;3.059
117;121;3.016
118;114;3.264
118;115;2.939
118;122;2.999
119;116;2.742
119;259;2.754
120;117;3.059
120;123;3.454
120;255;3.503
120;258;2.601
120;259;2.742
121;117;3.016
121;125;2.926
121;252;4.006
122;118;2.999
122;126;2.989
123;120;3.454
123;126;3.151
123;127;3.093
123;1252;3.436
123;1253;2.928
124;127;3.454
124;128;3.165
124;244;3.645
125;121;2.926
125;128;3.38
125;129;2.919
126;122;2.989
126;123;3.151
126;129;3.353
126;130;2.992
127;123;3.093
127;124;3.454
127;130;3.881
127;131;2.961
127;1247;3.958
127;1253;3.953
127;1256;3.824
128;124;3.165
128;125;3.38
128;131;3.288
128;132;2.889
128;244;3.437
129;125;2.919
129;126;3.353
129;133;3.011
130;126;2.992
130;127;3.881
130;133;3.425
130;134;2.931
130;1243;3.693
130;1246;3.39
130;1247;3.636
131;127;2.961
131;128;3.288
131;135;2.881
132;128;2.889
132;136;2.966
132;204;3.704
132;207;3.974
133;129;3.011
133;130;3.425
133;136;3.195
133;137;3.005
134;130;2.931
134;137;3.255
134;138;2.977
134;1154;3.73
134;1243;3.889
135;131;2.881
135;139;2.943
135;207;3.603
135;233;3.686
135;237;3.851
135;240;4.027
136;132;2.966
136;133;3.195
136;140;2.934
136;200;3.658
136;204;3.91
137;133;3.005
137;134;3.255
137;140;3.213
137;141;3.119
137;1240;3.872
138;134;2.977
138;141;3.082
138;142;3.477
138;233;3.626
138;1237;3.568
138;1240;3.952
139;135;2.943
139;142;3.441
139;143;2.958
139;197;3.585
140;136;2.934
140;137;3.213
140;144;3.692
140;198;3.909
140;199;3.52
140;200;3.898
141;137;3.119
141;138;3.082
141;1237;3.964
141;1240;3.352
142;138;3.477
142;139;3.441
142;1233;3.612
142;1237;3.874
143;139;2.958
143;220;3.072
143;230;3.44
143;233;3.664
143;234;3.803
144;140;3.692
144;198;3.865
145;150;2.727
145;193;2.96
146;187;2.982
146;191;3.682
146;193;3.079
147;150;2.957
147;151;3.785
147;191;2.801
148;191;2.851
148;194;3.593
148;198;2.631
149;155;3.442
150;145;2.727
150;147;2.957
150;154;3.128
150;188;2.687
151;147;3.785
151;185;3.875
151;188;3.766
152;185;3.825
153;183;2.735
154;150;3.128
155;149;3.442
156;159;3.668
157;159;3.141
158;161;3.859
158;182;3.791
159;156;3.668
159;157;3.141
160;169;3.224
160;181;2.915
161;158;3.859
162;168;3.108
162;169;3.712
163;164;3.451
163;167;3.976
164;163;3.451
165;168;3.037
165;178;3.035
166;172;2.774
167;163;3.976
168;162;3.108
168;165;3.037
168;171;2.814
168;182;2.596
169;160;3.224
169;162;3.712
170;173;3.324
171;168;2.814
171;177;2.982
171;178;3.822
171;180;2.637
172;166;2.774
172;175;4.04
173;170;3.324
173;176;4.009
174;176;3.789
175;172;4.04
176;173;4.009
176;174;3.789
177;171;2.982
177;179;2.979
178;165;3.035
178;171;3.822
179;177;2.979
180;171;2.637
181;160;2.915
182;158;3.791
182;168;2.596
183;153;2.735
184;1009;4.122
184;1011;3.676
185;151;3.875
185;152;3.825
186;188;3.372
187;146;2.982
188;150;2.687
188;151;3.766
188;186;3.372
189;192;3.135
190;1008;2.599
190;1010;3.524
191;146;3.682
191;147;2.801
191;148;2.851
191;194;3.09
192;189;3.135
192;223;3.523
192;224;3.962
193;145;2.96
193;146;3.079
194;148;3.593
194;191;3.09
194;197;2.999
194;198;3.029
194;202;3.515
195;202;3.132
196;202;3.417
196;220;3.457
197;139;3.585
197;194;2.999
197;203;3.405
197;206;3.541
197;220;3.167
197;234;6.04
198;140;3.909
198;144;3.865
198;148;2.631
198;194;3.029
199;140;3.52
199;202;2.79
199;203;2.975
200;136;3.658
200;140;3.898
200;204;2.954
201;205;2.993
202;194;3.515
202;195;3.132
202;196;3.417
202;199;2.79
202;205;3.307
202;206;2.959
203;197;3.405
203;199;2.975
203;206;3.238
203;207;2.948
204;132;3.704
204;136;3.91
204;200;2.954
204;208;2.939
205;201;2.993
205;202;3.307
205;208;3.064
205;209;2.962
205;661;3.82
206;197;3.541
206;202;2.959
206;203;3.238
206;209;3.293
206;210;2.939
207;132;3.974
207;135;3.603
207;203;2.948
207;210;3.455
207;211;2.952
208;204;2.939
208;205;3.064
208;211;3.252
208;212;2.939
208;665;3.496
208;668;4.147
208;669;3.865
209;205;2.962
209;206;3.293
209;213;2.967
209;214;2.793
209;215;3.759
209;644;3.647
210;206;2.939
210;207;3.455
210;213;3.111
210;216;3.674
210;234;3.863
210;237;3.717
210;238;3.705
211;207;2.952
211;208;3.252
212;208;2.939
212;668;3.628
213;209;2.967
213;210;3.111
213;1318;3.178
213;1320;2.993
214;209;2.793
214;643;3.759
214;644;3.405
215;209;3.759
215;218;3.745
215;219;3.001
215;644;3.703
215;1315;3.55
215;1325;3.888
216;210;3.674
216;220;3.055
216;221;3.138
216;234;3.871
216;235;3.999
216;238;3.408
216;1311;3.406
216;1314;6.21
216;1315;3.356
217;221;3.132
217;222;2.991
217;1311;3.681
217;1315;3.569
217;1350;3.432
217;1351;2.774
217;1352;3.155
218;215;3.745
218;1325;3.459
218;1352;3.171
219;215;3.001
219;222;3.059
220;143;3.072
220;196;3.457
220;197;3.167
220;216;3.055
220;230;2.766
221;216;3.138
221;217;3.132
221;224;2.935
221;231;3.337
221;1311;3.169
221;1350;3.502
222;217;2.991
222;219;3.059
222;1301;3.905
222;1350;3.387
223;192;3.523
224;192;3.962
224;221;2.935
224;226;2.929
224;227;3.122
224;230;3.62
225;227;3.06
225;1308;3.595
225;1345;3.417
225;1346;2.887
225;1348;3.988
225;1349;3.467
226;224;2.929
226;230;3.02
227;224;3.122
227;225;3.06
227;230;2.974
227;231;2.945
227;1347;3.775
227;1348;3.494
228;231;3.682
228;232;2.92
228;1345;2.828
228;1347;2.744
229;1230;3.718
229;1233;3.794
229;1234;3.311
229;1347;2.962
230;143;3.44
230;220;2.766
230;224;3.62
230;226;3.02
230;227;2.974
230;233;3.034
230;234;3.397
231;221;3.337
231;227;2.945
231;228;3.682
231;234;3.31
231;235;2.937
231;1311;3.52
231;1348;4.017
232;228;2.92
232;236;2.978
233;135;3.686
233;138;3.626
233;143;3.664
233;230;3.034
233;236;3.143
233;237;2.966
234;143;3.803
234;197;6.04
234;210;3.863
234;216;3.871
234;230;3.397
234;231;3.31
234;237;3.174
234;238;2.975
235;216;3.999
235;231;2.937
235;238;3.192
235;239;2.965
235;1314;3.92
236;232;2.978
236;233;3.143
236;240;2.939
237;135;3.851
237;210;3.717
237;233;2.966
237;234;3.174
237;241;2.901
238;210;3.705
238;216;3.408
238;234;2.975
238;235;3.192
238;242;2.94
238;1314;3.361
239;235;2.965
239;243;2.948
239;1314;3.376
240;135;4.027
240;236;2.939
240;244;2.928
241;237;2.901
241;245;2.944
242;238;2.94
242;245;3.307
242;246;2.959
243;239;2.948
243;246;3.423
243;247;2.932
243;1260;3.661
243;1267;3.61
244;124;3.645
244;128;3.437
244;240;2.928
244;247;3.142
244;248;2.869
245;241;2.944
245;242;3.307
245;248;3.383
245;249;2.967
246;242;2.959
246;243;3.423
246;249;3.933
246;250;2.993
246;1378;3.748
247;243;2.932
247;244;3.142
247;250;3.622
247;251;2.89
247;1256;3.151
247;1259;3.719
248;244;2.869
248;245;3.383
248;251;3.07
248;252;2.935
248;676;3.562
249;245;2.967
249;246;3.933
249;253;3.132
249;676;3.673
249;679;3.728
249;1375;3.414
250;246;2.993
250;247;3.622
250;253;3.473
250;254;2.918
250;1378;3.974
250;1379;3.921
250;1382;3.505
251;247;2.89
251;248;3.07
251;255;2.93
252;121;4.006
252;248;2.935
252;255;3.338
252;256;3.111
252;680;3.825
253;249;3.132
253;250;3.473
253;256;3.241
253;257;3.073
253;679;3.629
253;680;3.989
253;683;3.44
253;1379;3.476
254;250;2.918
254;258;2.9
254;1383;3.783
255;116;3.825
255;120;3.503
255;251;2.93
255;252;3.338
255;259;2.992
256;252;3.111
256;253;3.241
256;260;3.099
256;680;3.698
257;253;3.073
257;260;2.952
257;261;2.811
257;684;3.981
257;687;3.802
257;1099;6.425
257;1383;6.247
258;120;2.601
258;254;2.9
258;261;3.003
258;262;3.551
259;119;2.754
259;120;2.742
259;255;2.992
259;269;2.829
260;256;3.099
260;257;2.952
260;268;4.026
260;269;2.743
260;270;3.025
261;257;2.811
261;258;3.003
261;268;3.457
261;270;3.832
261;272;3.071
262;258;3.551
262;267;2.73
262;268;2.827
263;272;3.721
263;694;3.817
264;266;3.38
265;272;3.476
265;274;3.958
265;698;3.749
266;264;3.38
267;262;2.73
268;260;4.026
268;261;3.457
268;262;2.827
269;259;2.829
269;260;2.743
270;260;3.025
270;261;3.832
270;272;3.998
271;273;3.056
272;261;3.071
272;263;3.721
272;265;3.476
272;270;3.998
272;274;2.984
273;271;3.056
273;276;2.995
274;265;3.958
274;272;2.984
274;693;3.545
274;699;3.848
275;278;2.909
276;273;2.995
277;281;3.484
278;275;2.909
278;281;3.03
278;295;3.773
279;282;3.246
279;290;2.771
279;291;2.757
279;292;3.217
279;702;3.127
280;283;2.984
280;284;3.027
280;701;2.685
281;277;3.484
281;278;3.03
281;284;3.043
282;279;3.246
282;294;3.625
283;280;2.984
283;288;3.705
283;289;3.956
283;290;3.885
283;291;2.761
283;292;2.767
284;280;3.027
284;281;3.043
284;700;2.798
285;288;3.13
286;715;4.012
287;723;2.778
288;283;3.705
288;285;3.13
288;723;3.127
289;283;3.956
290;279;2.771
290;283;3.885
290;700;3.797
290;702;3.604
290;703;2.98
291;279;2.757
291;283;2.761
292;279;3.217
292;283;2.767
293;296;3.133
293;309;2.745
294;282;3.625
295;278;3.773
296;293;3.133
297;690;2.785
297;691;3.932
297;1097;3.571
298;1097;3.873
298;1100;3.55
298;1101;3.475
299;308;3.384
299;309;3.926
300;308;3.84
301;304;2.882
301;306;2.653
302;971;3.712
303;967;3.399
304;301;2.882
304;305;3.415
304;306;2.867
305;304;3.415
306;301;2.653
306;304;2.867
307;312;4.039
308;299;3.384
308;300;3.84
308;310;3.121
309;293;2.745
309;299;3.926
310;308;3.121
310;317;2.894
311;313;3.0
311;317;3.906
312;307;4.039
313;311;3.0
313;317;3.722
313;324;4.022
314;319;3.879
314;323;3.082
315;319;3.435
316;318;3.067
317;310;2.894
317;311;3.906
317;313;3.722
318;316;3.067
319;314;3.879
319;315;3.435
319;323;2.763
319;325;2.809
319;327;2.675
320;323;2.856
321;328;3.283
322;325;2.955
322;326;2.792
322;328;2.724
323;314;3.082
323;319;2.763
323;320;2.856
324;313;4.022
325;319;2.809
325;322;2.955
326;322;2.792
327;319;2.675
327;330;3.007
328;321;3.283
328;322;2.724
329;331;2.732
330;327;3.007
331;329;2.732
332;437;3.648
332;438;2.844
332;439;3.985
333;433;3.119
333;436;3.803
334;433;2.943
335;433;2.764
336;433;2.642
337;342;2.847
338;340;2.957
338;341;3.466
338;342;3.111
339;343;3.371
340;338;2.957
341;338;3.466
341;348;3.892
342;337;2.847
342;338;3.111
342;346;3.67
342;347;3.827
343;339;3.371
343;421;3.916
344;346;3.074
344;348;3.937
345;429;3.977
346;342;3.67
346;344;3.074
346;431;3.044
346;432;3.413
346;434;2.622
347;342;3.827
348;341;3.892
348;344;3.937
349;355;3.775
350;355;3.496
350;356;2.898
351;354;3.113
351;356;3.021
352;357;2.957
353;366;3.79
354;351;3.113
355;349;3.775
355;350;3.496
356;350;2.898
356;351;3.021
357;352;2.957
357;359;3.23
358;362;3.769
359;357;3.23
359;362;2.992
359;366;4.034
360;363;2.981
361;364;3.0
361;365;3.0
361;366;4.013
361;368;3.847
362;358;3.769
362;359;2.992
363;360;2.981
364;361;3.0
365;361;3.0
365;367;3.446
366;353;3.79
366;359;4.034
366;361;4.013
367;365;3.446
368;361;3.847
369;371;3.412
370;373;2.712
370;376;3.547
370;387;3.842
371;369;3.412
372;388;3.095
373;370;2.712
373;387;3.93
373;388;3.032
374;387;4.001
374;389;2.847
374;394;3.407
375;378;2.978
376;370;3.547
377;379;2.99
377;380;3.359
377;381;2.801
378;375;2.978
379;377;2.99
380;377;3.359
381;377;2.801
381;383;3.306
381;384;2.817
382;383;3.027
382;385;3.295
383;381;3.306
383;382;3.027
384;381;2.817
385;382;3.295
386;390;3.749
386;391;3.511
387;370;3.842
387;373;3.93
387;374;4.001
387;390;2.921
388;372;3.095
388;373;3.032
389;374;2.847
389;392;2.951
389;393;3.078
389;394;3.848
390;386;3.749
390;387;2.921
391;386;3.511
392;389;2.951
393;389;3.078
394;374;3.407
394;389;3.848
395;396;2.718
396;395;2.718
397;399;2.615
397;405;3.691
398;406;3.997
399;397;2.615
399;404;3.046
400;403;2.684
400;404;3.847
401;404;3.784
402;404;2.978
403;400;2.684
404;399;3.046
404;400;3.847
404;401;3.784
404;402;2.978
405;397;3.691
405;407;3.093
406;398;3.997
407;405;3.093
408;410;3.761
409;411;2.963
410;408;3.761
411;409;2.963
411;412;3.033
412;411;3.033
413;436;2.812
414;415;3.557
415;414;3.557
415;416;2.785
416;415;2.785
417;418;3.077
418;417;3.077
418;423;3.599
419;420;2.853
420;419;2.853
421;343;3.916
422;428;3.991
423;418;3.599
423;424;2.894
424;423;2.894
424;427;2.984
424;428;3.066
425;428;2.892
426;429;3.688
427;424;2.984
428;422;3.991
428;424;3.066
428;425;2.892
429;345;3.977
429;426;3.688
430;434;3.856
431;346;3.044
432;346;3.413
433;333;3.119
433;334;2.943
433;335;2.764
433;336;2.642
434;346;2.622
434;430;3.856
435;437;3.777
436;333;3.803
436;413;2.812
436;437;3.076
437;332;3.648
437;435;3.777
437;436;3.076
438;332;2.844
438;444;3.403
439;332;3.985
440;443;3.028
441;444;3.0
441;445;3.24
441;446;3.925
442;447;2.85
442;448;2.865
443;440;3.028
444;438;3.403
444;441;3.0
445;441;3.24
446;441;3.925
447;442;2.85
448;442;2.865
449;450;3.829
450;449;3.829
451;453;2.776
452;455;3.191
453;451;2.776
454;459;6.32
455;452;3.191
455;457;3.007
455;459;3.372
455;460;3.809
455;463;2.647
456;458;3.939
456;459;3.819
456;515;3.443
456;516;2.749
457;455;3.007
458;456;3.939
458;515;3.658
458;516;3.977
459;454;6.32
459;455;3.372
459;456;3.819
459;462;2.977
459;463;3.128
460;455;3.809
460;463;3.051
461;512;3.618
462;459;2.977
462;517;4.008
463;455;2.647
463;459;3.128
463;460;3.051
463;466;2.942
463;467;3.173
464;468;2.961
465;469;2.969
466;463;2.942
466;469;3.236
466;470;3.026
467;463;3.173
467;470;3.39
467;471;2.931
467;564;2.654
467;565;3.965
468;464;2.961
468;471;3.193
468;472;2.964
469;465;2.969
469;466;3.236
469;473;3.054
470;466;3.026
470;467;3.39
470;473;3.321
470;474;2.976
470;509;3.804
470;561;3.947
471;467;2.931
471;468;3.193
471;474;2.994
471;475;3.09
471;565;2.638
471;566;3.559
472;468;2.964
472;475;3.479
472;476;3.007
473;469;3.054
473;470;3.321
473;477;2.983
473;502;3.667
474;470;2.976
474;471;2.994
474;477;3.086
474;478;3.07
474;506;3.328
474;559;3.868
474;561;3.885
474;562;3.825
475;471;3.09
475;472;3.479
475;478;3.133
475;479;3.445
475;562;3.901
476;472;3.007
476;479;3.303
476;480;3.017
477;473;2.983
477;474;3.086
477;480;3.28
477;481;2.993
477;502;3.196
477;558;3.089
478;474;3.07
478;475;3.133
478;482;3.054
478;559;3.661
478;985;3.933
479;475;3.445
479;476;3.303
479;482;3.309
479;483;2.993
480;476;3.017
480;477;3.28
480;483;3.009
480;484;2.951
480;495;3.537
481;477;2.993
481;484;3.045
481;556;4.034
481;558;3.785
481;559;3.633
482;478;3.054
482;479;3.309
483;479;2.993
483;480;3.009
483;487;3.641
484;480;2.951
484;481;3.045
484;488;2.92
484;495;4.029
484;499;3.413
485;488;2.961
485;1031;3.175
485;1032;2.997
486;489;2.939
486;490;3.03
487;483;3.641
487;491;3.015
488;484;2.92
488;485;2.961
488;492;2.784
489;486;2.939
489;492;2.74
490;486;3.03
491;487;3.015
491;494;3.069
491;495;2.942
492;488;2.784
492;489;2.74
492;496;2.968
493;496;3.257
493;497;3.026
494;491;3.069
494;497;3.945
494;498;2.974
495;480;3.537
495;484;4.029
495;491;2.942
495;498;3.383
495;499;2.935
496;492;2.968
496;493;3.257
496;499;3.34
496;500;3.023
497;493;3.026
497;494;3.945
497;501;2.956
498;494;2.974
498;495;3.383
498;502;2.973
499;484;3.413
499;495;2.935
499;496;3.34
499;502;3.382
499;503;3.094
499;558;3.238
500;496;3.023
500;503;3.348
500;504;3.008
500;543;3.458
501;497;2.956
501;504;3.013
501;505;3.096
502;473;3.667
502;477;3.196
502;498;2.973
502;499;3.382
502;505;3.061
502;506;3.381
503;499;3.094
503;500;3.348
503;506;2.963
503;538;2.74
503;539;3.75
503;542;3.858
504;500;3.008
504;501;3.013
504;507;2.849
505;501;3.096
505;502;3.061
505;508;3.062
505;509;3.244
506;474;3.328
506;502;3.381
506;503;2.963
506;510;2.984
506;535;3.688
506;539;3.897
506;561;3.421
507;504;2.849
507;510;3.428
507;511;3.03
507;539;3.496
508;505;3.062
508;512;3.063
509;470;3.804
509;505;3.244
509;512;3.431
509;513;2.946
509;561;2.729
509;564;2.728
510;506;2.984
510;507;3.428
510;513;3.489
510;514;2.987
510;535;3.684
511;507;3.03
511;514;3.232
511;515;3.087
512;461;3.618
512;508;3.063
512;509;3.431
512;516;2.977
513;509;2.946
513;510;3.489
513;516;3.029
513;517;3.029
513;521;2.664
513;522;3.637
513;528;2.759
514;510;2.987
514;511;3.232
514;522;3.749
514;523;3.985
515;456;3.443
515;458;3.658
515;511;3.087
516;456;2.749
516;458;3.977
516;512;2.977
516;513;3.029
517;462;4.008
517;513;3.029
517;521;3.673
518;521;2.904
518;522;2.919
519;523;2.985
520;524;2.776
521;513;2.664
521;517;3.673
521;518;2.904
521;524;3.072
521;525;2.917
522;513;3.637
522;514;3.749
522;518;2.919
522;528;3.213
522;532;3.033
523;514;3.985
523;519;2.985
524;520;2.776
524;521;3.072
525;521;2.917
525;528;2.964
525;529;3.043
526;529;3.964
526;530;3.009
527;531;2.993
527;569;2.931
527;572;3.923
528;513;2.759
528;522;3.213
528;525;2.964
528;532;2.956
529;525;3.043
529;526;3.964
529;532;3.393
529;533;2.989
530;526;3.009
530;533;3.454
530;534;3.02
531;527;2.993
531;534;3.191
531;535;2.899
531;561;2.638
531;564;3.87
532;522;3.033
532;528;2.956
532;529;3.393
532;536;3.005
533;529;2.989
533;530;3.454
533;536;3.203
533;537;3.087
534;530;3.02
534;531;3.191
534;538;3.007
535;506;3.688
535;510;3.684
535;531;2.899
535;539;2.941
535;561;3.757
536;532;3.005
536;533;3.203
536;540;2.995
537;533;3.087
537;541;3.219
537;554;3.566
538;503;2.74
538;534;3.007
538;542;3.39
538;558;3.088
539;503;3.75
539;506;3.897
539;507;3.496
539;535;2.941
539;542;3.15
539;543;2.907
540;536;2.995
540;543;3.297
540;544;3.033
541;537;3.219
541;545;3.0
541;546;3.052
541;555;3.79
542;503;3.858
542;538;3.39
542;539;3.15
542;546;3.745
542;555;4.003
543;500;3.458
543;539;2.907
543;540;3.297
544;540;3.033
545;541;3.0
545;547;2.942
546;541;3.052
546;542;3.745
546;552;2.805
547;545;2.942
547;552;3.3
548;551;2.784
549;552;3.237
549;553;2.932
550;553;3.289
550;554;2.958
551;548;2.784
551;554;3.087
551;555;3.082
552;546;2.805
552;547;3.3
552;549;3.237
552;555;2.944
553;549;2.932
553;550;3.289
553;556;2.978
553;993;3.127
554;537;3.566
554;550;2.958
554;551;3.087
554;557;2.984
555;541;3.79
555;542;4.003
555;551;3.082
555;552;2.944
555;558;3.038
556;481;4.034
556;553;2.978
556;559;3.188
556;989;3.716
556;990;3.926
557;554;2.984
557;560;2.902
557;986;3.882
558;477;3.089
558;481;3.785
558;499;3.238
558;538;3.088
558;555;3.038
558;561;2.974
559;474;3.868
559;478;3.661
559;481;3.633
559;556;3.188
559;562;2.924
559;982;3.824
559;986;3.527
560;557;2.902
560;563;2.779
560;983;3.384
560;986;3.491
561;470;3.947
561;474;3.885
561;506;3.421
561;509;2.729
561;531;2.638
561;535;3.757
561;558;2.974
561;564;2.986
562;474;3.825
562;475;3.901
562;559;2.924
562;565;2.981
562;566;2.94
562;568;3.918
562;982;3.642
563;560;2.779
564;467;2.654
564;509;2.728
564;531;3.87
564;561;2.986
565;467;3.965
565;471;2.638
565;562;2.981
566;471;3.559
566;562;2.94
566;568;3.883
566;569;3.029
567;570;3.053
567;571;2.923
567;975;3.18
568;562;3.918
568;566;3.883
568;571;3.203
568;572;2.996
568;979;3.506
569;527;2.931
569;566;3.029
569;572;3.829
569;573;3.053
570;567;3.053
570;574;2.986
571;567;2.923
571;568;3.203
571;574;3.27
571;575;2.951
571;979;3.667
572;527;3.923
572;568;2.996
572;569;3.829
572;576;3.053
573;569;3.053
573;576;3.362
573;577;2.787
574;570;2.986
574;571;3.27
574;577;3.371
574;578;2.934
574;1089;3.689
575;571;2.951
575;578;3.163
575;579;3.074
575;1085;3.592
576;572;3.053
576;573;3.362
576;579;2.971
577;573;2.787
577;574;3.371
577;580;3.025
578;574;2.934
578;575;3.163
578;581;3.111
578;582;3.084
578;682;3.729
578;1085;3.473
578;1089;3.654
579;575;3.074
579;576;2.971
579;583;2.971
579;1085;3.864
580;577;3.025
580;583;3.046
581;578;3.111
581;682;3.969
582;578;3.084
582;585;3.266
582;586;2.88
582;678;3.563
582;1085;3.768
583;579;2.971
583;580;3.046
583;587;3.054
584;106;3.441
584;110;3.338
584;587;3.213
584;588;3.302
585;110;4.031
585;582;3.266
585;588;3.078
585;589;3.024
585;677;3.519
585;678;3.794
586;582;2.88
586;590;2.932
587;583;3.054
587;584;3.213
587;590;3.32
587;591;3.07
588;107;3.644
588;584;3.302
588;585;3.078
588;591;3.37
588;592;3.034
589;585;3.024
589;592;3.493
589;593;2.941
589;640;3.957
589;674;4.009
590;586;2.932
590;587;3.32
590;594;2.961
591;100;3.815
591;587;3.07
591;588;3.37
591;594;3.455
591;595;3.028
592;588;3.034
592;589;3.493
592;595;3.208
592;596;2.94
593;589;2.941
593;596;3.48
593;597;2.926
593;633;3.459
593;636;3.817
594;19;3.542
594;23;3.834
594;590;2.961
594;591;3.455
594;597;3.318
594;598;3.013
594;629;3.548
595;94;4.034
595;98;3.891
595;591;3.028
595;592;3.208
595;598;3.199
595;599;2.99
596;592;2.94
596;593;3.48
596;600;2.963
596;636;3.92
596;663;3.787
596;666;3.877
596;667;3.454
597;593;2.926
597;594;3.318
597;600;3.234
597;601;2.999
597;629;3.817
597;632;3.995
598;94;3.612
598;594;3.013
598;595;3.199
598;602;3.347
599;94;3.677
599;595;2.99
599;602;3.305
599;603;3.02
600;596;2.963
600;597;3.234
600;604;2.998
600;605;2.814
600;626;3.825
601;25;3.211
601;597;2.999
601;605;3.047
601;606;3.153
601;628;3.971
602;91;3.387
602;598;3.347
602;599;3.305
603;87;3.934
603;91;3.843
603;599;3.02
603;606;2.787
604;600;2.998
604;607;3.009
604;608;3.566
604;622;3.518
604;626;4.143
604;660;3.353
605;600;2.814
605;601;3.047
605;622;3.736
606;601;3.153
606;603;2.787
607;604;3.009
607;619;4.083
607;622;3.001
608;604;3.566
608;620;3.081
608;622;2.948
608;648;3.777
608;649;3.358
608;656;2.712
608;660;3.612
609;618;2.634
609;619;3.348
609;649;3.703
609;650;2.914
610;613;2.999
610;614;2.833
610;615;2.798
610;616;2.732
611;649;4.118
611;650;2.753
611;652;3.677
612;615;3.874
613;610;2.999
613;618;4.0
614;610;2.833
615;610;2.798
615;612;3.874
615;1019;3.979
616;610;2.732
617;623;3.476
618;609;2.634
618;613;4.0
619;607;4.083
619;609;3.348
619;623;3.442
620;608;3.081
620;623;3.416
620;624;3.116
620;647;2.798
620;648;3.558
621;624;3.056
621;625;2.827
621;646;3.877
622;604;3.518
622;605;3.736
622;607;3.001
622;608;2.948
622;626;3.668
622;648;3.607
623;617;3.476
623;619;3.442
623;620;3.416
623;627;3.637
624;620;3.116
624;621;3.056
624;631;3.889
624;1059;3.707
624;1065;3.91
625;621;2.827
625;631;3.322
625;634;4.03
625;635;3.925
625;1050;3.337
625;1054;3.966
626;600;3.825
626;604;4.143
626;622;3.668
626;631;3.841
626;635;3.63
626;648;4.049
627;623;3.637
627;1063;2.718
628;25;3.7
628;601;3.971
628;631;2.797
628;632;2.952
628;1066;2.73
629;25;3.307
629;594;3.548
629;597;3.817
629;633;2.955
630;633;3.174
630;634;2.993
630;1066;3.885
630;1069;3.956
630;1070;3.706
630;1073;3.85
631;624;3.889
631;625;3.322
631;626;3.841
631;628;2.797
631;634;3.366
631;635;3.005
631;1054;2.965
632;597;3.995
632;628;2.952
632;635;3.499
632;636;2.966
633;593;3.459
633;629;2.955
633;630;3.174
633;636;3.442
633;637;2.976
634;625;4.03
634;630;2.993
634;631;3.366
634;637;3.233
634;638;3.02
634;1054;3.91
634;1073;3.676
635;625;3.925
635;626;3.63
635;631;3.005
635;632;3.499
635;638;3.171
635;639;3.035
635;645;3.867
636;593;3.817
636;596;3.92
636;632;2.966
636;633;3.442
636;639;3.288
636;640;2.969
636;667;4.017
637;633;2.976
637;634;3.233
637;640;3.091
637;641;3.218
637;1046;3.966
637;1049;3.506
637;1073;3.716
637;1080;3.917
638;634;3.02
638;635;3.171
638;644;2.85
638;1050;3.537
639;635;3.035
639;636;3.288
639;642;2.995
639;645;3.786
639;664;3.625
639;667;3.65
639;668;4.018
640;589;3.957
640;636;2.969
640;637;3.091
640;671;3.752
641;637;3.218
641;1046;3.478
642;639;2.995
643;214;3.759
643;1046;3.756
643;1047;2.747
643;1048;2.815
644;209;3.647
644;214;3.405
644;215;3.703
644;638;2.85
644;1051;3.897
645;635;3.867
645;639;3.786
645;648;3.523
645;664;3.343
646;621;3.877
646;1051;3.524
647;620;2.798
647;1006;3.823
648;608;3.777
648;620;3.558
648;622;3.607
648;626;4.049
648;645;3.523
648;657;3.263
648;660;3.485
649;608;3.358
649;609;3.703
649;611;4.118
649;653;3.384
649;657;3.007
650;609;2.914
650;611;2.753
650;657;3.712
651;1007;3.366
652;611;3.677
653;649;3.384
653;656;2.757
653;657;3.071
654;658;2.949
655;658;3.41
655;659;2.987
656;608;2.712
656;653;2.757
656;659;3.235
656;660;3.057
657;648;3.263
657;649;3.007
657;650;3.712
657;653;3.071
657;660;3.051
657;661;2.897
658;654;2.949
658;655;3.41
658;661;3.187
658;662;3.025
659;655;2.987
659;656;3.235
660;604;3.353
660;608;3.612
660;648;3.485
660;656;3.057
660;657;3.051
660;663;2.994
660;664;2.927
661;205;3.82
661;657;2.897
661;658;3.187
661;664;3.399
661;665;2.962
662;658;3.025
662;665;3.445
662;666;3.002
663;596;3.787
663;660;2.994
663;666;3.393
663;667;2.965
664;639;3.625
664;645;3.343
664;660;2.927
664;661;3.399
664;667;3.349
664;668;2.982
665;208;3.496
665;661;2.962
665;662;3.445
665;668;3.443
665;669;2.996
666;596;3.877
666;662;3.002
666;663;3.393
666;669;3.454
666;670;2.991
667;596;3.454
667;636;4.017
667;639;3.65
667;663;2.965
667;664;3.349
667;671;2.974
668;208;4.147
668;212;3.628
668;639;4.018
668;664;2.982
668;665;3.443
668;671;3.492
668;672;2.92
669;208;3.865
669;665;2.996
669;666;3.454
669;672;3.477
669;673;3.038
670;666;2.991
670;673;3.472
670;674;2.977
671;640;3.752
671;667;2.974
671;668;3.492
671;674;3.125
671;675;2.922
672;668;2.92
672;669;3.477
672;675;3.303
672;676;2.993
673;114;3.863
673;669;3.038
673;670;3.472
673;676;3.452
673;677;3.011
674;589;4.009
674;670;2.977
674;671;3.125
674;677;3.354
674;678;2.929
675;671;2.922
675;672;3.303
675;678;3.116
675;679;3.083
676;248;3.562
676;249;3.673
676;672;2.993
676;673;3.452
676;679;3.447
676;680;3.022
677;585;3.519
677;673;3.011
677;674;3.354
677;681;2.897
678;582;3.563
678;585;3.794
678;674;2.929
678;675;3.116
678;681;3.4
678;682;3.136
678;1088;3.385
679;249;3.728
679;253;3.629
679;675;3.083
679;676;3.447
679;682;3.466
679;683;2.938
679;1088;3.611
679;1091;3.765
680;252;3.825
680;253;3.989
680;256;3.698
680;676;3.022
680;683;3.416
680;684;2.956
681;677;2.897
681;678;3.4
681;685;3.074
682;578;3.729
682;581;3.969
682;678;3.136
682;679;3.466
682;685;3.359
682;686;2.989
682;1088;3.633
682;1089;3.743
682;1092;3.577
683;253;3.44
683;679;2.938
683;680;3.416
683;686;3.486
683;687;2.988
683;1095;3.515
684;257;3.981
684;680;2.956
684;687;3.344
684;688;3.074
685;681;3.074
685;682;3.359
685;688;3.14
685;689;3.069
686;682;2.989
686;683;3.486
686;689;2.983
686;1092;3.415
686;1096;3.397
687;257;3.802
687;683;2.988
687;684;3.344
687;1096;3.544
687;1099;3.425
688;684;3.074
688;685;3.14
689;685;3.069
689;686;2.983
690;297;2.785
690;1096;3.609
691;297;3.932
691;1100;3.723
691;1104;2.84
692;701;3.743
692;1103;2.854
692;1104;3.029
693;274;3.545
693;701;3.404
693;1103;2.739
693;1106;4.036
694;263;3.817
694;697;3.102
694;1106;3.583
695;701;3.74
695;702;3.366
695;712;2.906
695;1106;3.501
696;712;2.65
697;694;3.102
698;265;3.749
699;274;3.848
700;284;2.798
700;290;3.797
701;280;2.685
701;692;3.743
701;693;3.404
701;695;3.74
702;279;3.127
702;290;3.604
702;695;3.366
702;705;3.881
703;290;2.98
704;714;2.771
705;702;3.881
705;712;3.585
705;713;3.983
706;709;3.913
707;709;2.926
708;822;2.79
708;823;2.739
709;706;3.913
709;707;2.926
709;711;2.761
710;787;3.544
711;709;2.761
712;695;2.906
712;696;2.65
712;705;3.585
713;705;3.983
713;716;3.214
713;794;3.554
714;704;2.771
715;286;4.012
715;723;2.786
716;713;3.214
717;723;3.753
718;724;3.908
719;721;2.969
720;801;2.747
720;802;3.907
721;719;2.969
722;724;2.989
722;726;3.577
723;287;2.778
723;288;3.127
723;715;2.786
723;717;3.753
724;718;3.908
724;722;2.989
724;803;2.602
725;727;2.973
725;728;2.898
725;739;2.818
725;741;2.965
726;722;3.577
727;725;2.973
728;725;2.898
729;731;2.692
730;737;3.473
730;739;3.048
731;729;2.692
732;735;3.65
733;734;2.72
733;735;3.894
733;736;3.892
734;733;2.72
735;732;3.65
735;733;3.894
735;740;3.855
736;733;3.892
737;730;3.473
737;740;2.977
738;750;3.996
738;753;3.843
738;754;3.986
739;725;2.818
739;730;3.048
739;750;2.832
740;735;3.855
740;737;2.977
741;725;2.965
741;750;2.769
742;746;3.626
742;753;3.951
742;758;4.155
743;761;2.679
744;757;4.015
745;757;3.0
745;760;2.731
746;742;3.626
746;757;3.494
747;749;3.006
748;754;2.825
749;747;3.006
750;738;3.996
750;739;2.832
750;741;2.769
751;757;3.042
752;756;2.882
753;738;3.843
753;742;3.951
754;738;3.986
754;748;2.825
755;756;2.93
756;752;2.882
756;755;2.93
756;759;2.957
757;744;4.015
757;745;3.0
757;746;3.494
757;751;3.042
757;760;2.739
758;742;4.155
758;762;2.66
759;756;2.957
760;745;2.731
760;757;2.739
761;743;2.679
762;758;2.66
762;766;3.391
763;766;3.645
763;767;3.563
764;765;2.932
765;764;2.932
766;762;3.391
766;763;3.645
767;763;3.563
768;774;3.601
769;773;3.653
769;774;2.737
770;776;4.025
770;778;2.538
771;777;2.926
772;1125;2.637
772;1127;2.745
773;769;3.653
774;768;3.601
774;769;2.737
775;780;2.647
776;770;4.025
776;779;2.987
777;771;2.926
777;784;2.633
778;770;2.538
779;776;2.987
780;775;2.647
781;789;3.805
781;790;2.772
782;788;3.823
783;788;3.584
784;777;2.633
785;786;2.706
786;785;2.706
787;710;3.544
787;796;3.756
788;782;3.823
788;783;3.584
789;781;3.805
789;791;3.533
789;792;3.233
789;793;3.517
790;781;2.772
791;789;3.533
792;789;3.233
793;789;3.517
793;798;4.01
794;713;3.554
795;798;3.203
795;799;3.152
796;787;3.756
797;800;3.132
798;793;4.01
798;795;3.203
799;795;3.152
800;797;3.132
801;720;2.747
801;803;3.823
802;720;3.907
803;724;2.602
803;801;3.823
804;806;2.831
804;807;3.782
805;807;3.761
806;804;2.831
807;804;3.782
807;805;3.761
808;810;3.026
809;811;3.625
809;816;3.504
810;808;3.026
811;809;3.625
811;816;2.652
812;815;3.54
813;815;3.051
814;817;3.019
815;812;3.54
815;813;3.051
816;809;3.504
816;811;2.652
816;819;3.201
817;814;3.019
817;818;2.916
817;819;2.833
818;817;2.916
819;816;3.201
819;817;2.833
820;822;3.022
820;825;3.272
821;830;4.108
821;833;3.98
822;708;2.79
822;820;3.022
822;825;3.754
823;708;2.739
824;828;3.848
825;820;3.272
825;822;3.754
826;829;2.947
827;831;2.734
827;903;2.654
828;824;3.848
828;838;3.946
829;826;2.947
830;821;4.108
830;832;2.952
830;834;2.792
830;835;2.899
831;827;2.734
832;830;2.952
832;834;3.789
833;821;3.98
834;830;2.792
834;832;3.789
835;830;2.899
836;838;3.58
837;839;2.773
838;828;3.946
838;836;3.58
838;842;3.621
839;837;2.773
839;842;2.72
839;898;2.899
839;899;2.782
840;843;3.058
841;846;3.833
841;892;3.971
841;895;3.406
841;896;3.806
842;838;3.621
842;839;2.72
843;840;3.058
843;846;2.88
843;847;2.947
844;848;3.039
845;849;2.906
846;841;3.833
846;843;2.88
846;849;3.318
846;850;2.963
847;843;2.947
847;850;3.454
847;851;3.205
847;955;3.136
848;844;3.039
848;851;3.408
848;852;3.022
849;845;2.906
849;846;3.318
849;852;3.2
849;853;2.902
850;846;2.963
850;847;3.454
850;853;3.389
850;854;2.97
850;889;3.775
850;892;3.733
851;847;3.205
851;848;3.408
851;854;3.359
851;855;2.95
851;955;3.454
852;848;3.022
852;849;3.2
852;855;3.307
852;856;2.977
853;849;2.902
853;850;3.389
853;857;2.95
853;889;3.948
854;850;2.97
854;851;3.359
854;858;2.892
854;885;3.982
854;889;3.448
854;948;3.713
854;952;3.774
855;851;2.95
855;852;3.307
855;858;3.144
855;859;2.976
856;852;2.977
856;859;3.11
856;860;3.011
857;853;2.95
857;860;3.403
857;861;2.943
857;948;3.671
858;854;2.892
858;855;3.144
858;862;3.001
859;855;2.976
859;856;3.11
859;862;3.389
859;863;2.953
860;856;3.011
860;857;3.403
860;863;3.048
860;864;3.276
861;857;2.943
861;946;3.897
862;858;3.001
862;859;3.389
862;866;3.441
862;1283;4.002
863;859;2.953
863;860;3.048
863;866;3.057
863;867;3.027
863;870;3.596
863;874;3.723
863;878;3.86
864;860;3.276
864;871;2.742
864;939;2.686
865;868;3.353
865;871;2.671
865;1286;3.355
865;1340;3.02
866;862;3.441
866;863;3.057
866;1306;3.765
867;863;3.027
867;870;2.952
867;871;3.029
868;865;3.353
868;871;3.21
868;872;3.014
868;1341;4.018
869;872;2.621
870;863;3.596
870;867;2.952
870;873;3.285
870;874;2.961
871;864;2.742
871;865;2.671
871;867;3.029
871;868;3.21
871;875;3.023
871;1339;3.893
872;868;3.014
872;869;2.621
872;1341;3.462
873;870;3.285
874;863;3.723
874;870;2.961
874;877;3.118
874;878;3.028
875;871;3.023
875;879;2.729
876;880;3.024
877;874;3.118
877;880;3.341
877;881;2.994
878;863;3.86
878;874;3.028
878;881;2.982
878;882;3.278
879;875;2.729
879;882;2.988
879;883;3.024
879;939;2.814
879;942;3.759
880;876;3.024
880;877;3.341
880;883;2.898
880;884;2.957
881;877;2.994
881;878;2.982
881;885;2.934
882;878;3.278
882;879;2.988
882;886;3.004
882;945;3.771
883;879;3.024
883;880;2.898
883;886;3.379
883;887;3.034
884;880;2.957
884;887;3.5
884;888;2.977
885;854;3.982
885;881;2.934
885;888;3.217
885;889;2.934
885;948;3.634
886;882;3.004
886;883;3.379
886;890;2.989
886;945;3.755
887;883;3.034
887;884;3.5
887;891;3.023
888;884;2.977
888;885;3.217
888;891;4.023
888;892;2.935
889;850;3.775
889;853;3.948
889;854;3.448
889;885;2.934
889;893;3.009
889;951;3.638
890;886;2.989
890;893;3.126
890;894;2.952
890;918;3.922
890;922;3.739
891;887;3.023
891;888;4.023
891;894;3.427
891;895;2.94
892;841;3.971
892;850;3.733
892;888;2.935
892;895;3.393
892;896;2.653
892;951;3.539
893;889;3.009
893;890;3.126
893;897;2.986
893;905;3.397
893;915;3.727
893;918;3.927
893;919;3.87
894;890;2.952
894;891;3.427
894;897;3.361
894;898;3.005
895;841;3.406
895;891;2.94
895;892;3.393
895;898;3.991
895;899;2.963
896;841;3.806
896;892;2.653
896;899;3.43
896;900;3.06
896;905;3.929
896;911;4.136
896;914;2.677
897;893;2.986
897;894;3.361
897;900;3.021
897;901;2.914
897;902;3.824
897;905;3.562
897;906;3.769
898;839;2.899
898;894;3.005
898;895;3.991
899;839;2.782
899;895;2.963
899;896;3.43
900;896;3.06
900;897;3.021
900;904;2.928
900;908;3.797
900;911;3.841
901;897;2.914
901;904;2.927
901;905;2.978
902;897;3.824
902;906;3.009
903;827;2.654
903;906;3.036
903;907;2.917
904;900;2.928
904;901;2.927
905;893;3.397
905;896;3.929
905;897;3.562
905;901;2.978
905;908;3.038
905;915;3.86
906;897;3.769
906;902;3.009
906;903;3.036
906;912;3.557
906;915;5.632
907;903;2.917
908;900;3.797
908;905;3.038
908;911;3.074
908;912;2.927
909;913;2.971
910;913;3.437
910;914;2.998
910;954;3.238
910;960;4.012
910;963;3.908
911;896;4.136
911;900;3.841
911;908;3.074
911;914;3.22
911;915;2.97
912;906;3.557
912;908;2.927
912;915;3.64
912;916;2.952
913;909;2.971
913;910;3.437
913;916;3.329
914;896;2.677
914;910;2.998
914;911;3.22
914;951;2.969
914;954;2.658
915;893;3.727
915;905;3.86
915;906;5.632
915;911;2.97
915;912;3.64
915;918;3.022
915;919;2.949
916;912;2.952
916;913;3.329
916;920;3.019
917;947;4.001
917;951;3.609
918;890;3.922
918;893;3.927
918;915;3.022
918;921;3.039
918;922;3.078
919;893;3.87
919;915;2.949
919;922;2.99
919;923;2.913
920;916;3.019
920;924;2.971
920;944;3.699
921;918;3.039
921;924;3.987
921;925;3.059
921;945;2.89
922;890;3.739
922;918;3.078
922;919;2.99
922;925;3.328
922;926;2.979
923;919;2.913
923;926;3.193
923;927;2.998
924;920;2.971
924;921;3.987
924;927;3.47
924;928;2.994
925;921;3.059
925;922;3.328
925;928;3.335
925;929;3.002
925;938;3.782
926;922;2.979
926;923;3.193
926;929;3.219
926;930;2.937
927;923;2.998
927;924;3.47
927;930;3.16
927;931;2.973
928;924;2.994
928;925;3.335
928;933;3.051
928;937;3.333
928;938;3.29
928;941;3.659
929;925;3.002
929;926;3.219
929;932;3.0
930;926;2.937
930;927;3.16
931;927;2.973
932;929;3.0
933;928;3.051
934;937;3.843
934;938;3.49
935;938;3.484
935;939;3.013
936;939;2.744
936;940;3.235
937;928;3.333
937;934;3.843
937;941;2.97
938;925;3.782
938;928;3.29
938;934;3.49
938;935;3.484
938;942;2.963
939;864;2.686
939;879;2.814
939;935;3.013
939;936;2.744
939;1338;3.838
940;936;3.235
940;943;3.047
940;1288;3.921
940;1335;3.01
940;1336;3.6
940;1337;3.153
941;928;3.659
941;937;2.97
942;879;3.759
942;938;2.963
942;945;2.74
943;940;3.047
943;946;2.751
943;947;3.342
943;1284;3.591
944;920;3.699
944;947;2.986
945;882;3.771
945;886;3.755
945;921;2.89
945;942;2.74
945;948;2.838
946;861;3.897
946;943;2.751
947;917;4.001
947;943;3.342
947;944;2.986
947;950;2.917
947;951;3.006
947;1280;3.841
948;854;3.713
948;857;3.671
948;885;3.634
948;945;2.838
948;951;2.99
948;952;3.18
949;952;3.017
949;1280;3.624
950;947;2.917
950;953;2.769
950;1280;3.797
951;889;3.638
951;892;3.539
951;914;2.969
951;917;3.609
951;947;3.006
951;948;2.99
951;954;2.916
952;854;3.774
952;948;3.18
952;949;3.017
952;955;2.986
952;956;2.938
953;950;2.769
953;956;3.215
953;959;3.515
953;963;3.706
954;910;3.238
954;914;2.658
954;951;2.916
954;960;2.866
955;847;3.136
955;851;3.454
955;952;2.986
956;952;2.938
956;953;3.215
956;959;3.654
956;960;3.019
957;960;3.668
958;961;3.066
958;962;2.918
