source;destination;distance
0;3;2.778
1;47;3.591
2;7;3.566
2;48;3.67
3;0;2.778
4;7;3.259
4;8;2.969
5;9;2.971
6;10;2.972
7;2;3.566
7;4;3.259
7;10;3.118
7;11;2.967
7;43;4.03
7;47;3.744
8;4;2.969
8;11;3.449
8;12;2.98
9;5;2.971
9;13;2.933
10;6;2.972
10;7;3.118
10;14;2.945
11;7;2.967
11;8;3.449
11;14;3.434
11;15;3.013
11;44;3.614
12;8;2.98
12;16;2.978
12;104;4.034
13;9;2.933
13;16;3.376
13;17;2.938
14;10;2.945
14;11;3.434
14;18;3.014
14;37;3.629
15;11;3.013
15;19;2.98
15;37;3.75
15;99;3.96
15;100;3.569
16;12;2.978
16;13;3.376
16;19;3.14
16;20;3.087
17;13;2.938
17;20;3.292
17;21;2.98
18;14;3.014
18;22;2.967
18;37;3.158
18;96;3.623
19;15;2.98
19;16;3.14
19;22;3.171
19;97;3.5
19;601;3.487
20;16;3.087
20;17;3.292
21;17;2.98
21;24;2.987
21;30;3.612
21;33;3.412
22;18;2.967
22;19;3.171
22;93;4.018
23;601;3.808
24;21;2.987
24;27;3.984
25;608;3.234
25;635;3.667
25;636;3.276
26;30;3.84
27;24;3.984
27;30;2.848
28;31;2.726
28;32;3.022
29;32;3.33
29;33;2.972
30;21;3.612
30;26;3.84
30;27;2.848
30;33;3.422
30;34;3.004
31;28;2.726
31;34;3.481
31;35;3.006
32;28;3.022
32;29;3.33
32;36;3.001
33;21;3.412
33;29;2.972
33;30;3.422
33;36;3.246
33;37;2.946
34;30;3.004
34;31;3.481
34;37;3.35
34;38;2.93
34;93;2.82
34;96;3.15
35;31;3.006
35;38;3.382
35;39;2.967
35;81;3.62
36;32;3.001
36;33;3.246
36;39;3.348
36;40;3.004
37;14;3.629
37;15;3.75
37;18;3.158
37;33;2.946
37;34;3.35
37;40;2.986
37;41;2.861
37;96;3.455
38;34;2.93
38;35;3.382
38;41;4.001
38;42;2.99
38;80;2.78
39;35;2.967
39;36;3.348
39;42;3.158
39;43;2.981
40;36;3.004
40;37;2.986
40;43;3.492
40;44;2.91
41;37;2.861
41;38;4.001
41;45;2.95
41;73;3.46
41;99;3.517
42;38;2.99
42;39;3.158
42;45;3.306
42;46;2.977
43;7;4.03
43;39;2.981
43;40;3.492
43;46;3.408
43;47;3.056
44;11;3.614
44;40;2.91
44;47;3.269
44;48;2.816
44;99;2.65
45;41;2.95
45;42;3.306
45;49;2.988
45;56;3.968
45;73;3.921
46;42;2.977
46;43;3.408
46;50;3.079
46;51;3.942
47;1;3.591
47;7;3.744
47;43;3.056
47;44;3.269
48;2;3.67
48;44;2.816
48;66;3.203
48;69;2.67
49;45;2.988
49;56;4.009
49;59;3.857
49;66;3.683
50;46;3.079
50;55;3.641
51;46;3.942
52;55;3.115
52;58;3.461
53;56;2.982
54;57;2.994
55;50;3.641
55;52;3.115
55;58;3.002
56;45;3.968
56;49;4.009
56;53;2.982
56;59;3.044
56;70;3.945
57;54;2.994
57;60;3.012
58;52;3.461
58;55;3.002
58;61;3.034
59;49;3.857
59;56;3.044
59;62;2.986
59;63;3.818
59;66;3.515
59;67;3.938
59;70;3.721
60;57;3.012
61;58;3.034
62;59;2.986
63;59;3.818
63;66;3.441
63;67;2.932
64;67;3.438
64;68;3.041
65;68;3.015
65;69;3.056
65;102;3.417
65;108;3.241
65;111;3.787
66;48;3.203
66;49;3.683
66;59;3.515
66;63;3.441
66;69;3.705
66;70;2.984
67;59;3.938
67;63;2.932
67;64;3.438
67;70;3.421
67;71;2.945
68;64;3.041
68;65;3.015
68;72;3.001
68;101;3.923
69;48;2.67
69;65;3.056
69;66;3.705
69;72;3.487
69;73;2.937
69;99;3.166
69;102;2.743
70;56;3.945
70;59;3.721
70;66;2.984
70;67;3.421
70;73;3.18
70;74;2.982
71;67;2.945
71;74;3.421
71;75;2.99
72;68;3.001
72;69;3.487
72;76;2.932
72;95;3.527
73;41;3.46
73;45;3.921
73;69;2.937
73;70;3.18
73;76;3.461
73;77;2.902
74;70;2.982
74;71;3.421
74;77;3.367
74;78;3.01
75;71;2.99
75;78;3.47
75;79;2.98
75;89;3.59
75;92;3.317
76;72;2.932
76;73;3.461
76;79;3.0
76;80;2.865
77;73;2.902
77;74;3.367
77;81;2.956
78;74;3.01
78;75;3.47
78;82;3.01
79;75;2.98
79;76;3.0
79;83;3.967
79;89;2.745
80;38;2.78
80;76;2.865
80;83;3.223
80;96;3.587
81;35;3.62
81;77;2.956
82;78;3.01
82;84;2.985
83;79;3.967
83;80;3.223
83;90;2.946
83;93;3.57
84;82;2.985
85;89;3.509
86;89;3.118
87;90;2.917
87;91;3.187
87;610;3.905
88;91;3.12
89;75;3.59
89;79;2.745
89;85;3.509
89;86;3.118
89;92;2.999
90;83;2.946
90;87;2.917
91;87;3.187
91;88;3.12
91;94;3.013
91;609;3.405
91;610;3.851
92;75;3.317
92;89;2.999
92;95;2.875
93;22;4.018
93;34;2.82
93;83;3.57
93;96;2.916
94;91;3.013
94;97;2.872
94;98;3.492
94;602;3.96
94;605;3.637
94;606;3.703
95;72;3.527
95;92;2.875
95;98;3.843
95;99;3.004
96;18;3.623
96;34;3.15
96;37;3.455
96;80;3.587
96;93;2.916
96;99;3.208
97;19;3.5
97;94;2.872
97;100;3.014
98;94;3.492
98;95;3.843
98;101;2.909
98;602;3.945
99;15;3.96
99;41;3.517
99;44;2.65
99;69;3.166
99;95;3.004
99;96;3.208
99;102;2.945
100;15;3.569
100;97;3.014
100;103;2.995
100;104;3.007
100;107;3.601
100;598;3.54
101;68;3.923
101;98;2.909
101;111;3.882
102;65;3.417
102;69;2.743
102;99;2.945
102;108;2.818
103;100;2.995
104;12;4.034
104;100;3.007
104;107;3.091
104;108;2.989
105;108;3.37
105;109;2.951
106;110;3.134
106;591;3.435
107;100;3.601
107;104;3.091
107;110;3.42
107;111;3.003
107;595;3.707
108;65;3.241
108;102;2.818
108;104;2.989
108;105;3.37
108;111;3.46
108;112;2.973
109;105;2.951
109;112;3.229
109;113;3.039
110;106;3.134
110;107;3.42
110;113;3.094
110;114;3.001
110;591;3.347
110;592;3.987
111;65;3.787
111;101;3.882
111;107;3.003
111;108;3.46
111;114;3.245
111;115;3.042
112;108;2.973
112;109;3.229
112;115;3.467
112;116;3.004
113;109;3.039
113;110;3.094
113;116;3.218
113;117;3.057
114;110;3.001
114;111;3.245
114;117;3.003
114;118;3.24
114;680;3.814
115;111;3.042
115;112;3.467
115;118;3.004
116;112;3.004
116;113;3.218
116;119;2.769
116;253;3.977
117;113;3.057
117;114;3.003
117;120;3.072
117;121;3.02
117;253;3.979
118;114;3.24
118;115;3.004
118;122;2.998
119;116;2.769
119;257;2.737
120;117;3.072
120;123;3.374
120;253;3.461
120;256;2.636
120;257;2.87
121;117;3.02
121;124;3.328
121;125;2.928
121;250;3.983
122;118;2.998
122;126;2.987
123;120;3.374
123;126;3.171
123;127;3.099
123;1265;3.449
123;1266;2.941
124;121;3.328
124;127;3.46
124;128;3.171
124;242;3.606
124;1269;4.004
125;121;2.928
125;128;3.376
125;129;2.92
126;122;2.987
126;123;3.171
126;129;3.331
126;130;2.983
127;123;3.099
127;124;3.46
127;131;2.961
127;1260;3.986
127;1266;3.979
127;1269;3.824
128;124;3.171
128;125;3.376
128;131;3.338
128;132;2.897
128;242;3.574
129;125;2.92
129;126;3.331
129;132;3.48
129;133;3.013
130;126;2.983
130;133;3.406
130;134;2.933
130;1167;4.156
130;1256;3.672
130;1259;3.371
130;1260;3.805
131;127;2.961
131;128;3.338
131;134;3.488
131;135;2.877
132;128;2.897
132;129;3.48
132;136;2.964
132;202;3.71
132;205;4.017
133;129;3.013
133;130;3.406
133;136;3.211
133;137;3.001
134;130;2.933
134;131;3.488
134;137;3.283
134;138;2.979
134;1167;3.758
134;1256;3.767
135;131;2.877
135;139;2.95
135;205;3.587
135;231;3.706
135;235;3.848
135;238;3.677
136;132;2.964
136;133;3.211
136;140;2.919
136;198;3.825
136;202;3.936
137;133;3.001
137;134;3.283
137;140;3.218
137;141;3.121
137;198;3.833
137;1253;3.912
138;134;2.979
138;141;3.066
138;142;3.463
138;231;3.613
138;1250;3.569
138;1253;3.938
139;135;2.95
139;142;3.431
139;143;2.952
139;195;3.55
140;136;2.919
140;137;3.218
140;144;3.672
140;196;3.92
140;197;3.508
140;198;3.891
141;137;3.121
141;138;3.066
141;1250;3.936
141;1253;3.365
142;138;3.463
142;139;3.431
142;1246;3.613
142;1250;3.866
143;139;2.952
143;218;3.068
143;228;3.43
143;231;3.666
143;232;3.831
144;140;3.672
144;196;3.877
145;150;2.723
145;191;2.993
146;185;2.96
146;189;3.88
146;191;3.076
147;150;2.952
147;151;3.788
147;189;2.768
148;189;2.863
148;192;3.524
148;196;2.649
149;153;3.963
149;155;3.423
150;145;2.723
150;147;2.952
150;154;3.625
150;186;2.864
151;147;3.788
151;183;3.826
151;186;3.946
152;183;3.581
153;149;3.963
153;181;2.783
154;150;3.625
155;149;3.423
156;159;3.707
157;159;3.591
158;161;4.022
158;180;3.947
159;156;3.707
159;157;3.591
160;169;3.122
160;179;2.752
161;158;4.022
162;168;3.064
162;169;3.853
163;165;3.453
164;167;3.64
165;163;3.453
166;168;2.905
166;176;2.853
167;164;3.64
168;162;3.064
168;166;2.905
168;170;2.88
168;180;2.797
169;160;3.122
169;162;3.853
170;168;2.88
170;176;3.729
170;178;2.82
171;173;3.333
172;174;3.945
173;171;3.333
174;172;3.945
175;177;3.086
176;166;2.853
176;170;3.729
177;175;3.086
178;170;2.82
179;160;2.752
180;158;3.947
180;168;2.797
181;153;2.783
182;1019;4.037
182;1021;3.742
183;151;3.826
183;152;3.581
184;186;3.502
185;146;2.96
186;150;2.864
186;151;3.946
186;184;3.502
187;190;3.091
188;1018;2.853
188;1020;3.51
189;146;3.88
189;147;2.768
189;148;2.863
189;192;3.148
190;187;3.091
190;221;3.546
190;222;3.955
191;145;2.993
191;146;3.076
192;148;3.524
192;189;3.148
192;195;2.999
192;196;3.034
192;200;3.521
193;200;3.141
194;200;3.434
194;218;3.48
195;139;3.55
195;192;2.999
195;201;3.365
195;204;3.569
195;218;3.168
195;232;6.082
196;140;3.92
196;144;3.877
196;148;2.649
196;192;3.034
197;140;3.508
197;200;2.802
197;201;2.969
198;136;3.825
198;137;3.833
198;140;3.891
198;202;2.963
199;203;2.994
200;192;3.521
200;193;3.141
200;194;3.434
200;197;2.802
200;203;3.306
200;204;2.966
201;195;3.365
201;197;2.969
201;204;3.259
201;205;2.949
202;132;3.71
202;136;3.936
202;198;2.963
202;206;2.934
203;199;2.994
203;200;3.306
203;206;3.118
203;207;2.973
203;668;3.815
204;195;3.569
204;200;2.966
204;201;3.259
204;207;3.309
204;208;2.934
205;132;4.017
205;135;3.587
205;201;2.949
205;208;3.493
205;209;2.954
206;202;2.934
206;203;3.118
206;209;3.267
206;210;2.947
206;672;3.442
206;676;3.83
207;203;2.973
207;204;3.309
207;211;2.962
207;212;2.832
207;651;3.448
208;204;2.934
208;205;3.493
208;211;3.072
208;214;3.659
208;232;3.881
208;235;3.761
208;236;3.732
209;205;2.954
209;206;3.267
210;206;2.947
210;675;3.628
211;207;2.962
211;208;3.072
211;1331;3.136
211;1333;3.026
212;207;2.832
212;650;3.81
212;651;3.361
213;216;3.243
213;217;3.007
213;651;5.929
213;1338;3.815
214;208;3.659
214;218;3.053
214;219;3.166
214;233;3.881
214;236;3.327
214;1324;3.76
214;1327;3.568
214;1328;3.481
215;219;3.126
215;220;2.978
215;1324;3.825
215;1328;3.819
215;1363;3.412
215;1364;2.766
215;1365;3.152
216;213;3.243
216;1338;3.616
216;1365;3.162
217;213;3.007
217;220;3.054
218;143;3.068
218;194;3.48
218;195;3.168
218;214;3.053
218;228;2.861
218;232;6.47
219;214;3.166
219;215;3.126
219;222;2.942
219;229;3.417
219;1324;3.124
219;1363;3.499
220;215;2.978
220;217;3.054
220;1314;3.892
220;1363;3.344
221;190;3.546
222;190;3.955
222;219;2.942
222;224;2.933
222;225;3.117
222;228;3.611
223;225;3.055
223;1321;3.616
223;1358;3.463
223;1359;2.866
223;1361;4.008
223;1362;3.471
224;222;2.933
224;228;3.021
225;222;3.117
225;223;3.055
225;228;2.972
225;229;2.942
225;1360;3.77
225;1361;3.746
226;229;3.635
226;230;2.927
226;1358;2.827
226;1360;2.79
227;1243;3.739
227;1246;3.793
227;1247;3.291
227;1360;2.954
228;143;3.43
228;218;2.861
228;222;3.611
228;224;3.021
228;225;2.972
228;231;3.031
228;232;3.35
229;219;3.417
229;225;2.942
229;226;3.635
229;232;3.356
229;233;2.947
229;1324;3.487
229;1361;3.964
229;1362;3.99
230;226;2.927
230;234;2.979
231;135;3.706
231;138;3.613
231;143;3.666
231;228;3.031
231;234;3.133
231;235;2.968
232;143;3.831
232;195;6.082
232;208;3.881
232;218;6.47
232;228;3.35
232;229;3.356
232;235;3.162
232;236;2.967
233;214;3.881
233;229;2.947
233;236;3.18
233;237;2.976
233;1327;3.984
234;230;2.979
234;231;3.133
234;238;2.935
235;135;3.848
235;208;3.761
235;231;2.968
235;232;3.162
235;239;2.906
236;208;3.732
236;214;3.327
236;232;2.967
236;233;3.18
236;239;3.496
236;240;2.939
236;1327;3.377
237;233;2.976
237;241;2.96
237;1327;3.37
238;135;3.677
238;234;2.935
238;242;2.906
239;235;2.906
239;236;3.496
239;243;2.933
240;236;2.939
240;243;3.404
240;244;2.978
241;237;2.96
241;244;3.418
241;245;2.942
241;1273;3.673
241;1280;3.625
242;124;3.606
242;128;3.574
242;238;2.906
242;245;3.151
242;246;2.873
243;239;2.933
243;240;3.404
243;246;3.359
243;247;2.965
244;240;2.978
244;241;3.418
244;247;3.822
244;248;2.99
244;1391;3.757
245;241;2.942
245;242;3.151
245;248;3.61
245;249;2.899
245;1269;3.152
245;1272;3.729
246;242;2.873
246;243;3.359
246;249;3.126
246;250;2.955
247;243;2.965
247;244;3.822
247;251;3.08
247;683;3.714
247;686;3.669
247;1388;3.529
248;244;2.99
248;245;3.61
248;252;2.924
248;1391;3.979
248;1392;3.936
248;1395;3.512
249;245;2.899
249;246;3.126
249;253;2.929
250;121;3.983
250;246;2.955
250;253;3.397
250;254;3.088
250;687;3.739
251;247;3.08
251;254;3.169
251;255;3.082
251;686;3.67
251;687;4.002
251;690;3.457
251;1392;3.49
252;248;2.924
252;256;2.886
252;1396;3.753
253;116;3.977
253;117;3.979
253;120;3.461
253;249;2.929
253;250;3.397
253;257;2.978
254;250;3.088
254;251;3.169
254;258;3.09
254;687;3.662
255;251;3.082
255;258;3.05
255;259;2.884
255;691;3.929
255;694;3.864
255;1396;6.415
256;120;2.636
256;252;2.886
256;259;3.035
256;260;3.65
257;119;2.737
257;120;2.87
257;253;2.978
257;267;2.904
258;254;3.09
258;255;3.05
258;266;4.004
258;267;3.323
258;268;3.029
259;255;2.884
259;256;3.035
259;266;3.536
259;268;3.859
259;270;3.037
260;256;3.65
260;265;3.008
260;266;2.843
261;270;3.81
262;264;3.129
263;270;3.545
263;272;3.822
263;705;3.812
263;706;3.984
264;262;3.129
264;266;3.908
265;260;3.008
266;258;4.004
266;259;3.536
266;260;2.843
266;264;3.908
267;257;2.904
267;258;3.323
268;258;3.029
268;259;3.859
269;271;3.36
270;259;3.037
270;261;3.81
270;263;3.545
270;272;3.014
271;269;3.36
271;274;3.026
271;278;3.171
272;263;3.822
272;270;3.014
272;700;3.521
272;704;3.759
272;706;3.444
273;275;2.934
274;271;3.026
275;273;2.934
275;278;2.983
275;293;3.965
276;279;3.156
276;287;2.827
276;288;2.787
276;289;2.926
276;709;3.405
277;280;2.975
277;281;3.027
277;708;2.689
278;271;3.171
278;275;2.983
278;281;3.055
279;276;3.156
279;291;3.673
280;277;2.975
280;285;3.653
280;286;3.496
280;287;3.837
280;288;2.795
280;289;2.763
281;277;3.027
281;278;3.055
281;707;2.872
282;285;3.124
283;726;3.917
284;735;2.783
285;280;3.653
285;282;3.124
285;735;3.128
286;280;3.496
287;276;2.827
287;280;3.837
287;707;3.793
287;709;3.625
287;710;2.977
288;276;2.787
288;280;2.795
289;276;2.926
289;280;2.763
290;306;2.742
291;279;3.673
292;294;3.781
293;275;3.965
294;292;3.781
295;697;2.88
295;698;3.995
295;1110;3.694
296;1107;3.279
296;1110;3.65
296;1111;3.916
297;305;3.167
298;305;4.004
299;303;2.66
300;981;3.757
301;977;3.364
302;303;3.524
303;299;2.66
303;302;3.524
304;309;4.0
305;297;3.167
305;298;4.004
305;307;3.188
306;290;2.742
307;305;3.188
307;313;2.856
308;310;3.009
309;304;4.0
310;308;3.009
310;313;3.525
310;319;3.92
310;320;3.792
311;319;3.078
311;320;2.912
311;321;3.69
312;314;3.061
313;307;2.856
313;310;3.525
314;312;3.061
315;319;2.78
315;321;2.775
315;322;2.921
315;324;2.711
316;319;3.073
317;325;3.917
318;321;2.931
318;323;2.75
318;325;2.654
319;310;3.92
319;311;3.078
319;315;2.78
319;316;3.073
320;310;3.792
320;311;2.912
321;311;3.69
321;315;2.775
321;318;2.931
322;315;2.921
323;318;2.75
324;315;2.711
324;327;3.052
325;317;3.917
325;318;2.654
326;328;2.756
327;324;3.052
328;326;2.756
329;330;2.862
330;329;2.862
331;444;3.78
331;445;2.848
331;446;3.38
332;438;3.078
332;440;4.029
332;442;3.844
333;438;2.912
334;438;2.768
335;438;2.636
336;339;4.003
337;344;2.934
338;342;2.961
338;343;3.475
338;344;3.02
339;336;4.003
340;389;3.806
341;345;3.455
342;338;2.961
343;338;3.475
343;349;3.903
344;337;2.934
344;338;3.02
344;347;3.884
344;348;3.827
345;341;3.455
346;347;3.071
346;349;3.982
347;344;3.884
347;346;3.071
347;435;3.792
347;436;2.804
347;437;3.09
347;439;2.789
348;344;3.827
349;343;3.903
349;346;3.982
350;356;3.662
351;356;3.619
351;357;2.852
352;355;3.025
352;357;3.026
353;358;2.956
354;367;4.024
354;368;3.681
355;352;3.025
356;350;3.662
356;351;3.619
357;351;2.852
357;352;3.026
358;353;2.956
358;360;2.94
359;363;3.71
360;358;2.94
360;363;2.991
360;368;3.823
361;364;3.018
362;365;3.027
362;366;3.044
362;368;3.6
362;370;4.034
363;359;3.71
363;360;2.991
363;366;3.386
364;361;3.018
365;362;3.027
365;371;2.845
366;362;3.044
366;363;3.386
366;369;3.445
367;354;4.024
368;354;3.681
368;360;3.823
368;362;3.6
369;366;3.445
370;362;4.034
371;365;2.845
372;374;3.44
373;377;2.902
373;380;3.568
374;372;3.44
375;377;3.724
376;392;2.995
377;373;2.902
377;375;3.724
377;392;3.038
378;391;3.879
379;382;2.969
380;373;3.568
381;383;2.993
381;384;2.86
382;379;2.969
383;381;2.993
384;381;2.86
384;386;2.723
384;387;3.028
385;388;2.967
386;384;2.723
387;384;3.028
388;385;2.967
389;340;3.806
390;394;3.913
390;395;3.517
391;378;3.879
391;394;2.97
392;376;2.995
392;377;3.038
393;396;2.968
393;397;3.086
394;390;3.913
394;391;2.97
395;390;3.517
396;393;2.968
397;393;3.086
398;399;3.947
399;398;3.947
400;401;2.75
401;400;2.75
402;403;2.82
402;409;3.656
403;402;2.82
403;408;3.048
404;407;2.796
404;408;3.82
405;408;3.774
406;408;2.983
407;404;2.796
408;403;3.048
408;404;3.82
408;405;3.774
408;406;2.983
409;402;3.656
409;410;3.116
410;409;3.116
411;413;3.144
412;414;2.96
413;411;3.144
414;412;2.96
414;415;3.029
415;414;3.029
416;418;3.774
417;442;2.882
418;416;3.774
419;420;3.562
420;419;3.562
420;421;2.886
421;420;2.886
421;423;3.216
422;424;2.96
422;428;3.628
423;421;3.216
424;422;2.96
424;428;3.32
425;426;4.029
426;425;4.029
427;433;3.929
428;422;3.628
428;424;3.32
428;429;2.976
429;428;2.976
429;432;2.991
429;433;3.064
430;433;2.918
431;434;3.648
432;429;2.991
433;427;3.929
433;429;3.064
433;430;2.918
434;431;3.648
435;347;3.792
435;439;3.845
436;347;2.804
437;347;3.09
438;332;3.078
438;333;2.912
438;334;2.768
438;335;2.636
439;347;2.789
439;435;3.845
440;332;4.029
441;444;3.755
442;332;3.844
442;417;2.882
442;444;3.032
443;451;2.771
444;331;3.78
444;441;3.755
444;442;3.032
445;331;2.848
445;450;3.244
445;451;3.257
446;331;3.38
447;450;2.985
448;451;2.95
448;452;3.264
448;453;3.929
449;454;3.896
449;455;2.871
449;456;2.816
450;445;3.244
450;447;2.985
451;443;2.771
451;445;3.257
451;448;2.95
452;448;3.264
453;448;3.929
454;449;3.896
455;449;2.871
456;449;2.816
457;458;3.737
458;457;3.737
459;461;2.72
460;462;3.108
461;459;2.72
462;460;3.108
462;464;3.014
462;466;3.15
462;469;3.054
462;470;2.762
463;465;3.934
463;466;3.627
463;522;3.446
463;523;2.743
464;462;3.014
465;463;3.934
465;522;3.612
466;462;3.15
466;463;3.627
466;469;2.943
466;470;3.128
467;470;3.006
468;519;3.625
469;462;3.054
469;466;2.943
469;524;3.363
470;462;2.762
470;466;3.128
470;467;3.006
470;473;2.946
470;474;3.15
471;475;2.964
472;476;2.959
473;470;2.946
473;476;3.25
473;477;3.01
474;470;3.15
474;477;3.423
474;478;2.937
474;571;2.657
475;471;2.964
475;478;3.194
475;479;2.967
476;472;2.959
476;473;3.25
476;480;3.046
477;473;3.01
477;474;3.423
477;480;3.335
477;481;2.976
477;512;4.01
477;516;3.791
477;568;3.939
478;474;2.937
478;475;3.194
478;481;2.99
478;482;3.084
478;572;2.723
478;573;3.603
479;475;2.967
479;482;3.465
479;483;3.003
480;476;3.046
480;477;3.335
480;484;2.985
480;509;3.663
481;477;2.976
481;478;2.99
481;484;3.079
481;485;3.068
481;513;3.315
481;566;3.874
481;568;3.88
481;569;3.826
482;478;3.084
482;479;3.465
482;485;3.125
482;486;3.442
482;569;3.896
483;479;3.003
483;486;3.294
483;487;3.01
484;480;2.985
484;481;3.079
484;487;3.27
484;488;2.991
484;509;3.209
484;565;3.156
485;481;3.068
485;482;3.125
485;489;3.05
485;566;3.648
485;995;3.883
486;482;3.442
486;483;3.294
486;489;3.333
486;490;2.974
487;483;3.01
487;484;3.27
487;490;3.073
487;491;2.958
487;502;3.576
488;484;2.991
488;491;3.041
488;565;3.795
488;566;3.648
488;999;4.001
489;485;3.05
489;486;3.333
490;486;2.974
490;487;3.073
490;494;3.963
490;502;3.725
491;487;2.958
491;488;3.041
491;495;2.904
491;502;4.025
491;506;3.52
492;495;2.951
492;1041;3.026
492;1042;3.026
493;496;2.981
493;497;3.047
494;490;3.963
494;497;3.19
494;498;3.014
495;491;2.904
495;492;2.951
495;499;2.807
496;493;2.981
496;499;2.747
497;493;3.047
497;494;3.19
498;494;3.014
498;501;3.085
498;502;2.946
499;495;2.807
499;496;2.747
499;503;2.969
500;503;3.283
500;504;3.04
501;498;3.085
501;504;3.928
501;505;2.963
502;487;3.576
502;490;3.725
502;491;4.025
502;498;2.946
502;505;3.394
502;506;2.935
503;499;2.969
503;500;3.283
503;506;3.388
503;507;3.028
504;500;3.04
504;501;3.928
504;508;2.961
505;501;2.963
505;502;3.394
505;509;2.972
506;491;3.52
506;502;2.935
506;503;3.388
506;509;3.374
506;510;3.092
506;565;3.253
507;503;3.028
507;510;3.333
507;511;3.011
507;549;3.785
507;550;3.374
508;504;2.961
508;511;3.013
508;512;3.092
509;480;3.663
509;484;3.209
509;505;2.972
509;506;3.374
509;512;3.077
509;513;3.369
510;506;3.092
510;507;3.333
510;513;2.956
510;545;2.83
510;546;3.763
510;549;3.808
511;507;3.011
511;508;3.013
511;514;2.867
512;477;4.01
512;508;3.092
512;509;3.077
512;515;3.058
512;516;3.237
513;481;3.315
513;509;3.369
513;510;2.956
513;517;2.982
513;542;3.685
513;546;3.911
513;568;3.429
514;511;2.867
514;517;3.422
514;518;3.03
514;546;3.486
515;512;3.058
515;519;3.057
516;477;3.791
516;512;3.237
516;519;3.438
516;520;2.943
516;568;2.74
516;571;2.756
517;513;2.982
517;514;3.422
517;521;2.989
517;542;3.691
518;514;3.03
518;521;3.222
518;522;3.091
519;468;3.625
519;515;3.057
519;516;3.438
519;523;2.979
520;516;2.943
520;523;3.033
520;524;3.04
520;528;2.678
520;529;3.609
520;535;2.764
521;517;2.989
521;518;3.222
521;529;3.755
521;530;4.006
522;463;3.446
522;465;3.612
522;518;3.091
523;463;2.743
523;519;2.979
523;520;3.033
524;469;3.363
524;520;3.04
524;528;3.574
525;528;2.908
525;529;2.924
526;530;2.985
527;531;2.838
528;520;2.678
528;524;3.574
528;525;2.908
528;531;3.075
528;532;2.92
529;520;3.609
529;521;3.755
529;525;2.924
529;535;3.222
529;539;3.051
530;521;4.006
530;526;2.985
531;527;2.838
531;528;3.075
532;528;2.92
532;535;2.963
532;536;3.041
533;536;3.958
533;537;3.017
534;538;2.996
534;576;2.952
534;579;3.867
535;520;2.764
535;529;3.222
535;532;2.963
535;539;2.956
536;532;3.041
536;533;3.958
536;539;3.411
536;540;2.992
537;533;3.017
537;540;3.423
537;541;3.02
538;534;2.996
538;541;3.223
538;542;2.905
538;568;2.644
538;571;3.887
539;529;3.051
539;535;2.956
539;536;3.411
539;543;3.007
540;536;2.992
540;537;3.423
540;543;3.196
540;544;3.088
541;537;3.02
541;538;3.223
541;545;3.01
542;513;3.685
542;517;3.691
542;538;2.905
542;546;2.941
542;568;3.755
543;539;3.007
543;540;3.196
543;547;2.994
544;540;3.088
544;548;3.205
544;561;3.564
545;510;2.83
545;541;3.01
545;549;3.42
545;565;3.072
546;510;3.763
546;513;3.911
546;514;3.486
546;542;2.941
546;549;3.151
546;550;2.913
547;543;2.994
547;550;3.304
547;551;3.038
548;544;3.205
548;552;2.999
548;553;3.052
548;562;3.852
549;507;3.785
549;510;3.808
549;545;3.42
549;546;3.151
549;553;3.761
549;562;3.932
550;507;3.374
550;546;2.913
550;547;3.304
551;547;3.038
552;548;2.999
552;554;2.942
553;548;3.052
553;549;3.761
553;559;2.846
554;552;2.942
554;559;3.312
555;558;2.786
556;559;3.243
556;560;2.933
557;560;3.255
557;561;2.956
557;1081;3.865
558;555;2.786
558;561;3.09
558;562;3.083
559;553;2.846
559;554;3.312
559;556;3.243
559;562;2.945
560;556;2.933
560;557;3.255
560;563;2.955
560;1003;3.124
561;544;3.564
561;557;2.956
561;558;3.09
561;564;2.974
562;548;3.852
562;549;3.932
562;558;3.083
562;559;2.945
562;565;3.03
563;560;2.955
563;566;3.18
563;999;3.704
563;1000;3.91
564;561;2.974
564;567;2.909
564;996;3.88
565;484;3.156
565;488;3.795
565;506;3.253
565;545;3.072
565;562;3.03
565;568;2.954
566;481;3.874
566;485;3.648
566;488;3.648
566;563;3.18
566;569;2.931
566;992;3.838
566;996;3.519
567;564;2.909
567;570;2.782
567;993;3.371
567;996;3.48
568;477;3.939
568;481;3.88
568;513;3.429
568;516;2.74
568;538;2.644
568;542;3.755
568;565;2.954
568;571;2.977
569;481;3.826
569;482;3.896
569;566;2.931
569;572;2.98
569;573;2.949
569;575;3.874
569;992;3.669
570;567;2.782
570;575;3.992
571;474;2.657
571;516;2.756
571;538;3.887
571;568;2.977
572;478;2.723
572;569;2.98
573;478;3.603
573;569;2.949
573;575;3.813
573;576;3.033
574;577;3.092
574;578;2.933
574;985;3.144
575;569;3.874
575;570;3.992
575;573;3.813
575;578;3.17
575;579;3.012
575;989;3.467
576;534;2.952
576;573;3.033
576;579;3.836
576;580;3.049
577;574;3.092
577;580;3.446
577;581;2.97
578;574;2.933
578;575;3.17
578;581;3.281
578;582;2.958
578;989;3.61
579;534;3.867
579;575;3.012
579;576;3.836
579;583;3.048
580;576;3.049
580;577;3.446
580;583;3.396
580;584;2.791
581;577;2.97
581;578;3.281
581;584;3.314
581;585;2.935
581;1099;3.765
582;578;2.958
582;585;3.214
582;586;3.081
582;1095;3.598
583;579;3.048
583;580;3.396
583;586;2.996
584;580;2.791
584;581;3.314
584;587;2.983
585;581;2.935
585;582;3.214
585;588;3.079
585;589;3.084
585;689;3.784
585;1095;3.494
585;1099;3.494
586;582;3.081
586;583;2.996
586;590;2.976
586;1095;3.867
587;584;2.983
587;590;3.02
588;585;3.079
588;689;3.914
589;585;3.084
589;592;3.256
589;593;2.875
589;685;3.556
589;1095;3.848
590;586;2.976
590;587;3.02
590;594;3.052
591;106;3.435
591;110;3.347
591;594;3.212
591;595;3.296
592;110;3.987
592;589;3.256
592;595;3.044
592;596;3.02
592;684;3.515
592;685;3.818
593;589;2.875
593;597;2.93
594;590;3.052
594;591;3.212
594;597;3.328
594;598;3.055
595;107;3.707
595;591;3.296
595;592;3.044
595;598;3.464
595;599;3.029
596;592;3.02
596;599;3.475
596;600;2.964
596;647;3.912
597;593;2.93
597;594;3.328
597;601;2.974
598;100;3.54
598;594;3.055
598;595;3.464
598;601;3.291
598;602;2.998
599;595;3.029
599;596;3.475
599;602;3.327
599;603;2.959
599;677;3.704
600;596;2.964
600;603;3.476
600;604;2.924
600;640;3.444
600;643;3.821
601;19;3.487
601;23;3.808
601;597;2.974
601;598;3.291
601;604;3.307
601;605;3.002
601;636;3.536
602;94;3.96
602;98;3.945
602;598;2.998
602;599;3.327
602;605;3.224
602;606;2.991
603;599;2.959
603;600;3.476
603;607;2.956
603;643;3.85
603;670;4.039
603;673;3.886
603;674;3.431
604;600;2.924
604;601;3.307
604;607;3.249
604;608;2.996
604;636;3.813
604;639;3.994
604;640;4.023
605;94;3.637
605;601;3.002
605;602;3.224
605;609;3.325
606;94;3.703
606;602;2.991
606;609;3.309
606;610;3.019
607;603;2.956
607;604;3.249
607;611;2.992
607;612;2.823
607;633;3.789
608;25;3.234
608;604;2.996
608;612;3.054
608;613;3.146
608;635;4.002
609;91;3.405
609;605;3.325
609;606;3.309
610;87;3.905
610;91;3.851
610;606;3.019
610;613;2.804
611;607;2.992
611;614;3.006
611;615;3.553
611;629;3.509
611;633;4.135
611;667;3.409
612;607;2.823
612;608;3.054
612;629;3.763
613;608;3.146
613;610;2.804
614;611;3.006
614;626;4.112
614;629;2.985
615;611;3.553
615;627;3.085
615;629;2.976
615;655;3.814
615;656;3.458
615;663;2.789
615;667;3.636
616;625;2.651
616;626;3.39
616;656;3.697
616;657;2.91
617;620;3.014
617;621;2.832
617;622;2.8
617;623;2.755
618;657;2.775
618;659;3.666
619;622;3.778
620;617;3.014
620;625;3.964
621;617;2.832
622;617;2.8
622;619;3.778
622;1029;3.928
623;617;2.755
624;630;3.566
624;631;3.097
625;616;2.651
625;620;3.964
626;614;4.112
626;616;3.39
626;630;3.528
627;615;3.085
627;630;3.173
627;631;3.141
627;654;2.834
627;655;3.571
628;631;3.028
628;632;2.846
628;653;3.826
629;611;3.509
629;612;3.763
629;614;2.985
629;615;2.976
629;633;3.694
629;655;3.608
630;624;3.566
630;626;3.528
630;627;3.173
630;634;3.493
631;624;3.097
631;627;3.141
631;628;3.028
631;638;3.751
631;1069;3.717
632;628;2.846
632;638;3.382
632;642;3.877
632;1060;3.462
632;1064;3.803
633;607;3.789
633;611;4.135
633;629;3.694
633;638;3.786
633;642;3.633
633;655;4.072
634;630;3.493
634;1073;2.726
635;25;3.667
635;608;4.002
635;638;2.841
635;639;2.943
635;1076;2.882
636;25;3.276
636;601;3.536
636;604;3.813
636;640;2.954
637;640;3.121
637;641;2.984
637;1076;3.882
637;1079;3.979
637;1080;3.69
637;1083;3.795
638;631;3.751
638;632;3.382
638;633;3.786
638;635;2.841
638;641;3.345
638;642;2.987
638;1064;2.951
639;604;3.994
639;635;2.943
639;643;2.966
640;600;3.444
640;604;4.023
640;636;2.954
640;637;3.121
640;643;3.466
640;644;2.976
641;637;2.984
641;638;3.345
641;644;3.244
641;645;3.028
641;1064;3.894
641;1083;3.638
642;632;3.877
642;633;3.633
642;638;2.987
642;645;3.133
642;646;3.018
642;652;3.779
643;600;3.821
643;603;3.85
643;639;2.966
643;640;3.466
643;646;3.423
643;647;3.001
643;674;4.032
644;640;2.976
644;641;3.244
644;647;3.07
644;648;3.215
644;1056;5.788
644;1059;3.511
644;1083;3.753
644;1090;3.897
645;641;3.028
645;642;3.133
645;651;2.881
645;1060;3.5
646;642;3.018
646;643;3.423
646;649;2.965
646;671;3.414
646;674;3.551
646;675;3.973
647;596;3.912
647;643;3.001
647;644;3.07
647;678;3.822
648;644;3.215
648;1056;3.468
649;646;2.965
649;671;2.857
649;675;3.992
650;212;3.81
650;1056;3.811
650;1057;2.749
650;1058;2.861
651;207;3.448
651;212;3.361
651;213;5.929
651;645;2.881
651;671;3.853
652;642;3.779
652;655;3.499
652;671;3.261
653;628;3.826
654;627;2.834
654;1016;3.818
655;615;3.814
655;627;3.571
655;629;3.608
655;633;4.072
655;652;3.499
655;664;3.159
655;667;3.466
656;615;3.458
656;616;3.697
656;660;3.364
656;664;3.101
657;616;2.91
657;618;2.775
657;664;3.664
658;1017;3.388
659;618;3.666
660;656;3.364
660;663;2.766
660;664;3.074
661;665;2.952
662;665;3.41
662;666;2.983
663;615;2.789
663;660;2.766
663;666;3.211
663;667;3.052
664;655;3.159
664;656;3.101
664;657;3.664
664;660;3.074
664;667;3.055
664;668;2.899
665;661;2.952
665;662;3.41
665;668;3.163
665;669;3.022
666;662;2.983
666;663;3.211
667;611;3.409
667;615;3.636
667;655;3.466
667;663;3.052
667;664;3.055
667;670;3.005
667;671;2.922
668;203;3.815
668;664;2.899
668;665;3.163
668;671;3.351
668;672;2.967
669;665;3.022
669;672;3.438
669;673;3.003
670;603;4.039
670;667;3.005
670;673;3.395
670;674;2.973
671;646;3.414
671;649;2.857
671;651;3.853
671;652;3.261
671;667;2.922
671;668;3.351
671;674;3.311
671;675;2.969
672;206;3.442
672;668;2.967
672;669;3.438
672;675;3.326
672;676;2.968
673;603;3.886
673;669;3.003
673;670;3.395
673;676;3.376
673;677;2.976
674;603;3.431
674;643;4.032
674;646;3.551
674;670;2.973
674;671;3.311
674;678;2.956
675;210;3.628
675;646;3.973
675;649;3.992
675;671;2.969
675;672;3.326
675;679;2.938
676;206;3.83
676;672;2.968
676;673;3.376
676;679;3.437
676;680;3.036
677;599;3.704
677;673;2.976
677;680;3.428
677;681;2.994
678;647;3.822
678;674;2.956
678;681;3.185
678;682;2.928
679;675;2.938
679;676;3.437
679;682;3.266
679;683;2.981
680;114;3.814
680;676;3.036
680;677;3.428
680;684;3.025
681;677;2.994
681;678;3.185
681;684;3.386
681;685;2.926
682;678;2.928
682;679;3.266
682;685;3.136
682;686;3.081
683;247;3.714
683;679;2.981
683;686;3.464
683;687;3.016
684;592;3.515
684;680;3.025
684;681;3.386
684;688;2.905
685;589;3.556
685;592;3.818
685;681;2.926
685;682;3.136
685;688;3.396
685;689;3.133
685;1098;3.38
686;247;3.669
686;251;3.67
686;682;3.081
686;683;3.464
686;689;3.484
686;690;2.944
686;1098;3.6
686;1101;3.754
686;1388;6.359
687;250;3.739
687;251;4.002
687;254;3.662
687;683;3.016
687;690;3.331
687;691;2.95
688;684;2.905
688;685;3.396
688;692;3.076
689;585;3.784
689;588;3.914
689;685;3.133
689;686;3.484
689;692;3.332
689;693;2.993
689;1098;3.629
689;1099;3.758
689;1102;3.553
690;251;3.457
690;686;2.944
690;687;3.331
690;693;3.476
690;694;2.989
690;1102;4.009
690;1105;3.49
691;255;3.929
691;687;2.95
691;694;3.299
691;695;3.064
692;688;3.076
692;689;3.332
692;695;3.161
692;696;3.128
693;689;2.993
693;690;3.476
693;696;2.979
693;697;2.978
693;1102;3.475
693;1106;3.394
694;255;3.864
694;690;2.989
694;691;3.299
694;1106;3.572
694;1109;3.394
695;691;3.064
695;692;3.161
696;692;3.128
696;693;2.979
697;295;2.88
697;693;2.978
697;1106;3.563
698;295;3.995
698;1110;3.717
699;708;3.829
699;1113;2.883
699;1114;2.794
700;272;3.521
700;708;3.627
700;1113;3.44
701;704;2.819
701;708;3.871
701;1113;3.971
701;1116;3.718
702;708;3.492
702;709;3.658
702;723;3.055
702;1116;3.418
703;723;2.642
703;1123;2.946
704;272;3.759
704;701;2.819
705;263;3.812
706;263;3.984
706;272;3.444
707;281;2.872
707;287;3.793
708;277;2.689
708;699;3.829
708;700;3.627
708;701;3.871
708;702;3.492
709;276;3.405
709;287;3.625
709;702;3.658
710;287;2.977
711;725;2.809
712;723;3.627
712;724;3.877
712;1121;3.833
713;716;3.678
714;718;3.904
714;1118;3.825
714;1119;3.596
714;1120;2.933
714;1121;3.831
715;718;2.936
715;1119;3.086
715;1120;2.782
716;713;3.678
716;828;2.967
716;829;3.589
717;828;3.685
717;831;2.877
717;832;2.775
718;714;3.904
718;715;2.936
718;721;2.836
718;722;3.536
719;795;3.484
720;797;3.015
720;805;3.429
721;718;2.836
721;1122;3.357
721;1126;3.117
722;718;3.536
722;1122;4.129
723;702;3.055
723;703;2.642
723;712;3.627
723;1121;3.587
724;712;3.877
724;727;3.169
724;804;3.64
725;711;2.809
726;283;3.917
726;735;2.817
727;724;3.169
727;735;3.957
728;735;3.854
729;734;3.965
729;736;3.846
729;809;3.852
729;811;3.712
729;812;3.915
730;733;2.94
731;808;4.011
732;811;2.703
733;730;2.94
734;729;3.965
734;736;2.984
734;738;3.592
735;284;2.783
735;285;3.128
735;726;2.817
735;727;3.957
735;728;3.854
736;729;3.846
736;734;2.984
736;812;2.628
737;740;2.962
737;741;2.917
737;751;2.895
737;752;3.472
737;753;2.826
738;734;3.592
739;753;2.935
740;737;2.962
741;737;2.917
742;744;3.268
743;751;3.578
744;742;3.268
745;747;3.864
746;748;3.387
747;745;3.864
748;746;3.387
749;752;2.977
750;763;2.774
750;766;3.914
751;737;2.895
751;743;3.578
751;763;4.034
752;737;3.472
752;749;2.977
753;737;2.826
753;739;2.935
753;758;3.251
753;759;3.45
754;758;3.322
755;773;2.727
756;770;3.976
757;770;2.997
757;772;2.779
758;753;3.251
758;754;3.322
758;770;3.41
759;753;3.45
759;762;3.196
760;762;3.029
761;767;2.932
762;759;3.196
762;760;3.029
763;750;2.774
763;751;4.034
764;768;3.907
764;770;2.992
765;769;2.852
766;750;3.914
767;761;2.932
768;764;3.907
769;765;2.852
769;771;3.896
770;756;3.976
770;757;2.997
770;758;3.41
770;764;2.992
770;772;2.84
771;769;3.896
772;757;2.779
772;770;2.84
773;755;2.727
774;778;3.868
775;778;3.749
775;779;3.477
776;777;2.942
777;776;2.942
778;774;3.868
778;775;3.749
779;775;3.477
780;785;3.742
781;785;2.771
782;789;2.817
783;788;2.941
784;787;3.134
785;780;3.742
785;781;2.771
786;791;2.885
787;784;3.134
787;790;2.915
788;783;2.941
788;1128;2.661
789;782;2.817
790;787;2.915
791;786;2.885
792;800;3.582
792;1128;3.095
793;795;2.765
793;1128;3.389
793;1129;3.444
794;796;2.685
795;719;3.484
795;793;2.765
795;798;3.364
796;794;2.685
797;720;3.015
797;806;3.588
798;795;3.364
799;801;3.321
799;802;2.987
799;803;3.688
800;792;3.582
801;799;3.321
802;799;2.987
803;799;3.688
803;806;3.327
803;808;3.355
804;724;3.64
805;720;3.429
805;809;2.861
806;797;3.588
806;803;3.327
806;809;3.299
807;810;3.16
808;731;4.011
808;803;3.355
809;729;3.852
809;805;2.861
809;806;3.299
810;807;3.16
811;729;3.712
811;732;2.703
811;812;3.83
812;729;3.915
812;736;2.628
812;811;3.83
813;814;2.878
813;815;3.767
814;813;2.878
815;813;3.767
816;818;3.076
817;819;3.748
817;824;3.536
818;816;3.076
819;817;3.748
819;824;3.168
820;823;3.594
821;823;3.038
822;825;3.005
823;820;3.594
823;821;3.038
824;817;3.536
824;819;3.168
824;827;3.781
825;822;3.005
825;826;2.815
825;827;2.796
826;825;2.815
827;824;3.781
827;825;2.796
828;716;2.967
828;717;3.685
829;716;3.589
829;831;3.027
830;839;4.092
830;842;3.896
831;717;2.877
831;829;3.027
831;834;3.707
832;717;2.775
833;837;3.828
834;831;3.707
835;838;2.954
836;840;2.636
836;913;2.752
837;833;3.828
838;835;2.954
839;830;4.092
839;841;3.014
839;843;2.816
839;844;2.848
839;845;4.021
840;836;2.636
841;839;3.014
841;843;3.752
842;830;3.896
843;839;2.816
843;841;3.752
844;839;2.848
845;839;4.021
845;847;3.991
845;848;3.495
846;849;2.805
847;845;3.991
848;845;3.495
848;852;3.372
849;846;2.805
849;852;2.731
849;908;2.876
849;909;2.827
850;853;3.053
851;856;3.798
851;902;4.026
851;905;3.403
851;906;3.828
852;848;3.372
852;849;2.731
853;850;3.053
853;856;2.979
853;857;2.957
854;858;3.048
855;858;3.401
855;859;2.89
856;851;3.798
856;853;2.979
856;859;3.286
856;860;2.979
857;853;2.957
857;860;3.422
857;861;3.193
857;965;3.095
858;854;3.048
858;855;3.401
858;861;3.419
858;862;3.011
859;855;2.89
859;856;3.286
859;862;3.282
859;863;2.924
860;856;2.979
860;857;3.422
860;863;3.389
860;864;2.964
860;899;3.784
860;902;3.76
861;857;3.193
861;858;3.419
861;864;3.343
861;865;2.952
861;965;3.427
862;858;3.011
862;859;3.282
862;865;3.227
862;866;2.978
863;859;2.924
863;860;3.389
863;867;2.954
863;899;4.003
864;860;2.964
864;861;3.343
864;868;2.896
864;895;4.003
864;899;3.442
864;958;3.693
864;962;3.777
865;861;2.952
865;862;3.227
865;868;3.149
865;869;2.982
866;862;2.978
866;869;3.133
866;870;2.989
867;863;2.954
867;870;3.497
867;871;2.937
867;958;3.624
868;864;2.896
868;865;3.149
868;871;3.499
868;872;2.986
869;865;2.982
869;866;3.133
869;872;3.384
869;873;2.97
870;866;2.989
870;867;3.497
870;873;3.03
871;867;2.937
871;868;3.499
871;956;3.917
872;868;2.986
872;869;3.384
872;876;3.739
872;1296;3.871
873;869;2.97
873;870;3.03
873;876;3.079
873;877;3.01
873;880;3.572
873;884;3.776
873;888;3.892
874;881;2.757
874;949;2.687
875;878;3.371
875;881;2.658
875;1299;3.353
875;1353;3.042
876;872;3.739
876;873;3.079
876;1319;3.8
877;873;3.01
877;880;2.96
877;881;3.02
878;875;3.371
878;881;3.202
878;882;3.0
878;1354;3.976
879;882;2.642
880;873;3.572
880;877;2.96
880;883;3.307
880;884;2.959
881;874;2.757
881;875;2.658
881;877;3.02
881;878;3.202
881;885;3.022
881;1352;3.987
882;878;3.0
882;879;2.642
882;1354;3.474
883;880;3.307
884;873;3.776
884;880;2.959
884;887;3.12
884;888;3.028
885;881;3.022
885;889;2.757
886;890;3.024
887;884;3.12
887;890;3.357
887;891;2.988
888;873;3.892
888;884;3.028
888;891;3.022
888;892;3.282
889;885;2.757
889;892;2.998
889;893;3.033
889;949;2.89
889;952;3.847
890;886;3.024
890;887;3.357
890;893;2.911
890;894;2.946
891;887;2.988
891;888;3.022
891;895;2.928
892;888;3.282
892;889;2.998
892;896;3.008
892;955;3.809
893;889;3.033
893;890;2.911
893;896;3.35
893;897;3.031
894;890;2.946
894;898;2.987
895;864;4.003
895;891;2.928
895;898;3.255
895;899;2.942
895;955;4.026
895;958;3.626
896;892;3.008
896;893;3.35
896;900;2.98
896;955;3.896
897;893;3.031
897;901;3.032
898;894;2.987
898;895;3.255
898;901;4.029
898;902;2.948
899;860;3.784
899;863;4.003
899;864;3.442
899;895;2.942
899;903;3.009
899;961;3.663
900;896;2.98
900;903;3.404
900;904;2.974
900;928;3.841
900;932;3.626
901;897;3.032
901;898;4.029
901;904;3.363
901;905;2.944
902;851;4.026
902;860;3.76
902;898;2.948
902;906;2.685
902;961;3.586
903;899;3.009
903;900;3.404
903;907;2.943
903;925;3.894
904;900;2.974
904;901;3.363
904;907;3.446
904;908;3.005
905;851;3.403
905;901;2.944
905;908;3.996
905;909;2.963
906;851;3.828
906;902;2.685
906;909;3.433
906;910;3.063
906;915;3.71
906;921;4.078
906;924;2.664
907;903;2.943
907;904;3.446
907;910;3.015
907;911;2.911
907;912;3.848
907;915;6.106
907;916;3.636
908;849;2.876
908;904;3.005
908;905;3.996
909;849;2.827
909;905;2.963
909;906;3.433
910;906;3.063
910;907;3.015
910;914;2.898
910;918;3.745
910;921;3.594
911;907;2.911
911;914;2.961
911;915;2.979
912;907;3.848
912;915;3.406
912;916;3.017
913;836;2.752
913;916;3.042
913;917;2.886
914;910;2.898
914;911;2.961
915;906;3.71
915;907;6.106
915;911;2.979
915;912;3.406
915;918;3.039
915;921;3.691
915;925;3.78
916;907;3.636
916;912;3.017
916;913;3.042
916;922;3.636
916;925;3.727
917;913;2.886
918;910;3.745
918;915;3.039
918;921;3.109
918;922;2.922
919;923;2.979
920;923;3.386
920;924;2.996
920;964;3.273
920;973;3.965
921;906;4.078
921;910;3.594
921;915;3.691
921;918;3.109
921;924;3.181
921;925;2.983
922;916;3.636
922;918;2.922
922;925;5.613
922;926;2.96
923;919;2.979
923;920;3.386
923;926;3.301
924;906;2.664
924;920;2.996
924;921;3.181
924;961;2.95
924;964;2.747
925;903;3.894
925;915;3.78
925;916;3.727
925;921;2.983
925;922;5.613
925;928;3.036
925;929;2.961
926;922;2.96
926;923;3.301
926;930;3.026
927;957;4.003
927;961;3.703
928;900;3.841
928;925;3.036
928;931;3.042
928;932;3.094
929;925;2.961
929;932;2.954
929;933;2.918
930;926;3.026
930;934;2.975
930;954;3.672
931;928;3.042
931;935;3.032
931;955;2.876
932;900;3.626
932;928;3.094
932;929;2.954
932;935;3.332
932;936;2.987
933;929;2.918
933;936;3.209
933;937;2.998
934;930;2.975
934;937;3.325
934;938;2.977
934;951;3.817
935;931;3.032
935;932;3.332
935;938;3.282
935;939;2.992
935;948;3.769
936;932;2.987
936;933;3.209
936;939;3.24
936;940;2.941
937;933;2.998
937;934;3.325
937;940;3.274
937;941;2.99
938;934;2.977
938;935;3.282
938;943;3.041
938;947;3.314
938;948;3.297
938;951;3.666
939;935;2.992
939;936;3.24
939;942;2.993
940;936;2.941
940;937;3.274
941;937;2.99
942;939;2.993
943;938;3.041
944;947;3.853
945;948;3.456
945;949;3.018
946;949;2.743
946;950;3.265
947;938;3.314
947;944;3.853
947;951;2.963
948;935;3.769
948;938;3.297
948;945;3.456
948;952;2.907
949;874;2.687
949;889;2.89
949;945;3.018
949;946;2.743
949;952;3.355
949;1351;3.801
950;946;3.265
950;953;3.043
950;1348;3.05
950;1349;3.603
950;1350;3.162
951;934;3.817
951;938;3.666
951;947;2.963
952;889;3.847
952;948;2.907
952;949;3.355
952;955;2.74
953;950;3.043
953;956;2.75
953;957;3.331
953;1297;3.57
954;930;3.672
954;957;2.985
955;892;3.809
955;895;4.026
955;896;3.896
955;931;2.876
955;952;2.74
955;958;2.847
956;871;3.917
956;953;2.75
957;927;4.003
957;953;3.331
957;954;2.985
957;960;2.945
957;961;3.004
957;1293;3.851
958;864;3.693
958;867;3.624
958;895;3.626
958;955;2.847
958;961;2.981
958;962;3.176
959;962;2.959
959;1293;3.633
