source;destination;distance
0;3;2.793
1;47;3.6
2;7;3.604
2;48;3.667
3;0;2.793
4;7;3.319
4;8;2.976
5;9;2.969
6;10;2.977
7;2;3.604
7;4;3.319
7;10;3.13
7;11;2.961
7;43;3.925
7;47;3.764
8;4;2.976
8;11;3.37
8;12;2.954
9;5;2.969
9;13;2.937
10;6;2.977
10;7;3.13
10;14;2.951
11;7;2.961
11;8;3.37
11;14;3.352
11;15;3.018
11;44;3.614
12;8;2.954
12;16;2.988
12;104;3.637
13;9;2.937
13;16;3.315
13;17;2.942
14;10;2.951
14;11;3.352
14;18;3.0
14;37;3.701
15;11;3.018
15;19;3.001
15;37;3.877
15;99;3.874
15;100;3.651
16;12;2.988
16;13;3.315
16;19;3.171
16;20;3.087
17;13;2.942
17;20;3.305
17;21;2.983
18;14;3.0
18;21;3.562
18;22;2.957
18;37;2.988
18;96;3.125
19;15;3.001
19;16;3.171
19;22;3.139
19;97;3.51
19;603;3.499
20;16;3.087
20;17;3.305
21;17;2.983
21;18;3.562
21;24;2.986
21;30;3.623
21;33;3.406
22;18;2.957
22;19;3.139
22;93;4.104
22;96;3.886
22;97;3.949
23;603;3.753
24;21;2.986
24;27;3.997
25;610;3.243
25;637;3.685
25;638;3.273
26;30;3.843
27;24;3.997
27;30;2.851
28;31;2.729
28;32;3.03
29;32;3.304
29;33;2.985
30;21;3.623
30;26;3.843
30;27;2.851
30;33;3.409
30;34;3.001
31;28;2.729
31;34;3.447
31;35;3.002
32;28;3.03
32;29;3.304
32;36;3.005
33;21;3.406
33;29;2.985
33;30;3.409
33;36;3.234
33;37;2.948
34;30;3.001
34;31;3.447
34;37;3.353
34;38;2.94
34;93;2.834
34;96;3.717
35;31;3.002
35;38;3.326
35;39;2.962
35;81;3.874
36;32;3.005
36;33;3.234
36;39;3.389
36;40;3.003
37;14;3.701
37;15;3.877
37;18;2.988
37;33;2.948
37;34;3.353
37;40;3.002
37;41;2.861
37;96;3.911
38;34;2.94
38;35;3.326
38;42;2.987
38;80;2.734
39;35;2.962
39;36;3.389
39;42;3.186
39;43;2.987
40;36;3.003
40;37;3.002
40;43;3.473
40;44;2.918
41;37;2.861
41;45;2.954
41;73;3.462
41;99;3.53
42;38;2.987
42;39;3.186
42;45;3.286
42;46;2.971
43;7;3.925
43;39;2.987
43;40;3.473
43;46;3.394
43;47;3.06
44;11;3.614
44;40;2.918
44;47;3.226
44;48;2.832
44;99;2.65
45;41;2.954
45;42;3.286
45;49;2.986
45;56;3.969
45;73;3.937
46;42;2.971
46;43;3.394
46;50;3.079
46;51;3.915
47;1;3.6
47;7;3.764
47;43;3.06
47;44;3.226
48;2;3.667
48;44;2.832
48;66;3.175
48;69;2.656
49;45;2.986
49;56;3.991
49;59;3.862
49;66;3.69
50;46;3.079
50;55;3.664
51;46;3.915
52;55;3.122
52;58;3.496
53;56;2.981
54;57;2.994
55;50;3.664
55;52;3.122
55;58;3.001
56;45;3.969
56;49;3.991
56;53;2.981
56;59;3.052
56;70;3.968
57;54;2.994
57;60;3.02
57;70;4.033
58;52;3.496
58;55;3.001
58;61;3.044
59;49;3.862
59;56;3.052
59;62;2.978
59;63;3.819
59;66;3.492
59;67;3.778
59;70;3.759
60;57;3.02
60;67;3.763
61;58;3.044
62;59;2.978
63;59;3.819
63;66;3.493
63;67;2.901
64;67;3.391
64;68;3.037
65;68;3.043
65;69;3.055
65;102;3.448
65;108;3.212
65;111;3.846
66;48;3.175
66;49;3.69
66;59;3.492
66;63;3.493
66;69;3.776
66;70;2.977
67;59;3.778
67;60;3.763
67;63;2.901
67;64;3.391
67;70;3.489
67;71;2.971
68;64;3.037
68;65;3.043
68;72;3.006
68;101;3.867
69;48;2.656
69;65;3.055
69;66;3.776
69;72;3.274
69;73;2.9
69;99;3.124
69;102;2.814
70;56;3.968
70;57;4.033
70;59;3.759
70;66;2.977
70;67;3.489
70;73;3.233
70;74;2.998
71;67;2.971
71;74;3.435
71;75;2.988
72;68;3.006
72;69;3.274
72;76;2.914
72;95;3.652
73;41;3.462
73;45;3.937
73;69;2.9
73;70;3.233
73;76;3.456
73;77;2.896
74;70;2.998
74;71;3.435
74;77;3.379
74;78;3.009
75;71;2.988
75;79;2.993
75;89;3.569
75;92;3.289
76;72;2.914
76;73;3.456
76;79;3.004
76;80;2.86
77;73;2.896
77;74;3.379
77;81;2.974
78;74;3.009
78;82;3.006
79;75;2.993
79;76;3.004
79;83;3.949
79;89;2.73
80;38;2.734
80;76;2.86
80;96;3.983
81;35;3.874
81;77;2.974
82;78;3.006
82;84;2.985
83;79;3.949
83;90;2.969
83;93;3.595
84;82;2.985
85;89;3.526
86;89;3.149
87;90;2.923
87;91;3.181
87;612;3.909
88;91;3.144
89;75;3.569
89;79;2.73
89;85;3.526
89;86;3.149
89;92;2.995
90;83;2.969
90;87;2.923
91;87;3.181
91;88;3.144
91;94;3.011
91;611;3.344
91;612;3.81
92;75;3.289
92;89;2.995
92;95;2.982
93;22;4.104
93;34;2.834
93;83;3.595
93;96;2.945
94;91;3.011
94;97;2.881
94;604;3.934
94;607;3.644
94;608;3.707
95;72;3.652
95;92;2.982
95;98;3.159
95;99;3.04
96;18;3.125
96;22;3.886
96;34;3.717
96;37;3.911
96;80;3.983
96;93;2.945
96;99;3.074
97;19;3.51
97;22;3.949
97;94;2.881
97;100;3.047
98;95;3.159
98;101;2.722
98;604;3.961
99;15;3.874
99;41;3.53
99;44;2.65
99;69;3.124
99;95;3.04
99;96;3.074
99;102;2.788
99;103;3.427
100;15;3.651
100;97;3.047
100;103;2.975
100;104;2.952
100;107;3.752
100;600;3.402
101;68;3.867
101;98;2.722
101;111;3.795
102;65;3.448
102;69;2.814
102;99;2.788
102;108;2.783
103;99;3.427
103;100;2.975
104;12;3.637
104;100;2.952
104;107;3.082
104;108;2.986
105;108;3.38
105;109;2.965
106;110;3.128
106;593;3.406
107;100;3.752
107;104;3.082
107;110;3.368
107;111;2.993
107;597;3.669
108;65;3.212
108;102;2.783
108;104;2.986
108;105;3.38
108;111;3.433
108;112;2.981
109;105;2.965
109;112;3.295
109;113;3.037
110;106;3.128
110;107;3.368
110;113;3.128
110;114;2.997
110;593;3.297
111;65;3.846
111;101;3.795
111;107;2.993
111;108;3.433
111;114;3.276
111;115;3.029
112;108;2.981
112;109;3.295
112;115;3.455
112;116;3.004
113;109;3.037
113;110;3.128
113;116;3.218
113;117;3.04
114;110;2.997
114;111;3.276
114;117;3.058
114;118;3.268
114;682;3.821
115;111;3.029
115;112;3.455
115;118;2.979
116;112;3.004
116;113;3.218
116;119;2.785
116;258;3.786
117;113;3.04
117;114;3.058
117;120;3.114
117;121;3.003
118;114;3.268
118;115;2.979
118;122;3.012
119;116;2.785
119;122;3.441
119;262;2.721
120;117;3.114
120;258;3.816
120;261;2.651
120;262;2.767
121;117;3.003
121;124;3.31
121;125;2.931
121;255;3.996
122;118;3.012
122;119;3.441
122;126;2.983
123;126;3.169
123;127;3.093
123;1246;3.475
123;1247;2.938
124;121;3.31
124;127;3.45
124;128;3.161
124;247;3.621
124;1250;4.007
125;121;2.931
125;128;3.35
125;129;2.93
126;122;2.983
126;123;3.169
126;129;3.32
126;130;2.985
127;123;3.093
127;124;3.45
127;131;2.965
127;1241;4.0
127;1247;3.953
127;1250;3.878
128;124;3.161
128;125;3.35
128;131;3.283
128;132;2.895
128;247;3.4
129;125;2.93
129;126;3.32
129;132;3.478
129;133;3.018
130;126;2.985
130;133;3.413
130;134;2.93
130;1148;4.156
130;1237;3.676
130;1240;3.397
130;1241;3.812
131;127;2.965
131;128;3.283
131;135;2.891
132;128;2.895
132;129;3.478
132;136;2.97
132;207;3.769
132;210;4.013
133;129;3.018
133;130;3.413
133;136;3.191
133;137;3.003
134;130;2.93
134;137;3.283
134;138;2.984
134;1148;3.76
134;1237;3.768
135;131;2.891
135;139;2.947
135;210;3.605
135;236;3.695
135;240;3.836
135;243;3.954
136;132;2.97
136;133;3.191
136;140;2.923
136;203;3.834
136;207;3.932
137;133;3.003
137;134;3.283
137;140;3.19
137;141;3.122
137;203;3.831
137;1234;3.879
138;134;2.984
138;141;3.134
138;142;3.448
138;236;3.596
138;1231;3.668
138;1234;3.96
139;135;2.947
139;142;3.477
139;143;2.953
139;200;3.544
140;136;2.923
140;137;3.19
140;144;3.719
140;201;3.948
140;202;3.501
140;203;3.935
140;206;4.03
141;137;3.122
141;138;3.134
141;1231;3.643
141;1234;3.395
142;138;3.448
142;139;3.477
142;1227;3.681
142;1231;3.51
143;139;2.953
143;223;3.087
143;233;3.42
143;236;3.654
143;237;3.65
144;140;3.719
144;201;3.821
145;150;2.744
145;196;2.941
146;190;3.086
146;194;3.772
146;196;3.127
147;150;2.964
147;151;3.785
147;194;2.755
148;194;2.836
148;197;3.951
148;201;2.647
149;154;2.861
149;155;3.851
150;145;2.744
150;147;2.964
150;154;3.307
150;191;2.787
151;147;3.785
151;188;3.747
151;191;3.952
152;188;3.742
153;186;2.716
154;149;2.861
154;150;3.307
155;149;3.851
156;159;3.948
157;159;3.645
158;161;3.649
158;182;3.662
159;156;3.948
159;157;3.645
160;172;4.025
160;181;3.432
160;182;2.787
161;158;3.649
162;171;3.032
163;165;2.702
164;167;3.624
164;169;2.866
165;163;2.702
166;171;2.845
167;164;3.624
167;171;3.134
168;174;2.666
169;164;2.866
169;174;3.802
170;173;3.157
170;174;2.948
170;180;3.43
170;182;3.776
171;162;3.032
171;166;2.845
171;167;3.134
172;160;4.025
173;170;3.157
174;168;2.666
174;169;3.802
174;170;2.948
174;176;3.13
174;178;3.321
175;176;3.677
176;174;3.13
176;175;3.677
177;179;3.076
178;174;3.321
178;180;3.051
179;177;3.076
179;184;3.788
179;185;3.58
180;170;3.43
180;178;3.051
180;183;3.298
181;160;3.432
182;158;3.662
182;160;2.787
182;170;3.776
183;180;3.298
184;179;3.788
185;179;3.58
186;153;2.716
187;1003;3.451
187;1005;3.683
188;151;3.747
188;152;3.742
189;191;3.419
190;146;3.086
191;150;2.787
191;151;3.952
191;189;3.419
192;195;3.091
193;1002;2.868
193;1004;3.577
194;146;3.772
194;147;2.755
194;148;2.836
194;197;3.167
195;192;3.091
195;226;3.602
195;227;3.929
196;145;2.941
196;146;3.127
197;148;3.951
197;194;3.167
197;200;3.013
197;201;3.014
197;205;3.72
198;205;3.157
199;205;3.395
199;223;3.472
200;139;3.544
200;197;3.013
200;206;3.345
200;209;3.567
200;210;3.994
200;223;3.184
200;237;6.202
201;140;3.948
201;144;3.821
201;148;2.647
201;197;3.014
202;140;3.501
202;205;2.791
202;206;2.969
203;136;3.834
203;137;3.831
203;140;3.935
203;207;2.951
204;208;2.995
205;197;3.72
205;198;3.157
205;199;3.395
205;202;2.791
205;208;3.315
205;209;2.963
206;140;4.03
206;200;3.345
206;202;2.969
206;209;3.233
206;210;2.95
207;132;3.769
207;136;3.932
207;203;2.951
207;211;2.932
208;204;2.995
208;205;3.315
208;211;3.068
208;212;2.965
208;670;3.818
209;200;3.567
209;205;2.963
209;206;3.233
209;212;3.306
209;213;2.933
210;132;4.013
210;135;3.605
210;200;3.994
210;206;2.95
210;213;3.486
210;214;2.953
211;207;2.932
211;208;3.068
211;214;3.219
211;215;2.94
211;674;3.484
211;677;4.096
211;678;3.918
212;208;2.965
212;209;3.306
212;216;2.973
212;217;2.828
212;218;3.827
212;653;3.637
213;209;2.933
213;210;3.486
213;216;3.118
213;219;3.638
213;237;3.926
213;240;3.771
213;241;3.755
214;210;2.953
214;211;3.219
215;211;2.94
215;652;3.491
215;677;3.637
216;212;2.973
216;213;3.118
216;1312;3.139
216;1314;3.004
217;212;2.828
217;652;3.77
217;653;3.435
218;212;3.827
218;221;3.32
218;222;3.01
218;653;5.673
218;1309;3.716
218;1319;3.996
219;213;3.638
219;223;3.056
219;224;3.176
219;238;3.914
219;241;3.287
219;1305;3.758
219;1308;3.663
219;1309;3.316
220;224;3.126
220;225;2.98
220;1305;3.709
220;1309;3.599
220;1343;3.495
220;1344;2.8
220;1345;3.17
221;218;3.32
221;1319;3.407
221;1345;3.17
222;218;3.01
222;225;3.058
223;143;3.087
223;199;3.472
223;200;3.184
223;219;3.056
223;233;2.849
224;219;3.176
224;220;3.126
224;227;2.949
224;234;3.365
224;1305;3.17
224;1343;3.474
225;220;2.98
225;222;3.058
225;1295;3.761
225;1343;3.435
226;195;3.602
227;195;3.929
227;224;2.949
227;229;2.937
227;230;3.126
227;233;3.584
228;230;3.051
228;1302;3.69
228;1339;2.864
228;1342;3.49
229;227;2.937
229;233;3.02
230;227;3.126
230;228;3.051
230;233;2.977
230;234;2.946
230;1340;3.796
230;1341;3.733
231;234;3.664
231;235;2.92
231;1338;2.821
231;1340;2.767
232;1224;3.74
232;1227;3.804
232;1228;3.292
232;1340;2.94
233;143;3.42
233;223;2.849
233;227;3.584
233;229;3.02
233;230;2.977
233;236;3.021
233;237;3.3
234;224;3.365
234;230;2.946
234;231;3.664
234;237;3.344
234;238;2.946
234;1305;3.492
234;1341;3.979
234;1342;3.99
235;231;2.92
235;239;2.977
236;135;3.695
236;138;3.596
236;143;3.654
236;233;3.021
236;239;3.133
236;240;2.97
237;143;3.65
237;200;6.202
237;213;3.926
237;233;3.3
237;234;3.344
237;240;3.17
237;241;2.969
238;219;3.914
238;234;2.946
238;241;3.267
238;242;2.994
238;1308;3.992
239;235;2.977
239;236;3.133
239;243;2.942
240;135;3.836
240;213;3.771
240;236;2.97
240;237;3.17
240;244;2.895
241;213;3.755
241;219;3.287
241;237;2.969
241;238;3.267
241;245;2.945
241;1308;3.444
242;238;2.994
242;246;2.956
242;1308;3.485
243;135;3.954
243;239;2.942
243;247;2.915
244;240;2.895
244;248;2.936
245;241;2.945
245;248;3.437
245;249;2.978
246;242;2.956
246;249;3.421
246;250;2.939
246;1254;3.695
246;1261;3.644
247;124;3.621
247;128;3.4
247;243;2.915
247;250;3.153
247;251;2.869
248;244;2.936
248;245;3.437
248;251;3.38
248;252;2.966
249;245;2.978
249;246;3.421
249;252;3.487
249;253;2.989
249;1371;3.782
250;246;2.939
250;247;3.153
250;253;3.629
250;254;2.898
250;1250;3.156
250;1253;3.72
251;247;2.869
251;248;3.38
251;254;3.139
251;255;2.951
251;685;3.586
252;248;2.966
252;249;3.487
252;256;3.086
252;685;3.757
252;688;3.658
252;1368;3.536
253;249;2.989
253;250;3.629
253;256;3.494
253;257;2.915
253;1371;3.982
253;1372;3.925
253;1375;3.544
254;250;2.898
254;251;3.139
254;258;2.934
255;121;3.996
255;251;2.951
255;258;3.278
255;259;3.077
255;689;3.803
256;252;3.086
256;253;3.494
256;259;3.239
256;260;3.076
256;688;3.642
256;689;3.983
256;692;3.43
256;1372;3.469
257;253;2.915
257;261;2.892
257;1376;3.787
258;116;3.786
258;120;3.816
258;254;2.934
258;255;3.278
258;262;2.981
259;255;3.077
259;256;3.239
259;262;3.41
259;263;3.054
259;689;3.677
260;256;3.076
260;263;3.395
260;264;2.914
260;696;3.927
260;1376;3.593
261;120;2.651
261;257;2.892
261;264;3.242
261;265;3.552
262;119;2.721
262;120;2.767
262;258;2.981
262;259;3.41
262;271;2.838
263;259;3.054
263;260;3.395
263;271;2.743
263;272;3.089
264;260;2.914
264;261;3.242
264;270;3.738
264;272;3.901
264;274;3.462
264;276;3.403
265;261;3.552
265;269;2.769
265;270;2.842
266;268;3.427
266;705;3.905
267;274;3.633
267;705;3.155
268;266;3.427
268;270;3.438
269;265;2.769
270;264;3.738
270;265;2.842
270;268;3.438
270;274;3.171
271;262;2.838
271;263;2.743
272;263;3.089
272;264;3.901
272;274;3.24
273;275;2.878
274;264;3.462
274;267;3.633
274;270;3.171
274;272;3.24
274;276;2.997
275;273;2.878
275;278;3.06
275;282;3.22
276;264;3.403
276;274;2.997
277;279;2.947
277;282;3.702
277;285;3.667
277;703;3.8
277;718;3.641
278;275;3.06
279;277;2.947
279;282;2.801
279;703;3.975
280;283;2.979
280;290;2.767
280;291;2.801
280;292;2.762
280;294;3.836
281;284;2.943
281;285;2.644
281;718;3.12
282;275;3.22
282;277;3.702
282;279;2.801
283;280;2.979
283;290;3.649
283;293;3.435
284;281;2.943
284;290;2.868
285;277;3.667
285;281;2.644
286;288;3.007
287;716;2.682
288;286;3.007
289;724;3.727
290;280;2.767
290;283;3.649
290;284;2.868
291;280;2.801
292;280;2.762
292;307;2.742
293;283;3.435
294;280;3.836
294;295;3.827
295;294;3.827
296;699;3.007
296;700;3.58
296;1090;3.327
296;1091;3.676
296;1094;3.685
297;1091;3.441
297;1094;3.713
297;1095;3.645
298;306;3.338
298;307;3.907
299;306;3.884
300;304;2.666
301;965;3.724
302;961;3.394
303;304;2.793
304;300;2.666
304;303;2.793
305;310;3.97
306;298;3.338
306;299;3.884
306;308;3.129
307;292;2.742
307;298;3.907
307;316;3.396
308;306;3.129
308;316;2.912
309;312;2.934
309;316;4.006
310;305;3.97
311;730;2.634
312;309;2.934
312;321;4.021
313;317;3.158
313;321;2.971
313;322;2.852
313;323;3.691
314;317;2.767
315;317;3.1
316;307;3.396
316;308;2.912
316;309;4.006
317;313;3.158
317;314;2.767
317;315;3.1
318;321;3.864
318;736;2.751
319;326;3.162
319;734;2.724
320;323;3.041
320;324;2.83
320;325;3.4
320;326;2.752
321;312;4.021
321;313;2.971
321;318;3.864
321;734;2.828
321;736;2.711
322;313;2.852
322;730;3.901
323;313;3.691
323;320;3.041
324;320;2.83
325;320;3.4
325;328;2.997
326;319;3.162
326;320;2.752
327;329;4.036
328;325;2.997
329;327;4.036
330;331;3.634
331;330;3.634
332;447;3.955
332;448;2.904
332;449;3.67
333;447;3.395
334;442;3.811
334;445;3.953
335;442;3.103
335;443;3.615
336;442;2.773
337;442;2.634
338;343;3.793
338;347;3.452
338;440;3.701
339;341;2.93
339;342;5.732
339;348;3.378
340;344;3.609
341;339;2.93
342;339;5.732
342;349;3.957
343;338;3.793
343;346;2.842
343;347;3.757
343;439;3.742
344;340;3.609
345;349;3.602
346;343;2.842
347;338;3.452
347;343;3.757
347;443;2.729
348;339;3.378
349;342;3.957
349;345;3.602
350;355;3.386
350;356;4.02
351;354;3.273
351;356;3.043
352;357;2.93
353;365;3.857
353;366;3.792
354;351;3.273
355;350;3.386
356;350;4.02
356;351;3.043
357;352;2.93
357;358;2.944
358;357;2.944
358;361;2.994
358;366;3.815
359;362;3.038
360;363;2.994
360;364;3.008
360;366;3.881
360;368;3.594
361;358;2.994
362;359;3.038
363;360;2.994
363;369;2.926
364;360;3.008
364;367;3.798
365;353;3.857
366;353;3.792
366;358;3.815
366;360;3.881
367;364;3.798
368;360;3.594
369;363;2.926
370;372;3.881
370;373;3.363
371;379;3.563
372;370;3.881
372;375;3.52
373;370;3.363
374;393;2.956
375;372;3.52
375;393;3.487
376;394;3.845
376;395;3.966
376;399;3.603
377;393;3.562
378;381;2.973
379;371;3.563
379;383;3.889
380;382;2.999
380;383;3.241
380;384;3.317
380;385;2.809
381;378;2.973
382;380;2.999
383;379;3.889
383;380;3.241
384;380;3.317
385;380;2.809
385;389;2.746
386;389;3.742
387;389;3.295
388;390;3.096
389;385;2.746
389;386;3.742
389;387;3.295
390;388;3.096
391;395;2.873
391;396;3.388
392;395;2.983
393;374;2.956
393;375;3.487
393;377;3.562
393;396;3.483
394;376;3.845
394;397;2.987
394;398;3.064
394;399;3.745
395;376;3.966
395;391;2.873
395;392;2.983
396;391;3.388
396;393;3.483
397;394;2.987
398;394;3.064
399;376;3.603
399;394;3.745
400;401;2.986
401;400;2.986
402;403;2.748
403;402;2.748
404;407;2.826
405;407;2.808
405;412;3.522
405;414;3.832
406;413;3.324
407;404;2.826
407;405;2.808
407;412;2.828
408;411;2.833
409;412;4.013
410;412;2.996
411;408;2.833
412;405;3.522
412;407;2.828
412;409;4.013
412;410;2.996
413;406;3.324
414;405;3.832
414;415;2.978
415;414;2.978
416;418;2.889
417;419;2.945
418;416;2.889
419;417;2.945
419;420;3.049
420;419;3.049
421;422;3.72
422;421;3.72
423;426;3.857
424;433;3.606
425;427;3.641
425;431;3.033
426;423;3.857
427;425;3.641
428;429;3.03
429;428;3.03
430;433;3.305
430;437;3.699
431;425;3.033
432;435;3.201
433;424;3.606
433;430;3.305
433;436;2.98
433;437;3.038
434;437;3.283
435;432;3.201
435;438;3.853
436;433;2.98
437;430;3.699
437;433;3.038
437;434;3.283
438;435;3.853
439;343;3.742
439;443;3.752
439;444;3.189
440;338;3.701
441;444;3.679
442;334;3.811
442;335;3.103
442;336;2.773
442;337;2.634
443;335;3.615
443;347;2.729
443;439;3.752
444;439;3.189
444;441;3.679
445;334;3.953
445;447;3.097
446;454;2.972
447;332;3.955
447;333;3.395
447;445;3.097
448;332;2.904
448;453;2.84
448;454;3.66
449;332;3.67
450;453;2.967
451;454;2.98
451;455;3.186
451;456;3.9
452;457;3.828
452;458;2.864
452;459;3.818
453;448;2.84
453;450;2.967
454;446;2.972
454;448;3.66
454;451;2.98
455;451;3.186
456;451;3.9
457;452;3.828
458;452;2.864
459;452;3.818
459;460;3.577
460;459;3.577
461;463;2.768
462;464;3.385
463;461;2.768
464;462;3.385
464;467;3.152
464;468;3.907
464;470;2.973
464;471;2.776
465;466;3.746
465;467;3.624
465;524;3.212
465;525;2.772
466;465;3.746
466;521;3.717
466;524;3.477
467;464;3.152
467;465;3.624
467;470;2.978
467;471;3.091
468;464;3.907
468;471;2.996
469;521;3.647
470;464;2.973
470;467;2.978
471;464;2.776
471;467;3.091
471;468;2.996
471;474;2.986
471;475;3.165
472;476;2.954
473;477;2.96
474;471;2.986
474;477;3.218
474;478;3.013
475;471;3.165
475;478;3.415
475;479;2.927
475;573;2.68
475;574;4.02
476;472;2.954
476;479;3.215
476;480;2.975
477;473;2.96
477;474;3.218
477;481;3.05
478;474;3.013
478;475;3.415
478;481;3.311
478;482;2.979
478;518;3.815
478;570;3.945
479;475;2.927
479;476;3.215
479;482;2.994
479;483;3.087
479;574;2.74
479;575;3.612
480;476;2.975
480;483;3.464
480;484;3.007
481;477;3.05
481;478;3.311
481;485;2.983
481;511;3.662
482;478;2.979
482;479;2.994
482;485;3.079
482;486;3.072
482;515;3.326
482;568;3.894
482;570;3.865
482;571;3.835
483;479;3.087
483;480;3.464
483;486;3.131
483;487;3.437
483;571;3.786
484;480;3.007
484;487;3.297
484;488;3.019
485;481;2.983
485;482;3.079
485;488;3.275
485;489;2.991
485;511;3.241
485;567;3.163
486;482;3.072
486;483;3.131
486;490;3.055
486;568;3.653
486;979;3.925
487;483;3.437
487;484;3.297
487;490;3.301
487;491;2.988
488;484;3.019
488;485;3.275
488;491;3.058
488;492;2.952
488;504;3.557
489;485;2.991
489;492;3.04
489;567;3.8
489;568;3.7
489;983;4.008
490;486;3.055
490;487;3.301
491;487;2.988
491;488;3.058
491;496;3.709
492;488;2.952
492;489;3.04
492;497;2.9
492;504;3.992
492;508;3.431
493;497;2.974
493;1025;3.268
493;1026;2.996
494;497;3.92
494;498;2.829
495;498;2.962
495;499;3.018
496;491;3.709
496;500;3.014
497;492;2.9
497;493;2.974
497;494;3.92
497;501;2.795
498;494;2.829
498;495;2.962
498;501;2.762
499;495;3.018
500;496;3.014
500;503;3.085
500;504;2.939
501;497;2.795
501;498;2.762
501;505;2.951
502;505;3.35
502;506;3.045
503;500;3.085
503;506;3.942
503;507;2.963
504;488;3.557
504;492;3.992
504;500;2.939
504;507;3.362
504;508;2.929
505;501;2.951
505;502;3.35
505;508;3.362
505;509;3.031
506;502;3.045
506;503;3.942
506;510;2.962
507;503;2.963
507;504;3.362
507;511;2.974
508;492;3.431
508;504;2.929
508;505;3.362
508;511;3.401
508;512;3.091
508;567;3.277
509;505;3.031
509;512;3.336
509;513;3.012
509;551;3.802
509;552;3.383
510;506;2.962
510;513;3.024
510;514;3.09
511;481;3.662
511;485;3.241
511;507;2.974
511;508;3.401
511;514;3.068
511;515;3.371
512;508;3.091
512;509;3.336
512;515;2.957
512;547;2.834
512;548;3.739
512;551;3.806
513;509;3.012
513;510;3.024
513;516;2.869
514;510;3.09
514;511;3.068
514;517;3.06
514;518;3.247
515;482;3.326
515;511;3.371
515;512;2.957
515;519;2.988
515;544;3.687
515;548;3.897
515;570;3.422
516;513;2.869
516;519;3.407
516;520;3.03
516;548;3.497
517;514;3.06
517;521;3.056
518;478;3.815
518;514;3.247
518;521;3.423
518;522;2.949
518;570;2.745
518;573;2.726
519;515;2.988
519;516;3.407
519;523;3.013
519;544;3.598
520;516;3.03
520;523;3.126
520;524;3.087
521;466;3.717
521;469;3.647
521;517;3.056
521;518;3.423
521;525;2.986
522;518;2.949
522;525;3.032
522;526;3.024
522;530;2.686
522;531;3.548
522;537;2.78
523;519;3.013
523;520;3.126
523;531;3.69
523;532;3.931
524;465;3.212
524;466;3.477
524;520;3.087
525;465;2.772
525;521;2.986
525;522;3.032
526;522;3.024
526;530;3.755
527;530;2.931
527;531;2.925
528;532;2.995
529;533;2.84
530;522;2.686
530;526;3.755
530;527;2.931
530;533;3.073
530;534;2.915
531;522;3.548
531;523;3.69
531;527;2.925
531;537;3.211
532;523;3.931
532;528;2.995
533;529;2.84
533;530;3.073
534;530;2.915
534;537;2.966
534;538;3.041
535;538;3.984
535;539;3.02
536;540;2.998
536;578;2.911
536;581;3.903
537;522;2.78
537;531;3.211
537;534;2.966
537;540;3.493
537;541;2.952
538;534;3.041
538;535;3.984
538;541;3.409
538;542;2.992
539;535;3.02
539;542;3.41
539;543;3.018
539;569;3.978
540;536;2.998
540;537;3.493
540;543;3.235
540;544;2.901
540;570;2.648
540;573;3.845
541;537;2.952
541;538;3.409
541;545;3.0
542;538;2.992
542;539;3.41
542;545;3.195
542;546;3.086
543;539;3.018
543;540;3.235
543;547;3.022
544;515;3.687
544;519;3.598
544;540;2.901
544;548;2.932
544;570;3.763
545;541;3.0
545;542;3.195
545;549;2.992
546;542;3.086
546;550;3.234
546;563;3.594
547;512;2.834
547;543;3.022
547;551;3.395
547;567;3.077
548;512;3.739
548;515;3.897
548;516;3.497
548;544;2.932
548;551;3.193
548;552;2.915
549;545;2.992
549;552;3.259
549;553;3.028
550;546;3.234
550;554;3.008
550;555;3.025
550;564;3.957
551;509;3.802
551;512;3.806
551;547;3.395
551;548;3.193
551;555;3.763
551;564;3.958
552;509;3.383
552;548;2.915
552;549;3.259
553;549;3.028
554;550;3.008
554;556;2.926
555;550;3.025
555;551;3.763
555;561;2.831
556;554;2.926
556;561;3.24
557;560;2.79
558;561;3.263
558;562;2.932
559;562;3.303
559;563;2.957
559;1065;3.869
560;557;2.79
560;563;3.058
560;564;3.085
561;555;2.831
561;556;3.24
561;558;3.263
561;564;2.953
562;558;2.932
562;559;3.303
562;565;3.009
562;987;3.14
563;546;3.594
563;559;2.957
563;560;3.058
563;566;2.973
564;550;3.957
564;551;3.958
564;560;3.085
564;561;2.953
564;567;3.053
565;562;3.009
565;568;3.183
565;983;3.693
565;984;3.918
566;563;2.973
566;569;2.89
566;980;3.656
567;485;3.163
567;489;3.8
567;508;3.277
567;547;3.077
567;564;3.053
567;570;2.96
568;482;3.894
568;486;3.653
568;489;3.7
568;565;3.183
568;571;2.947
568;976;3.824
568;980;3.492
569;539;3.978
569;566;2.89
569;572;2.768
569;977;3.458
569;980;3.483
570;478;3.945
570;482;3.865
570;515;3.422
570;518;2.745
570;540;2.648
570;544;3.763
570;567;2.96
570;573;2.979
571;482;3.835
571;483;3.786
571;568;2.947
571;574;2.972
571;575;2.947
571;577;3.908
571;976;3.553
572;569;2.768
573;475;2.68
573;518;2.726
573;540;3.845
573;570;2.979
574;475;4.02
574;479;2.74
574;571;2.972
575;479;3.612
575;571;2.947
575;577;3.928
575;578;3.025
576;579;3.067
576;580;2.919
576;969;3.157
577;571;3.908
577;575;3.928
577;580;3.222
577;581;3.013
577;973;3.481
578;536;2.911
578;575;3.025
578;581;3.836
578;582;3.049
579;576;3.067
579;583;2.998
580;576;2.919
580;577;3.222
580;583;3.231
580;584;2.947
580;973;3.611
581;536;3.903
581;577;3.013
581;578;3.836
581;585;3.059
582;578;3.049
582;585;3.397
582;586;2.739
583;579;2.998
583;580;3.231
583;586;3.315
583;587;2.93
584;580;2.947
584;587;3.209
584;588;3.084
584;1079;3.598
585;581;3.059
585;582;3.397
585;588;3.005
586;582;2.739
586;583;3.315
586;589;2.963
587;583;2.93
587;584;3.209
587;590;3.08
587;591;3.087
587;691;3.749
587;1079;3.494
587;1083;3.407
588;584;3.084
588;585;3.005
588;592;2.976
588;1079;3.853
589;586;2.963
589;592;3.037
590;587;3.08
590;691;3.845
591;587;3.087
591;594;3.25
591;595;2.871
591;687;3.551
591;1079;3.844
592;588;2.976
592;589;3.037
592;596;3.049
593;106;3.406
593;110;3.297
593;596;3.222
593;597;3.279
594;591;3.25
594;597;3.069
594;598;3.023
594;686;3.462
594;687;3.797
595;591;2.871
595;599;2.929
596;592;3.049
596;593;3.222
596;599;3.303
596;600;3.059
597;107;3.669
597;593;3.279
597;594;3.069
597;600;3.416
597;601;3.021
598;594;3.023
598;601;3.468
598;602;2.962
598;649;3.916
598;683;4.034
599;595;2.929
599;596;3.303
599;603;2.978
600;100;3.402
600;596;3.059
600;597;3.416
600;603;3.244
600;604;2.989
601;597;3.021
601;598;3.468
601;604;3.326
601;605;2.95
601;679;3.703
602;598;2.962
602;605;3.489
602;606;2.925
602;642;3.476
602;645;3.798
603;19;3.499
603;23;3.753
603;599;2.978
603;600;3.244
603;606;3.293
603;607;3.0
603;638;3.466
604;94;3.934
604;98;3.961
604;600;2.989
604;601;3.326
604;607;3.261
604;608;2.997
605;601;2.95
605;602;3.489
605;609;2.957
605;645;3.809
605;675;4.096
605;676;3.562
605;679;3.885
606;602;2.925
606;603;3.293
606;609;3.254
606;610;2.993
606;638;3.738
606;641;3.992
606;642;4.011
607;94;3.644
607;603;3.0
607;604;3.261
607;611;3.324
608;94;3.707
608;604;2.997
608;611;3.369
608;612;3.025
609;605;2.957
609;606;3.254
609;613;3.0
609;614;2.812
609;635;3.833
610;25;3.243
610;606;2.993
610;614;3.051
610;615;3.143
610;637;3.831
611;91;3.344
611;607;3.324
611;608;3.369
612;87;3.909
612;91;3.81
612;608;3.025
612;615;2.805
613;609;3.0
613;616;3.013
613;617;3.564
613;631;3.519
613;635;4.085
613;669;3.415
613;672;3.997
614;609;2.812
614;610;3.051
614;631;3.76
615;610;3.143
615;612;2.805
616;613;3.013
616;628;4.062
616;631;2.976
617;613;3.564
617;629;3.068
617;631;2.981
617;657;3.819
617;658;3.384
617;665;2.792
617;669;3.516
618;627;2.65
618;628;3.387
618;658;3.707
618;659;2.914
619;622;3.003
619;623;2.891
619;624;2.828
619;625;2.741
620;658;4.126
620;659;2.779
620;661;3.664
621;624;3.871
622;619;3.003
622;627;3.993
623;619;2.891
624;619;2.828
624;621;3.871
624;1013;3.967
625;619;2.741
626;632;3.53
627;618;2.65
627;622;3.993
628;616;4.062
628;618;3.387
628;632;3.452
629;617;3.068
629;632;3.211
629;633;3.107
629;656;2.869
629;657;3.544
630;633;3.048
630;634;2.837
630;655;3.914
631;613;3.519
631;614;3.76
631;616;2.976
631;617;2.981
631;635;3.653
631;657;3.615
632;626;3.53
632;628;3.452
632;629;3.211
632;636;3.625
633;629;3.107
633;630;3.048
633;1053;3.684
633;1059;3.938
634;630;2.837
634;643;3.898
634;644;3.911
634;1044;3.388
634;1048;3.966
635;609;3.833
635;613;4.085
635;631;3.653
635;640;3.135
635;644;3.661
635;657;4.042
636;632;3.625
636;1057;2.732
637;25;3.685
637;610;3.831
637;640;2.86
637;641;2.951
637;1060;2.882
638;25;3.273
638;603;3.466
638;606;3.738
638;641;3.462
638;642;2.947
639;642;3.181
639;643;2.994
639;1060;3.68
639;1063;3.862
639;1064;3.61
639;1067;3.901
640;635;3.135
640;637;2.86
640;643;3.292
640;644;2.993
640;1063;3.063
641;606;3.992
641;637;2.951
641;638;3.462
641;645;2.966
642;602;3.476
642;606;4.011
642;638;2.947
642;639;3.181
642;645;3.479
642;646;2.974
643;634;3.898
643;639;2.994
643;640;3.292
643;646;3.304
643;647;3.043
643;1048;3.929
643;1067;3.597
644;634;3.911
644;635;3.661
644;640;2.993
644;647;3.176
644;648;3.034
644;654;3.875
645;602;3.798
645;605;3.809
645;641;2.966
645;642;3.479
645;648;3.295
645;649;2.962
646;642;2.974
646;643;3.304
646;649;3.107
646;650;3.233
646;1040;5.78
646;1043;3.504
646;1067;3.75
646;1074;3.902
647;643;3.043
647;644;3.176
647;653;2.854
647;1044;3.543
648;644;3.034
648;645;3.295
648;651;3.022
648;654;3.751
648;673;3.498
648;676;3.617
648;677;4.016
649;598;3.916
649;645;2.962
649;646;3.107
649;680;3.821
650;646;3.233
650;1040;3.482
651;648;3.022
651;677;4.014
652;215;3.491
652;217;3.77
652;1040;3.812
652;1041;2.734
652;1042;2.855
653;212;3.637
653;217;3.435
653;218;5.673
653;647;2.854
653;1045;3.886
654;644;3.875
654;648;3.751
654;657;3.519
654;673;3.362
655;630;3.914
655;1045;3.549
656;629;2.869
656;1000;3.844
657;617;3.819
657;629;3.544
657;631;3.615
657;635;4.042
657;654;3.519
657;666;3.313
657;669;3.457
658;617;3.384
658;618;3.707
658;620;4.126
658;662;3.374
658;666;2.992
659;618;2.914
659;620;2.779
659;666;3.668
660;1001;3.467
661;620;3.664
662;658;3.374
662;665;2.785
662;666;3.076
663;667;2.946
664;667;3.295
664;668;3.007
665;617;2.792
665;662;2.785
665;668;3.245
665;669;3.086
666;657;3.313
666;658;2.992
666;659;3.668
666;662;3.076
666;669;3.404
666;670;2.912
667;663;2.946
667;664;3.295
667;670;3.296
667;671;3.017
668;664;3.007
668;665;3.245
668;671;3.48
668;672;3.359
669;613;3.415
669;617;3.516
669;657;3.457
669;665;3.086
669;666;3.404
669;672;3.416
669;673;2.941
670;208;3.818
670;666;2.912
670;667;3.296
670;673;3.298
670;674;2.963
671;667;3.017
671;668;3.48
671;674;3.403
671;675;3.019
672;613;3.997
672;668;3.359
672;669;3.416
672;675;3.325
672;676;2.985
673;648;3.498
673;654;3.362
673;669;2.941
673;670;3.298
673;676;3.305
673;677;2.991
674;211;3.484
674;670;2.963
674;671;3.403
674;677;3.426
674;678;3.002
675;605;4.096
675;671;3.019
675;672;3.325
675;678;3.484
675;679;3.005
676;605;3.562
676;648;3.617
676;672;2.985
676;673;3.305
676;680;2.957
677;211;4.096
677;215;3.637
677;648;4.016
677;651;4.014
677;673;2.991
677;674;3.426
677;681;2.925
678;211;3.918
678;674;3.002
678;675;3.484
678;681;3.443
678;682;3.035
679;601;3.703
679;605;3.885
679;675;3.005
679;682;3.429
679;683;2.995
680;649;3.821
680;676;2.957
680;683;3.161
680;684;2.927
681;677;2.925
681;678;3.443
681;684;3.286
681;685;2.983
682;114;3.821
682;678;3.035
682;679;3.429
682;686;3.024
683;598;4.034
683;679;2.995
683;680;3.161
683;686;3.404
683;687;2.928
684;680;2.927
684;681;3.286
684;687;3.124
684;688;3.076
685;251;3.586
685;252;3.757
685;681;2.983
685;689;3.012
686;594;3.462
686;682;3.024
686;683;3.404
686;690;2.919
687;591;3.551
687;594;3.797
687;683;2.928
687;684;3.124
687;690;3.378
687;691;3.129
687;1082;3.371
688;252;3.658
688;256;3.642
688;684;3.076
688;691;3.455
688;692;2.936
688;1082;3.591
688;1085;3.769
688;1368;6.369
689;255;3.803
689;256;3.983
689;259;3.677
689;685;3.012
689;693;2.962
690;686;2.919
690;687;3.378
690;694;3.061
691;587;3.749
691;590;3.845
691;687;3.129
691;688;3.455
691;694;3.246
691;695;2.998
691;1082;3.655
691;1083;3.834
691;1086;3.492
692;256;3.43
692;688;2.936
692;695;3.424
692;696;2.952
692;1089;3.488
693;689;2.962
693;696;3.329
693;697;3.025
694;690;3.061
694;691;3.246
694;697;3.156
694;698;3.106
695;691;2.998
695;692;3.424
695;698;2.953
695;699;2.982
695;1086;3.495
695;1090;3.558
696;260;3.927
696;692;2.952
696;693;3.329
696;701;3.522
696;1090;3.551
696;1093;3.464
697;693;3.025
697;694;3.156
697;701;3.687
698;694;3.106
698;695;2.953
699;296;3.007
699;695;2.982
699;1090;3.701
700;296;3.58
700;1098;2.852
701;696;3.522
701;697;3.687
701;1098;2.896
702;1093;3.508
702;1097;3.382
702;1098;2.882
703;277;3.8
703;279;3.975
704;719;3.935
704;1097;3.998
704;1100;3.752
705;266;3.905
705;267;3.155
705;1097;2.888
706;1097;2.713
706;1102;3.902
707;717;3.651
707;721;3.518
707;1100;3.905
708;712;3.431
708;713;3.868
708;1102;3.41
709;1102;2.807
710;715;3.2
711;1114;3.28
712;708;3.431
712;1112;3.447
712;1381;3.532
713;708;3.868
713;715;3.579
714;715;3.973
715;710;3.2
715;713;3.579
715;714;3.973
716;287;2.682
717;707;3.651
717;720;3.648
717;721;3.578
718;277;3.641
718;281;3.12
719;704;3.935
719;1100;3.876
720;717;3.648
720;722;2.836
721;707;3.518
721;717;3.578
722;720;2.836
722;726;3.717
723;726;3.278
723;732;2.685
724;289;3.727
725;728;3.429
725;735;3.925
726;722;3.717
726;723;3.278
726;729;3.924
727;742;2.811
728;725;3.429
729;726;3.924
729;731;3.769
730;311;2.634
730;322;3.901
730;733;4.013
731;729;3.769
732;723;2.685
733;730;4.013
734;319;2.724
734;321;2.828
735;725;3.925
736;318;2.751
736;321;2.711
737;739;3.892
738;740;2.947
739;737;3.892
740;738;2.947
741;746;2.983
742;727;2.811
743;747;2.889
744;748;3.767
745;748;3.041
746;741;2.983
747;743;2.889
748;744;3.767
748;745;3.041
749;752;4.033
750;753;2.969
751;754;2.855
752;749;4.033
752;758;3.927
753;750;2.969
754;751;2.855
755;760;2.973
756;760;3.192
757;759;3.004
757;760;3.754
758;752;3.927
759;757;3.004
759;761;2.682
759;762;2.861
759;763;3.959
760;755;2.973
760;756;3.192
760;757;3.754
761;759;2.682
762;759;2.861
763;759;3.959
764;767;2.975
764;768;2.965
765;769;2.678
766;769;2.785
766;770;2.987
767;764;2.975
768;764;2.965
769;765;2.678
769;766;2.785
770;766;2.987
770;771;3.027
770;772;3.353
770;773;3.498
771;770;3.027
772;770;3.353
772;775;3.67
773;770;3.498
774;775;2.973
775;772;3.67
775;774;2.973
775;776;2.946
776;775;2.946
776;779;3.989
777;778;2.952
778;777;2.952
779;776;3.989
780;781;3.862
781;780;3.862
782;785;2.9
783;801;3.778
784;799;2.718
784;801;3.927
785;782;2.9
786;800;3.994
787;792;3.015
788;790;2.957
788;791;2.98
789;793;2.95
790;788;2.957
790;793;3.154
791;788;2.98
791;793;2.882
792;787;3.015
792;794;3.574
793;789;2.95
793;790;3.154
793;791;2.882
794;792;3.574
794;796;3.32
795;796;2.985
796;794;3.32
796;795;2.985
796;797;3.688
797;796;3.688
798;801;3.59
799;784;2.718
799;801;2.815
800;786;3.994
801;783;3.778
801;784;3.927
801;798;3.59
801;799;2.815
802;803;3.252
803;802;3.252
804;806;3.737
804;809;3.682
805;808;3.272
806;804;3.737
807;809;2.876
808;805;3.272
808;810;3.349
809;804;3.682
809;807;2.876
810;808;3.349
811;815;3.333
812;814;3.488
813;819;3.93
814;812;3.488
814;819;4.098
815;811;3.333
815;820;3.533
816;820;2.85
816;822;4.007
817;820;3.05
818;821;3.035
818;823;3.293
819;813;3.93
819;814;4.098
820;815;3.533
820;816;2.85
820;817;3.05
820;822;2.975
821;818;3.035
821;823;3.22
821;827;3.717
822;816;4.007
822;820;2.975
823;818;3.293
823;821;3.22
823;826;3.973
823;827;2.878
824;827;3.398
825;828;3.427
825;829;2.862
826;823;3.973
827;821;3.717
827;823;2.878
827;824;3.398
828;825;3.427
828;837;3.637
829;825;2.862
829;831;3.063
829;832;3.048
830;833;3.801
831;829;3.063
832;829;3.048
833;830;3.801
833;836;2.824
833;892;2.805
833;893;2.826
834;837;3.054
834;840;3.96
834;889;3.921
835;840;3.844
835;886;3.886
835;889;3.397
835;890;3.681
836;833;2.824
837;828;3.637
837;834;3.054
837;840;2.889
837;841;2.929
838;842;3.073
839;842;3.418
839;843;2.897
840;834;3.96
840;835;3.844
840;837;2.889
840;843;3.301
840;844;2.98
841;837;2.929
841;844;3.271
841;845;3.13
841;949;2.9
842;838;3.073
842;839;3.418
842;845;3.49
842;846;3.006
843;839;2.897
843;840;3.301
843;846;3.302
843;847;2.918
844;840;2.98
844;841;3.271
844;847;3.389
844;848;2.949
844;883;3.773
844;886;3.766
845;841;3.13
845;842;3.49
845;848;3.358
845;849;2.941
845;949;3.536
846;842;3.006
846;843;3.302
846;849;3.223
846;850;2.98
847;843;2.918
847;844;3.389
847;851;2.955
847;883;3.997
848;844;2.949
848;845;3.358
848;852;2.896
848;879;3.978
848;883;3.438
848;942;3.721
848;946;3.766
849;845;2.941
849;846;3.223
849;852;3.175
849;853;2.985
850;846;2.98
850;853;3.089
850;854;3.008
851;847;2.955
851;854;3.43
851;855;2.955
851;942;3.631
852;848;2.896
852;849;3.175
852;856;3.007
853;849;2.985
853;850;3.089
853;856;3.395
853;857;2.955
854;850;3.008
854;851;3.43
854;857;2.966
854;858;3.242
855;851;2.955
855;940;3.864
855;943;3.999
856;852;3.007
856;853;3.395
856;860;3.705
856;1277;3.847
857;853;2.955
857;854;2.966
857;860;3.077
857;861;3.023
857;864;3.486
857;868;3.914
857;872;4.036
858;854;3.242
858;865;2.755
858;933;2.705
859;862;3.328
859;865;2.655
859;1280;3.347
859;1333;3.035
860;856;3.705
860;857;3.077
860;1300;3.786
861;857;3.023
861;864;2.963
861;865;3.019
862;859;3.328
862;865;3.16
862;866;2.994
862;1334;3.967
863;866;2.645
864;857;3.486
864;861;2.963
864;867;3.308
864;868;2.967
865;858;2.755
865;859;2.655
865;861;3.019
865;862;3.16
865;869;3.012
866;862;2.994
866;863;2.645
866;1334;3.428
867;864;3.308
868;857;3.914
868;864;2.967
868;871;3.111
868;872;3.033
869;865;3.012
869;873;2.75
870;874;3.026
871;868;3.111
871;874;3.343
871;875;2.984
872;857;4.036
872;868;3.033
872;875;2.984
872;876;3.264
873;869;2.75
873;876;3.009
873;877;3.031
873;933;2.86
873;936;3.77
874;870;3.026
874;871;3.343
874;877;2.908
874;878;2.96
875;871;2.984
875;872;2.984
875;879;2.922
876;872;3.264
876;873;3.009
876;880;3.015
876;939;3.845
877;873;3.031
877;874;2.908
877;880;3.332
877;881;3.04
878;874;2.96
878;882;2.991
879;848;3.978
879;875;2.922
879;882;3.263
879;883;2.944
879;942;3.618
880;876;3.015
880;877;3.332
880;884;2.98
880;939;4.016
881;877;3.04
881;885;3.029
882;878;2.991
882;879;3.263
882;885;4.006
882;886;2.948
883;844;3.773
883;847;3.997
883;848;3.438
883;879;2.944
883;887;3.011
883;945;3.666
884;880;2.98
884;887;3.413
884;888;2.978
884;912;3.863
884;916;3.673
885;881;3.029
885;882;4.006
885;888;3.345
885;889;2.947
886;835;3.886
886;844;3.766
886;882;2.948
886;889;3.47
886;890;2.732
886;945;3.605
887;883;3.011
887;884;3.413
887;890;3.41
887;891;2.947
887;909;3.812
888;884;2.978
888;885;3.345
888;891;4.021
888;892;3.019
889;834;3.921
889;835;3.397
889;885;2.947
889;886;3.47
889;892;3.499
889;893;2.978
890;835;3.681
890;886;2.732
890;887;3.41
890;893;3.435
890;894;3.071
890;899;3.771
890;905;4.048
890;908;2.682
891;887;2.947
891;888;4.021
891;894;2.998
891;895;2.937
891;896;3.803
891;899;6.479
891;900;3.658
892;833;2.805
892;888;3.019
892;889;3.499
893;833;2.826
893;889;2.978
893;890;3.435
894;890;3.071
894;891;2.998
894;898;2.795
894;902;3.689
894;905;3.698
895;891;2.937
895;899;2.997
896;891;3.803
896;899;3.422
896;900;2.996
897;900;2.854
897;901;2.888
898;894;2.795
899;890;3.771
899;891;6.479
899;895;2.997
899;896;3.422
899;902;3.045
899;905;3.586
899;909;3.766
900;891;3.658
900;896;2.996
900;897;2.854
900;909;3.701
901;897;2.888
902;894;3.689
902;899;3.045
902;905;3.122
902;906;2.943
903;906;3.444
903;907;2.968
904;907;3.431
904;908;3.005
904;948;3.193
904;954;4.037
904;957;3.965
905;890;4.048
905;894;3.698
905;899;3.586
905;902;3.122
905;908;3.108
905;909;2.975
906;902;2.943
906;903;3.444
906;909;3.794
906;910;2.964
907;903;2.968
907;904;3.431
907;910;3.29
908;890;2.682
908;904;3.005
908;905;3.108
908;945;2.928
908;948;2.765
909;887;3.812
909;899;3.766
909;900;3.701
909;905;2.975
909;906;3.794
909;912;3.02
909;913;2.953
910;906;2.964
910;907;3.29
910;914;3.023
911;941;4.008
911;945;3.689
912;884;3.863
912;909;3.02
912;915;3.045
912;916;3.085
913;909;2.953
913;916;2.927
913;917;2.917
914;910;3.023
914;918;2.976
914;938;3.695
915;912;3.045
915;918;3.955
915;919;3.057
915;939;2.892
916;884;3.673
916;912;3.085
916;913;2.927
916;919;3.366
916;920;2.975
917;913;2.917
917;920;3.189
917;921;2.992
918;914;2.976
918;915;3.955
918;921;3.349
918;922;2.966
919;915;3.057
919;916;3.366
919;922;3.331
919;923;2.993
919;932;3.719
920;916;2.975
920;917;3.189
920;923;3.156
920;924;2.931
921;917;2.992
921;918;3.349
921;924;3.308
921;925;2.98
922;918;2.966
922;919;3.331
922;927;3.044
922;931;3.305
922;932;3.346
922;935;3.657
923;919;2.993
923;920;3.156
923;926;3.001
924;920;2.931
924;921;3.308
925;921;2.98
926;923;3.001
927;922;3.044
928;931;3.769
928;932;3.187
929;932;3.466
929;933;3.008
930;933;2.74
930;934;3.265
931;922;3.305
931;928;3.769
931;935;2.994
932;919;3.719
932;922;3.346
932;928;3.187
932;929;3.466
932;936;2.958
933;858;2.705
933;873;2.86
933;929;3.008
933;930;2.74
933;1332;3.809
934;930;3.265
934;937;3.052
934;1329;3.083
934;1330;3.68
934;1331;3.146
935;922;3.657
935;931;2.994
936;873;3.77
936;932;2.958
936;939;2.761
937;934;3.052
937;940;2.762
937;941;3.335
937;1278;3.573
938;914;3.695
938;941;2.977
939;876;3.845
939;880;4.016
939;915;2.892
939;936;2.761
939;942;2.85
940;855;3.864
940;937;2.762
941;911;4.008
941;937;3.335
941;938;2.977
941;944;2.93
941;945;3.004
941;1274;3.821
942;848;3.721
942;851;3.631
942;879;3.618
942;939;2.85
942;945;2.98
942;946;3.174
943;855;3.999
943;946;3.016
943;1274;3.64
944;941;2.93
944;947;2.779
944;1274;3.802
945;883;3.666
945;886;3.605
945;908;2.928
945;911;3.689
945;941;3.004
945;942;2.98
945;948;2.913
946;848;3.766
946;942;3.174
946;943;3.016
946;949;2.978
946;950;2.944
947;944;2.779
947;950;3.266
947;953;3.496
947;957;3.671
948;904;3.193
948;908;2.765
948;945;2.913
