source;destination;distance
0;3;2.78
1;47;3.592
2;7;3.619
2;48;3.667
3;0;2.78
4;7;3.242
4;8;2.967
5;9;2.971
6;10;2.973
7;2;3.619
7;4;3.242
7;10;3.12
7;11;2.961
7;43;3.914
7;47;3.742
8;4;2.967
8;11;3.471
8;12;2.983
9;5;2.971
9;12;3.456
9;13;2.917
10;6;2.973
10;7;3.12
10;14;2.951
11;7;2.961
11;8;3.471
11;14;3.373
11;15;3.015
11;44;3.613
12;8;2.983
12;9;3.456
12;16;2.979
12;103;3.939
13;9;2.917
13;16;3.365
13;17;2.942
14;10;2.951
14;11;3.373
14;18;3.011
14;37;3.869
14;40;4.038
15;11;3.015
15;19;2.99
15;37;3.717
15;98;3.978
15;99;3.595
16;12;2.979
16;13;3.365
16;19;3.134
16;20;3.087
17;13;2.942
17;20;3.294
17;21;2.982
18;14;3.011
18;22;2.955
18;37;3.148
18;95;3.57
19;15;2.99
19;16;3.134
19;22;3.165
19;96;3.508
19;606;3.473
20;16;3.087
20;17;3.294
21;17;2.982
21;24;2.984
21;30;3.601
21;33;3.403
22;18;2.955
22;19;3.165
22;92;4.044
23;606;3.841
24;21;2.984
24;27;3.962
25;613;3.264
25;640;3.698
25;641;3.258
26;30;3.843
27;24;3.962
27;30;2.845
28;31;2.705
28;32;3.03
29;32;3.31
29;33;2.976
30;21;3.601
30;26;3.843
30;27;2.845
30;33;3.377
30;34;2.999
31;28;2.705
31;34;3.477
31;35;3.011
32;28;3.03
32;29;3.31
32;36;3.006
33;21;3.403
33;29;2.976
33;30;3.377
33;36;3.219
33;37;2.943
34;30;2.999
34;31;3.477
34;37;3.371
34;38;2.94
34;92;2.826
34;95;3.235
35;31;3.011
35;38;3.296
35;39;2.958
35;80;3.939
36;32;3.006
36;33;3.219
36;39;3.377
36;40;3.002
37;14;3.869
37;15;3.717
37;18;3.148
37;33;2.943
37;34;3.371
37;40;3.024
37;41;2.86
37;95;3.474
38;34;2.94
38;35;3.296
38;42;2.976
38;79;2.74
39;35;2.958
39;36;3.377
39;42;3.176
39;43;2.983
40;14;4.038
40;36;3.002
40;37;3.024
40;43;3.47
40;44;2.915
41;37;2.86
41;45;2.951
41;72;3.454
41;98;3.472
42;38;2.976
42;39;3.176
42;45;3.3
42;46;2.968
43;7;3.914
43;39;2.983
43;40;3.47
43;46;3.387
43;47;3.056
44;11;3.613
44;40;2.915
44;47;3.245
44;48;2.809
44;98;2.668
45;41;2.951
45;42;3.3
45;49;2.986
45;55;3.961
45;72;3.918
46;42;2.968
46;43;3.387
46;50;3.064
47;1;3.592
47;7;3.742
47;43;3.056
47;44;3.245
48;2;3.667
48;44;2.809
48;65;3.182
48;68;2.664
49;45;2.986
49;55;4.014
49;58;3.83
49;65;3.662
50;46;3.064
50;52;3.069
50;54;3.589
51;54;3.627
51;57;3.447
52;50;3.069
52;55;2.984
53;56;2.987
54;50;3.589
54;51;3.627
54;57;2.987
55;45;3.961
55;49;4.014
55;52;2.984
55;58;3.036
55;69;3.894
56;53;2.987
56;59;3.015
57;51;3.447
57;54;2.987
57;60;3.039
58;49;3.83
58;55;3.036
58;61;2.966
58;62;3.773
58;65;3.511
58;66;4.015
58;69;3.776
59;56;3.015
60;57;3.039
61;58;2.966
62;58;3.773
62;65;3.455
62;66;2.919
63;66;3.475
63;67;3.034
64;67;3.032
64;68;3.052
64;101;3.343
64;107;3.19
64;110;3.834
65;48;3.182
65;49;3.662
65;58;3.511
65;62;3.455
65;68;3.818
65;69;2.974
66;58;4.015
66;62;2.919
66;63;3.475
66;69;3.391
66;70;2.947
67;63;3.034
67;64;3.032
67;71;2.994
67;100;3.909
68;48;2.664
68;64;3.052
68;65;3.818
68;71;3.324
68;72;2.914
68;98;3.165
68;101;2.776
69;55;3.894
69;58;3.776
69;65;2.974
69;66;3.391
69;72;3.18
69;73;2.983
70;66;2.947
70;73;3.423
70;74;2.98
71;67;2.994
71;68;3.324
71;75;2.925
71;94;3.622
72;41;3.454
72;45;3.918
72;68;2.914
72;69;3.18
72;75;3.459
72;76;2.894
73;69;2.983
73;70;3.423
73;76;3.381
73;77;3.007
74;70;2.98
74;77;3.479
74;78;2.985
74;88;3.51
74;91;3.303
75;71;2.925
75;72;3.459
75;78;2.999
75;79;2.866
76;72;2.894
76;73;3.381
76;80;2.966
77;73;3.007
77;74;3.479
77;81;3.001
78;74;2.985
78;75;2.999
78;82;3.955
78;88;2.745
79;38;2.74
79;75;2.866
79;95;3.596
80;35;3.939
80;76;2.966
81;77;3.001
81;83;2.981
82;78;3.955
82;89;2.879
82;92;3.595
83;81;2.981
84;88;3.72
85;88;3.138
86;89;2.876
86;90;3.192
86;615;3.893
87;90;3.116
88;74;3.51
88;78;2.745
88;84;3.72
88;85;3.138
88;91;2.997
89;82;2.879
89;86;2.876
90;86;3.192
90;87;3.116
90;93;3.013
90;614;3.4
90;615;3.845
91;74;3.303
91;88;2.997
91;94;2.865
92;22;4.044
92;34;2.826
92;82;3.595
92;95;2.923
93;90;3.013
93;96;2.862
93;607;3.964
93;610;3.639
93;611;3.695
94;71;3.622
94;91;2.865
94;97;3.135
94;98;3.036
95;18;3.57
95;34;3.235
95;37;3.474
95;79;3.596
95;92;2.923
95;98;3.152
96;19;3.508
96;93;2.862
96;99;3.013
97;94;3.135
97;100;2.725
97;607;3.957
98;15;3.978
98;41;3.472
98;44;2.668
98;68;3.165
98;94;3.036
98;95;3.152
98;101;2.76
98;102;3.451
99;15;3.595
99;96;3.013
99;102;2.977
99;103;2.97
99;106;3.693
99;603;3.485
100;67;3.909
100;97;2.725
100;110;3.819
101;64;3.343
101;68;2.776
101;98;2.76
101;107;2.797
102;98;3.451
102;99;2.977
103;12;3.939
103;99;2.97
103;106;3.462
103;107;2.962
104;107;3.299
104;108;2.953
105;108;4.038
105;109;3.094
105;596;3.365
106;99;3.693
106;103;3.462
106;109;3.328
106;110;3.007
106;600;3.689
107;64;3.19
107;101;2.797
107;103;2.962
107;104;3.299
107;111;2.988
108;104;2.953
108;105;4.038
108;111;3.148
108;112;3.012
109;105;3.094
109;106;3.328
109;112;3.14
109;113;3.013
109;596;3.33
110;64;3.834
110;100;3.819
110;106;3.007
110;113;3.259
110;114;3.018
111;107;2.988
111;108;3.148
111;114;3.418
111;115;3.01
112;108;3.012
112;109;3.14
112;115;3.231
112;116;3.032
113;109;3.013
113;110;3.259
113;116;3.066
113;117;3.272
113;685;3.825
114;110;3.018
114;111;3.418
114;117;2.954
115;111;3.01
115;112;3.231
115;118;2.716
115;262;3.835
116;112;3.032
116;113;3.066
116;119;3.126
116;120;3.001
117;113;3.272
117;114;2.954
117;121;3.014
118;115;2.716
118;266;2.696
119;116;3.126
119;262;3.863
119;265;2.646
119;266;2.777
120;116;3.001
120;123;3.286
120;124;2.933
120;259;3.994
121;117;3.014
121;125;2.991
122;125;3.133
122;126;3.089
122;1254;3.472
122;1255;2.949
123;120;3.286
123;126;3.429
123;127;3.167
123;251;3.553
123;255;3.968
123;1258;3.9
124;120;2.933
124;127;3.307
124;128;2.929
125;121;2.991
125;122;3.133
125;128;3.299
125;129;2.99
126;122;3.089
126;123;3.429
126;129;3.496
126;130;2.964
126;1249;4.006
126;1255;3.991
126;1258;3.781
127;123;3.167
127;124;3.307
127;130;3.358
127;131;2.898
127;251;3.261
128;124;2.929
128;125;3.299
128;131;3.465
128;132;3.007
129;125;2.99
129;126;3.496
129;133;2.956
129;1156;3.811
129;1245;3.554
129;1248;3.407
130;126;2.964
130;127;3.358
130;133;3.453
130;134;2.867
131;127;2.898
131;128;3.465
131;135;2.966
131;211;3.768
131;214;4.024
132;128;3.007
132;135;3.185
132;136;3.009
133;129;2.956
133;130;3.453
133;136;3.265
133;137;2.971
133;1156;3.72
133;1245;3.798
134;130;2.867
134;138;2.942
134;214;3.572
134;240;3.705
134;244;3.856
134;247;3.678
135;131;2.966
135;132;3.185
135;139;2.934
135;207;3.642
135;211;3.892
136;132;3.009
136;133;3.265
136;139;3.238
136;140;3.123
136;1242;3.903
137;133;2.971
137;140;3.121
137;141;3.463
137;240;3.568
137;1239;3.667
137;1242;3.895
138;134;2.942
138;141;3.427
138;142;2.952
138;204;3.618
139;135;2.934
139;136;3.238
139;143;3.693
139;206;3.513
139;207;3.912
140;136;3.123
140;137;3.121
140;1239;3.611
140;1242;3.375
141;137;3.463
141;138;3.427
141;1235;3.689
141;1239;3.489
142;138;2.952
142;227;3.025
142;237;3.46
142;240;3.575
142;241;3.838
143;139;3.693
143;205;3.872
144;149;2.754
144;200;3.081
145;194;3.026
145;198;3.637
145;199;3.888
145;200;3.555
146;149;2.938
146;150;3.825
146;195;3.863
146;198;2.84
147;198;2.944
147;201;3.686
147;205;2.666
148;154;3.519
149;144;2.754
149;146;2.938
149;153;3.616
149;195;2.875
150;146;3.825
150;190;3.603
150;193;2.918
151;190;3.818
152;188;2.72
153;149;3.616
154;148;3.519
155;159;3.758
156;159;4.025
157;159;3.565
158;161;3.654
158;184;3.677
159;155;3.758
159;156;4.025
159;157;3.565
160;172;3.917
160;183;3.169
160;184;2.808
161;158;3.654
161;171;4.026
162;171;3.028
162;172;3.453
163;171;3.912
164;167;2.852
164;169;3.386
165;167;3.91
166;171;2.879
167;164;2.852
167;165;3.91
168;174;2.648
169;164;3.386
169;174;3.89
170;173;3.459
170;174;2.97
170;182;3.278
170;184;3.799
171;161;4.026
171;162;3.028
171;163;3.912
171;166;2.879
172;160;3.917
172;162;3.453
173;170;3.459
173;176;3.143
174;168;2.648
174;169;3.89
174;170;2.97
174;180;3.299
175;177;2.962
175;178;3.286
176;173;3.143
176;178;3.912
177;175;2.962
178;175;3.286
178;176;3.912
179;181;3.062
180;174;3.299
180;182;3.032
181;179;3.062
181;186;3.857
181;187;3.837
182;170;3.278
182;180;3.032
182;185;3.477
183;160;3.169
184;158;3.677
184;160;2.808
184;170;3.799
185;182;3.477
186;181;3.857
187;181;3.837
188;152;2.72
189;1005;4.16
189;1007;3.664
190;150;3.603
190;151;3.818
191;1009;4.141
192;195;3.975
192;1006;3.689
193;150;2.918
193;195;2.982
194;145;3.026
195;146;3.863
195;149;2.875
195;192;3.975
195;193;2.982
196;199;3.251
196;1006;3.879
197;1004;2.692
197;1006;3.394
198;145;3.637
198;146;2.84
198;147;2.944
198;201;3.092
199;145;3.888
199;196;3.251
199;230;3.435
199;231;3.831
200;144;3.081
200;145;3.555
201;147;3.686
201;198;3.092
201;204;2.999
201;205;3.019
201;209;3.814
202;209;3.137
203;209;3.391
203;227;3.506
204;138;3.618
204;201;2.999
204;210;3.46
204;213;3.549
204;227;3.125
204;241;3.923
205;143;3.872
205;147;2.666
205;201;3.019
206;139;3.513
206;209;2.8
206;210;2.979
207;135;3.642
207;139;3.912
207;210;3.473
207;211;2.952
208;212;2.991
209;201;3.814
209;202;3.137
209;203;3.391
209;206;2.8
209;212;3.318
209;213;2.97
210;204;3.46
210;206;2.979
210;207;3.473
210;213;3.276
210;214;2.948
211;131;3.768
211;135;3.892
211;207;2.952
211;215;2.938
212;208;2.991
212;209;3.318
212;215;3.068
212;216;2.969
212;673;3.805
213;204;3.549
213;209;2.97
213;210;3.276
213;216;3.278
213;217;2.93
214;131;4.024
214;134;3.572
214;210;2.948
214;217;3.445
214;218;2.949
215;211;2.938
215;212;3.068
215;218;3.221
215;219;2.952
215;677;3.473
215;680;4.022
215;681;3.948
216;212;2.969
216;213;3.278
216;220;2.979
216;221;2.815
216;222;3.893
216;656;3.673
217;213;2.93
217;214;3.445
217;220;3.101
217;223;3.761
217;241;3.867
217;244;3.674
217;245;3.761
218;214;2.949
218;215;3.221
219;215;2.952
219;680;3.628
220;216;2.979
220;217;3.101
220;1320;3.14
220;1322;3.034
221;216;2.815
221;655;3.792
221;656;3.397
222;216;3.893
222;225;3.68
222;226;3.043
222;656;5.871
222;1317;3.718
222;1327;3.62
223;217;3.761
223;227;3.077
223;228;3.141
223;241;3.78
223;242;3.98
223;245;3.353
223;1313;3.436
223;1316;4.003
223;1317;3.335
224;228;3.154
224;229;2.893
224;1313;3.754
224;1317;3.588
224;1352;3.401
224;1353;2.804
224;1354;3.198
225;222;3.68
225;229;3.723
225;1327;3.392
225;1354;3.33
226;222;3.043
226;229;3.14
227;142;3.025
227;203;3.506
227;204;3.125
227;223;3.077
227;237;3.077
227;241;6.223
228;223;3.141
228;224;3.154
228;231;2.935
228;238;3.35
228;1313;3.157
228;1352;3.448
229;224;2.893
229;225;3.723
229;226;3.14
229;1303;3.565
229;1351;3.727
229;1352;3.377
230;199;3.435
231;199;3.831
231;228;2.935
231;233;2.951
231;234;3.143
231;237;3.443
232;234;3.078
232;1303;4.012
232;1310;3.737
232;1348;2.93
232;1351;3.524
233;231;2.951
233;237;3.026
234;231;3.143
234;232;3.078
234;237;2.968
234;238;2.935
234;1349;3.771
234;1350;3.766
235;238;3.628
235;239;2.918
235;1347;2.853
235;1349;2.77
236;1232;3.747
236;1235;3.806
236;1236;3.259
236;1349;2.98
237;142;3.46
237;227;3.077
237;231;3.443
237;233;3.026
237;234;2.968
237;240;3.046
237;241;3.441
238;228;3.35
238;234;2.935
238;235;3.628
238;241;3.306
238;242;2.935
238;1313;3.535
238;1350;4.036
239;235;2.918
239;243;2.977
240;134;3.705
240;137;3.568
240;142;3.575
240;237;3.046
240;243;3.143
240;244;2.966
241;142;3.838
241;204;3.923
241;217;3.867
241;223;3.78
241;227;6.223
241;237;3.441
241;238;3.306
241;244;3.245
241;245;2.998
242;223;3.98
242;238;2.935
242;245;3.153
242;246;2.967
243;239;2.977
243;240;3.143
243;247;2.941
244;134;3.856
244;217;3.674
244;240;2.966
244;241;3.245
244;248;2.896
245;217;3.761
245;223;3.353
245;241;2.998
245;242;3.153
245;249;2.958
245;1316;3.511
246;242;2.967
246;250;2.955
246;1316;3.304
247;134;3.678
247;243;2.941
247;251;2.91
248;244;2.896
248;252;2.933
249;245;2.958
249;252;3.393
249;253;2.96
250;246;2.955
250;253;3.427
250;254;2.941
250;1262;3.646
250;1269;3.583
251;123;3.553
251;127;3.261
251;247;2.91
251;254;3.208
251;255;2.895
252;248;2.933
252;249;3.393
252;255;3.274
252;256;2.949
253;249;2.96
253;250;3.427
253;256;3.798
253;257;2.993
253;1380;3.775
254;250;2.941
254;251;3.208
254;257;3.622
254;258;2.901
254;1258;3.131
254;1261;3.755
255;123;3.968
255;251;2.895
255;252;3.274
255;258;3.171
255;259;2.947
255;688;3.804
256;252;2.949
256;253;3.798
256;260;3.075
256;688;3.751
256;691;3.644
256;1377;3.53
257;253;2.993
257;254;3.622
257;261;2.922
257;1380;3.94
257;1381;3.918
257;1384;3.487
258;254;2.901
258;255;3.171
258;262;2.927
259;120;3.994
259;255;2.947
259;262;3.299
259;263;3.08
259;692;3.785
260;256;3.075
260;263;3.218
260;264;3.081
260;691;3.627
260;692;3.961
260;695;3.439
260;1381;3.451
261;257;2.922
261;265;2.884
261;1385;3.741
262;115;3.835
262;119;3.863
262;258;2.927
262;259;3.299
262;266;2.993
263;259;3.08
263;260;3.218
263;267;3.055
263;692;3.693
264;260;3.081
264;267;3.328
264;268;2.924
264;699;3.856
264;1096;6.248
264;1385;3.686
265;119;2.646
265;261;2.884
265;268;3.081
265;269;3.584
266;118;2.696
266;119;2.777
266;262;2.993
266;275;2.831
267;263;3.055
267;264;3.328
267;274;3.996
267;275;2.71
267;276;3.305
268;264;2.924
268;265;3.081
268;274;3.583
268;278;3.47
268;280;3.559
269;265;3.584
269;273;2.732
269;274;2.781
270;708;3.538
271;278;3.55
271;708;3.251
272;274;3.419
273;269;2.732
274;267;3.996
274;268;3.583
274;269;2.781
274;272;3.419
274;278;3.088
275;266;2.831
275;267;2.71
276;267;3.305
276;278;3.581
277;279;3.247
278;268;3.47
278;271;3.55
278;274;3.088
278;276;3.581
278;280;2.971
279;277;3.247
279;282;3.052
279;286;3.638
280;268;3.559
280;278;2.971
281;283;2.924
281;285;3.745
281;286;3.94
281;289;4.002
281;706;3.662
282;279;3.052
283;281;2.924
283;286;2.814
283;299;3.934
284;287;3.03
284;294;2.762
284;295;2.779
284;296;2.75
284;298;3.739
285;281;3.745
285;288;2.968
285;289;2.635
285;723;3.522
286;279;3.638
286;281;3.94
286;283;2.814
286;289;3.49
287;284;3.03
287;297;3.302
288;285;2.968
288;294;2.809
289;281;4.002
289;285;2.635
289;286;3.49
290;292;3.921
291;720;2.655
292;290;3.921
293;729;3.644
294;284;2.762
294;288;2.809
295;284;2.779
296;284;2.75
296;312;2.719
297;287;3.302
298;284;3.739
298;300;3.865
299;283;3.934
300;298;3.865
301;702;2.952
301;703;3.409
301;1093;3.34
302;1094;3.364
302;1097;3.461
302;1098;4.018
303;311;3.241
303;312;4.09
304;311;3.753
305;310;2.677
306;967;3.754
307;963;3.394
308;310;2.75
309;310;3.178
310;305;2.677
310;308;2.75
310;309;3.178
311;303;3.241
311;304;3.753
311;313;3.095
312;296;2.719
312;303;4.09
312;319;3.241
313;311;3.095
313;319;3.079
314;316;2.931
315;326;3.917
315;734;2.709
316;314;2.931
316;319;3.916
317;325;2.94
317;326;3.954
318;320;2.966
319;312;3.241
319;313;3.079
319;316;3.916
320;318;2.966
320;329;2.675
321;325;3.765
321;740;2.768
322;329;3.77
322;330;3.364
323;330;3.531
323;738;2.707
324;327;2.995
324;328;2.713
324;330;2.706
325;317;2.94
325;321;3.765
325;738;2.81
325;740;2.682
326;315;3.917
326;317;3.954
326;734;3.831
327;324;2.995
328;324;2.713
329;320;2.675
329;322;3.77
329;332;2.945
330;322;3.364
330;323;3.531
330;324;2.706
331;333;3.957
332;329;2.945
333;331;3.957
333;335;2.9
333;336;3.583
334;336;2.856
335;333;2.9
336;333;3.583
336;334;2.856
337;452;2.803
338;451;3.237
339;446;3.261
339;449;4.025
339;450;4.039
340;446;3.015
340;447;3.75
341;446;2.848
342;446;2.658
343;346;3.742
344;355;3.735
344;444;3.774
345;348;2.957
346;343;3.742
347;351;3.415
348;345;2.957
349;356;3.543
350;354;2.677
350;355;3.98
350;443;3.4
351;347;3.415
351;435;3.817
352;356;3.846
353;442;3.966
354;350;2.677
354;442;3.915
354;443;2.872
355;344;3.735
355;350;3.98
355;445;3.036
355;447;2.704
356;349;3.543
356;352;3.846
357;363;4.002
358;363;3.707
358;364;3.579
359;362;2.886
359;364;3.059
360;365;2.98
361;374;3.694
361;375;3.694
362;359;2.886
363;357;4.002
363;358;3.707
364;358;3.579
364;359;3.059
365;360;2.98
365;367;3.044
366;370;3.623
367;365;3.044
367;370;2.976
367;375;3.932
368;371;2.964
369;372;3.021
369;373;2.984
369;375;3.733
369;377;3.895
370;366;3.623
370;367;2.976
370;373;3.347
371;368;2.964
372;369;3.021
372;378;2.791
373;369;2.984
373;370;3.347
373;376;3.766
374;361;3.694
375;361;3.694
375;367;3.932
375;369;3.733
376;373;3.766
377;369;3.895
378;372;2.791
379;382;2.817
379;385;3.584
380;382;3.502
381;398;3.517
382;379;2.817
382;380;3.502
382;398;3.0
383;399;2.897
383;404;3.436
384;387;2.977
385;379;3.584
385;389;3.945
386;388;3.012
386;389;3.239
386;390;2.889
387;384;2.977
388;386;3.012
389;385;3.945
389;386;3.239
390;386;2.889
390;393;2.747
390;394;3.074
391;393;3.029
392;395;2.953
393;390;2.747
393;391;3.029
394;390;3.074
395;392;2.953
396;400;2.799
396;401;3.666
397;400;2.989
398;381;3.517
398;382;3.0
399;383;2.897
399;402;2.943
399;403;3.033
400;396;2.799
400;397;2.989
401;396;3.666
402;399;2.943
403;399;3.033
404;383;3.436
405;406;2.993
406;405;2.993
407;408;2.829
408;407;2.829
409;412;2.85
410;412;2.811
410;417;3.519
410;419;3.835
411;418;3.375
412;409;2.85
412;410;2.811
412;417;2.799
413;416;2.841
413;417;4.024
414;417;3.99
415;417;2.973
416;413;2.841
417;410;3.519
417;412;2.799
417;413;4.024
417;414;3.99
417;415;2.973
418;411;3.375
419;410;3.835
419;420;2.981
420;419;2.981
421;423;3.114
422;424;2.947
423;421;3.114
424;422;2.947
424;425;3.035
425;424;3.035
426;428;3.894
427;449;2.699
428;426;3.894
429;430;3.732
430;429;3.732
431;432;3.187
432;431;3.187
432;437;3.664
433;434;3.042
434;433;3.042
435;351;3.817
436;438;2.84
436;441;3.592
437;432;3.664
438;436;2.84
438;440;2.996
438;441;3.016
439;441;3.984
440;438;2.996
441;436;3.592
441;438;3.016
441;439;3.984
442;353;3.966
442;354;3.915
443;350;3.4
443;354;2.872
443;447;2.922
443;448;3.36
444;344;3.774
445;355;3.036
446;339;3.261
446;340;3.015
446;341;2.848
446;342;2.658
447;340;3.75
447;355;2.704
447;443;2.922
448;443;3.36
449;339;4.025
449;427;2.699
449;451;3.12
450;339;4.039
451;338;3.237
451;449;3.12
452;337;2.803
452;457;3.458
453;456;3.015
454;457;3.031
454;458;3.165
454;459;3.869
455;460;2.852
456;453;3.015
457;452;3.458
457;454;3.031
458;454;3.165
459;454;3.869
460;455;2.852
461;462;3.558
462;461;3.558
463;466;2.737
464;467;3.627
465;468;3.12
466;463;2.737
467;464;3.627
468;465;3.12
468;471;3.037
468;474;3.127
468;475;2.757
469;470;3.986
469;471;3.603
469;527;3.322
469;528;2.747
470;469;3.986
470;527;3.645
471;468;3.037
471;469;3.603
471;474;2.95
471;475;3.083
471;529;4.027
472;475;2.999
473;524;3.643
473;525;4.032
474;468;3.127
474;471;2.95
474;529;3.35
475;468;2.757
475;471;3.083
475;472;2.999
475;478;2.945
475;479;3.158
476;480;2.959
477;481;2.96
478;475;2.945
478;481;3.225
478;482;3.011
479;475;3.158
479;482;3.423
479;483;2.932
479;576;2.675
480;476;2.959
480;483;3.214
480;484;2.972
481;477;2.96
481;478;3.225
481;485;3.049
482;478;3.011
482;479;3.423
482;485;3.312
482;486;2.974
482;517;4.017
482;521;3.812
482;573;3.928
483;479;2.932
483;480;3.214
483;486;2.996
483;487;3.082
483;577;2.739
483;578;3.607
484;480;2.972
484;487;3.444
484;488;3.004
485;481;3.049
485;482;3.312
485;489;2.99
485;514;3.654
486;482;2.974
486;483;2.996
486;489;3.084
486;490;3.068
486;518;3.305
486;571;3.891
486;573;3.872
486;574;3.834
487;483;3.082
487;484;3.444
487;490;3.126
487;491;3.438
487;574;3.799
488;484;3.004
488;491;3.292
488;492;3.018
489;485;2.99
489;486;3.084
489;492;3.269
489;493;2.993
489;514;3.183
489;570;3.07
490;486;3.068
490;487;3.126
490;494;3.05
490;571;3.636
490;981;3.905
491;487;3.438
491;488;3.292
491;494;3.268
491;495;2.973
492;488;3.018
492;489;3.269
492;495;3.11
492;496;2.956
492;507;3.542
493;489;2.993
493;496;3.04
493;570;3.786
493;571;3.632
493;985;3.991
494;490;3.05
494;491;3.268
495;491;2.973
495;492;3.11
495;499;3.593
496;492;2.956
496;493;3.04
496;500;2.932
496;507;4.012
496;511;3.437
497;500;2.96
497;1028;3.197
497;1029;3.003
498;501;2.955
498;502;3.038
499;495;3.593
499;503;3.016
500;496;2.932
500;497;2.96
500;504;2.809
501;498;2.955
501;504;2.746
502;498;3.038
503;499;3.016
503;506;3.021
503;507;2.938
504;500;2.809
504;501;2.746
504;508;2.956
505;508;3.466
505;509;3.048
506;503;3.021
506;509;3.959
506;510;2.962
507;492;3.542
507;496;4.012
507;503;2.938
507;510;3.289
507;511;2.914
508;504;2.956
508;505;3.466
508;511;3.349
508;512;3.036
509;505;3.048
509;506;3.959
509;513;2.965
510;506;2.962
510;507;3.289
510;514;2.96
511;496;3.437
511;507;2.914
511;508;3.349
511;514;3.392
511;515;3.087
511;570;3.261
512;508;3.036
512;515;3.353
512;516;3.015
512;554;3.794
512;555;3.413
513;509;2.965
513;516;3.016
513;517;3.085
514;485;3.654
514;489;3.183
514;510;2.96
514;511;3.392
514;517;3.056
514;518;3.365
515;511;3.087
515;512;3.353
515;518;2.944
515;550;2.838
515;551;3.748
515;554;3.812
516;512;3.015
516;513;3.016
516;519;2.867
517;482;4.017
517;513;3.085
517;514;3.056
517;520;3.058
517;521;3.234
518;486;3.305
518;514;3.365
518;515;2.944
518;522;2.99
518;547;3.672
518;551;3.909
518;573;3.417
519;516;2.867
519;522;3.409
519;523;3.028
519;551;3.489
520;517;3.058
520;524;3.058
521;482;3.812
521;517;3.234
521;524;3.416
521;525;2.946
521;573;2.742
521;576;2.732
522;518;2.99
522;519;3.409
522;526;2.995
522;547;3.612
523;519;3.028
523;526;3.201
523;527;3.087
524;473;3.643
524;520;3.058
524;521;3.416
524;528;2.981
525;473;4.032
525;521;2.946
525;528;2.998
525;529;3.038
525;533;2.675
525;534;3.543
525;540;2.765
526;522;2.995
526;523;3.201
526;534;3.694
526;535;3.961
527;469;3.322
527;470;3.645
527;523;3.087
528;469;2.747
528;524;2.981
528;525;2.998
529;471;4.027
529;474;3.35
529;525;3.038
529;533;3.53
530;533;2.911
530;534;2.926
531;535;2.982
532;536;2.84
533;525;2.675
533;529;3.53
533;530;2.911
533;536;3.073
533;537;2.916
534;525;3.543
534;526;3.694
534;530;2.926
534;540;3.206
534;544;4.033
535;526;3.961
535;531;2.982
536;532;2.84
536;533;3.073
537;533;2.916
537;540;2.966
537;541;3.038
538;541;3.965
538;542;3.023
539;543;2.996
539;581;2.935
539;584;3.95
540;525;2.765
540;534;3.206
540;537;2.966
540;543;3.475
540;544;2.948
541;537;3.038
541;538;3.965
541;544;3.411
541;545;2.993
542;538;3.023
542;545;3.413
542;546;3.021
542;572;3.986
543;539;2.996
543;540;3.475
543;546;3.22
543;547;2.902
543;573;2.642
543;576;3.867
544;534;4.033
544;540;2.948
544;541;3.411
544;548;3.002
545;541;2.993
545;542;3.413
545;548;3.191
545;549;3.086
546;542;3.021
546;543;3.22
546;550;3.008
547;518;3.672
547;522;3.612
547;543;2.902
547;551;2.937
547;573;3.747
548;544;3.002
548;545;3.191
548;552;2.991
549;545;3.086
549;553;3.195
549;566;3.567
550;515;2.838
550;546;3.008
550;554;3.422
550;570;3.061
551;515;3.748
551;518;3.909
551;519;3.489
551;547;2.937
551;554;3.151
551;555;2.91
552;548;2.991
552;555;3.296
552;556;3.039
553;549;3.195
553;557;2.998
553;558;3.061
553;567;3.806
554;512;3.794
554;515;3.812
554;550;3.422
554;551;3.151
554;558;3.751
554;567;3.946
555;512;3.413
555;551;2.91
555;552;3.296
556;552;3.039
557;553;2.998
557;559;2.948
558;553;3.061
558;554;3.751
558;564;2.841
559;557;2.948
559;564;3.265
560;563;2.795
561;564;3.232
561;565;2.931
562;565;3.267
562;566;2.97
562;1068;3.937
563;560;2.795
563;566;3.11
563;567;3.079
564;558;2.841
564;559;3.265
564;561;3.232
564;567;2.963
565;561;2.931
565;562;3.267
565;568;2.896
565;989;3.117
566;549;3.567
566;562;2.97
566;563;3.11
566;569;2.979
567;553;3.806
567;554;3.946
567;563;3.079
567;564;2.963
567;570;3.045
568;565;2.896
568;571;3.193
568;982;3.776
568;985;3.864
569;566;2.979
569;572;2.904
569;982;3.605
570;489;3.07
570;493;3.786
570;511;3.261
570;550;3.061
570;567;3.045
570;573;2.953
571;486;3.891
571;490;3.636
571;493;3.632
571;568;3.193
571;574;2.939
571;978;3.793
571;982;3.508
572;542;3.986
572;569;2.904
572;575;2.766
572;979;3.439
572;982;3.462
573;482;3.928
573;486;3.872
573;518;3.417
573;521;2.742
573;543;2.642
573;547;3.747
573;570;2.953
573;576;2.984
574;486;3.834
574;487;3.799
574;571;2.939
574;577;2.965
574;578;2.95
574;580;3.868
574;978;3.558
575;572;2.766
576;479;2.675
576;521;2.732
576;543;3.867
576;573;2.984
577;483;2.739
577;574;2.965
578;483;3.607
578;574;2.95
578;580;3.922
578;581;3.013
579;582;3.048
579;583;2.916
579;971;3.183
580;574;3.868
580;578;3.922
580;583;3.208
580;584;3.014
580;975;3.507
581;539;2.935
581;578;3.013
581;584;3.848
581;585;3.051
582;579;3.048
582;586;2.986
583;579;2.916
583;580;3.208
583;586;3.248
583;587;2.956
583;972;4.033
583;975;3.642
584;539;3.95
584;580;3.014
584;581;3.848
584;588;3.055
585;581;3.051
585;588;3.388
585;589;2.756
586;582;2.986
586;583;3.248
586;589;3.289
586;590;2.926
587;583;2.956
587;590;3.202
587;591;3.079
587;1082;3.587
588;584;3.055
588;585;3.388
588;591;3.022
589;585;2.756
589;586;3.289
589;592;2.957
590;586;2.926
590;587;3.202
590;593;3.083
590;594;3.091
590;694;3.751
590;1082;3.495
590;1086;3.453
591;587;3.079
591;588;3.022
591;595;2.979
591;1082;3.854
592;589;2.957
592;595;3.033
593;590;3.083
593;694;3.85
594;590;3.091
594;597;3.252
594;598;2.869
594;690;3.532
594;1082;3.833
595;591;2.979
595;592;3.033
595;599;3.052
596;105;3.365
596;109;3.33
596;599;3.217
596;600;3.28
597;594;3.252
597;600;3.081
597;601;3.027
597;689;3.45
597;690;3.861
598;594;2.869
598;602;2.934
599;595;3.052
599;596;3.217
599;602;3.3
599;603;3.056
600;106;3.689
600;596;3.28
600;597;3.081
600;603;3.456
600;604;3.033
601;597;3.027
601;604;3.467
601;605;2.96
601;652;3.874
601;686;4.027
602;598;2.934
602;599;3.3
602;606;2.97
603;99;3.485
603;599;3.056
603;600;3.456
603;606;3.304
603;607;3.004
604;600;3.033
604;601;3.467
604;607;3.323
604;608;2.946
604;682;3.744
605;601;2.96
605;608;3.47
605;609;2.92
605;645;3.478
605;648;3.789
606;19;3.473
606;23;3.841
606;602;2.97
606;603;3.304
606;609;3.301
606;610;3.006
606;641;3.549
607;93;3.964
607;97;3.957
607;603;3.004
607;604;3.323
607;610;3.265
607;611;2.992
608;604;2.946
608;605;3.47
608;612;2.958
608;648;3.802
608;678;4.058
608;679;3.546
608;682;3.894
609;605;2.92
609;606;3.301
609;612;3.233
609;613;2.99
609;641;3.803
609;644;3.964
609;645;4.008
610;93;3.639
610;606;3.006
610;607;3.265
610;614;3.325
611;93;3.695
611;607;2.992
611;614;3.351
611;615;3.021
612;608;2.958
612;609;3.233
612;616;3.001
612;617;2.815
612;638;3.813
613;25;3.264
613;609;2.99
613;617;3.042
613;618;3.153
613;640;3.838
614;90;3.4
614;610;3.325
614;611;3.351
615;86;3.893
615;90;3.845
615;611;3.021
615;618;2.804
616;612;3.001
616;619;3.006
616;620;3.596
616;634;3.511
616;638;4.072
616;672;3.328
616;675;3.981
617;612;2.815
617;613;3.042
617;634;3.752
618;613;3.153
618;615;2.804
619;616;3.006
619;634;2.972
620;616;3.596
620;632;3.078
620;634;2.967
620;660;3.813
620;661;3.454
620;668;2.798
620;672;3.561
621;630;2.65
621;631;3.329
621;661;3.688
621;662;2.916
622;625;3.018
622;626;2.874
622;627;2.81
622;628;2.753
623;662;2.798
623;664;3.66
624;627;3.826
625;622;3.018
625;630;3.949
626;622;2.874
627;622;2.81
627;624;3.826
627;1016;3.987
628;622;2.753
629;635;3.568
629;636;3.21
630;621;2.65
630;625;3.949
631;621;3.329
631;635;3.523
632;620;3.078
632;635;3.156
632;636;3.124
632;659;2.852
632;660;3.571
633;636;3.035
633;637;2.838
633;658;3.889
634;616;3.511
634;617;3.752
634;619;2.972
634;620;2.967
634;638;3.692
634;660;3.598
635;629;3.568
635;631;3.523
635;632;3.156
635;639;3.517
636;629;3.21
636;632;3.124
636;633;3.035
636;643;4.026
636;1056;3.591
637;633;2.838
637;643;3.98
637;646;3.946
637;647;3.842
637;1047;3.385
637;1051;3.887
638;612;3.813
638;616;4.072
638;634;3.692
638;643;3.695
638;647;3.633
638;660;4.075
639;635;3.517
639;1060;2.732
640;25;3.698
640;613;3.838
640;643;2.897
640;644;2.938
640;1063;2.875
641;25;3.258
641;606;3.549
641;609;3.803
641;644;3.471
641;645;2.955
642;645;3.213
642;646;2.992
642;1063;3.631
642;1066;3.881
642;1067;3.626
642;1070;4.001
643;636;4.026
643;637;3.98
643;638;3.695
643;640;2.897
643;646;3.308
643;647;2.989
643;1066;3.048
644;609;3.964
644;640;2.938
644;641;3.471
644;648;2.964
645;605;3.478
645;609;4.008
645;641;2.955
645;642;3.213
645;648;3.486
645;649;2.978
646;637;3.946
646;642;2.992
646;643;3.308
646;649;3.278
646;650;3.04
646;1051;3.978
646;1070;3.559
647;637;3.842
647;638;3.633
647;643;2.989
647;650;3.148
647;651;3.015
647;657;3.804
648;605;3.789
648;608;3.802
648;644;2.964
648;645;3.486
648;651;3.251
648;652;2.99
649;645;2.978
649;646;3.278
649;652;3.036
649;653;3.218
649;1043;3.9
649;1046;3.537
649;1070;3.683
649;1077;3.917
650;646;3.04
650;647;3.148
650;656;2.885
650;1047;3.542
651;647;3.015
651;648;3.251
651;654;2.996
651;676;3.392
651;679;3.573
651;680;3.922
652;601;3.874
652;648;2.99
652;649;3.036
652;683;3.816
653;649;3.218
653;1043;3.512
654;651;2.996
654;676;2.834
655;221;3.792
656;216;3.673
656;221;3.397
656;222;5.871
656;650;2.885
656;676;3.839
656;1048;3.851
657;647;3.804
657;660;3.509
657;676;3.286
658;633;3.889
658;1048;3.529
659;632;2.852
659;1002;3.888
660;620;3.813
660;632;3.571
660;634;3.598
660;638;4.075
660;657;3.509
660;669;3.323
660;672;3.457
661;620;3.454
661;621;3.688
661;665;3.37
661;669;2.927
662;621;2.916
662;623;2.798
662;669;3.652
663;1003;3.461
664;623;3.66
665;661;3.37
665;668;2.771
665;669;3.068
666;670;2.95
667;670;3.301
667;671;3.001
668;620;2.798
668;665;2.771
668;671;3.201
668;672;3.086
669;660;3.323
669;661;2.927
669;662;3.652
669;665;3.068
669;672;3.426
669;673;2.919
670;666;2.95
670;667;3.301
670;673;3.256
670;674;3.007
671;667;3.001
671;668;3.201
671;675;3.392
672;616;3.328
672;620;3.561
672;660;3.457
672;668;3.086
672;669;3.426
672;675;3.246
672;676;2.911
673;212;3.805
673;669;2.919
673;670;3.256
673;676;3.272
673;677;2.97
674;670;3.007
674;677;3.412
674;678;3.018
675;616;3.981
675;671;3.392
675;672;3.246
675;678;3.317
675;679;2.987
676;651;3.392
676;654;2.834
676;656;3.839
676;657;3.286
676;672;2.911
676;673;3.272
676;679;3.298
676;680;2.983
677;215;3.473
677;673;2.97
677;674;3.412
677;680;3.418
677;681;2.995
678;608;4.058
678;674;3.018
678;675;3.317
678;682;3.005
679;608;3.546
679;651;3.573
679;675;2.987
679;676;3.298
679;683;2.95
680;215;4.022
680;219;3.628
680;651;3.922
680;676;2.983
680;677;3.418
680;684;2.935
681;215;3.948
681;677;2.995
681;684;3.366
681;685;3.018
682;604;3.744
682;608;3.894
682;678;3.005
682;685;3.449
682;686;2.991
683;652;3.816
683;679;2.95
683;686;3.195
683;687;2.931
684;680;2.935
684;681;3.366
684;687;3.266
684;688;2.975
685;113;3.825
685;681;3.018
685;682;3.449
685;689;3.017
686;601;4.027
686;682;2.991
686;683;3.195
686;689;3.42
686;690;2.932
687;683;2.931
687;684;3.266
687;690;3.118
687;691;3.067
688;255;3.804
688;256;3.751
688;684;2.975
688;691;3.454
688;692;3.007
689;597;3.45
689;685;3.017
689;686;3.42
689;693;2.916
690;594;3.532
690;597;3.861
690;686;2.932
690;687;3.118
690;693;3.358
690;694;3.122
690;1085;3.338
691;256;3.644
691;260;3.627
691;687;3.067
691;688;3.454
691;694;3.457
691;695;2.935
691;1085;3.605
691;1088;3.703
691;1377;6.498
692;259;3.785
692;260;3.961
692;263;3.693
692;688;3.007
692;696;2.958
693;689;2.916
693;690;3.358
693;697;3.058
694;590;3.751
694;593;3.85
694;690;3.122
694;691;3.457
694;697;3.298
694;698;3.004
694;1085;3.643
694;1086;3.733
694;1089;3.48
695;260;3.439
695;691;2.935
695;698;3.41
695;699;2.952
695;1089;4.031
695;1092;3.459
696;692;2.958
696;699;3.338
696;700;3.03
697;693;3.058
697;694;3.298
697;700;3.081
697;701;3.097
698;694;3.004
698;695;3.41
698;701;2.95
698;702;2.998
698;1089;3.492
698;1093;3.546
699;264;3.856
699;695;2.952
699;696;3.338
699;704;3.537
699;1093;3.568
699;1096;3.267
700;696;3.03
700;697;3.081
700;704;3.679
701;697;3.097
701;698;2.95
702;301;2.952
702;698;2.998
702;1093;3.683
703;301;3.409
704;699;3.537
704;700;3.679
705;1096;3.543
705;1100;3.972
706;281;3.662
707;724;3.88
707;1100;2.87
707;1103;3.37
708;270;3.538
708;271;3.251
708;721;3.622
708;1100;2.75
709;1100;2.644
709;1103;3.721
710;717;3.279
711;716;3.592
711;717;3.703
712;1105;2.954
712;1108;3.931
713;716;3.827
713;1115;3.961
714;718;3.178
715;1116;3.83
715;1117;3.355
715;1119;2.831
716;711;3.592
716;713;3.827
717;710;3.279
717;711;3.703
718;714;3.178
719;1109;3.144
720;291;2.655
721;708;3.622
722;725;2.769
722;726;3.886
723;285;3.522
724;707;3.88
725;722;2.769
726;722;3.886
726;1104;3.952
727;731;3.899
727;736;2.827
728;731;3.192
728;736;2.707
728;739;3.905
729;293;3.644
730;739;3.804
731;727;3.899
731;728;3.192
732;744;2.785
733;735;3.629
734;315;2.709
734;326;3.831
734;737;3.919
735;733;3.629
736;727;2.827
736;728;2.707
737;734;3.919
738;323;2.707
738;325;2.81
739;728;3.905
739;730;3.804
739;741;2.91
740;321;2.768
740;325;2.682
741;739;2.91
742;743;2.937
743;742;2.937
744;732;2.785
745;748;2.882
746;749;3.788
747;749;3.043
748;745;2.882
749;746;3.788
749;747;3.043
750;753;2.967
751;754;2.783
752;756;3.945
753;750;2.967
754;751;2.783
755;757;3.188
755;758;2.924
756;752;3.945
757;755;3.188
758;755;2.924
759;762;2.969
759;763;2.95
760;764;2.696
761;764;2.792
761;765;3.001
762;759;2.969
763;759;2.95
764;760;2.696
764;761;2.792
765;761;3.001
765;766;3.041
765;767;3.337
765;768;3.568
766;765;3.041
767;765;3.337
767;770;4.031
767;771;3.426
768;765;3.568
768;770;3.093
769;771;2.98
770;767;4.031
770;768;3.093
771;767;3.426
771;769;2.98
771;772;3.144
772;771;3.144
773;774;2.946
774;773;2.946
775;776;3.627
776;775;3.627
777;780;2.894
778;798;3.809
779;794;4.024
779;795;2.706
779;797;3.953
779;798;3.998
780;777;2.894
781;786;2.865
781;796;3.513
782;784;2.95
782;785;2.953
782;796;3.535
783;787;2.892
784;782;2.95
784;787;3.217
785;782;2.953
785;787;2.849
786;781;2.865
786;788;3.587
787;783;2.892
787;784;3.217
787;785;2.849
788;786;3.587
788;790;3.399
788;791;2.893
788;792;3.838
789;791;3.042
790;788;3.399
791;788;2.893
791;789;3.042
791;793;3.554
792;788;3.838
793;791;3.554
794;779;4.024
795;779;2.706
795;798;2.773
796;781;3.513
796;782;3.535
796;799;3.622
797;779;3.953
798;778;3.809
798;779;3.998
798;795;2.773
799;796;3.622
800;801;3.241
801;800;3.241
802;805;3.934
803;804;3.805
803;805;3.779
804;803;3.805
804;807;3.335
804;808;2.766
805;802;3.934
805;803;3.779
806;809;3.783
807;804;3.335
807;810;3.179
808;804;2.766
809;806;3.783
810;807;3.179
810;813;3.937
811;816;3.377
812;815;3.047
812;816;2.925
813;810;3.937
814;820;3.992
815;812;3.047
815;818;4.035
815;819;3.996
815;820;3.829
816;811;3.377
816;812;2.925
816;821;3.692
817;821;3.037
817;823;3.911
818;815;4.035
818;821;3.06
819;815;3.996
819;822;3.004
819;824;3.495
820;814;3.992
820;815;3.829
821;816;3.692
821;817;3.037
821;818;3.06
821;823;2.944
822;819;3.004
822;824;3.088
822;828;3.767
823;817;3.911
823;821;2.944
824;819;3.495
824;822;3.088
824;828;2.903
825;827;3.043
825;828;2.835
826;829;3.123
826;830;2.821
827;825;3.043
828;822;3.767
828;824;2.903
828;825;2.835
829;826;3.123
830;826;2.821
830;832;3.053
830;833;3.059
831;835;3.85
832;830;3.053
833;830;3.059
834;838;3.879
835;831;3.85
835;838;2.723
835;894;2.741
835;895;3.896
836;839;3.09
836;842;3.919
837;842;3.907
837;888;3.789
837;891;3.401
837;892;3.706
838;834;3.879
838;835;2.723
839;836;3.09
839;842;2.898
839;843;2.932
840;844;3.062
841;845;2.907
842;836;3.919
842;837;3.907
842;839;2.898
842;845;3.221
842;846;2.966
843;839;2.932
843;846;3.315
843;847;3.125
843;951;3.196
844;840;3.062
844;847;3.448
844;848;3.008
845;841;2.907
845;842;3.221
845;848;3.362
845;849;2.923
846;842;2.966
846;843;3.315
846;849;3.366
846;850;2.946
846;885;3.794
846;888;3.76
847;843;3.125
847;844;3.448
847;850;3.431
847;851;2.961
847;951;3.658
848;844;3.008
848;845;3.362
848;851;3.227
848;852;2.97
849;845;2.923
849;846;3.366
849;853;2.958
849;885;4.008
850;846;2.946
850;847;3.431
850;854;2.893
850;881;3.99
850;885;3.439
850;944;3.701
850;948;3.761
851;847;2.961
851;848;3.227
851;854;3.166
851;855;2.98
852;848;2.97
852;855;3.107
852;856;3.007
853;849;2.958
853;856;3.433
853;857;2.957
853;944;3.618
854;850;2.893
854;851;3.166
854;857;4.037
854;858;2.995
855;851;2.98
855;852;3.107
855;858;3.374
855;859;2.964
856;852;3.007
856;853;3.433
856;859;2.987
856;860;3.243
857;853;2.957
857;854;4.037
857;942;3.923
857;945;4.032
858;854;2.995
858;855;3.374
858;862;3.421
858;1285;3.848
859;855;2.964
859;856;2.987
859;862;3.062
859;863;3.024
859;866;3.444
859;870;3.925
860;856;3.243
860;867;2.772
860;935;2.791
861;864;3.266
861;867;2.666
861;1288;3.357
861;1342;3.071
862;858;3.421
862;859;3.062
862;1308;3.745
863;859;3.024
863;866;2.963
863;867;3.021
864;861;3.266
864;867;3.226
864;868;3.013
864;1343;3.991
865;868;2.638
866;859;3.444
866;863;2.963
866;869;3.279
866;870;2.958
867;860;2.772
867;861;2.666
867;863;3.021
867;864;3.226
867;871;3.022
867;1341;3.879
868;864;3.013
868;865;2.638
868;1343;3.468
869;866;3.279
870;859;3.925
870;866;2.958
870;873;3.106
870;874;3.03
871;867;3.022
871;874;3.489
871;875;2.767
872;876;3.029
873;870;3.106
873;876;3.389
873;877;2.986
874;870;3.03
874;871;3.489
874;877;2.989
874;878;3.27
875;871;2.767
875;878;3.002
875;879;3.035
875;935;2.864
875;938;3.764
876;872;3.029
876;873;3.389
876;879;2.905
876;880;2.949
877;873;2.986
877;874;2.989
877;881;2.92
878;874;3.27
878;875;3.002
878;882;3.005
878;941;3.794
879;875;3.035
879;876;2.905
879;882;3.349
879;883;3.038
880;876;2.949
880;884;2.985
881;850;3.99
881;877;2.92
881;884;3.261
881;885;2.933
881;944;3.606
882;878;3.005
882;879;3.349
882;886;2.972
882;941;3.863
883;879;3.038
883;887;3.028
884;880;2.985
884;881;3.261
884;888;2.943
885;846;3.794
885;849;4.008
885;850;3.439
885;881;2.933
885;889;3.007
885;947;3.65
886;882;2.972
886;889;3.354
886;890;2.963
886;914;3.842
886;918;3.663
887;883;3.028
887;890;3.383
887;891;2.959
888;837;3.789
888;846;3.76
888;884;2.943
888;891;3.474
888;892;2.674
888;947;3.596
889;885;3.007
889;886;3.354
889;892;3.453
889;893;2.955
889;911;3.822
890;886;2.963
890;887;3.383
890;893;4.033
890;894;3.0
891;837;3.401
891;887;2.959
891;888;3.474
891;894;3.453
891;895;3.0
892;837;3.706
892;888;2.674
892;889;3.453
892;895;3.221
892;896;3.101
892;901;3.799
892;907;4.018
892;910;2.695
893;889;2.955
893;890;4.033
893;896;2.997
893;897;2.927
893;898;3.753
893;901;6.433
893;902;3.661
894;835;2.741
894;890;3.0
894;891;3.453
895;835;3.896
895;891;3.0
895;892;3.221
896;892;3.101
896;893;2.997
896;900;2.821
896;901;3.934
896;904;3.962
896;907;3.679
897;893;2.927
897;901;2.987
898;893;3.753
898;901;3.451
898;902;2.999
899;902;2.847
899;903;2.873
900;896;2.821
901;892;3.799
901;893;6.433
901;896;3.934
901;897;2.987
901;898;3.451
901;904;3.045
901;907;3.632
901;911;3.729
902;893;3.661
902;898;2.999
902;899;2.847
902;908;3.625
902;911;3.687
903;899;2.873
904;896;3.962
904;901;3.045
904;907;3.11
904;908;2.944
905;908;3.429
905;909;2.961
906;909;3.342
906;910;2.999
906;950;3.145
906;959;3.931
907;892;4.018
907;896;3.679
907;901;3.632
907;904;3.11
907;910;3.113
907;911;2.99
908;902;3.625
908;904;2.944
908;905;3.429
908;911;4.02
908;912;2.984
909;905;2.961
909;906;3.342
909;912;3.215
910;892;2.695
910;906;2.999
910;907;3.113
910;947;2.923
910;950;2.803
911;889;3.822
911;901;3.729
911;902;3.687
911;907;2.99
911;908;4.02
911;914;3.024
911;915;2.961
912;908;2.984
912;909;3.215
912;916;3.029
913;943;4.035
913;947;3.726
914;886;3.842
914;911;3.024
914;917;3.289
914;918;3.1
915;911;2.961
915;918;2.859
915;919;2.906
916;912;3.029
916;920;2.962
916;940;3.696
917;914;3.289
917;920;3.987
917;921;3.05
917;941;2.856
918;886;3.663
918;914;3.1
918;915;2.859
918;921;3.332
918;922;2.982
919;915;2.906
919;922;3.187
919;923;2.996
920;916;2.962
920;917;3.987
920;923;3.475
920;924;2.994
921;917;3.05
921;918;3.332
921;924;3.294
921;925;2.987
921;934;3.755
922;918;2.982
922;919;3.187
922;925;3.196
922;926;2.93
923;919;2.996
923;920;3.475
923;926;3.154
923;927;2.969
924;920;2.994
924;921;3.294
924;929;3.039
924;933;3.321
924;934;3.263
924;937;3.672
925;921;2.987
925;922;3.196
925;928;3.006
926;922;2.93
926;923;3.154
927;923;2.969
928;925;3.006
929;924;3.039
930;933;3.835
930;934;3.494
931;934;3.471
931;935;3.008
932;935;2.749
932;936;3.196
933;924;3.321
933;930;3.835
933;937;2.957
934;921;3.755
934;924;3.263
934;930;3.494
934;931;3.471
934;938;2.964
935;860;2.791
935;875;2.864
935;931;3.008
935;932;2.749
935;938;3.758
935;1340;3.935
936;932;3.196
936;939;3.044
936;1290;3.913
936;1337;2.979
936;1338;3.651
936;1339;3.131
937;924;3.672
937;933;2.957
938;875;3.764
938;934;2.964
938;935;3.758
938;941;2.74
939;936;3.044
939;942;2.751
939;943;3.325
939;1286;3.605
940;916;3.696
940;943;2.983
941;878;3.794
941;882;3.863
941;917;2.856
941;938;2.74
941;944;2.855
942;857;3.923
942;939;2.751
943;913;4.035
943;939;3.325
943;940;2.983
943;946;2.937
943;947;3.009
943;1282;3.81
944;850;3.701
944;853;3.618
944;881;3.606
944;941;2.855
944;947;2.967
944;948;3.172
945;857;4.032
945;948;2.991
945;1282;3.632
946;943;2.937
946;949;2.765
946;1282;3.812
947;885;3.65
947;888;3.596
947;910;2.923
947;913;3.726
947;943;3.009
947;944;2.967
947;950;2.905
948;850;3.761
948;944;3.172
948;945;2.991
948;951;3.003
948;952;2.916
949;946;2.765
949;952;3.152
949;955;3.514
949;959;3.691
950;906;3.145
950;910;2.803
