source;destination;distance
0;3;2.742
0;320;3.744
1;7;3.976
1;47;3.659
2;7;3.689
2;48;3.623
3;0;2.742
4;7;3.161
4;8;2.972
5;9;2.992
6;10;2.972
7;1;3.976
7;2;3.689
7;4;3.161
7;10;3.103
7;11;2.966
7;43;3.867
7;47;4.008
8;4;2.972
8;11;3.458
8;12;2.993
9;5;2.992
9;12;3.463
9;13;2.919
10;6;2.972
10;7;3.103
10;14;2.955
11;7;2.966
11;8;3.458
11;14;3.395
11;15;3.028
11;44;3.598
12;8;2.993
12;9;3.463
12;16;2.999
12;103;3.922
13;9;2.919
13;16;3.29
13;17;2.943
14;10;2.955
14;11;3.395
14;18;3.016
14;37;3.779
15;11;3.028
15;19;2.994
15;37;3.749
15;98;3.884
15;99;3.585
16;12;2.999
16;13;3.29
16;19;3.158
16;20;3.085
17;13;2.943
17;20;3.297
17;21;2.987
18;14;3.016
18;21;3.59
18;22;2.947
18;37;2.985
18;95;3.098
19;15;2.994
19;16;3.158
19;22;3.13
19;23;3.491
19;96;3.459
19;604;3.557
20;16;3.085
20;17;3.297
21;17;2.987
21;18;3.59
21;24;2.977
21;30;3.611
21;33;3.405
22;18;2.947
22;19;3.13
22;95;3.847
23;19;3.491
23;604;3.704
24;21;2.977
24;27;4.017
25;611;3.259
25;638;3.741
25;639;3.272
26;30;3.851
27;24;4.017
27;30;2.844
28;31;2.728
28;32;3.03
29;32;3.269
29;33;2.99
30;21;3.611
30;26;3.851
30;27;2.844
30;33;3.39
30;34;3.0
31;28;2.728
31;34;3.446
31;35;3.024
32;28;3.03
32;29;3.269
32;36;3.003
33;21;3.405
33;29;2.99
33;30;3.39
33;36;3.259
33;37;2.959
34;30;3.0
34;31;3.446
34;37;3.269
34;38;2.935
34;92;2.849
34;95;3.743
35;31;3.024
35;38;3.403
35;39;2.975
35;80;3.697
36;32;3.003
36;33;3.259
36;39;3.393
36;40;2.998
37;14;3.779
37;15;3.749
37;18;2.985
37;33;2.959
37;34;3.269
37;40;3.015
37;41;2.857
37;95;3.859
38;34;2.935
38;35;3.403
38;42;2.988
38;79;2.76
39;35;2.975
39;36;3.393
39;42;3.142
39;43;2.996
40;36;2.998
40;37;3.015
40;43;3.409
40;44;2.906
41;37;2.857
41;45;2.969
41;72;3.484
41;98;3.485
42;38;2.988
42;39;3.142
42;45;3.279
42;46;2.971
43;7;3.867
43;39;2.996
43;40;3.409
43;46;3.414
43;47;3.03
44;11;3.598
44;40;2.906
44;47;3.145
44;48;2.774
44;98;2.659
45;41;2.969
45;42;3.279
45;49;2.994
45;55;4.025
45;72;3.991
46;42;2.971
46;43;3.414
47;1;3.659
47;7;4.008
47;43;3.03
47;44;3.145
48;2;3.623
48;44;2.774
48;65;3.144
48;68;2.645
49;45;2.994
49;58;3.898
49;65;3.504
50;52;3.016
50;54;3.601
50;300;3.644
50;303;3.863
51;54;3.764
51;57;3.436
52;50;3.016
52;55;2.978
53;56;3.022
54;50;3.601
54;51;3.764
54;57;2.999
55;45;4.025
55;52;2.978
55;58;3.073
55;69;3.93
56;53;3.022
56;59;3.012
57;51;3.436
57;54;2.999
57;60;3.024
58;49;3.898
58;55;3.073
58;61;2.98
58;62;3.796
58;65;3.469
58;66;3.992
58;69;3.829
59;56;3.012
60;57;3.024
61;58;2.98
62;58;3.796
62;66;2.911
63;66;3.429
63;67;3.025
64;67;3.028
64;68;3.06
64;101;3.46
64;107;3.268
64;110;3.826
65;48;3.144
65;49;3.504
65;58;3.469
65;69;2.967
66;58;3.992
66;62;2.911
66;63;3.429
66;69;3.364
66;70;2.962
67;63;3.025
67;64;3.028
67;71;2.984
67;100;3.97
68;48;2.645
68;64;3.06
68;71;3.317
68;72;2.919
68;98;3.232
68;101;2.755
69;55;3.93
69;58;3.829
69;65;2.967
69;66;3.364
69;72;3.158
69;73;3.006
70;66;2.962
70;73;3.441
70;74;2.986
71;67;2.984
71;68;3.317
71;75;2.928
71;94;3.682
72;41;3.484
72;45;3.991
72;68;2.919
72;69;3.158
72;76;2.922
73;69;3.006
73;70;3.441
73;77;3.022
74;70;2.986
74;78;2.985
74;88;3.489
74;91;3.271
75;71;2.928
75;78;3.003
75;79;2.901
76;72;2.922
76;79;3.087
76;80;2.917
77;73;3.022
77;81;3.026
78;74;2.985
78;75;3.003
78;82;3.911
78;88;2.759
79;38;2.76
79;75;2.901
79;76;3.087
79;82;3.056
80;35;3.697
80;76;2.917
81;77;3.026
81;83;2.977
82;78;3.911
82;79;3.056
82;89;2.884
82;92;3.582
83;81;2.977
84;88;3.609
85;88;3.105
86;89;2.851
86;90;3.268
86;613;3.968
87;90;3.172
88;74;3.489
88;78;2.759
88;84;3.609
88;85;3.105
88;91;2.985
89;82;2.884
89;86;2.851
90;86;3.268
90;87;3.172
90;93;3.004
90;612;3.358
90;613;3.815
91;74;3.271
91;88;2.985
91;94;2.974
92;34;2.849
92;82;3.582
92;95;2.878
93;90;3.004
93;96;2.955
93;605;3.927
93;608;3.694
93;609;3.722
94;71;3.682
94;91;2.974
94;97;3.161
94;98;2.973
95;18;3.098
95;22;3.847
95;34;3.743
95;37;3.859
95;92;2.878
95;98;3.113
96;19;3.459
96;93;2.955
96;99;2.948
96;605;4.027
97;94;3.161
97;100;2.912
97;605;3.979
98;15;3.884
98;41;3.485
98;44;2.659
98;68;3.232
98;94;2.973
98;95;3.113
98;101;2.935
99;15;3.585
99;96;2.948
99;102;3.001
99;103;2.984
99;106;3.673
99;601;3.519
100;67;3.97
100;97;2.912
100;110;3.852
101;64;3.46
101;68;2.755
101;98;2.935
101;107;2.823
102;99;3.001
103;12;3.922
103;99;2.984
103;107;2.993
104;107;3.228
104;108;2.964
105;109;3.1
105;594;3.319
106;99;3.673
106;109;3.398
106;110;2.998
106;598;3.706
107;64;3.268
107;101;2.823
107;103;2.993
107;104;3.228
107;110;3.435
107;111;2.986
108;104;2.964
108;111;3.224
108;112;3.04
109;105;3.1
109;106;3.398
109;112;3.122
109;113;2.993
109;594;3.315
109;595;3.975
110;64;3.826
110;100;3.852
110;106;2.998
110;107;3.435
110;113;3.244
110;114;3.029
111;107;2.986
111;108;3.224
111;114;3.422
111;115;3.016
112;108;3.04
112;109;3.122
112;115;3.237
112;116;3.026
113;109;2.993
113;110;3.244
113;116;3.079
113;117;3.298
113;683;3.816
114;110;3.029
114;111;3.422
114;117;2.947
115;111;3.016
115;112;3.237
115;118;2.78
115;258;3.828
116;112;3.026
116;113;3.079
116;119;3.138
116;120;2.998
117;113;3.298
117;114;2.947
117;121;3.003
118;115;2.78
118;262;2.724
119;116;3.138
119;122;3.464
119;258;3.43
119;261;2.637
119;262;2.748
120;116;2.998
120;123;3.267
120;124;2.928
120;255;3.999
121;117;3.003
121;125;2.994
122;119;3.464
122;125;3.124
122;126;3.085
122;1248;3.441
122;1249;2.956
123;120;3.267
123;126;3.425
123;127;3.165
123;247;3.552
123;251;3.971
123;1252;3.903
124;120;2.928
124;127;3.327
124;128;2.931
125;121;2.994
125;122;3.124
125;128;3.308
125;129;2.994
126;122;3.085
126;123;3.425
126;129;3.85
126;130;2.968
126;1243;3.985
126;1249;3.915
126;1252;3.749
127;123;3.165
127;124;3.327
127;130;3.306
127;131;2.895
127;247;3.249
128;124;2.931
128;125;3.308
128;131;3.457
128;132;3.015
129;125;2.994
129;126;3.85
129;132;3.49
129;133;2.955
129;1239;3.698
129;1242;3.462
129;1243;3.536
130;126;2.968
130;127;3.306
130;133;3.413
130;134;2.866
131;127;2.895
131;128;3.457
131;135;2.969
131;207;3.744
132;128;3.015
132;129;3.49
132;135;3.187
132;136;3.019
133;129;2.955
133;130;3.413
133;136;3.315
133;137;2.978
133;1150;3.714
133;1239;3.877
134;130;2.866
134;138;2.948
134;210;3.554
134;243;3.594
135;131;2.969
135;132;3.187
135;139;2.932
135;203;3.812
135;207;3.88
136;132;3.019
136;133;3.315
136;139;3.328
136;140;3.103
136;203;3.797
136;1236;4.008
137;133;2.978
137;140;3.133
137;141;3.451
137;236;3.697
137;1233;3.675
137;1236;3.954
138;134;2.948
138;141;3.493
138;142;2.959
138;200;3.561
139;135;2.932
139;136;3.328
139;143;3.715
139;202;3.556
139;203;4.023
140;136;3.103
140;137;3.133
140;1233;3.611
140;1236;3.451
141;137;3.451
141;138;3.493
141;1229;3.735
141;1233;3.483
142;138;2.959
142;223;3.068
142;233;3.439
142;236;3.712
142;237;3.768
143;139;3.715
143;201;3.689
144;149;2.733
144;196;3.085
145;190;2.813
145;194;3.908
145;195;3.981
145;196;3.243
146;149;2.927
146;150;3.759
146;191;3.989
146;194;2.884
147;194;3.038
147;197;3.587
147;201;2.722
148;154;3.743
149;144;2.733
149;146;2.927
149;153;3.252
149;191;2.719
150;146;3.759
150;186;3.845
150;191;3.817
151;186;3.874
152;184;2.735
153;149;3.252
154;148;3.743
155;158;3.592
156;158;3.989
157;160;3.585
157;183;3.62
158;155;3.592
158;156;3.989
159;171;3.163
159;182;3.492
159;183;2.847
160;157;3.585
160;170;3.984
161;165;3.938
162;170;2.979
162;171;2.874
163;165;3.374
163;170;3.833
164;166;2.806
164;168;3.83
165;161;3.938
165;163;3.374
165;170;2.787
166;164;2.806
167;173;2.669
167;179;2.891
168;164;3.83
168;173;3.923
169;172;3.382
169;173;2.909
169;181;3.129
169;183;3.698
170;160;3.984
170;162;2.979
170;163;3.833
170;165;2.787
171;159;3.163
171;162;2.874
172;169;3.382
172;175;3.047
173;167;2.669
173;168;3.923
173;169;2.909
173;179;3.24
174;176;2.84
174;177;2.928
175;172;3.047
176;174;2.84
177;174;2.928
178;180;3.083
179;167;2.891
179;173;3.24
180;178;3.083
181;169;3.129
182;159;3.492
183;157;3.62
183;159;2.847
183;169;3.698
184;152;2.735
185;1005;4.031
185;1007;3.351
186;150;3.845
186;151;3.874
187;1008;4.114
188;191;3.43
189;191;3.857
190;145;2.813
191;146;3.989
191;149;2.719
191;150;3.817
191;188;3.43
191;189;3.857
192;195;3.152
193;1004;2.833
193;1006;3.902
194;145;3.908
194;146;2.884
194;147;3.038
194;197;3.239
195;145;3.981
195;192;3.152
195;226;3.431
195;227;3.804
196;144;3.085
196;145;3.243
197;147;3.587
197;194;3.239
197;200;3.027
197;201;3.002
197;205;3.726
198;205;3.16
199;205;3.395
199;223;3.491
200;138;3.561
200;197;3.027
200;206;3.443
200;209;3.477
200;223;3.118
200;237;3.819
201;143;3.689
201;147;2.722
201;197;3.002
201;205;3.781
202;139;3.556
202;205;2.773
202;206;2.976
203;135;3.812
203;136;3.797
203;139;4.023
203;207;2.967
204;208;2.991
205;197;3.726
205;198;3.16
205;199;3.395
205;201;3.781
205;202;2.773
205;208;3.211
205;209;2.956
206;200;3.443
206;202;2.976
206;209;3.296
206;210;2.958
207;131;3.744
207;135;3.88
207;203;2.967
207;211;2.938
208;204;2.991
208;205;3.211
208;211;3.215
208;212;2.986
208;671;3.808
209;200;3.477
209;205;2.956
209;206;3.296
209;212;3.291
209;213;2.934
210;134;3.554
210;206;2.958
210;213;3.469
210;214;2.953
211;207;2.938
211;208;3.215
211;214;3.184
211;215;2.954
211;675;3.51
211;679;3.917
212;208;2.986
212;209;3.291
212;216;2.965
212;217;2.744
212;218;4.025
212;654;3.607
213;209;2.934
213;210;3.469
213;216;3.109
213;219;3.597
213;237;3.886
213;240;3.72
213;241;3.72
214;210;2.953
214;211;3.184
215;211;2.954
215;678;3.652
216;212;2.965
216;213;3.109
216;1314;3.181
216;1316;2.991
217;212;2.744
217;653;3.802
217;654;3.413
218;212;4.025
218;221;3.569
218;222;3.058
218;654;5.653
219;213;3.597
219;223;3.066
219;224;3.093
219;238;3.809
219;241;3.319
219;1307;3.706
219;1310;3.556
219;1311;3.513
220;224;3.151
220;225;2.882
220;1307;3.76
220;1311;3.597
220;1346;3.367
220;1347;2.803
220;1348;3.211
221;218;3.569
221;225;3.691
221;1321;3.229
221;1348;3.332
222;218;3.058
222;225;3.022
223;142;3.068
223;199;3.491
223;200;3.118
223;219;3.066
223;233;3.035
223;237;6.244
224;219;3.093
224;220;3.151
224;227;2.948
224;234;3.342
224;1307;3.104
224;1346;3.484
225;220;2.882
225;221;3.691
225;222;3.022
225;1297;3.713
225;1345;3.741
225;1346;3.399
226;195;3.431
227;195;3.804
227;224;2.948
227;229;2.954
227;230;3.098
227;233;3.435
228;230;3.062
228;1304;3.676
228;1342;2.835
228;1345;3.515
229;227;2.954
229;233;3.017
230;227;3.098
230;228;3.062
230;233;2.977
230;234;2.932
230;1343;3.774
230;1344;3.802
231;234;3.627
231;235;2.914
231;1341;2.9
231;1343;2.756
232;1226;3.777
232;1229;3.774
232;1230;3.265
232;1343;2.984
233;142;3.439
233;223;3.035
233;227;3.435
233;229;3.017
233;230;2.977
233;236;3.027
233;237;3.459
234;224;3.342
234;230;2.932
234;231;3.627
234;237;3.403
234;238;2.938
234;1307;3.504
234;1344;3.961
235;231;2.914
235;239;2.972
236;137;3.697
236;142;3.712
236;233;3.027
236;239;3.155
236;240;2.97
237;142;3.768
237;200;3.819
237;213;3.886
237;223;6.244
237;233;3.459
237;234;3.403
237;240;3.147
237;241;2.982
238;219;3.809
238;234;2.938
238;241;3.15
238;242;2.972
238;1310;3.904
239;235;2.972
239;236;3.155
239;243;2.94
240;213;3.72
240;236;2.97
240;237;3.147
240;244;2.903
241;213;3.72
241;219;3.319
241;237;2.982
241;238;3.15
241;245;2.964
241;1310;3.418
242;238;2.972
242;245;3.494
242;246;2.939
243;134;3.594
243;239;2.94
243;247;2.915
244;240;2.903
244;248;2.936
245;241;2.964
245;242;3.494
245;248;3.429
245;249;2.976
246;242;2.939
246;249;3.367
246;250;2.945
246;1256;3.684
246;1263;3.603
247;123;3.552
247;127;3.249
247;243;2.915
247;250;3.17
247;251;2.904
248;244;2.936
248;245;3.429
248;251;3.242
248;252;2.958
249;245;2.976
249;246;3.367
249;252;3.786
249;253;2.996
249;1374;3.754
250;246;2.945
250;247;3.17
250;253;3.647
250;254;2.909
250;1252;3.112
250;1255;3.71
251;123;3.971
251;247;2.904
251;248;3.242
251;254;3.162
251;255;2.958
251;686;3.841
252;248;2.958
252;249;3.786
252;256;3.072
252;686;3.765
252;689;3.636
252;1371;3.494
253;249;2.996
253;250;3.647
253;257;2.922
253;1374;3.91
253;1375;3.953
253;1378;3.507
254;250;2.909
254;251;3.162
254;258;2.932
255;120;3.999
255;251;2.958
255;258;3.399
255;259;3.085
255;690;3.781
256;252;3.072
256;259;3.178
256;260;3.079
256;689;3.598
256;690;3.935
256;693;3.483
256;1375;3.477
257;253;2.922
257;261;2.889
258;115;3.828
258;119;3.43
258;254;2.932
258;255;3.399
258;261;3.445
258;262;2.985
259;255;3.085
259;256;3.178
259;263;3.041
259;690;3.711
260;256;3.079
260;263;3.279
260;264;2.9
260;694;4.037
260;697;5.981
260;1095;6.19
260;1379;3.881
261;119;2.637
261;257;2.889
261;258;3.445
261;265;3.575
262;118;2.724
262;119;2.748
262;258;2.985
262;271;2.864
263;259;3.041
263;260;3.279
263;270;3.963
263;271;2.785
263;272;2.996
264;260;2.9
264;272;3.412
265;261;3.575
265;269;2.707
265;270;3.883
266;267;3.245
267;266;3.245
267;270;3.427
268;273;3.617
269;265;2.707
270;263;3.963
270;265;3.883
270;267;3.427
270;273;2.99
271;262;2.864
271;263;2.785
272;263;2.996
272;264;3.412
273;268;3.617
273;270;2.99
274;277;2.919
275;278;2.845
276;279;3.007
277;274;2.919
277;280;3.029
278;275;2.845
279;276;3.007
279;282;2.957
280;277;3.029
281;285;3.404
282;279;2.957
282;285;2.705
283;286;2.785
283;287;2.621
283;293;3.972
284;287;2.923
284;288;2.731
285;281;3.404
285;282;2.705
285;288;2.999
286;283;2.785
287;283;2.621
287;284;2.923
287;291;3.857
288;284;2.731
288;285;2.999
289;290;3.126
290;289;3.126
291;287;3.857
292;295;3.304
292;307;2.655
293;283;3.972
293;295;3.906
294;296;4.026
295;292;3.304
295;293;3.906
295;297;3.83
296;294;4.026
297;295;3.83
297;307;3.686
298;305;3.698
299;303;2.738
300;50;3.644
300;301;3.066
300;303;2.669
301;300;3.066
301;302;3.23
302;301;3.23
303;50;3.863
303;299;2.738
303;300;2.669
304;310;2.999
305;298;3.698
305;308;3.801
305;310;2.989
306;310;3.05
307;292;2.655
307;297;3.686
308;305;3.801
309;312;2.995
310;304;2.999
310;305;2.989
310;306;3.05
311;321;3.308
312;309;2.995
312;319;3.843
313;319;2.979
314;315;2.962
315;314;2.962
315;323;2.794
316;324;3.42
317;324;3.382
318;322;2.811
318;324;2.709
319;312;3.843
319;313;2.979
320;0;3.744
321;311;3.308
322;318;2.811
322;327;3.308
323;315;2.794
323;326;2.952
323;327;3.427
324;316;3.42
324;317;3.382
324;318;2.709
325;328;3.985
326;323;2.952
327;322;3.308
327;323;3.427
328;325;3.985
329;332;3.127
330;332;2.915
331;333;3.112
332;329;3.127
332;330;2.915
333;331;3.112
334;342;2.783
335;340;2.918
335;341;3.25
335;342;3.818
335;346;3.544
335;392;2.918
336;392;3.473
337;392;4.02
338;398;3.659
339;343;3.543
340;335;2.918
341;335;3.25
341;393;3.083
342;334;2.783
342;335;3.818
342;345;3.666
342;346;3.684
343;339;3.543
343;347;3.328
344;345;4.035
344;347;3.72
345;342;3.666
345;344;4.035
346;335;3.544
346;342;3.684
346;392;3.364
347;343;3.328
347;344;3.72
347;395;3.151
348;395;3.23
349;356;3.841
350;356;3.936
351;357;3.363
352;355;3.283
352;357;3.046
353;357;3.944
353;358;2.98
354;367;3.946
354;368;3.738
355;352;3.283
356;349;3.841
356;350;3.936
357;351;3.363
357;352;3.046
357;353;3.944
358;353;2.98
358;360;3.017
359;363;3.885
360;358;3.017
360;363;2.964
360;368;3.984
361;364;2.999
362;365;2.994
362;366;2.966
362;368;3.624
363;359;3.885
363;360;2.964
364;361;2.999
365;362;2.994
365;371;2.897
366;362;2.966
366;369;2.789
366;370;4.395
367;354;3.946
368;354;3.738
368;360;3.984
368;362;3.624
369;366;2.789
370;366;4.395
371;365;2.897
372;374;3.384
373;376;2.787
373;377;3.788
373;379;3.653
374;372;3.384
375;376;3.594
376;373;2.787
376;375;3.594
376;377;3.774
377;373;3.788
377;376;3.774
378;381;2.967
379;373;3.653
380;382;3.021
380;383;3.494
380;384;2.836
381;378;2.967
382;380;3.021
383;380;3.494
384;380;2.836
384;387;2.777
385;387;2.987
386;388;2.996
387;384;2.777
387;385;2.987
388;386;2.996
389;391;3.922
390;391;2.909
391;389;3.922
391;390;2.909
392;335;2.918
392;336;3.473
392;337;4.02
392;346;3.364
393;341;3.083
393;397;2.806
393;398;3.356
394;397;3.062
395;347;3.151
395;348;3.23
396;399;2.985
397;393;2.806
397;394;3.062
398;338;3.659
398;393;3.356
399;396;2.985
400;401;3.996
400;402;3.787
401;400;3.996
402;400;3.787
403;404;2.811
404;403;2.811
405;412;2.96
406;415;3.107
407;416;3.183
407;417;3.959
408;409;3.001
408;410;4.008
409;408;3.001
410;408;4.008
410;415;3.98
411;414;2.801
411;415;3.986
412;405;2.96
412;415;3.953
413;415;2.97
414;411;2.801
415;406;3.107
415;410;3.98
415;411;3.986
415;412;3.953
415;413;2.97
416;407;3.183
417;407;3.959
417;418;2.998
418;417;2.998
419;422;4.028
420;422;2.865
421;423;2.956
422;419;4.028
422;420;2.865
423;421;2.956
423;424;3.66
424;423;3.66
425;447;2.854
426;427;3.631
427;426;3.631
428;429;3.521
428;433;3.556
429;428;3.521
429;433;3.673
430;431;3.062
431;430;3.062
432;435;3.249
432;436;3.594
433;428;3.556
433;429;3.673
434;437;3.12
435;432;3.249
435;438;2.982
435;439;3.129
436;432;3.594
437;434;3.12
437;440;2.789
438;435;2.982
439;435;3.129
440;437;2.789
441;444;3.612
441;445;3.765
442;444;2.899
443;448;3.597
444;441;3.612
444;442;2.899
445;441;3.765
446;449;3.767
447;425;2.854
447;449;3.137
448;443;3.597
449;446;3.767
449;447;3.137
450;453;3.858
450;454;3.513
451;454;2.951
451;455;3.143
451;456;3.935
451;457;3.988
452;457;3.094
452;458;2.803
453;450;3.858
454;450;3.513
454;451;2.951
455;451;3.143
456;451;3.935
457;451;3.988
457;452;3.094
458;452;2.803
459;778;3.666
460;782;3.654
461;463;2.782
462;466;4.128
463;461;2.782
464;468;3.689
464;471;2.899
465;467;3.232
465;525;2.746
465;526;3.694
465;527;2.777
466;462;4.128
467;465;3.232
467;525;3.642
467;526;3.798
468;464;3.689
468;471;2.979
469;472;2.986
470;522;3.594
471;464;2.899
471;468;2.979
471;527;3.687
472;469;2.986
472;475;3.071
472;476;3.326
473;477;2.958
474;478;2.952
475;472;3.071
475;478;3.193
475;479;3.017
476;472;3.326
476;479;3.46
476;480;2.94
476;574;2.684
477;473;2.958
477;480;3.211
477;481;2.964
478;474;2.952
478;475;3.193
478;482;3.047
479;475;3.017
479;476;3.46
479;482;3.336
479;483;2.974
479;519;3.719
479;571;3.837
480;476;2.94
480;477;3.211
480;483;3.015
480;484;3.082
480;575;2.718
480;576;3.57
481;477;2.964
481;484;3.436
481;485;3.005
482;478;3.047
482;479;3.336
482;486;2.986
482;512;3.618
483;479;2.974
483;480;3.015
483;486;3.051
483;487;3.069
483;516;3.29
483;569;3.854
483;571;3.845
483;572;3.793
484;480;3.082
484;481;3.436
484;487;3.084
484;488;3.453
484;572;3.84
485;481;3.005
485;488;3.303
485;489;3.017
486;482;2.986
486;483;3.051
486;489;3.317
486;490;2.999
486;512;3.145
486;568;3.036
487;483;3.069
487;484;3.084
487;491;3.045
487;569;3.627
487;981;3.88
488;484;3.453
488;485;3.303
488;491;3.303
488;492;3.004
489;485;3.017
489;486;3.317
489;492;2.99
489;493;2.945
489;505;3.508
490;486;2.999
490;493;3.025
490;566;4.005
490;568;3.773
490;569;3.601
490;985;4.029
491;487;3.045
491;488;3.303
492;488;3.004
492;489;2.99
492;497;3.647
493;489;2.945
493;490;3.025
493;498;2.997
493;509;3.529
494;498;2.992
494;1027;4.025
494;1028;3.064
495;1027;2.802
496;499;2.957
496;500;2.997
497;492;3.647
497;500;3.202
497;501;3.024
498;493;2.997
498;494;2.992
498;502;2.792
499;496;2.957
499;502;2.74
500;496;2.997
500;497;3.202
501;497;3.024
501;504;3.009
501;505;2.934
502;498;2.792
502;499;2.74
502;506;2.953
503;506;3.428
503;507;3.044
504;501;3.009
504;507;3.957
504;508;2.969
505;489;3.508
505;501;2.934
505;508;3.333
505;509;2.922
506;502;2.953
506;503;3.428
506;509;3.35
506;510;3.031
507;503;3.044
507;504;3.957
507;511;2.961
508;504;2.969
508;505;3.333
508;512;2.974
509;493;3.529
509;505;2.922
509;506;3.35
509;512;3.392
509;513;3.101
509;568;3.267
510;506;3.031
510;513;3.298
510;514;3.007
510;552;3.746
510;553;3.396
511;507;2.961
511;514;3.016
511;515;3.079
512;482;3.618
512;486;3.145
512;508;2.974
512;509;3.392
512;515;3.03
512;516;3.345
513;509;3.101
513;510;3.298
513;516;2.931
513;548;2.81
513;549;3.788
513;552;3.908
513;568;3.966
514;510;3.007
514;511;3.016
514;517;2.866
515;511;3.079
515;512;3.03
515;518;3.071
515;519;3.186
516;483;3.29
516;512;3.345
516;513;2.931
516;520;2.963
516;545;3.677
516;549;3.93
516;571;3.459
517;514;2.866
517;520;3.407
517;521;3.011
517;549;3.476
518;515;3.071
518;522;3.057
519;479;3.719
519;515;3.186
519;522;3.422
519;523;2.927
519;571;2.743
519;574;2.735
520;516;2.963
520;517;3.407
520;523;3.478
520;524;2.954
520;545;3.621
521;517;3.011
521;524;3.431
521;525;3.029
522;470;3.594
522;518;3.057
522;519;3.422
522;525;3.991
522;526;2.989
523;519;2.927
523;520;3.478
523;526;2.998
523;527;3.034
523;531;2.685
523;532;3.635
523;538;2.767
524;520;2.954
524;521;3.431
524;532;3.742
524;533;3.869
525;465;2.746
525;467;3.642
525;521;3.029
525;522;3.991
526;465;3.694
526;467;3.798
526;522;2.989
526;523;2.998
527;465;2.777
527;471;3.687
527;523;3.034
527;531;3.562
528;531;2.937
528;532;2.912
529;533;3.0
530;534;2.834
531;523;2.685
531;527;3.562
531;528;2.937
531;534;3.067
531;535;2.91
532;523;3.635
532;524;3.742
532;528;2.912
532;538;3.143
532;542;2.926
533;524;3.869
533;529;3.0
534;530;2.834
534;531;3.067
535;531;2.91
535;538;2.965
535;539;3.048
536;539;3.494
536;540;3.018
537;540;3.994
537;541;3.008
537;579;2.954
537;582;3.834
538;523;2.767
538;532;3.143
538;535;2.965
538;541;3.442
538;542;2.969
539;535;3.048
539;536;3.494
539;542;3.405
539;543;2.993
540;536;3.018
540;537;3.994
540;543;3.419
540;544;3.032
540;570;4.024
541;537;3.008
541;538;3.442
541;544;3.187
541;545;2.908
541;571;2.648
541;574;3.856
542;532;2.926
542;538;2.969
542;539;3.405
542;546;3.005
543;539;2.993
543;540;3.419
543;546;3.193
543;547;3.085
544;540;3.032
544;541;3.187
544;548;3.026
545;516;3.677
545;520;3.621
545;541;2.908
545;549;2.926
545;571;3.742
546;542;3.005
546;543;3.193
546;550;2.98
547;543;3.085
547;551;3.189
547;564;3.572
548;513;2.81
548;544;3.026
548;552;3.417
548;568;3.039
549;513;3.788
549;516;3.93
549;517;3.476
549;545;2.926
549;552;3.112
549;553;2.892
550;546;2.98
550;553;3.303
550;554;3.032
551;547;3.189
551;555;2.987
551;556;3.049
551;565;3.91
552;510;3.746
552;513;3.908
552;548;3.417
552;549;3.112
552;556;3.71
552;565;3.924
553;510;3.396
553;549;2.892
553;550;3.303
554;550;3.032
555;551;2.987
555;557;2.926
556;551;3.049
556;552;3.71
556;562;2.833
557;555;2.926
557;562;3.212
558;561;2.782
559;562;3.221
559;563;2.939
560;563;3.276
560;564;2.963
560;1067;3.953
561;558;2.782
561;564;3.067
561;565;3.076
562;556;2.833
562;557;3.212
562;559;3.221
562;565;2.967
563;559;2.939
563;560;3.276
563;566;2.937
563;989;3.124
564;547;3.572
564;560;2.963
564;561;3.067
564;567;2.985
565;551;3.91
565;552;3.924
565;561;3.076
565;562;2.967
565;568;3.042
566;490;4.005
566;563;2.937
566;569;3.179
566;985;3.744
566;986;3.9
567;564;2.985
567;570;2.887
567;982;3.889
568;486;3.036
568;490;3.773
568;509;3.267
568;513;3.966
568;548;3.039
568;565;3.042
568;571;2.914
569;483;3.854
569;487;3.627
569;490;3.601
569;566;3.179
569;572;2.908
569;978;3.806
569;982;3.535
570;540;4.024
570;567;2.887
570;573;2.787
570;979;3.38
570;982;3.469
571;479;3.837
571;483;3.845
571;516;3.459
571;519;2.743
571;541;2.648
571;545;3.742
571;568;2.914
571;574;2.961
572;483;3.793
572;484;3.84
572;569;2.908
572;575;2.965
572;576;2.957
572;578;3.947
572;978;3.643
573;570;2.787
573;578;4.028
574;476;2.684
574;519;2.735
574;541;3.856
574;571;2.961
575;480;2.718
575;572;2.965
576;480;3.57
576;572;2.957
576;578;3.841
576;579;3.001
577;580;3.097
577;581;2.933
577;971;3.285
578;572;3.947
578;573;4.028
578;576;3.841
578;581;3.15
578;582;3.019
578;975;3.482
579;537;2.954
579;576;3.001
579;582;3.875
579;583;3.06
580;577;3.097
580;583;3.391
580;584;2.968
581;577;2.933
581;578;3.15
581;584;3.271
581;585;2.961
581;975;3.62
582;537;3.834
582;578;3.019
582;579;3.875
582;586;3.053
583;579;3.06
583;580;3.391
583;586;3.366
583;587;2.815
584;580;2.968
584;581;3.271
584;587;3.363
584;588;2.935
585;581;2.961
585;588;3.229
585;589;3.078
585;1081;3.593
586;582;3.053
586;583;3.366
586;589;3.003
587;583;2.815
587;584;3.363
587;590;2.971
588;584;2.935
588;585;3.229
588;591;3.084
588;592;3.099
588;692;3.716
588;1081;3.509
588;1085;3.527
589;585;3.078
589;586;3.003
589;593;2.982
589;1081;3.774
590;587;2.971
590;593;3.013
591;588;3.084
591;692;3.966
592;588;3.099
592;595;3.277
592;596;2.877
592;688;3.546
592;1081;3.82
593;589;2.982
593;590;3.013
593;597;3.041
594;105;3.319
594;109;3.315
594;597;3.216
594;598;3.261
595;109;3.975
595;592;3.277
595;598;3.088
595;599;3.031
595;687;3.469
595;688;3.834
596;592;2.877
596;600;2.928
597;593;3.041
597;594;3.216
597;600;3.321
597;601;3.067
598;106;3.706
598;594;3.261
598;595;3.088
598;601;3.457
598;602;3.034
599;595;3.031
599;602;3.457
599;603;2.963
599;650;3.961
600;596;2.928
600;597;3.321
600;604;2.988
601;99;3.519
601;597;3.067
601;598;3.457
601;604;3.278
601;605;3.009
602;598;3.034
602;599;3.457
602;605;3.279
602;606;2.946
602;680;3.734
603;599;2.963
603;607;2.929
603;643;3.517
603;646;3.804
604;19;3.557
604;23;3.704
604;600;2.988
604;601;3.278
604;607;3.279
604;608;3.007
604;639;3.513
605;93;3.927
605;96;4.027
605;97;3.979
605;601;3.009
605;602;3.279
605;608;3.237
605;609;2.999
606;602;2.946
606;610;2.952
606;646;3.763
606;676;4.055
606;677;3.521
606;680;3.89
607;603;2.929
607;604;3.279
607;610;3.196
607;611;2.996
607;639;3.97
607;642;3.97
607;643;3.993
608;93;3.694
608;604;3.007
608;605;3.237
608;612;3.307
609;93;3.722
609;605;2.999
609;612;3.342
609;613;3.016
610;606;2.952
610;607;3.196
610;614;3.004
610;615;2.807
610;636;3.726
611;25;3.259
611;607;2.996
611;615;3.048
611;616;3.113
611;638;3.841
612;90;3.358
612;608;3.307
612;609;3.342
613;86;3.968
613;90;3.815
613;609;3.016
613;616;2.82
614;610;3.004
614;617;2.996
614;618;3.575
614;632;3.49
614;670;3.382
614;673;3.974
615;610;2.807
615;611;3.048
615;632;3.782
616;611;3.113
616;613;2.82
617;614;2.996
617;632;3.018
618;614;3.575
618;630;3.069
618;632;2.973
618;658;3.789
618;659;3.361
618;666;2.79
618;670;3.475
619;628;2.65
619;629;3.294
619;659;3.687
619;660;2.912
620;623;3.016
620;624;2.867
620;625;2.803
620;626;2.764
621;659;4.112
621;660;2.783
621;662;3.684
622;625;3.807
623;620;3.016
623;628;3.952
624;620;2.867
625;620;2.803
625;622;3.807
625;1015;3.94
626;620;2.764
627;633;3.505
628;619;2.65
628;623;3.952
629;619;3.294
629;633;3.482
630;618;3.069
630;633;3.124
630;634;3.06
630;657;2.865
630;658;3.569
631;634;3.206
631;635;2.893
631;656;3.844
632;614;3.49
632;615;3.782
632;617;3.018
632;618;2.973
632;636;3.71
632;658;3.607
633;627;3.505
633;629;3.482
633;630;3.124
633;637;3.764
634;630;3.06
634;631;3.206
634;1055;3.862
634;1061;3.527
635;631;2.893
635;641;3.184
635;645;3.752
635;1046;3.377
635;1050;3.997
636;610;3.726
636;632;3.71
636;641;3.744
636;645;3.666
637;633;3.764
637;1059;2.737
638;25;3.741
638;611;3.841
638;641;2.845
638;642;2.951
638;1062;2.896
639;25;3.272
639;604;3.513
639;607;3.97
639;642;3.485
639;643;2.944
640;643;3.102
640;644;2.965
640;1062;3.987
640;1065;3.967
640;1066;3.62
640;1069;3.851
641;635;3.184
641;636;3.744
641;638;2.845
641;644;3.403
641;645;2.985
641;1050;2.905
642;607;3.97
642;638;2.951
642;639;3.485
642;646;2.969
643;603;3.517
643;607;3.993
643;639;2.944
643;640;3.102
643;646;3.497
643;647;2.982
644;640;2.965
644;641;3.403
644;647;3.216
644;648;3.027
644;1050;3.94
644;1069;3.662
645;635;3.752
645;636;3.666
645;641;2.985
645;648;3.129
645;649;3.011
645;655;3.811
646;603;3.804
646;606;3.763
646;642;2.969
646;643;3.497
646;649;3.343
646;650;2.996
646;677;4.038
647;643;2.982
647;644;3.216
647;650;3.08
647;651;3.207
647;1042;4.018
647;1045;3.621
647;1069;3.71
647;1076;3.929
648;644;3.027
648;645;3.129
648;651;3.431
648;654;2.915
648;1046;3.522
649;645;3.011
649;646;3.343
649;652;2.959
649;674;3.415
649;677;3.563
649;678;3.957
650;599;3.961
650;646;2.996
650;647;3.08
650;681;3.758
651;647;3.207
651;648;3.431
651;1042;3.453
652;649;2.959
652;674;2.852
652;678;3.974
653;217;3.802
653;1042;3.843
653;1043;2.772
653;1044;2.857
654;212;3.607
654;217;3.413
654;218;5.653
654;648;2.915
654;674;3.843
654;1047;3.829
655;645;3.811
655;658;3.488
655;674;3.276
656;631;3.844
656;1047;3.524
657;630;2.865
657;1002;3.809
658;618;3.789
658;630;3.569
658;632;3.607
658;655;3.488
658;667;3.203
658;670;3.451
659;618;3.361
659;619;3.687
659;621;4.112
659;663;3.333
659;667;3.102
660;619;2.912
660;621;2.783
660;667;3.544
661;1003;3.458
662;621;3.684
663;659;3.333
663;666;2.772
663;667;3.04
664;668;2.951
665;668;3.312
665;669;3.008
666;618;2.79
666;663;2.772
666;669;3.175
666;670;3.098
667;658;3.203
667;659;3.102
667;660;3.544
667;663;3.04
667;670;3.444
667;671;2.915
668;664;2.951
668;665;3.312
668;671;3.257
668;672;3.01
669;665;3.008
669;666;3.175
669;672;3.475
669;673;3.389
670;614;3.382
670;618;3.475
670;658;3.451
670;666;3.098
670;667;3.444
670;673;3.382
670;674;2.948
671;208;3.808
671;667;2.915
671;668;3.257
671;674;3.226
671;675;2.977
672;668;3.01
672;669;3.475
672;675;3.395
672;676;3.024
673;614;3.974
673;669;3.389
673;670;3.382
673;676;3.304
673;677;2.99
674;649;3.415
674;652;2.852
674;654;3.843
674;655;3.276
674;670;2.948
674;671;3.226
674;677;3.328
674;678;2.987
675;211;3.51
675;671;2.977
675;672;3.395
675;678;3.462
675;679;3.004
676;606;4.055
676;672;3.024
676;673;3.304
676;679;3.468
676;680;3.005
677;606;3.521
677;646;4.038
677;649;3.563
677;673;2.99
677;674;3.328
677;681;2.957
678;215;3.652
678;649;3.957
678;652;3.974
678;674;2.987
678;675;3.462
678;682;2.929
679;211;3.917
679;675;3.004
679;676;3.468
679;682;3.394
679;683;3.028
680;602;3.734
680;606;3.89
680;676;3.005
680;683;3.475
680;684;2.997
681;650;3.758
681;677;2.957
681;684;3.202
681;685;2.929
682;678;2.929
682;679;3.394
682;685;3.246
682;686;2.981
683;113;3.816
683;679;3.028
683;680;3.475
683;687;3.028
684;680;2.997
684;681;3.202
684;687;3.333
684;688;2.92
685;681;2.929
685;682;3.246
685;688;3.146
685;689;3.072
686;251;3.841
686;252;3.765
686;682;2.981
686;689;3.449
686;690;3.009
687;595;3.469
687;683;3.028
687;684;3.333
687;691;2.921
688;592;3.546
688;595;3.834
688;684;2.92
688;685;3.146
688;691;3.38
688;692;3.117
688;1084;3.375
689;252;3.636
689;256;3.598
689;685;3.072
689;686;3.449
689;692;3.443
689;693;2.941
689;1084;3.645
689;1087;3.698
690;255;3.781
690;256;3.935
690;259;3.711
690;686;3.009
690;693;3.443
690;694;2.956
691;687;2.921
691;688;3.38
691;695;3.06
692;588;3.716
692;591;3.966
692;688;3.117
692;689;3.443
692;695;3.294
692;696;3.018
692;1084;3.607
692;1085;3.716
692;1088;3.559
693;256;3.483
693;689;2.941
693;690;3.443
693;696;3.361
693;697;2.958
693;1088;4.039
693;1091;3.451
694;260;4.037
694;690;2.956
694;697;3.308
694;698;3.036
695;691;3.06
695;692;3.294
695;698;3.067
695;699;3.086
696;692;3.018
696;693;3.361
696;699;2.958
696;700;3.079
696;1088;3.478
696;1092;3.673
697;260;5.981
697;693;2.958
697;694;3.308
697;701;3.551
697;1091;4.034
697;1092;3.609
697;1095;3.287
698;694;3.036
698;695;3.067
698;701;3.879
699;695;3.086
699;696;2.958
700;696;3.079
700;1092;4.016
701;697;3.551
701;698;3.879
702;1095;3.585
702;1099;3.198
703;710;3.6
703;1100;3.397
704;745;2.953
704;1102;3.944
704;1115;2.707
705;1110;2.729
705;1113;2.832
706;709;3.121
706;710;3.825
706;745;2.672
707;710;2.999
708;744;2.673
709;706;3.121
710;703;3.6
710;706;3.825
710;707;2.999
711;734;3.005
712;715;2.918
713;716;3.8
714;717;4.007
714;721;3.547
714;793;3.517
715;712;2.918
715;726;4.012
715;731;3.119
716;713;3.8
717;714;4.007
717;725;3.897
718;725;3.995
719;721;3.037
719;725;2.887
720;792;2.857
720;793;2.763
721;714;3.547
721;719;3.037
721;725;3.458
722;725;3.128
722;792;2.925
723;790;3.668
724;789;2.806
725;717;3.897
725;718;3.995
725;719;2.887
725;721;3.458
725;722;3.128
726;715;4.012
726;729;3.069
727;730;3.361
728;789;2.796
729;726;3.069
730;727;3.361
731;715;3.119
732;740;2.743
733;736;3.598
734;711;3.005
734;741;2.809
734;742;3.18
735;738;3.027
735;740;3.985
735;741;3.955
736;733;3.598
737;740;2.793
738;735;3.027
738;740;3.744
739;741;2.996
740;732;2.743
740;735;3.985
740;737;2.793
740;738;3.744
741;734;2.809
741;735;3.955
741;739;2.996
742;734;3.18
743;746;3.493
743;747;2.892
744;708;2.673
744;746;2.967
744;747;3.568
745;704;2.953
745;706;2.672
745;747;3.241
746;743;3.493
746;744;2.967
747;743;2.892
747;744;3.568
747;745;3.241
748;749;2.949
749;748;2.949
750;751;2.655
751;750;2.655
752;754;2.71
753;754;2.806
754;752;2.71
754;753;2.806
755;758;3.948
755;759;3.279
756;763;4.03
756;766;2.862
757;760;3.026
757;766;2.774
757;767;3.512
758;755;3.948
759;755;3.279
760;757;3.026
761;769;3.358
762;765;2.966
762;769;2.996
763;756;4.03
763;766;2.909
763;767;3.03
763;769;3.069
764;767;3.038
764;769;2.821
765;762;2.966
766;756;2.862
766;757;2.774
766;763;2.909
767;757;3.512
767;763;3.03
767;764;3.038
767;769;2.997
768;770;2.967
768;771;2.919
769;761;3.358
769;762;2.996
769;763;3.069
769;764;2.821
769;767;2.997
769;773;3.814
770;768;2.967
771;768;2.919
771;774;2.937
772;775;2.976
773;769;3.814
773;776;3.376
774;771;2.937
775;772;2.976
776;773;3.376
776;777;3.93
777;776;3.93
778;459;3.666
779;784;3.544
780;783;3.76
780;785;3.875
781;784;4.002
782;460;3.654
782;784;3.075
783;780;3.76
783;787;2.868
784;779;3.544
784;781;4.002
784;782;3.075
785;780;3.875
786;788;3.664
787;783;2.868
788;786;3.664
789;724;2.806
789;728;2.796
790;723;3.668
791;794;2.664
792;720;2.857
792;722;2.925
793;714;3.517
793;720;2.763
794;791;2.664
795;799;2.837
796;798;2.832
797;801;3.649
798;796;2.832
799;795;2.837
800;801;3.91
801;797;3.649
801;800;3.91
802;803;3.047
803;802;3.047
804;810;3.971
805;808;3.634
805;810;3.539
806;808;2.914
807;811;3.948
808;805;3.634
808;806;2.914
809;816;3.399
810;804;3.971
810;805;3.539
811;807;3.948
811;817;4.083
811;818;2.033
812;815;3.893
812;816;3.823
813;815;3.95
813;817;3.516
814;815;2.811
815;812;3.893
815;813;3.95
815;814;2.811
816;809;3.399
816;812;3.823
817;811;4.083
817;813;3.516
817;820;3.631
818;811;2.033
819;821;2.94
820;817;3.631
821;819;2.94
821;824;3.653
822;824;2.687
822;825;2.705
823;825;2.763
824;821;3.653
824;822;2.687
825;822;2.705
825;823;2.763
826;830;3.594
827;834;3.887
828;833;3.402
829;832;3.012
830;826;3.594
830;834;3.111
831;834;2.72
832;829;3.012
833;828;3.402
834;827;3.887
834;830;3.111
834;831;2.72
834;838;3.571
835;838;2.695
835;895;2.835
836;839;3.045
836;842;3.928
836;891;3.836
837;842;3.805
837;891;3.452
837;892;3.67
838;834;3.571
838;835;2.695
839;836;3.045
839;842;2.898
839;843;2.974
840;844;3.044
841;845;2.91
842;836;3.928
842;837;3.805
842;839;2.898
842;845;3.218
842;846;2.968
843;839;2.974
843;846;3.418
843;847;3.178
843;951;3.098
844;840;3.044
844;847;3.412
844;848;3.02
845;841;2.91
845;842;3.218
845;848;3.272
845;849;2.927
846;842;2.968
846;843;3.418
846;849;3.339
846;850;2.973
846;885;3.731
846;888;3.782
847;843;3.178
847;844;3.412
847;850;3.318
847;851;2.954
847;951;3.401
848;844;3.02
848;845;3.272
848;851;3.27
848;852;2.987
849;845;2.927
849;846;3.339
849;853;2.955
849;885;3.922
850;846;2.973
850;847;3.318
850;854;2.897
850;881;3.983
850;885;3.412
850;944;3.758
850;948;3.769
851;847;2.954
851;848;3.27
851;854;3.132
851;855;2.993
852;848;2.987
852;855;3.172
852;856;3.011
853;849;2.955
853;856;3.466
853;857;2.95
853;944;3.708
854;850;2.897
854;851;3.132
854;857;3.442
854;858;3.01
855;851;2.993
855;852;3.172
855;858;3.324
855;859;2.984
856;852;3.011
856;853;3.466
856;859;3.116
856;860;3.339
857;853;2.95
857;854;3.442
857;942;3.963
858;854;3.01
858;855;3.324
858;862;3.182
858;1279;3.97
859;855;2.984
859;856;3.116
859;862;3.053
859;863;3.025
859;866;3.574
859;870;3.713
859;874;3.853
860;856;3.339
860;867;2.773
860;935;2.696
861;864;3.322
861;867;2.685
861;1282;3.37
861;1336;3.058
862;858;3.182
862;859;3.053
862;1302;3.843
863;859;3.025
863;866;2.958
863;867;3.024
864;861;3.322
864;867;3.297
864;868;3.03
865;868;2.641
866;859;3.574
866;863;2.958
866;869;3.41
866;870;2.977
867;860;2.773
867;861;2.685
867;863;3.024
867;864;3.297
867;871;3.03
867;1335;3.97
868;864;3.03
868;865;2.641
868;1337;3.466
869;866;3.41
870;859;3.713
870;866;2.977
870;873;3.096
870;874;3.018
871;867;3.03
871;874;4.039
871;875;2.769
872;876;3.019
873;870;3.096
873;876;3.347
873;877;2.993
874;859;3.853
874;870;3.018
874;871;4.039
874;877;3.017
874;878;3.284
875;871;2.769
875;878;2.961
875;879;3.047
875;935;2.908
875;938;3.922
876;872;3.019
876;873;3.347
876;879;2.907
876;880;2.95
877;873;2.993
877;874;3.017
877;881;2.933
878;874;3.284
878;875;2.961
878;882;2.981
878;938;3.981
878;941;3.762
879;875;3.047
879;876;2.907
879;882;3.383
879;883;3.031
880;876;2.95
880;884;2.997
881;850;3.983
881;877;2.933
881;884;3.244
881;885;2.946
881;944;3.566
882;878;2.981
882;879;3.383
882;886;2.968
882;941;3.797
883;879;3.031
883;887;3.036
884;880;2.997
884;881;3.244
884;887;4.037
884;888;2.952
885;846;3.731
885;849;3.922
885;850;3.412
885;881;2.946
885;889;3.011
885;947;3.684
886;882;2.968
886;889;3.444
886;890;2.991
886;914;3.873
886;918;3.697
887;883;3.036
887;884;4.037
887;890;3.343
887;891;2.945
888;846;3.782
888;884;2.952
888;891;3.429
888;892;2.708
888;947;3.592
889;885;3.011
889;886;3.444
889;892;3.401
889;893;2.949
889;911;3.876
890;886;2.991
890;887;3.343
890;893;4.015
890;894;3.005
891;836;3.836
891;837;3.452
891;887;2.945
891;888;3.429
891;894;4.02
891;895;3.026
892;837;3.67
892;888;2.708
892;889;3.401
892;895;3.359
892;896;3.091
892;901;3.739
892;907;4.016
892;910;2.655
893;889;2.949
893;890;4.015
893;896;3.014
893;897;2.939
893;898;3.833
893;901;6.346
893;902;3.679
894;890;3.005
894;891;4.02
895;835;2.835
895;891;3.026
895;892;3.359
896;892;3.091
896;893;3.014
896;900;2.812
896;901;3.951
896;904;3.768
896;907;3.622
897;893;2.939
897;901;2.989
898;893;3.833
898;901;3.433
898;902;3.004
899;903;3.627
900;896;2.812
901;892;3.739
901;893;6.346
901;896;3.951
901;897;2.989
901;898;3.433
901;904;3.048
901;907;3.691
901;911;3.774
902;893;3.679
902;898;3.004
902;908;3.577
902;911;3.648
903;899;3.627
904;896;3.768
904;901;3.048
904;907;3.185
904;908;2.95
905;908;3.46
905;909;2.971
906;909;3.395
906;910;3.005
906;950;3.175
906;959;3.832
907;892;4.016
907;896;3.622
907;901;3.691
907;904;3.185
907;910;3.131
907;911;2.988
908;902;3.577
908;904;2.95
908;905;3.46
908;911;3.978
908;912;2.984
909;905;2.971
909;906;3.395
909;912;3.198
910;892;2.655
910;906;3.005
910;907;3.131
910;947;2.961
910;950;2.773
911;889;3.876
911;901;3.774
911;902;3.648
911;907;2.988
911;908;3.978
911;914;3.022
911;915;2.966
912;908;2.984
912;909;3.198
912;916;3.029
913;943;4.018
913;947;3.693
914;886;3.873
914;911;3.022
914;917;3.165
914;918;3.089
915;911;2.966
915;918;2.945
915;919;2.906
916;912;3.029
916;920;2.96
916;940;3.75
917;914;3.165
917;920;3.909
917;921;3.072
917;941;2.835
918;886;3.697
918;914;3.089
918;915;2.945
918;921;3.302
918;922;2.993
919;915;2.906
919;922;3.169
919;923;2.989
920;916;2.96
920;917;3.909
920;923;3.433
920;924;2.98
921;917;3.072
921;918;3.302
921;924;3.307
921;925;3.003
921;934;3.7
922;918;2.993
922;919;3.169
922;925;3.37
922;926;2.964
923;919;2.989
923;920;3.433
923;926;3.213
923;927;3.014
924;920;2.98
924;921;3.307
924;927;3.097
924;929;3.051
924;933;3.339
924;934;3.305
924;937;3.647
925;921;3.003
925;922;3.37
925;928;2.998
926;922;2.964
926;923;3.213
927;923;3.014
927;924;3.097
928;925;2.998
929;924;3.051
930;933;3.834
930;934;3.168
931;934;3.435
931;935;2.992
932;935;2.719
932;936;3.189
933;924;3.339
933;930;3.834
933;937;2.999
934;921;3.7
934;924;3.305
934;930;3.168
934;931;3.435
934;938;2.965
935;860;2.696
935;875;2.908
935;931;2.992
935;932;2.719
935;1334;3.963
936;932;3.189
936;939;3.047
936;1284;3.896
936;1331;3.008
936;1332;3.632
936;1333;3.136
937;924;3.647
937;933;2.999
938;875;3.922
938;878;3.981
938;934;2.965
938;941;2.743
939;936;3.047
939;942;2.769
939;943;3.376
939;1280;3.627
940;916;3.75
940;943;2.792
941;878;3.762
941;882;3.797
941;917;2.835
941;938;2.743
941;944;2.817
942;857;3.963
942;939;2.769
943;913;4.018
943;939;3.376
943;940;2.792
943;946;3.028
943;947;3.0
943;1276;3.939
944;850;3.758
944;853;3.708
944;881;3.566
944;941;2.817
944;947;2.95
944;948;3.24
945;948;2.968
945;1276;3.633
946;943;3.028
946;949;2.787
946;1276;3.875
947;885;3.684
947;888;3.592
947;910;2.961
947;913;3.693
947;943;3.0
947;944;2.95
947;950;2.916
948;850;3.769
948;944;3.24
948;945;2.968
948;951;2.988
948;952;2.956
949;946;2.787
949;952;3.028
949;955;3.51
949;959;3.729
950;906;3.175
950;910;2.773
950;947;2.916
950;956;2.915
951;843;3.098
951;847;3.401
951;948;2.988
952;948;2.956
952;949;3.028
952;955;3.442
952;956;2.988
953;956;3.727
954;957;3.124
954;958;2.936
955;949;3.51
955;952;3.442
955;958;3.328
955;959;2.98
955;1265;3.76
955;1268;3.872
955;1269;4.079
956;950;2.915
956;952;2.988
956;953;3.727
956;960;2.979
957;954;3.124
957;960;3.313
957;961;2.972
958;954;2.936
958;955;3.328
958;961;3.037
958;962;2.96
958;1265;3.712
958;1269;3.817
959;906;3.832
959;949;3.729
959;955;2.98
