source;destination;distance
0;3;2.793
1;47;3.598
2;7;3.571
2;48;3.666
3;0;2.793
4;7;3.303
4;8;2.976
5;9;2.974
6;10;2.976
7;2;3.571
7;4;3.303
7;10;3.123
7;11;2.969
7;43;4.019
7;47;3.731
8;4;2.976
8;11;3.353
8;12;2.962
9;5;2.974
9;13;2.93
10;6;2.976
10;7;3.123
10;14;2.947
11;7;2.969
11;8;3.353
11;14;3.429
11;15;3.005
11;44;3.613
12;8;2.962
12;16;2.974
12;104;4.005
13;9;2.93
13;16;3.365
13;17;2.941
14;10;2.947
14;11;3.429
14;18;3.017
14;37;3.624
15;11;3.005
15;19;2.981
15;37;3.754
15;99;3.956
15;100;3.566
16;12;2.974
16;13;3.365
16;19;3.138
16;20;3.087
17;13;2.941
17;20;3.296
17;21;2.978
18;14;3.017
18;22;2.966
18;37;3.165
18;96;3.615
19;15;2.981
19;16;3.138
19;22;3.175
19;97;3.501
19;592;3.516
20;16;3.087
20;17;3.296
21;17;2.978
21;24;2.986
21;30;3.62
21;33;3.408
22;18;2.966
22;19;3.175
22;93;4.004
23;592;3.676
24;21;2.986
24;27;4.019
25;627;3.377
26;30;3.83
27;24;4.019
27;30;2.847
28;31;2.706
28;32;3.029
29;32;3.322
29;33;2.974
30;21;3.62
30;26;3.83
30;27;2.847
30;33;3.404
30;34;3.0
31;28;2.706
31;34;3.469
31;35;2.997
32;28;3.029
32;29;3.322
32;36;2.999
33;21;3.408
33;29;2.974
33;30;3.404
33;36;3.217
33;37;2.939
34;30;3.0
34;31;3.469
34;37;3.389
34;38;2.932
34;93;2.808
34;96;3.146
35;31;2.997
35;38;3.303
35;39;2.956
35;81;3.927
36;32;2.999
36;33;3.217
36;39;3.355
36;40;3.007
37;14;3.624
37;15;3.754
37;18;3.165
37;33;2.939
37;34;3.389
37;40;2.979
37;41;2.86
37;96;3.459
38;34;2.932
38;35;3.303
38;41;4.0
38;42;2.988
38;80;2.756
39;35;2.956
39;36;3.355
39;42;3.178
39;43;2.982
40;36;3.007
40;37;2.979
40;43;3.5
40;44;2.91
41;37;2.86
41;38;4.0
41;45;2.951
41;73;3.463
41;99;3.515
42;38;2.988
42;39;3.178
42;45;3.302
42;46;2.974
43;7;4.019
43;39;2.982
43;40;3.5
43;46;3.392
43;47;3.057
44;11;3.613
44;40;2.91
44;47;3.262
44;48;2.81
44;99;2.649
45;41;2.951
45;42;3.302
45;49;2.986
45;56;3.982
45;73;3.923
46;42;2.974
46;43;3.392
46;50;3.078
46;51;3.924
47;1;3.598
47;7;3.731
47;43;3.057
47;44;3.262
48;2;3.666
48;44;2.81
48;66;3.201
48;69;2.664
49;45;2.986
49;56;3.994
49;59;3.853
49;66;3.706
50;46;3.078
50;55;3.674
51;46;3.924
52;55;3.112
52;58;3.474
53;56;2.983
54;57;2.992
55;50;3.674
55;52;3.112
55;58;3.001
56;45;3.982
56;49;3.994
56;53;2.983
56;59;3.048
56;70;3.912
57;54;2.992
57;60;3.017
58;52;3.474
58;55;3.001
58;61;3.029
59;49;3.853
59;56;3.048
59;62;2.979
59;63;3.81
59;66;3.514
59;67;3.983
59;70;3.763
60;57;3.017
61;58;3.029
62;59;2.979
63;59;3.81
63;66;3.417
63;67;2.927
64;67;3.438
64;68;3.04
65;68;3.015
65;69;3.059
65;102;3.486
65;108;3.235
65;111;3.786
66;48;3.201
66;49;3.706
66;59;3.514
66;63;3.417
66;69;3.729
66;70;2.983
67;59;3.983
67;63;2.927
67;64;3.438
67;70;3.409
67;71;2.943
68;64;3.04
68;65;3.015
68;72;3.004
68;101;3.965
69;48;2.664
69;65;3.059
69;66;3.729
69;72;3.478
69;73;2.936
69;99;3.173
69;102;2.751
70;56;3.912
70;59;3.763
70;66;2.983
70;67;3.409
70;73;3.221
70;74;2.987
71;67;2.943
71;74;3.41
71;75;2.984
72;68;3.004
72;69;3.478
72;76;2.933
72;95;3.518
73;41;3.463
73;45;3.923
73;69;2.936
73;70;3.221
73;76;3.433
73;77;2.902
74;70;2.987
74;71;3.41
74;77;3.386
74;78;3.009
75;71;2.984
75;79;2.99
75;89;3.545
75;92;3.284
76;72;2.933
76;73;3.433
76;79;2.998
76;80;2.863
77;73;2.902
77;74;3.386
77;81;2.975
78;74;3.009
78;82;3.0
79;75;2.99
79;76;2.998
79;83;3.972
79;89;2.744
80;38;2.756
80;76;2.863
80;96;3.59
81;35;3.927
81;77;2.975
82;78;3.0
82;84;2.987
83;79;3.972
83;90;2.899
83;93;3.576
84;82;2.987
85;89;3.705
86;89;3.132
87;90;2.878
87;91;3.175
87;601;3.891
88;91;3.14
89;75;3.545
89;79;2.744
89;85;3.705
89;86;3.132
89;92;2.995
90;83;2.899
90;87;2.878
91;87;3.175
91;88;3.14
91;94;3.014
91;600;3.423
91;601;3.858
92;75;3.284
92;89;2.995
92;95;2.867
93;22;4.004
93;34;2.808
93;83;3.576
93;96;2.924
94;91;3.014
94;97;2.874
94;593;3.95
94;596;3.633
94;597;3.678
95;72;3.518
95;92;2.867
95;98;3.842
95;99;3.009
96;18;3.615
96;34;3.146
96;37;3.459
96;80;3.59
96;93;2.924
96;99;3.222
97;19;3.501
97;94;2.874
97;100;3.008
98;95;3.842
98;101;2.907
98;593;3.947
99;15;3.956
99;41;3.515
99;44;2.649
99;69;3.173
99;95;3.009
99;96;3.222
99;102;2.947
100;15;3.566
100;97;3.008
100;103;2.991
100;104;3.005
100;107;3.618
100;589;3.535
101;68;3.965
101;98;2.907
101;111;3.889
102;65;3.486
102;69;2.751
102;99;2.947
102;108;2.818
103;100;2.991
104;12;4.005
104;100;3.005
104;107;3.089
104;108;2.986
105;108;3.404
105;109;2.953
106;110;3.138
106;582;3.452
107;100;3.618
107;104;3.089
107;110;3.431
107;111;3.002
107;586;3.698
108;65;3.235
108;102;2.818
108;104;2.986
108;105;3.404
108;111;3.458
108;112;2.978
109;105;2.953
109;112;3.145
109;113;3.017
110;106;3.138
110;107;3.431
110;113;3.097
110;114;3.001
110;582;3.345
110;583;3.965
111;65;3.786
111;101;3.889
111;107;3.002
111;108;3.458
111;114;3.26
111;115;3.047
112;108;2.978
112;109;3.145
112;115;3.442
112;116;3.0
113;109;3.017
113;110;3.097
113;116;3.233
113;117;3.057
114;110;3.001
114;111;3.26
114;117;3.005
114;118;3.239
114;671;3.824
115;111;3.047
115;112;3.442
115;118;2.983
116;112;3.0
116;113;3.233
116;119;2.773
116;255;3.963
117;113;3.057
117;114;3.005
117;120;3.059
117;121;3.016
117;255;3.95
118;114;3.239
118;115;2.983
118;122;3.002
119;116;2.773
119;259;2.744
120;117;3.059
120;123;3.383
120;255;3.461
120;258;2.642
120;259;2.877
121;117;3.016
121;124;3.361
121;125;2.935
121;252;3.981
122;118;3.002
122;126;2.984
123;120;3.383
123;126;3.177
123;127;3.094
123;1256;3.448
123;1257;2.913
124;121;3.361
124;127;3.441
124;128;3.164
124;244;3.623
124;1260;3.991
125;121;2.935
125;128;3.388
125;129;2.92
126;122;2.984
126;123;3.177
126;129;3.33
126;130;2.979
127;123;3.094
127;124;3.441
127;131;2.959
127;1251;3.983
127;1257;3.981
127;1260;3.823
128;124;3.164
128;125;3.388
128;131;3.315
128;132;2.885
128;244;3.432
129;125;2.92
129;126;3.33
129;132;3.499
129;133;3.014
130;126;2.979
130;133;3.404
130;134;2.931
130;1158;4.121
130;1247;3.682
130;1250;3.372
130;1251;3.819
131;127;2.959
131;128;3.315
131;134;3.466
131;135;2.869
132;128;2.885
132;129;3.499
132;136;2.969
132;204;3.736
132;207;4.0
133;129;3.014
133;130;3.404
133;136;3.205
133;137;3.001
134;130;2.931
134;131;3.466
134;137;3.283
134;138;2.972
134;1158;3.733
134;1247;3.767
135;131;2.869
135;139;2.941
135;207;3.59
135;233;3.719
135;237;3.783
135;240;3.655
136;132;2.969
136;133;3.205
136;140;2.927
136;200;3.843
136;204;3.918
137;133;3.001
137;134;3.283
137;140;3.212
137;141;3.125
137;200;3.832
137;1244;3.9
138;134;2.972
138;141;3.147
138;142;3.462
138;233;3.554
138;1241;3.661
138;1244;3.901
139;135;2.941
139;143;2.957
139;197;3.691
140;136;2.927
140;137;3.212
140;144;3.724
140;198;3.957
140;199;3.547
140;200;3.977
141;137;3.125
141;138;3.147
141;1241;3.615
141;1244;3.387
142;138;3.462
142;1237;3.671
142;1241;3.486
143;139;2.957
143;220;3.077
143;230;3.392
143;233;3.54
143;234;5.781
144;140;3.724
144;198;3.805
145;150;2.743
145;193;2.938
146;187;2.968
146;191;3.83
146;193;3.103
147;150;2.941
147;151;3.769
147;191;2.796
148;191;2.811
148;194;3.73
148;198;2.659
149;153;2.791
149;155;3.972
150;145;2.743
150;147;2.941
150;154;3.108
150;188;2.732
151;147;3.769
151;185;3.851
151;188;3.844
152;185;3.614
153;149;2.791
153;183;2.752
154;150;3.108
155;149;3.972
156;159;3.761
156;172;3.412
157;159;3.157
158;161;3.886
158;182;3.787
159;156;3.761
159;157;3.157
160;172;3.226
160;181;2.779
161;158;3.886
162;171;3.108
162;172;3.866
163;166;3.415
164;169;2.794
165;167;3.443
166;163;3.415
167;165;3.443
168;171;2.9
168;173;2.758
168;178;2.836
169;164;2.794
169;173;3.852
170;173;3.954
170;174;3.343
171;162;3.108
171;168;2.9
171;173;3.298
172;156;3.412
172;160;3.226
172;162;3.866
173;168;2.758
173;169;3.852
173;170;3.954
173;171;3.298
173;180;2.838
174;170;3.343
174;175;3.966
174;176;4.0
175;174;3.966
176;174;4.0
177;179;3.075
178;168;2.836
179;177;3.075
180;173;2.838
181;160;2.779
182;158;3.787
183;153;2.752
184;1012;4.144
184;1014;3.736
185;151;3.851
185;152;3.614
186;188;3.426
187;146;2.968
188;150;2.732
188;151;3.844
188;186;3.426
189;192;3.053
190;1011;2.852
190;1013;3.56
191;146;3.83
191;147;2.796
191;148;2.811
191;194;3.142
192;189;3.053
192;223;3.554
192;224;3.947
193;145;2.938
193;146;3.103
194;148;3.73
194;191;3.142
194;197;2.997
194;198;3.021
194;202;3.527
195;202;3.221
196;202;3.396
196;220;3.464
197;139;3.691
197;194;2.997
197;203;3.567
197;206;3.477
197;220;3.098
197;234;3.969
198;140;3.957
198;144;3.805
198;148;2.659
198;194;3.021
199;140;3.547
199;202;2.801
199;203;2.978
200;136;3.843
200;137;3.832
200;140;3.977
200;204;2.953
201;205;2.988
202;194;3.527
202;195;3.221
202;196;3.396
202;199;2.801
202;205;3.31
202;206;2.959
203;197;3.567
203;199;2.978
203;206;3.232
203;207;2.951
204;132;3.736
204;136;3.918
204;200;2.953
204;208;2.943
205;201;2.988
205;202;3.31
205;208;3.043
205;209;2.958
205;659;3.816
206;197;3.477
206;202;2.959
206;203;3.232
206;209;3.343
206;210;2.938
207;132;4.0
207;135;3.59
207;203;2.951
207;210;3.909
207;211;2.96
208;204;2.943
208;205;3.043
208;211;3.223
208;212;2.947
208;663;3.494
208;667;3.904
209;205;2.958
209;206;3.343
209;213;2.969
209;214;2.855
209;215;3.789
209;642;3.717
210;206;2.938
210;207;3.909
210;213;3.074
210;216;3.533
210;234;3.642
210;237;3.774
210;238;3.717
211;207;2.96
211;208;3.223
212;208;2.947
212;641;3.498
212;666;3.661
213;209;2.969
213;210;3.074
213;1322;3.145
213;1324;3.007
214;209;2.855
214;641;3.776
214;642;3.398
215;209;3.789
215;218;3.302
215;219;3.008
215;642;5.703
215;1329;3.981
216;210;3.533
216;220;3.051
216;221;3.16
216;235;3.946
216;238;3.315
216;1315;3.706
216;1318;3.66
216;1319;3.346
217;221;3.127
217;222;2.976
217;1315;3.652
217;1319;3.614
217;1354;3.626
217;1355;2.789
217;1356;3.131
218;215;3.302
218;1329;3.436
218;1356;3.156
219;215;3.008
219;222;3.07
220;143;3.077
220;196;3.464
220;197;3.098
220;216;3.051
220;230;2.869
220;234;6.17
221;216;3.16
221;217;3.127
221;224;2.943
221;231;3.376
221;1315;3.168
221;1354;3.487
222;217;2.976
222;219;3.07
222;1305;3.778
222;1354;3.482
223;192;3.554
224;192;3.947
224;221;2.943
224;226;2.935
224;227;3.118
224;230;3.634
225;227;3.052
225;1312;3.68
225;1350;2.854
225;1353;3.502
226;224;2.935
226;230;3.019
227;224;3.118
227;225;3.052
227;230;2.964
227;231;2.947
227;1351;3.811
227;1352;3.727
228;231;3.47
228;232;2.949
228;1349;2.889
228;1351;2.706
229;1234;3.741
229;1237;3.875
229;1238;3.304
229;1351;2.947
230;143;3.392
230;220;2.869
230;224;3.634
230;226;3.019
230;227;2.964
230;233;3.032
230;234;3.373
231;221;3.376
231;227;2.947
231;228;3.47
231;234;3.394
231;235;2.952
231;1315;3.404
231;1352;3.868
231;1353;3.488
232;228;2.949
232;236;2.977
233;135;3.719
233;138;3.554
233;143;3.54
233;230;3.032
233;236;3.16
233;237;2.974
234;143;5.781
234;197;3.969
234;210;3.642
234;220;6.17
234;230;3.373
234;231;3.394
234;237;3.143
234;238;2.964
235;216;3.946
235;231;2.952
235;238;3.205
235;239;2.964
235;1318;3.978
236;232;2.977
236;233;3.16
236;240;2.937
237;135;3.783
237;210;3.774
237;233;2.974
237;234;3.143
237;241;2.902
238;210;3.717
238;216;3.315
238;234;2.964
238;235;3.205
238;241;3.479
238;242;2.939
238;1318;3.41
239;235;2.964
239;243;2.927
240;135;3.655
240;236;2.937
240;244;2.908
241;237;2.902
241;238;3.479
241;245;2.944
242;238;2.939
242;245;3.347
242;246;2.952
243;239;2.927
243;246;3.422
243;247;2.934
243;1264;3.671
243;1271;3.608
244;124;3.623
244;128;3.432
244;240;2.908
244;247;3.207
244;248;2.885
245;241;2.944
245;242;3.347
245;248;3.353
245;249;2.954
246;242;2.952
246;243;3.422
246;249;3.809
246;250;2.994
246;1382;3.785
247;243;2.934
247;244;3.207
247;250;3.627
247;251;2.902
247;1260;3.166
247;1263;3.788
248;244;2.885
248;245;3.353
248;251;3.126
248;252;2.945
248;674;3.632
249;245;2.954
249;246;3.809
249;253;3.079
249;674;3.75
249;677;3.68
249;1379;3.541
250;246;2.994
250;247;3.627
250;254;2.917
250;1382;3.963
250;1383;3.943
250;1386;3.529
251;247;2.902
251;248;3.126
251;255;2.942
252;121;3.981
252;248;2.945
252;255;3.342
252;256;3.089
252;678;3.811
253;249;3.079
253;256;3.187
253;257;3.088
253;677;3.706
253;678;3.985
253;681;3.466
253;1383;3.496
254;250;2.917
254;258;2.892
254;1387;3.783
255;116;3.963
255;117;3.95
255;120;3.461
255;251;2.942
255;252;3.342
255;259;2.981
256;252;3.089
256;253;3.187
256;260;3.092
256;678;3.665
257;253;3.088
257;260;3.058
257;261;2.887
257;682;3.924
257;685;3.826
257;1103;6.237
257;1387;6.493
258;120;2.642
258;254;2.892
258;261;3.017
258;262;3.619
259;119;2.744
259;120;2.877
259;255;2.981
259;269;2.888
260;256;3.092
260;257;3.058
260;268;3.88
260;269;3.306
260;270;3.022
261;257;2.887
261;258;3.017
261;268;3.697
261;272;2.981
262;258;3.619
262;267;2.734
262;268;2.828
263;272;3.688
263;693;4.011
264;266;3.461
265;272;3.551
265;274;3.907
265;697;3.723
266;264;3.461
266;268;3.685
267;262;2.734
268;260;3.88
268;261;3.697
268;262;2.828
268;266;3.685
269;259;2.888
269;260;3.306
270;260;3.022
271;273;2.992
272;261;2.981
272;263;3.688
272;265;3.551
272;274;3.004
273;271;2.992
273;276;3.045
274;265;3.907
274;272;3.004
274;692;3.632
274;696;3.925
274;698;3.789
275;277;2.934
275;279;3.414
275;280;3.345
275;283;3.732
276;273;3.045
277;275;2.934
277;280;2.987
278;281;3.188
278;288;2.768
278;289;2.812
278;290;3.742
278;701;2.955
279;275;3.414
279;282;2.993
279;283;2.626
279;698;2.689
279;699;3.407
280;275;3.345
280;277;2.987
280;283;3.048
281;278;3.188
281;292;3.377
282;279;2.993
282;287;3.7
282;288;3.93
282;289;2.728
282;290;2.824
283;275;3.732
283;279;2.626
283;280;3.048
283;699;2.954
284;287;3.259
285;717;3.88
286;726;2.771
287;282;3.7
287;284;3.259
287;726;3.175
288;278;2.768
288;282;3.93
288;699;3.784
288;701;3.617
288;702;2.961
289;278;2.812
289;282;2.728
290;278;3.742
290;282;2.824
291;304;2.809
291;311;3.726
292;281;3.377
293;688;3.037
293;1100;3.282
293;1104;3.84
294;1101;3.265
294;1104;3.515
294;1105;4.014
295;303;3.35
295;304;4.148
296;298;2.783
296;303;3.828
297;301;2.659
298;296;2.783
298;974;3.749
299;970;3.415
300;301;3.521
301;297;2.659
301;300;3.521
302;307;3.963
303;295;3.35
303;296;3.828
303;305;3.195
304;291;2.809
304;295;4.148
305;303;3.195
305;311;2.868
306;308;3.007
306;311;3.988
307;302;3.963
308;306;3.007
308;311;3.641
308;316;3.752
308;317;3.778
309;316;3.062
309;317;2.992
309;318;4.036
310;312;2.994
311;291;3.726
311;305;2.868
311;306;3.988
311;308;3.641
312;310;2.994
313;316;2.858
313;320;2.645
314;316;2.948
315;318;2.928
315;319;2.794
315;321;2.66
316;308;3.752
316;309;3.062
316;313;2.858
316;314;2.948
317;308;3.778
317;309;2.992
318;309;4.036
318;315;2.928
319;315;2.794
320;313;2.645
320;322;2.957
321;315;2.66
322;320;2.957
323;437;3.843
323;438;2.912
323;439;2.789
324;432;3.125
324;435;3.979
325;432;2.886
326;432;2.791
327;432;2.625
328;331;3.903
329;335;2.853
329;431;3.858
330;333;2.969
330;334;3.671
330;335;2.998
330;339;3.885
331;328;3.903
332;382;4.007
332;383;3.979
333;330;2.969
334;330;3.671
334;339;4.011
335;329;2.853
335;330;2.998
335;338;3.941
335;339;3.586
336;338;3.083
337;428;3.997
338;335;3.941
338;336;3.083
338;429;3.795
338;430;2.951
338;431;3.025
338;433;2.809
339;330;3.885
339;334;4.011
339;335;3.586
340;346;3.834
341;347;3.271
342;345;3.099
342;347;3.02
343;347;4.029
343;348;2.943
344;357;3.665
345;342;3.099
346;340;3.834
347;341;3.271
347;342;3.02
347;343;4.029
348;343;2.943
348;350;3.084
349;353;3.777
350;348;3.084
350;353;2.999
350;357;3.987
351;354;2.977
352;355;3.012
352;356;3.01
352;357;3.631
352;359;4.007
353;349;3.777
353;350;2.999
354;351;2.977
355;352;3.012
356;352;3.01
356;358;3.483
357;344;3.665
357;350;3.987
357;352;3.631
358;356;3.483
359;352;4.007
360;362;3.572
361;368;3.674
361;370;3.635
362;360;3.572
363;365;3.5
364;386;3.474
365;363;3.5
365;386;2.907
366;385;3.902
366;387;3.845
366;392;3.66
367;385;3.468
368;361;3.674
368;385;3.488
369;372;2.955
370;361;3.635
370;374;3.949
371;373;3.011
371;374;3.083
371;376;2.938
371;377;2.724
372;369;2.955
373;371;3.011
374;370;3.949
374;371;3.083
375;378;3.223
376;371;2.938
377;371;2.724
377;380;2.765
378;375;3.223
379;381;2.99
380;377;2.765
381;379;2.99
382;332;4.007
383;332;3.979
384;388;3.852
384;389;3.46
385;366;3.902
385;367;3.468
385;368;3.488
385;388;2.975
386;364;3.474
386;365;2.907
387;366;3.845
387;390;2.957
387;391;3.052
388;384;3.852
388;385;2.975
389;384;3.46
390;387;2.957
391;387;3.052
392;366;3.66
393;394;2.724
394;393;2.724
395;396;2.768
395;402;3.664
396;395;2.768
396;401;3.058
397;400;2.789
397;401;3.85
398;401;3.834
399;401;2.981
400;397;2.789
401;396;3.058
401;397;3.85
401;398;3.834
401;399;2.981
402;395;3.664
402;403;3.015
403;402;3.015
404;406;2.909
405;407;2.933
406;404;2.909
407;405;2.933
407;408;3.032
408;407;3.032
409;411;3.762
410;435;2.824
411;409;3.762
412;413;3.413
413;412;3.413
414;416;3.087
415;417;3.005
416;414;3.087
417;415;3.005
417;421;3.365
418;419;2.857
419;418;2.857
419;421;3.609
420;423;3.476
420;427;3.271
421;417;3.365
421;419;3.609
421;423;2.877
422;425;2.811
423;420;3.476
423;421;2.877
423;426;2.98
423;427;3.058
424;427;2.895
425;422;2.811
425;428;3.625
426;423;2.98
427;420;3.271
427;423;3.058
427;424;2.895
428;337;3.997
428;425;3.625
429;338;3.795
429;433;3.853
430;338;2.951
431;329;3.858
431;338;3.025
432;324;3.125
432;325;2.886
432;326;2.791
432;327;2.625
433;338;2.809
433;429;3.853
434;437;3.648
435;324;3.979
435;410;2.824
436;444;2.781
437;323;3.843
437;434;3.648
438;323;2.912
438;444;3.268
439;323;2.789
440;443;2.999
441;444;2.908
441;445;3.12
441;446;3.874
442;447;3.574
442;448;2.863
442;449;3.816
443;440;2.999
444;436;2.781
444;438;3.268
444;441;2.908
445;441;3.12
446;441;3.874
447;442;3.574
448;442;2.863
449;442;3.816
450;452;2.798
451;453;3.258
452;450;2.798
453;451;3.258
453;455;2.996
453;457;3.403
453;458;3.949
453;461;2.679
454;456;3.954
454;457;3.815
454;514;2.762
455;453;2.996
456;454;3.954
456;513;3.613
456;514;3.901
457;453;3.403
457;454;3.815
457;460;2.967
457;461;3.129
458;453;3.949
458;461;3.022
459;510;3.641
460;457;2.967
460;515;3.469
461;453;2.679
461;457;3.129
461;458;3.022
461;464;2.977
461;465;3.174
462;466;2.959
463;467;2.966
464;461;2.977
464;467;3.205
464;468;3.018
465;461;3.174
465;468;3.431
465;469;2.929
465;562;2.679
466;462;2.959
466;469;3.21
466;470;2.975
467;463;2.966
467;464;3.205
467;471;3.053
468;464;3.018
468;465;3.431
468;471;3.308
468;472;2.976
468;503;3.977
468;507;3.809
468;559;3.951
469;465;2.929
469;466;3.21
469;472;3.011
469;473;3.088
469;563;2.741
469;564;3.617
470;466;2.975
470;473;3.468
470;474;3.007
471;467;3.053
471;468;3.308
471;475;2.978
471;500;3.661
472;468;2.976
472;469;3.011
472;475;3.076
472;476;3.068
472;504;3.319
472;557;3.894
472;559;3.871
472;560;3.835
473;469;3.088
473;470;3.468
473;476;3.12
473;477;3.431
473;560;3.828
474;470;3.007
474;477;3.329
474;478;3.013
475;471;2.978
475;472;3.076
475;478;3.258
475;479;2.995
475;500;3.246
475;556;3.157
476;472;3.068
476;473;3.12
476;480;3.038
476;557;3.654
476;988;3.887
477;473;3.431
477;474;3.329
477;480;3.297
477;481;2.969
478;474;3.013
478;475;3.258
478;481;3.096
478;482;2.958
478;493;3.514
478;496;4.008
479;475;2.995
479;482;3.034
479;556;3.791
479;557;3.633
479;992;3.967
480;476;3.038
480;477;3.297
481;477;2.969
481;478;3.096
481;485;3.879
482;478;2.958
482;479;3.034
482;486;2.906
482;497;3.645
483;486;2.962
483;1035;3.004
483;1036;3.053
484;487;2.965
484;488;3.051
485;481;3.879
485;489;3.003
486;482;2.906
486;483;2.962
486;490;2.815
487;484;2.965
487;490;2.751
488;484;3.051
489;485;3.003
489;492;3.072
489;493;2.929
490;486;2.815
490;487;2.751
490;494;2.966
491;494;3.339
491;495;3.038
492;489;3.072
492;496;2.934
493;478;3.514
493;489;2.929
493;496;3.256
493;497;2.92
494;490;2.966
494;491;3.339
494;497;3.402
494;498;3.024
495;491;3.038
495;499;2.95
496;478;4.008
496;492;2.934
496;493;3.256
496;500;2.985
497;482;3.645
497;493;2.92
497;494;3.402
497;500;3.366
497;501;3.075
497;556;3.254
498;494;3.024
498;501;3.349
498;502;3.009
498;540;3.816
498;541;3.376
499;495;2.95
499;502;3.022
499;503;3.101
500;471;3.661
500;475;3.246
500;496;2.985
500;497;3.366
500;503;3.08
500;504;3.374
501;497;3.075
501;498;3.349
501;504;2.95
501;536;2.843
501;537;3.768
501;540;3.847
502;498;3.009
502;499;3.022
502;505;2.874
503;468;3.977
503;499;3.101
503;500;3.08
503;506;3.05
503;507;3.257
504;472;3.319
504;500;3.374
504;501;2.95
504;508;2.986
504;533;3.684
504;537;3.913
504;559;3.42
505;502;2.874
505;508;3.425
505;509;3.029
505;537;3.488
506;503;3.05
506;510;3.059
507;468;3.809
507;503;3.257
507;510;3.446
507;511;2.944
507;559;2.744
507;562;2.72
508;504;2.986
508;505;3.425
508;511;3.457
508;512;2.982
508;533;3.721
509;505;3.029
509;512;3.263
509;513;3.096
510;459;3.641
510;506;3.059
510;507;3.446
510;514;2.987
511;507;2.944
511;508;3.457
511;514;3.032
511;515;3.025
511;519;2.675
511;520;3.63
511;526;2.769
512;508;2.982
512;509;3.263
512;520;3.698
512;521;3.987
513;456;3.613
513;509;3.096
514;454;2.762
514;456;3.901
514;510;2.987
514;511;3.032
515;460;3.469
515;511;3.025
515;519;3.748
516;519;2.936
516;520;2.927
517;521;2.975
518;522;3.071
519;511;2.675
519;515;3.748
519;516;2.936
519;522;3.069
519;523;2.927
520;511;3.63
520;512;3.698
520;516;2.927
520;526;3.185
520;530;2.967
521;512;3.987
521;517;2.975
522;518;3.071
522;519;3.069
523;519;2.927
523;526;2.954
523;527;3.033
524;527;3.978
524;528;3.009
525;529;2.993
525;567;2.954
525;570;3.879
526;511;2.769
526;520;3.185
526;523;2.954
526;530;2.957
527;523;3.033
527;524;3.978
527;530;3.409
527;531;2.989
528;524;3.009
528;531;3.426
528;532;3.024
528;558;3.963
529;525;2.993
529;532;3.212
529;533;2.906
529;559;2.647
529;562;3.864
530;520;2.967
530;526;2.957
530;527;3.409
530;534;3.007
531;527;2.989
531;528;3.426
531;534;3.204
531;535;3.088
532;528;3.024
532;529;3.212
532;536;3.008
533;504;3.684
533;508;3.721
533;529;2.906
533;537;2.937
533;559;3.764
534;530;3.007
534;531;3.204
534;538;2.996
535;531;3.088
535;539;3.196
535;552;3.56
536;501;2.843
536;532;3.008
536;540;3.404
536;556;3.071
537;501;3.768
537;504;3.913
537;505;3.488
537;533;2.937
537;540;3.16
537;541;2.915
538;534;2.996
538;541;3.308
538;542;3.041
539;535;3.196
539;543;2.997
539;544;3.065
539;553;3.833
540;498;3.816
540;501;3.847
540;536;3.404
540;537;3.16
540;544;3.738
540;553;3.943
541;498;3.376
541;537;2.915
541;538;3.308
542;538;3.041
543;539;2.997
543;545;2.947
544;539;3.065
544;540;3.738
544;550;2.847
545;543;2.947
545;550;3.224
546;549;2.782
547;550;3.257
547;551;2.93
548;551;3.27
548;552;2.969
548;1075;3.859
549;546;2.782
549;552;3.124
549;553;3.077
550;544;2.847
550;545;3.224
550;547;3.257
550;553;2.963
551;547;2.93
551;548;3.27
551;554;2.879
551;996;3.111
552;535;3.56
552;548;2.969
552;549;3.124
552;555;2.979
553;539;3.833
553;540;3.943
553;549;3.077
553;550;2.963
553;556;3.057
554;551;2.879
554;557;3.198
554;989;3.787
554;992;3.839
555;552;2.979
555;558;2.917
555;989;3.613
556;475;3.157
556;479;3.791
556;497;3.254
556;536;3.071
556;553;3.057
556;559;2.946
557;472;3.894
557;476;3.654
557;479;3.633
557;554;3.198
557;560;2.943
557;985;3.815
557;989;3.506
558;528;3.963
558;555;2.917
558;561;2.766
558;986;3.436
558;989;3.486
559;468;3.951
559;472;3.871
559;504;3.42
559;507;2.744
559;529;2.647
559;533;3.764
559;556;2.946
559;562;2.986
560;472;3.835
560;473;3.828
560;557;2.943
560;563;2.968
560;564;2.945
560;566;3.885
560;985;3.573
561;558;2.766
562;465;2.679
562;507;2.72
562;529;3.864
562;559;2.986
563;469;2.741
563;560;2.968
564;469;3.617
564;560;2.945
564;566;3.954
564;567;3.021
565;568;3.161
565;569;2.936
565;978;3.126
566;560;3.885
566;564;3.954
566;569;3.188
566;570;3.015
566;982;3.492
567;525;2.954
567;564;3.021
567;570;3.834
567;571;3.06
568;565;3.161
568;571;3.349
568;572;2.969
569;565;2.936
569;566;3.188
569;572;3.316
569;573;2.939
569;979;4.033
569;982;3.608
570;525;3.879
570;566;3.015
570;567;3.834
570;574;3.059
571;567;3.06
571;568;3.349
571;574;3.395
571;575;2.771
572;568;2.969
572;569;3.316
572;575;3.186
572;576;2.924
572;1093;3.569
573;569;2.939
573;576;3.194
573;577;3.078
573;1089;3.604
574;570;3.059
574;571;3.395
574;577;3.012
575;571;2.771
575;572;3.186
575;578;2.976
576;572;2.924
576;573;3.194
576;579;3.085
576;580;3.081
576;680;3.816
576;1089;3.484
576;1093;3.429
577;573;3.078
577;574;3.012
577;581;2.976
577;1089;3.865
578;575;2.976
578;581;3.026
579;576;3.085
579;680;3.946
580;576;3.081
580;583;3.27
580;584;2.872
580;676;3.584
580;1089;3.85
581;577;2.976
581;578;3.026
581;585;3.053
582;106;3.452
582;110;3.345
582;585;3.215
582;586;3.303
583;110;3.965
583;580;3.27
583;586;3.049
583;587;3.023
583;675;3.524
583;676;3.823
584;580;2.872
584;588;2.93
585;581;3.053
585;582;3.215
585;588;3.318
585;589;3.056
586;107;3.698
586;582;3.303
586;583;3.049
586;589;3.463
586;590;3.029
587;583;3.023
587;590;3.48
587;591;2.961
587;638;3.929
588;584;2.93
588;585;3.318
588;592;2.98
589;100;3.535
589;585;3.056
589;586;3.463
589;592;3.269
589;593;2.996
590;586;3.029
590;587;3.48
590;593;3.314
590;594;2.947
590;668;3.725
591;587;2.961
591;595;2.928
591;631;3.47
591;634;3.786
592;19;3.516
592;23;3.676
592;588;2.98
592;589;3.269
592;595;3.272
592;596;2.998
592;627;3.531
593;94;3.95
593;98;3.947
593;589;2.996
593;590;3.314
593;596;3.238
593;597;2.997
594;590;2.947
594;598;2.961
594;634;3.775
594;664;4.038
594;665;3.543
594;668;3.896
595;591;2.928
595;592;3.272
595;598;3.257
595;599;2.998
595;627;3.978
595;630;4.0
595;631;4.013
596;94;3.633
596;592;2.998
596;593;3.238
596;600;3.321
597;94;3.678
597;593;2.997
597;600;3.398
597;601;3.029
598;594;2.961
598;595;3.257
598;602;3.004
598;603;2.812
598;624;3.828
599;595;2.998
599;603;3.035
599;604;3.162
599;625;3.833
599;626;3.777
600;91;3.423
600;596;3.321
600;597;3.398
601;87;3.891
601;91;3.858
601;597;3.029
601;604;2.805
602;598;3.004
602;605;3.009
602;606;3.578
602;620;3.508
602;624;4.099
602;658;3.414
602;661;4.0
603;598;2.812
603;599;3.035
603;620;3.771
604;599;3.162
604;601;2.805
605;602;3.009
605;617;4.12
605;620;2.976
606;602;3.578
606;618;3.075
606;620;2.978
606;646;3.815
606;647;3.381
606;654;2.797
606;658;3.529
607;616;2.651
607;617;3.372
607;647;3.69
607;648;2.917
608;611;3.0
608;612;2.889
608;613;2.833
608;614;2.745
609;647;4.152
609;648;2.764
609;650;3.669
610;613;3.839
611;608;3.0
611;616;3.988
612;608;2.889
613;608;2.833
613;610;3.839
613;1023;3.953
614;608;2.745
615;621;3.54
616;607;2.651
616;611;3.988
617;605;4.12
617;607;3.372
617;621;3.438
618;606;3.075
618;621;3.208
618;622;3.112
618;645;2.862
618;646;3.547
619;622;3.051
619;623;2.829
619;644;3.893
620;602;3.508
620;603;3.771
620;605;2.976
620;606;2.978
620;624;3.671
620;646;3.606
621;615;3.54
621;617;3.438
621;618;3.208
621;625;3.626
622;618;3.112
622;619;3.051
622;629;4.026
622;1059;3.992
622;1063;3.669
623;619;2.829
623;629;4.036
623;632;3.938
623;633;3.869
623;1054;3.435
623;1058;3.937
624;598;3.828
624;602;4.099
624;620;3.671
624;629;3.706
624;633;3.664
624;646;4.027
625;599;3.833
625;621;3.626
625;1067;2.726
626;599;3.777
626;629;2.871
626;630;2.948
626;1070;2.885
627;25;3.377
627;592;3.531
627;595;3.978
627;630;3.457
627;631;2.946
628;631;3.069
628;632;2.982
628;1070;3.873
628;1073;3.979
628;1074;3.682
628;1077;3.74
629;622;4.026
629;623;4.036
629;624;3.706
629;626;2.871
629;632;3.337
629;633;3.001
629;1073;3.019
630;595;4.0
630;626;2.948
630;627;3.457
630;634;2.966
631;591;3.47
631;595;4.013
631;627;2.946
631;628;3.069
631;634;3.48
631;635;2.974
632;623;3.938
632;628;2.982
632;629;3.337
632;635;3.277
632;636;3.05
632;1058;3.989
632;1077;3.583
633;623;3.869
633;624;3.664
633;629;3.001
633;636;3.141
633;637;3.015
633;643;3.785
634;591;3.786
634;594;3.775
634;630;2.966
634;631;3.48
634;637;3.383
634;638;2.991
635;631;2.974
635;632;3.277
635;638;3.063
635;639;3.224
635;1050;3.933
635;1053;3.501
635;1077;3.695
635;1084;3.914
636;632;3.05
636;633;3.141
636;642;2.861
636;1054;3.534
637;633;3.015
637;634;3.383
637;640;2.967
637;662;3.41
637;665;3.579
637;666;3.957
638;587;3.929
638;634;2.991
638;635;3.063
638;669;3.786
639;635;3.224
639;1050;3.495
640;637;2.967
640;662;2.878
640;666;3.994
641;212;3.498
641;214;3.776
641;1050;3.822
641;1051;2.754
641;1052;2.827
642;209;3.717
642;214;3.398
642;215;5.703
642;636;2.861
642;662;3.878
642;1055;3.9
643;633;3.785
643;646;3.505
643;662;3.275
644;619;3.893
644;1055;3.507
645;618;2.862
645;1009;3.834
646;606;3.815
646;618;3.547
646;620;3.606
646;624;4.027
646;643;3.505
646;655;3.341
646;658;3.448
647;606;3.381
647;607;3.69
647;609;4.152
647;651;3.379
647;655;2.981
648;607;2.917
648;609;2.764
648;655;3.723
649;1010;3.38
650;609;3.669
651;647;3.379
651;654;2.783
651;655;3.083
652;656;2.953
653;656;3.302
653;657;3.007
654;606;2.797
654;651;2.783
654;657;3.237
654;658;3.095
655;646;3.341
655;647;2.981
655;648;3.723
655;651;3.083
655;658;3.393
655;659;2.913
656;652;2.953
656;653;3.302
656;659;3.286
656;660;3.012
657;653;3.007
657;654;3.237
657;660;3.468
657;661;3.344
658;602;3.414
658;606;3.529
658;646;3.448
658;654;3.095
658;655;3.393
658;661;3.464
658;662;2.942
659;205;3.816
659;655;2.913
659;656;3.286
659;662;3.271
659;663;2.962
660;656;3.012
660;657;3.468
660;663;3.422
660;664;3.02
661;602;4.0
661;657;3.344
661;658;3.464
661;664;3.299
661;665;2.988
662;637;3.41
662;640;2.878
662;642;3.878
662;643;3.275
662;658;2.942
662;659;3.271
662;665;3.301
662;666;2.987
663;208;3.494
663;659;2.962
663;660;3.422
663;666;3.418
663;667;2.996
664;594;4.038
664;660;3.02
664;661;3.299
664;667;3.488
664;668;3.007
665;594;3.543
665;637;3.579
665;661;2.988
665;662;3.301
665;669;2.956
666;212;3.661
666;637;3.957
666;640;3.994
666;662;2.987
666;663;3.418
666;670;2.928
667;208;3.904
667;663;2.996
667;664;3.488
667;670;3.448
667;671;3.036
668;590;3.725
668;594;3.896
668;664;3.007
668;671;3.421
668;672;2.995
669;638;3.786
669;665;2.956
669;672;3.161
669;673;2.93
670;666;2.928
670;667;3.448
670;673;3.249
670;674;2.982
671;114;3.824
671;667;3.036
671;668;3.421
671;675;3.031
672;668;2.995
672;669;3.161
672;675;3.352
672;676;2.916
673;669;2.93
673;670;3.249
673;676;3.147
673;677;3.082
674;248;3.632
674;249;3.75
674;670;2.982
674;678;3.021
675;583;3.524
675;671;3.031
675;672;3.352
675;678;3.47
675;679;2.899
676;580;3.584
676;583;3.823
676;672;2.916
676;673;3.147
676;679;3.399
676;680;3.141
676;1092;3.387
677;249;3.68
677;253;3.706
677;673;3.082
677;680;3.468
677;681;2.943
677;1092;3.553
677;1095;3.768
677;1379;6.393
678;252;3.811
678;253;3.985
678;256;3.665
678;674;3.021
678;675;3.47
678;681;3.33
678;682;2.954
679;675;2.899
679;676;3.399
679;683;3.08
680;576;3.816
680;579;3.946
680;676;3.141
680;677;3.468
680;683;3.333
680;684;2.995
680;1092;3.624
680;1093;3.734
680;1096;3.57
681;253;3.466
681;677;2.943
681;678;3.33
681;684;3.468
681;685;2.967
681;1096;3.988
681;1099;3.509
682;257;3.924
682;678;2.954
682;685;3.347
682;686;3.059
683;679;3.08
683;680;3.333
683;686;3.136
683;687;3.136
684;680;2.995
684;681;3.468
684;687;2.955
684;688;3.008
684;1096;3.423
684;1100;3.464
685;257;3.826
685;681;2.967
685;682;3.347
685;1100;3.609
685;1103;3.253
686;682;3.059
686;683;3.136
687;683;3.136
687;684;2.955
688;293;3.037
688;684;3.008
688;1100;3.531
689;1104;3.885
690;1103;3.677
691;700;3.767
691;1107;2.81
691;1108;2.765
692;274;3.632
692;700;3.74
692;1107;2.764
693;263;4.011
693;696;2.828
693;700;3.919
693;1110;3.714
694;700;3.185
694;701;3.629
694;1110;3.398
694;1111;2.909
695;714;2.67
695;1117;2.926
696;274;3.925
696;693;2.828
697;265;3.723
698;274;3.789
698;279;2.689
699;279;3.407
699;283;2.954
699;288;3.784
700;691;3.767
700;692;3.74
700;693;3.919
700;694;3.185
701;278;2.955
701;288;3.617
701;694;3.629
702;288;2.961
703;716;2.85
704;714;3.773
704;715;3.912
704;1115;3.76
705;708;3.957
706;1112;3.805
706;1113;3.668
706;1114;3.778
707;710;3.856
707;1113;3.401
707;1114;3.543
708;705;3.957
708;821;2.84
708;822;3.862
709;821;3.758
709;824;2.841
709;825;2.771
710;707;3.856
710;713;3.86
710;1114;2.714
711;792;3.63
711;799;3.449
712;1116;3.463
712;1119;2.752
713;710;3.86
713;1116;3.882
714;695;2.67
714;704;3.773
714;1115;3.346
715;704;3.912
715;718;3.309
715;798;3.54
716;703;2.85
717;285;3.88
717;726;2.8
718;715;3.309
718;726;3.911
719;726;3.797
719;727;2.887
720;802;3.88
720;803;3.737
720;805;3.374
720;806;3.885
721;724;2.954
722;802;3.873
723;805;2.737
724;721;2.954
725;727;2.918
725;729;3.364
726;286;2.771
726;287;3.175
726;717;2.8
726;718;3.911
726;719;3.797
727;719;2.887
727;725;2.918
727;806;2.643
728;730;2.927
728;731;2.939
728;733;3.572
728;742;2.817
729;725;3.364
730;728;2.927
731;728;2.939
732;734;3.079
733;728;3.572
733;742;3.76
734;732;3.079
735;738;4.028
736;737;2.904
736;739;3.697
737;736;2.904
738;735;4.028
738;743;3.641
739;736;3.697
740;743;2.99
741;754;2.783
742;728;2.817
742;733;3.76
743;738;3.641
743;740;2.99
744;749;3.363
744;754;2.683
744;756;4.025
745;749;3.339
745;756;3.969
745;763;4.143
746;763;3.414
746;765;2.806
746;766;2.765
746;767;3.123
747;762;3.797
748;762;2.985
748;765;2.78
749;744;3.363
749;745;3.339
749;756;3.326
750;753;4.029
751;753;3.053
752;759;2.807
753;750;4.029
753;751;3.053
754;741;2.783
754;744;2.683
754;758;4.021
754;759;3.957
755;760;3.854
755;762;3.002
756;744;4.025
756;745;3.969
756;749;3.326
757;761;2.841
758;754;4.021
759;752;2.807
759;754;3.957
760;755;3.854
761;757;2.841
761;764;2.952
762;747;3.797
762;748;2.985
762;755;3.002
762;765;2.772
763;745;4.143
763;746;3.414
763;767;2.754
764;761;2.952
765;746;2.806
765;748;2.78
765;762;2.772
766;746;2.765
767;746;3.123
767;763;2.754
767;771;3.817
768;771;3.317
768;772;3.655
768;773;3.523
769;770;2.947
770;769;2.947
771;767;3.817
771;768;3.317
772;768;3.655
773;768;3.523
774;778;3.51
774;779;2.884
775;783;2.815
776;782;2.953
777;780;3.779
778;774;3.51
778;781;3.167
779;774;2.884
780;777;3.779
780;785;2.807
781;778;3.167
781;784;2.952
782;776;2.953
782;788;2.801
782;1122;2.666
783;775;2.815
784;781;2.952
785;780;2.807
786;794;3.488
786;1122;3.381
787;790;2.742
787;1122;3.054
787;1123;3.335
788;782;2.801
789;791;2.714
790;787;2.742
791;789;2.714
792;711;3.63
793;795;3.409
793;796;3.137
793;797;3.744
794;786;3.488
795;793;3.409
796;793;3.137
796;800;2.98
796;801;2.864
797;793;3.744
797;801;3.495
797;802;3.224
798;715;3.54
799;711;3.449
799;802;3.207
799;803;2.974
800;796;2.98
801;796;2.864
801;797;3.495
801;804;3.122
802;720;3.88
802;722;3.873
802;797;3.224
802;799;3.207
803;720;3.737
803;799;2.974
804;801;3.122
805;720;3.374
805;723;2.737
805;806;3.605
806;720;3.885
806;727;2.643
806;805;3.605
807;808;2.955
807;809;3.792
808;807;2.955
809;807;3.792
810;812;3.831
810;817;3.219
811;816;3.701
812;810;3.831
812;817;2.841
813;816;3.521
814;816;3.039
815;818;3.022
816;811;3.701
816;813;3.521
816;814;3.039
817;810;3.219
817;812;2.841
818;815;3.022
818;819;2.972
818;820;3.786
819;818;2.972
820;818;3.786
821;708;2.84
821;709;3.758
822;708;3.862
822;824;3.052
823;832;3.921
823;835;3.89
824;709;2.841
824;822;3.052
824;827;3.696
825;709;2.771
826;830;3.834
827;824;3.696
828;831;2.952
829;833;2.639
829;906;2.736
829;907;3.902
830;826;3.834
831;828;2.952
832;823;3.921
832;834;3.006
832;836;2.818
832;837;2.927
833;829;2.639
834;832;3.006
834;836;3.107
835;823;3.89
836;832;2.818
836;834;3.107
837;832;2.927
838;840;3.957
838;841;3.671
839;842;2.807
840;838;3.957
841;838;3.671
841;845;3.661
842;839;2.807
842;845;2.738
842;901;2.88
842;902;2.806
843;846;3.057
844;849;3.826
844;895;3.962
844;898;3.383
844;899;3.568
845;841;3.661
845;842;2.738
846;843;3.057
846;849;2.912
846;850;2.958
847;851;3.049
848;851;3.494
848;852;2.897
849;844;3.826
849;846;2.912
849;852;3.265
849;853;2.97
850;846;2.958
850;853;3.414
850;854;3.196
850;958;3.126
851;847;3.049
851;848;3.494
851;854;3.432
851;855;3.017
852;848;2.897
852;849;3.265
852;855;3.312
852;856;2.929
853;849;2.97
853;850;3.414
853;856;3.371
853;857;2.955
853;892;3.748
853;895;3.759
854;850;3.196
854;851;3.432
854;857;3.379
854;858;2.952
854;958;3.431
855;851;3.017
855;852;3.312
855;858;3.221
855;859;2.98
856;852;2.929
856;853;3.371
856;860;2.959
856;892;4.003
857;853;2.955
857;854;3.379
857;861;2.891
857;888;3.969
857;892;3.38
857;951;3.714
857;955;3.779
858;854;2.952
858;855;3.221
858;861;3.191
858;862;2.982
859;855;2.98
859;862;3.094
859;863;3.01
860;856;2.959
860;863;3.416
860;864;2.956
860;951;3.608
861;857;2.891
861;858;3.191
861;865;3.003
862;858;2.982
862;859;3.094
862;865;3.405
862;866;2.953
863;859;3.01
863;860;3.416
863;866;2.974
863;867;3.228
864;860;2.956
864;949;3.928
864;952;4.031
865;861;3.003
865;862;3.405
865;869;3.656
865;1287;3.936
866;862;2.953
866;863;2.974
866;869;3.074
866;870;3.028
866;873;3.487
866;877;3.834
867;863;3.228
867;874;2.787
867;942;2.695
868;871;3.341
868;874;2.671
868;1290;3.351
868;1344;3.057
869;865;3.656
869;866;3.074
869;1310;3.736
870;866;3.028
870;873;2.961
870;874;3.022
871;868;3.341
871;874;3.187
871;875;3.002
871;1345;4.026
872;875;2.639
873;866;3.487
873;870;2.961
873;876;3.288
873;877;2.959
874;867;2.787
874;868;2.671
874;870;3.022
874;871;3.187
874;878;3.024
874;1343;3.847
875;871;3.002
875;872;2.639
875;1345;3.501
876;873;3.288
877;866;3.834
877;873;2.959
877;880;3.114
877;881;3.028
878;874;3.024
878;882;2.755
879;883;3.022
880;877;3.114
880;883;3.375
880;884;2.989
881;877;3.028
881;884;2.986
881;885;3.281
882;878;2.755
882;885;2.991
882;886;3.03
882;942;2.877
882;945;3.781
883;879;3.022
883;880;3.375
883;886;2.924
883;887;2.941
884;880;2.989
884;881;2.986
884;888;2.921
885;881;3.281
885;882;2.991
885;889;3.006
885;948;3.87
886;882;3.03
886;883;2.924
886;889;3.395
886;890;3.035
887;883;2.941
887;891;2.971
888;857;3.969
888;884;2.921
888;891;3.258
888;892;2.939
888;948;4.029
888;951;3.585
889;885;3.006
889;886;3.395
889;893;2.979
889;948;3.844
890;886;3.035
890;894;3.028
891;887;2.971
891;888;3.258
891;894;4.034
891;895;2.938
892;853;3.748
892;856;4.003
892;857;3.38
892;888;2.939
892;896;3.001
892;954;3.662
893;889;2.979
893;896;3.184
893;897;2.955
893;921;3.944
893;925;3.746
894;890;3.028
894;891;4.034
894;897;3.434
894;898;2.949
895;844;3.962
895;853;3.759
895;891;2.938
895;898;3.486
895;899;2.741
895;954;3.624
896;892;3.001
896;893;3.184
896;900;2.981
896;908;2.9
896;918;3.843
896;922;4.038
897;893;2.955
897;894;3.434
897;900;3.375
897;901;3.0
898;844;3.383
898;894;2.949
898;895;3.486
898;901;4.022
898;902;2.969
899;844;3.568
899;895;2.741
899;902;3.447
899;903;3.05
899;908;3.786
899;917;2.678
900;896;2.981
900;897;3.375
900;903;3.013
900;904;2.908
900;908;3.596
900;909;3.523
901;842;2.88
901;897;3.0
901;898;4.022
902;842;2.806
902;898;2.969
902;899;3.447
903;899;3.05
903;900;3.013
903;907;2.91
903;911;3.691
903;914;3.614
904;900;2.908
904;907;2.948
904;908;2.976
905;909;3.051
906;829;2.736
906;909;3.08
906;910;2.887
907;829;3.902
907;903;2.91
907;904;2.948
908;896;2.9
908;899;3.786
908;900;3.596
908;904;2.976
908;911;3.046
909;900;3.523
909;905;3.051
909;906;3.08
909;915;3.56
909;918;5.806
910;906;2.887
911;903;3.691
911;908;3.046
911;914;3.027
911;915;2.923
912;916;2.981
913;916;3.405
913;917;2.991
913;957;3.168
913;963;3.998
913;966;3.958
914;903;3.614
914;911;3.027
914;917;3.236
914;918;2.979
915;909;3.56
915;911;2.923
915;918;5.763
915;919;2.965
916;912;2.981
916;913;3.405
916;919;3.243
917;899;2.678
917;913;2.991
917;914;3.236
917;954;2.958
917;957;2.818
918;896;3.843
918;909;5.806
918;914;2.979
918;915;5.763
918;921;3.034
918;922;2.971
919;915;2.965
919;916;3.243
919;923;3.031
920;950;3.975
920;954;3.732
921;893;3.944
921;918;3.034
921;924;3.262
921;925;3.098
922;896;4.038
922;918;2.971
922;925;2.855
922;926;2.91
923;919;3.031
923;927;2.965
923;947;3.695
924;921;3.262
924;927;4.009
924;928;3.05
924;948;2.893
925;893;3.746
925;921;3.098
925;922;2.855
925;928;3.334
925;929;2.98
926;922;2.91
926;929;3.208
926;930;2.993
927;923;2.965
927;924;4.009
927;930;3.484
927;931;2.994
928;924;3.05
928;925;3.334
928;931;3.28
928;932;2.984
928;941;3.755
929;925;2.98
929;926;3.208
929;932;3.2
929;933;2.934
930;926;2.993
930;927;3.484
930;933;3.181
930;934;2.964
931;927;2.994
931;928;3.28
931;936;3.045
931;940;3.323
931;941;3.346
931;944;3.677
932;928;2.984
932;929;3.2
932;935;3.001
933;929;2.934
933;930;3.181
934;930;2.964
935;932;3.001
936;931;3.045
937;940;3.781
937;941;3.199
938;941;3.468
938;942;3.003
939;942;2.726
939;943;3.249
940;931;3.323
940;937;3.781
940;943;3.357
940;944;2.997
941;928;3.755
941;931;3.346
941;937;3.199
941;938;3.468
941;945;2.977
942;867;2.695
942;882;2.877
942;938;3.003
942;939;2.726
942;1342;3.836
943;939;3.249
943;940;3.357
943;946;3.054
943;1292;3.879
943;1339;3.006
943;1340;3.683
943;1341;3.149
944;931;3.677
944;940;2.997
945;882;3.781
945;941;2.977
945;948;2.741
946;943;3.054
946;949;2.754
946;950;3.32
946;1288;3.599
947;923;3.695
947;950;2.982
