source;destination;distance
0;3;2.747
0;4;2.959
1;47;3.594
2;7;3.699
2;48;3.789
3;0;2.747
4;0;2.959
4;7;3.154
4;8;2.953
5;9;2.969
6;10;2.969
7;2;3.699
7;4;3.154
7;10;3.16
7;11;2.975
7;43;3.944
7;47;3.723
8;4;2.953
8;12;2.979
9;5;2.969
9;13;2.932
10;6;2.969
10;7;3.16
10;13;3.473
10;14;2.945
11;7;2.975
11;14;3.454
11;15;3.008
11;44;3.55
12;8;2.979
12;16;2.972
12;104;3.944
13;9;2.932
13;10;3.473
13;16;3.45
13;17;2.949
14;10;2.945
14;11;3.454
14;18;3.009
14;37;3.638
15;11;3.008
15;19;2.979
15;37;3.65
15;99;3.671
15;100;3.536
16;12;2.972
16;13;3.45
16;19;3.135
16;20;3.086
17;13;2.949
17;20;3.281
17;21;2.978
18;14;3.009
18;22;2.959
18;37;3.151
18;96;3.626
19;15;2.979
19;16;3.135
19;22;3.217
19;97;3.514
19;607;3.525
20;16;3.086
20;17;3.281
21;17;2.978
21;24;2.986
21;30;3.593
21;33;3.411
22;18;2.959
22;19;3.217
22;93;4.012
23;607;3.809
24;21;2.986
24;27;4.052
25;614;3.269
25;641;3.696
25;642;3.242
26;30;3.83
27;24;4.052
27;30;2.851
28;31;2.735
28;32;3.021
29;32;3.298
29;33;2.98
30;21;3.593
30;26;3.83
30;27;2.851
30;33;3.381
30;34;2.992
31;28;2.735
31;34;3.47
31;35;2.999
32;28;3.021
32;29;3.298
32;36;2.985
33;21;3.411
33;29;2.98
33;30;3.381
33;36;3.268
33;37;2.943
34;30;2.992
34;31;3.47
34;37;3.37
34;38;2.938
34;93;2.814
34;96;3.206
35;31;2.999
35;38;3.38
35;39;2.972
35;81;3.716
36;32;2.985
36;33;3.268
36;39;3.351
36;40;3.01
37;14;3.638
37;15;3.65
37;18;3.151
37;33;2.943
37;34;3.37
37;40;2.985
37;41;2.866
37;96;3.442
38;34;2.938
38;35;3.38
38;42;2.984
38;80;2.782
39;35;2.972
39;36;3.351
39;42;3.186
39;43;2.98
40;36;3.01
40;37;2.985
40;43;3.495
40;44;2.913
41;37;2.866
41;45;2.947
41;73;3.487
41;99;3.425
42;38;2.984
42;39;3.186
42;45;3.352
42;46;2.979
43;7;3.944
43;39;2.98
43;40;3.495
43;46;3.414
43;47;3.063
44;11;3.55
44;40;2.913
44;47;3.241
44;48;2.687
44;99;2.756
45;41;2.947
45;42;3.352
45;49;2.991
45;56;3.968
45;73;3.916
46;42;2.979
46;43;3.414
46;50;3.083
46;51;3.965
47;1;3.594
47;7;3.723
47;43;3.063
47;44;3.241
48;2;3.789
48;44;2.687
48;66;3.15
48;69;2.7
49;45;2.991
49;56;3.957
49;59;3.789
49;66;3.635
50;46;3.083
50;55;3.598
51;46;3.965
52;55;3.048
52;58;3.463
53;56;2.976
54;57;3.009
55;50;3.598
55;52;3.048
55;58;2.987
56;45;3.968
56;49;3.957
56;53;2.976
56;59;3.042
57;54;3.009
57;60;3.022
58;52;3.463
58;55;2.987
58;61;3.008
59;49;3.789
59;56;3.042
59;62;2.964
59;63;3.804
59;66;3.552
59;70;3.757
60;57;3.022
61;58;3.008
62;59;2.964
63;59;3.804
63;66;3.355
63;67;2.919
64;67;3.457
64;68;3.035
65;68;3.051
65;69;3.064
65;108;3.432
65;111;3.901
66;48;3.15
66;49;3.635
66;59;3.552
66;63;3.355
66;69;3.997
66;70;2.951
67;63;2.919
67;64;3.457
67;70;3.341
67;71;2.928
68;64;3.035
68;65;3.051
68;72;2.987
68;101;3.798
69;48;2.7
69;65;3.064
69;66;3.997
69;73;2.977
69;99;2.808
69;102;3.217
70;59;3.757
70;66;2.951
70;67;3.341
70;73;3.135
70;74;2.971
71;67;2.928
71;74;3.307
71;75;2.964
72;68;2.987
72;76;2.921
72;95;3.576
73;41;3.487
73;45;3.916
73;69;2.977
73;70;3.135
73;76;3.449
73;77;2.898
74;70;2.971
74;71;3.307
74;77;3.403
74;78;3.011
75;71;2.964
75;78;3.464
75;79;2.976
75;89;3.503
75;92;3.308
76;72;2.921
76;73;3.449
76;79;2.999
76;80;2.859
77;73;2.898
77;74;3.403
77;81;2.959
78;74;3.011
78;75;3.464
78;82;3.004
79;75;2.976
79;76;2.999
79;83;3.98
79;89;2.752
80;38;2.782
80;76;2.859
80;83;3.223
80;96;3.593
81;35;3.716
81;77;2.959
82;78;3.004
82;84;2.988
83;79;3.98
83;80;3.223
83;90;2.91
83;93;3.563
84;82;2.988
85;89;3.735
86;89;3.14
87;90;2.873
87;91;3.181
87;616;3.904
88;91;3.139
89;75;3.503
89;79;2.752
89;85;3.735
89;86;3.14
89;92;2.999
90;83;2.91
90;87;2.873
91;87;3.181
91;88;3.139
91;94;3.014
91;615;3.42
91;616;3.858
92;75;3.308
92;89;2.999
92;95;2.876
93;22;4.012
93;34;2.814
93;83;3.563
93;96;2.915
94;91;3.014
94;97;2.873
94;608;3.967
94;611;3.626
94;612;3.688
95;72;3.576
95;92;2.876
95;98;3.143
95;99;3.036
96;18;3.626
96;34;3.206
96;37;3.442
96;80;3.593
96;93;2.915
96;99;3.175
97;19;3.514
97;94;2.873
97;100;2.991
98;95;3.143
98;101;2.726
98;608;3.972
99;15;3.671
99;41;3.425
99;44;2.756
99;69;2.808
99;95;3.036
99;96;3.175
99;102;2.793
99;103;3.436
100;15;3.536
100;97;2.991
100;103;2.99
100;104;2.961
100;107;3.641
100;604;3.511
101;68;3.798
101;98;2.726
101;107;4.029
101;111;3.795
102;69;3.217
102;99;2.793
102;108;2.803
103;99;3.436
103;100;2.99
104;12;3.944
104;100;2.961
104;107;3.086
104;108;2.975
105;108;3.43
105;109;2.946
106;110;3.124
106;597;3.465
107;100;3.641
107;101;4.029
107;104;3.086
107;110;3.416
107;111;3.004
107;601;3.684
108;65;3.432
108;102;2.803
108;104;2.975
108;105;3.43
108;111;3.429
108;112;2.971
109;105;2.946
109;112;3.3
109;113;3.027
110;106;3.124
110;107;3.416
110;113;3.138
110;114;2.994
110;597;3.348
110;598;3.981
111;65;3.901
111;101;3.795
111;107;3.004
111;108;3.429
111;114;3.263
111;115;3.018
112;108;2.971
112;109;3.3
112;115;3.446
112;116;2.999
113;109;3.027
113;110;3.138
113;116;3.212
113;117;3.03
114;110;2.994
114;111;3.263
114;117;3.089
114;118;3.27
114;686;3.812
115;111;3.018
115;112;3.446
115;118;2.961
116;112;2.999
116;113;3.212
116;119;2.821
116;259;3.845
117;113;3.03
117;114;3.089
117;120;3.147
117;121;3.01
118;114;3.27
118;115;2.961
118;122;2.996
119;116;2.821
119;263;2.726
120;117;3.147
120;123;3.497
120;259;3.441
120;262;2.632
120;263;2.798
121;117;3.01
121;124;3.298
121;125;2.934
121;256;3.974
122;118;2.996
122;126;2.99
123;120;3.497
123;126;3.166
123;127;3.097
123;1251;3.482
123;1252;2.956
124;121;3.298
124;127;3.429
124;128;3.169
124;248;3.556
124;252;3.968
124;1255;3.888
125;121;2.934
125;128;3.338
125;129;2.934
126;122;2.99
126;123;3.166
126;129;3.307
126;130;2.994
127;123;3.097
127;124;3.429
127;130;3.879
127;131;2.962
127;1246;3.987
127;1252;3.928
127;1255;3.764
128;124;3.169
128;125;3.338
128;131;3.299
128;132;2.894
128;248;3.271
129;125;2.934
129;126;3.307
129;132;3.47
129;133;3.012
130;126;2.994
130;127;3.879
130;133;3.459
130;134;2.943
130;1242;3.671
130;1245;3.423
130;1246;3.557
131;127;2.962
131;128;3.299
131;134;3.459
131;135;2.862
132;128;2.894
132;129;3.47
132;136;2.978
132;208;3.774
132;211;4.011
133;129;3.012
133;130;3.459
133;136;3.192
133;137;2.998
133;1153;4.021
134;130;2.943
134;131;3.459
134;137;3.341
134;138;2.987
134;1153;3.701
134;1242;3.856
135;131;2.862
135;139;2.943
135;211;3.575
135;237;3.704
135;241;3.723
135;244;3.683
136;132;2.978
136;133;3.192
136;140;2.925
136;204;3.824
136;208;3.932
137;133;2.998
137;134;3.341
137;140;3.241
137;141;3.139
137;204;3.873
137;1239;3.948
138;134;2.987
138;141;3.088
138;142;3.496
138;237;3.553
138;1236;3.559
138;1239;3.907
139;135;2.943
139;142;3.447
139;143;2.965
139;201;3.679
140;136;2.925
140;137;3.241
140;144;3.688
140;202;3.934
140;203;3.55
140;204;3.92
141;137;3.139
141;138;3.088
141;1236;3.918
141;1239;3.372
142;138;3.496
142;139;3.447
142;1232;3.619
142;1236;3.856
143;139;2.965
143;224;3.053
143;234;3.437
143;237;3.615
143;238;5.929
144;140;3.688
144;202;3.912
145;150;2.75
145;197;3.013
146;191;3.055
146;195;3.825
146;197;3.524
147;150;2.948
147;151;3.865
147;192;3.846
147;195;2.796
148;195;2.879
148;198;3.946
148;202;2.659
149;154;2.835
149;155;3.991
150;145;2.75
150;147;2.948
150;154;3.416
150;192;2.842
151;147;3.865
151;187;3.37
151;190;2.941
152;187;3.646
153;185;2.738
154;149;2.835
154;150;3.416
155;149;3.991
156;159;3.989
157;159;3.66
158;161;3.776
158;170;3.608
158;182;3.656
159;156;3.989
159;157;3.66
160;171;3.344
160;181;3.983
160;182;2.836
161;158;3.776
161;170;3.608
162;170;3.02
162;171;3.446
163;165;2.716
164;166;3.41
165;163;2.716
166;164;3.41
167;173;2.646
168;173;3.79
168;176;2.878
169;172;3.655
169;173;2.894
169;180;3.294
169;182;3.933
170;158;3.608
170;161;3.608
170;162;3.02
171;160;3.344
171;162;3.446
172;169;3.655
172;175;3.135
173;167;2.646
173;168;3.79
173;169;2.894
173;178;3.285
174;176;3.044
175;172;3.135
175;177;3.694
176;168;2.878
176;174;3.044
177;175;3.694
178;173;3.285
178;180;3.029
179;184;4.159
180;169;3.294
180;178;3.029
180;183;3.245
181;160;3.983
182;158;3.656
182;160;2.836
182;169;3.933
183;180;3.245
184;179;4.159
185;153;2.738
186;1004;4.859
186;1006;3.558
187;151;3.37
187;152;3.646
187;190;3.391
188;1008;4.074
189;192;3.942
189;1005;3.55
190;151;2.941
190;187;3.391
190;192;2.989
191;146;3.055
192;147;3.846
192;150;2.842
192;189;3.942
192;190;2.989
193;196;3.228
193;1005;3.983
194;1003;2.861
194;1005;3.517
195;146;3.825
195;147;2.796
195;148;2.879
195;198;3.189
196;193;3.228
196;227;3.502
197;145;3.013
197;146;3.524
198;148;3.946
198;195;3.189
198;201;3.009
198;202;3.014
198;206;3.545
199;206;3.302
200;206;3.383
200;224;3.485
201;139;3.679
201;198;3.009
201;207;3.533
201;210;3.515
201;224;3.096
201;238;3.998
202;140;3.934
202;144;3.912
202;148;2.659
202;198;3.014
203;140;3.55
203;206;2.781
203;207;2.968
204;136;3.824
204;137;3.873
204;140;3.92
204;208;2.952
205;209;2.995
206;198;3.545
206;199;3.302
206;200;3.383
206;203;2.781
206;209;3.265
206;210;2.959
207;201;3.533
207;203;2.968
207;210;3.25
207;211;2.949
208;132;3.774
208;136;3.932
208;204;2.952
208;212;2.94
209;205;2.995
209;206;3.265
209;212;3.065
209;213;2.963
209;674;3.835
210;201;3.515
210;206;2.959
210;207;3.25
210;213;3.367
210;214;2.948
211;132;4.011
211;135;3.575
211;207;2.949
211;214;3.48
211;215;2.948
212;208;2.94
212;209;3.065
212;215;3.246
212;216;2.941
212;678;3.435
212;681;4.033
212;682;3.932
213;209;2.963
213;210;3.367
213;217;2.969
213;218;2.832
213;219;3.841
213;657;3.68
214;210;2.948
214;211;3.48
214;217;3.08
214;220;3.482
214;238;3.622
214;241;3.75
214;242;3.657
215;211;2.948
215;212;3.246
216;212;2.941
216;681;3.628
217;213;2.969
217;214;3.08
217;1317;3.13
217;1319;2.992
218;213;2.832
218;656;3.775
218;657;3.422
219;213;3.841
219;222;3.293
219;223;3.009
219;657;5.755
220;214;3.482
220;224;3.064
220;225;3.131
220;238;3.687
220;242;3.364
220;1310;3.407
220;1313;6.198
220;1314;3.154
221;225;3.131
221;226;2.992
221;1310;3.797
221;1314;3.429
221;1349;3.498
221;1350;2.774
221;1351;3.258
222;219;3.293
222;1324;3.446
222;1351;3.387
223;219;3.009
223;226;3.069
224;143;3.053
224;200;3.485
224;201;3.096
224;220;3.064
224;234;2.836
224;238;6.169
225;220;3.131
225;221;3.131
225;228;2.957
225;235;3.354
225;1310;3.176
225;1349;3.477
226;221;2.992
226;223;3.069
226;1300;3.742
226;1349;3.382
227;196;3.502
228;225;2.957
228;230;2.926
228;231;3.139
228;234;3.6
229;231;3.059
229;1307;3.677
229;1345;2.876
229;1348;3.469
230;228;2.926
230;234;3.019
231;228;3.139
231;229;3.059
231;234;2.974
231;235;2.944
231;1346;3.795
231;1347;3.741
232;235;3.624
232;236;2.918
232;1344;2.83
232;1346;2.769
233;1229;3.736
233;1232;3.801
233;1233;3.289
233;1346;2.954
234;143;3.437
234;224;2.836
234;228;3.6
234;230;3.019
234;231;2.974
234;237;3.039
234;238;3.31
235;225;3.354
235;231;2.944
235;232;3.624
235;238;3.288
235;239;2.941
235;1310;3.526
235;1347;4.059
236;232;2.918
236;240;2.972
237;135;3.704
237;138;3.553
237;143;3.615
237;234;3.039
237;240;3.17
237;241;2.965
238;143;5.929
238;201;3.998
238;214;3.622
238;220;3.687
238;224;6.169
238;234;3.31
238;235;3.288
238;241;3.144
238;242;2.962
239;235;2.941
239;242;3.195
239;243;2.973
239;1313;3.92
240;236;2.972
240;237;3.17
240;244;2.938
241;135;3.723
241;214;3.75
241;237;2.965
241;238;3.144
241;245;2.903
242;214;3.657
242;220;3.364
242;238;2.962
242;239;3.195
242;245;3.473
242;246;2.934
242;1313;3.376
243;239;2.973
243;247;2.958
243;1313;3.364
244;135;3.683
244;240;2.938
244;248;2.907
245;241;2.903
245;242;3.473
245;249;2.938
246;242;2.934
246;249;3.406
246;250;2.959
247;243;2.958
247;250;3.415
247;251;2.939
247;1259;3.659
247;1266;3.481
248;124;3.556
248;128;3.271
248;244;2.907
248;251;3.241
248;252;2.895
249;245;2.938
249;246;3.406
249;252;3.289
249;253;2.95
250;246;2.959
250;247;3.415
250;253;3.815
250;254;3.003
250;1377;3.771
251;247;2.939
251;248;3.241
251;254;3.628
251;255;2.9
251;1255;3.11
251;1258;3.814
252;124;3.968
252;248;2.895
252;249;3.289
252;255;3.136
252;256;2.956
252;689;3.819
253;249;2.95
253;250;3.815
253;257;3.077
253;689;3.737
253;692;3.667
253;1374;3.538
254;250;3.003
254;251;3.628
254;258;2.922
254;1377;4.012
254;1378;3.941
254;1381;3.479
255;251;2.9
255;252;3.136
255;259;2.937
256;121;3.974
256;252;2.956
256;259;3.385
256;260;3.085
256;693;3.811
257;253;3.077
257;260;3.218
257;261;3.074
257;692;3.667
257;693;3.97
257;696;3.447
257;1378;3.466
258;254;2.922
258;262;2.904
258;1382;3.997
259;116;3.845
259;120;3.441
259;255;2.937
259;256;3.385
259;263;2.977
260;256;3.085
260;257;3.218
260;264;3.062
260;693;3.679
260;697;3.903
261;257;3.074
261;264;3.077
261;265;2.878
261;1382;3.669
262;120;2.632
262;258;2.904
262;265;3.04
262;266;3.367
263;119;2.726
263;120;2.798
263;259;2.977
263;274;2.811
264;260;3.062
264;261;3.077
264;274;2.766
264;275;3.05
265;261;2.878
265;262;3.04
265;275;3.101
266;262;3.367
266;272;3.127
266;275;3.204
267;707;3.995
268;271;3.301
269;280;3.755
270;283;2.664
271;268;3.301
271;273;3.718
272;266;3.127
273;271;3.718
274;263;2.811
274;264;2.766
275;264;3.05
275;265;3.101
275;266;3.204
276;287;3.723
277;282;3.027
277;349;3.564
278;281;3.354
278;282;3.748
279;346;3.526
280;269;3.755
281;278;3.354
282;277;3.027
282;278;3.748
283;270;2.664
284;289;2.897
284;290;2.772
285;303;3.683
286;289;3.048
286;304;3.334
286;305;3.475
287;276;3.723
287;305;2.89
288;305;2.649
289;284;2.897
289;286;3.048
290;284;2.772
291;297;2.815
291;299;3.607
292;297;3.59
293;294;2.98
293;295;2.789
293;296;3.274
294;293;2.98
295;293;2.789
296;293;3.274
297;291;2.815
297;292;3.59
298;301;3.678
299;291;3.607
299;300;3.751
300;299;3.751
301;298;3.678
302;304;2.832
303;285;3.683
304;286;3.334
304;302;2.832
304;305;2.99
305;286;3.475
305;287;2.89
305;288;2.649
305;304;2.99
306;308;3.627
307;310;2.737
308;306;3.627
308;310;3.678
309;312;3.259
310;307;2.737
310;308;3.678
310;319;3.923
311;313;2.948
312;309;3.259
313;311;2.948
313;317;2.908
313;318;3.485
313;319;3.014
314;317;2.997
315;320;2.937
316;320;3.062
316;321;3.184
317;313;2.908
317;314;2.997
317;324;2.663
317;339;3.545
318;313;3.485
318;321;2.784
318;322;2.98
318;323;3.477
318;324;2.762
319;310;3.923
319;313;3.014
320;315;2.937
320;316;3.062
321;316;3.184
321;318;2.784
322;318;2.98
323;318;3.477
324;317;2.663
324;318;2.762
324;335;3.155
324;337;2.845
325;335;3.627
326;328;2.706
326;329;3.116
326;336;4.023
326;337;3.813
326;340;2.789
327;337;2.707
327;345;3.592
328;326;2.706
329;326;3.116
329;330;3.021
329;336;4.034
330;329;3.021
330;334;2.91
330;336;3.694
331;334;3.029
332;453;2.728
333;398;2.699
334;330;2.91
334;331;3.029
335;324;3.155
335;325;3.627
336;326;4.023
336;329;4.034
336;330;3.694
336;340;3.447
337;324;2.845
337;326;3.813
337;327;2.707
337;343;2.809
338;341;2.991
338;342;2.98
338;343;3.423
339;317;3.545
340;326;2.789
340;336;3.447
341;338;2.991
342;338;2.98
343;337;2.809
343;338;3.423
343;346;3.001
343;347;3.034
344;347;3.204
344;348;3.092
345;327;3.592
345;351;2.785
346;279;3.526
346;343;3.001
347;343;3.034
347;344;3.204
347;350;3.619
348;344;3.092
348;351;2.745
349;277;3.564
349;352;2.962
350;347;3.619
350;353;3.842
351;345;2.785
351;348;2.745
352;349;2.962
353;350;3.842
353;712;3.61
353;713;3.403
354;704;2.859
355;357;3.509
356;357;2.939
356;358;2.87
357;355;3.509
357;356;2.939
358;356;2.87
359;459;3.336
360;363;3.459
360;458;3.606
361;365;2.908
361;457;3.214
362;365;3.409
362;457;2.975
362;458;3.78
363;360;3.459
364;367;2.879
365;361;2.908
365;362;3.409
366;368;3.969
367;364;2.879
367;368;2.989
367;369;3.334
368;366;3.969
368;367;2.989
369;367;3.334
370;373;3.004
371;375;2.905
371;376;2.833
372;374;2.979
373;370;3.004
373;375;2.954
374;372;2.979
375;371;2.905
375;373;2.954
375;402;2.802
376;371;2.833
376;403;4.016
377;380;2.837
378;383;2.765
379;381;2.953
380;377;2.837
381;379;2.953
382;389;3.968
382;439;3.755
383;378;2.765
383;384;2.973
383;386;3.481
384;383;2.973
385;387;2.913
385;388;2.802
386;383;3.481
386;388;3.368
386;389;2.766
386;392;3.481
387;385;2.913
388;385;2.802
388;386;3.368
389;382;3.968
389;386;2.766
389;439;3.267
390;439;2.965
391;446;2.833
391;448;3.131
392;386;3.481
392;448;3.037
393;448;3.02
394;448;3.866
395;406;3.533
396;401;2.873
397;399;2.958
397;400;3.482
398;333;2.699
399;397;2.958
400;397;3.482
401;396;2.873
402;375;2.802
403;376;4.016
403;404;3.643
404;403;3.643
404;407;3.961
405;407;2.828
406;395;3.533
407;404;3.961
407;405;2.828
407;409;2.943
407;410;3.099
408;410;3.064
409;407;2.943
410;407;3.099
410;408;3.064
411;419;3.827
412;414;3.698
413;415;3.956
414;412;3.698
415;413;3.956
416;417;3.098
416;418;2.992
417;416;3.098
418;416;2.992
419;411;3.827
420;424;3.912
421;424;3.61
422;424;3.019
423;426;2.847
424;420;3.912
424;421;3.61
424;422;3.019
425;427;2.869
426;423;2.847
427;425;2.869
428;430;2.989
429;431;3.005
430;428;2.989
431;429;3.005
432;433;2.98
433;432;2.98
433;436;2.976
434;437;3.279
435;440;2.764
436;433;2.976
437;434;3.279
438;440;3.047
439;382;3.755
439;389;3.267
439;390;2.965
440;435;2.764
440;438;3.047
441;446;3.975
441;449;3.765
442;443;3.213
443;442;3.213
444;453;2.808
445;450;4.022
445;451;3.575
446;391;2.833
446;441;3.975
446;449;3.807
446;450;4.023
447;450;3.023
447;452;3.459
448;391;3.131
448;392;3.037
448;393;3.02
448;394;3.866
448;452;3.603
449;441;3.765
449;446;3.807
450;445;4.022
450;446;4.023
450;447;3.023
451;445;3.575
452;447;3.459
452;448;3.603
453;332;2.728
453;444;2.808
454;455;3.789
455;454;3.789
456;460;3.974
456;462;3.683
457;361;3.214
457;362;2.975
458;360;3.606
458;362;3.78
459;359;3.336
460;456;3.974
460;461;3.828
461;460;3.828
462;456;3.683
463;467;4.145
464;467;3.578
465;467;3.874
466;470;2.866
467;463;4.145
467;464;3.578
467;465;3.874
468;529;2.837
468;531;2.814
469;528;3.01
469;530;2.813
469;531;2.732
470;466;2.866
470;528;3.726
471;524;3.945
471;525;3.424
471;528;3.512
471;529;4.031
472;474;2.98
472;475;3.136
473;478;3.683
473;525;3.805
474;472;2.98
475;472;3.136
475;478;3.094
475;479;3.4
476;480;2.964
477;481;2.925
478;473;3.683
478;475;3.094
478;481;3.244
478;482;3.027
479;475;3.4
479;482;3.425
479;483;2.938
479;577;2.67
480;476;2.964
480;483;3.184
480;484;2.962
481;477;2.925
481;478;3.244
481;485;3.053
482;478;3.027
482;479;3.425
482;485;3.292
482;486;2.972
482;522;3.706
483;479;2.938
483;480;3.184
483;486;2.992
483;487;3.087
483;578;2.721
483;579;3.589
484;480;2.962
484;487;3.476
484;488;3.003
485;481;3.053
485;482;3.292
485;489;2.976
485;515;3.68
486;482;2.972
486;483;2.992
486;489;3.092
486;490;3.072
486;519;3.305
486;572;3.878
486;574;3.942
486;575;3.835
487;483;3.087
487;484;3.476
487;490;3.136
487;491;3.438
487;575;3.877
488;484;3.003
488;491;3.315
488;492;3.018
489;485;2.976
489;486;3.092
489;492;3.257
489;493;2.993
489;515;3.207
489;571;3.156
490;486;3.072
490;487;3.136
490;494;3.05
490;572;3.656
490;980;3.882
491;487;3.438
491;488;3.315
491;494;3.284
491;495;2.984
492;488;3.018
492;489;3.257
492;495;3.114
492;496;2.955
492;508;3.564
493;489;2.993
493;496;3.029
493;571;3.821
493;572;3.73
493;984;4.028
494;490;3.05
494;491;3.284
495;491;2.984
495;492;3.114
495;500;3.579
496;492;2.955
496;493;3.029
496;501;2.918
496;508;4.016
496;512;3.408
497;501;2.98
497;1027;3.224
497;1028;3.033
498;502;3.53
499;502;2.955
499;503;3.021
500;495;3.579
500;503;4.006
500;504;3.025
501;496;2.918
501;497;2.98
501;505;2.802
502;498;3.53
502;499;2.955
502;505;2.781
503;499;3.021
503;500;4.006
504;500;3.025
504;507;3.028
504;508;2.933
505;501;2.802
505;502;2.781
505;509;2.973
506;509;3.287
506;510;3.026
507;504;3.028
507;510;3.952
507;511;2.966
508;492;3.564
508;496;4.016
508;504;2.933
508;511;3.323
508;512;2.917
509;505;2.973
509;506;3.287
509;512;3.354
509;513;3.028
510;506;3.026
510;507;3.952
510;514;2.952
511;507;2.966
511;508;3.323
511;515;2.955
512;496;3.408
512;508;2.917
512;509;3.354
512;515;3.413
512;516;3.078
512;571;3.269
513;509;3.028
513;516;3.326
513;517;2.982
513;555;3.786
513;556;3.404
514;510;2.952
514;517;3.057
514;518;3.051
515;485;3.68
515;489;3.207
515;511;2.955
515;512;3.413
515;518;2.989
515;519;3.392
516;512;3.078
516;513;3.326
516;519;2.9
516;551;2.821
516;552;3.795
516;555;3.658
516;556;3.98
517;513;2.982
517;514;3.057
517;520;2.813
517;521;3.375
518;514;3.051
518;515;2.989
518;521;3.167
518;522;3.065
519;486;3.305
519;515;3.392
519;516;2.9
519;523;2.944
519;548;3.608
519;552;3.758
519;574;3.45
520;517;2.813
520;524;3.084
520;552;3.371
521;517;3.375
521;518;3.167
521;524;3.439
521;525;2.962
522;482;3.706
522;518;3.065
522;525;3.876
522;526;3.024
522;574;2.74
522;577;2.737
523;519;2.944
523;527;3.039
523;548;3.714
524;471;3.945
524;520;3.084
524;521;3.439
524;527;3.33
524;528;3.343
525;471;3.424
525;473;3.805
525;521;2.962
525;522;3.876
525;529;3.399
526;522;3.024
526;529;3.145
526;530;3.089
526;534;2.682
526;535;3.734
526;541;2.743
527;523;3.039
527;524;3.33
527;535;3.627
527;536;3.728
528;469;3.01
528;470;3.726
528;471;3.512
528;524;3.343
529;468;2.837
529;471;4.031
529;525;3.399
529;526;3.145
530;469;2.813
530;526;3.089
530;534;4.037
531;468;2.814
531;469;2.732
531;534;2.889
531;535;2.984
532;536;3.008
533;537;2.863
534;526;2.682
534;530;4.037
534;531;2.889
534;537;3.061
534;538;2.927
535;526;3.734
535;527;3.627
535;531;2.984
535;541;3.085
535;545;2.954
536;527;3.728
536;532;3.008
537;533;2.863
537;534;3.061
538;534;2.927
538;541;2.957
538;542;3.025
539;542;3.948
539;543;3.019
540;544;3.005
540;582;2.949
540;585;3.829
541;526;2.743
541;535;3.085
541;538;2.957
541;544;3.491
541;545;2.969
542;538;3.025
542;539;3.948
542;545;3.384
542;546;2.989
543;539;3.019
543;546;3.426
543;547;3.024
544;540;3.005
544;541;3.491
544;547;3.192
544;548;2.907
544;574;2.649
544;577;3.879
545;535;2.954
545;541;2.969
545;542;3.384
545;549;3.014
546;542;2.989
546;543;3.426
546;549;3.255
546;550;3.086
547;543;3.024
547;544;3.192
547;551;3.015
548;519;3.608
548;523;3.714
548;544;2.907
548;552;2.939
548;574;3.728
549;545;3.014
549;546;3.255
549;553;2.992
550;546;3.086
550;554;3.25
550;567;3.58
551;516;2.821
551;547;3.015
551;555;3.465
551;571;3.005
552;516;3.795
552;519;3.758
552;520;3.371
552;548;2.939
552;555;3.062
552;556;2.909
553;549;2.992
553;556;3.318
553;557;3.038
554;550;3.25
554;558;2.993
554;559;3.03
554;568;3.785
555;513;3.786
555;516;3.658
555;551;3.465
555;552;3.062
555;559;3.75
555;568;4.002
556;513;3.404
556;516;3.98
556;552;2.909
556;553;3.318
557;553;3.038
558;554;2.993
558;560;2.947
559;554;3.03
559;555;3.75
559;565;2.838
560;558;2.947
560;565;3.238
561;564;2.791
562;565;3.234
562;566;2.936
563;566;3.273
563;567;2.949
563;1067;3.958
564;561;2.791
564;567;3.07
564;568;3.081
565;559;2.838
565;560;3.238
565;562;3.234
565;568;2.942
566;562;2.936
566;563;3.273
566;569;2.99
566;988;3.14
567;550;3.58
567;563;2.949
567;564;3.07
567;570;2.978
568;554;3.785
568;555;4.002
568;564;3.081
568;565;2.942
568;571;3.077
569;566;2.99
569;572;3.181
569;984;3.694
569;985;3.931
570;567;2.978
570;573;2.9
570;981;3.893
571;489;3.156
571;493;3.821
571;512;3.269
571;551;3.005
571;568;3.077
571;574;3.002
572;486;3.878
572;490;3.656
572;493;3.73
572;569;3.181
572;575;2.922
572;977;3.81
572;981;3.521
573;570;2.9
573;576;2.792
573;978;3.388
573;981;3.482
574;486;3.942
574;519;3.45
574;522;2.74
574;544;2.649
574;548;3.728
574;571;3.002
574;577;2.977
575;486;3.835
575;487;3.877
575;572;2.922
575;578;2.978
575;579;2.94
575;581;3.889
575;977;3.674
576;573;2.792
576;581;4.016
577;479;2.67
577;522;2.737
577;544;3.879
577;574;2.977
578;483;2.721
578;575;2.978
579;483;3.589
579;575;2.94
579;581;3.868
579;582;3.035
580;583;3.106
580;584;2.933
580;970;3.219
581;575;3.889
581;576;4.016
581;579;3.868
581;584;3.164
581;585;3.014
581;974;3.478
582;540;2.949
582;579;3.035
582;585;3.862
582;586;3.053
583;580;3.106
583;586;3.408
583;587;2.972
584;580;2.933
584;581;3.164
584;587;3.278
584;588;2.96
584;974;3.662
585;540;3.829
585;581;3.014
585;582;3.862
585;589;3.032
586;582;3.053
586;583;3.408
586;589;3.403
586;590;2.834
587;583;2.972
587;584;3.278
587;590;3.416
587;591;2.934
587;1085;3.762
588;584;2.96
588;591;3.196
588;592;3.066
588;1085;3.746
589;585;3.032
589;586;3.403
589;592;3.023
590;586;2.834
590;587;3.416
590;593;2.972
591;587;2.934
591;588;3.196
591;594;3.109
591;595;3.089
591;695;3.668
591;1081;3.504
591;1085;3.541
592;588;3.066
592;589;3.023
592;596;2.99
592;1081;3.826
593;590;2.972
593;596;3.016
594;591;3.109
594;695;3.967
595;591;3.089
595;598;3.178
595;599;2.877
595;691;3.656
595;1081;3.81
596;592;2.99
596;593;3.016
596;600;3.058
597;106;3.465
597;110;3.348
597;600;3.221
597;601;3.297
598;110;3.981
598;595;3.178
598;601;3.093
598;602;3.026
598;690;3.476
598;691;3.815
599;595;2.877
599;603;2.929
600;596;3.058
600;597;3.221
600;603;3.29
600;604;3.054
601;107;3.684
601;597;3.297
601;598;3.093
601;604;3.449
601;605;3.03
602;598;3.026
602;605;3.485
602;606;2.96
602;653;3.932
602;687;4.027
603;599;2.929
603;600;3.29
603;607;2.969
604;100;3.511
604;600;3.054
604;601;3.449
604;607;3.3
604;608;2.999
605;601;3.03
605;602;3.485
605;608;3.321
605;609;2.953
605;683;3.745
606;602;2.96
606;609;3.486
606;610;2.926
606;646;3.443
606;649;3.804
607;19;3.525
607;23;3.809
607;603;2.969
607;604;3.3
607;610;3.291
607;611;3.006
607;642;3.552
608;94;3.967
608;98;3.972
608;604;2.999
608;605;3.321
608;611;3.254
608;612;2.995
609;605;2.953
609;606;3.486
609;613;2.955
609;649;3.822
609;679;4.059
609;680;3.556
609;683;3.898
610;606;2.926
610;607;3.291
610;613;3.263
610;614;2.997
610;642;3.81
610;645;3.97
610;646;4.012
611;94;3.626
611;607;3.006
611;608;3.254
611;615;3.329
612;94;3.688
612;608;2.995
612;615;3.309
612;616;3.02
613;609;2.955
613;610;3.263
613;617;3.001
613;618;2.813
613;639;3.821
614;25;3.269
614;610;2.997
614;618;3.049
614;619;3.162
614;641;3.872
615;91;3.42
615;611;3.329
615;612;3.309
616;87;3.904
616;91;3.858
616;612;3.02
616;619;2.801
617;613;3.001
617;620;3.01
617;621;3.542
617;635;3.51
617;639;4.088
617;673;3.434
618;613;2.813
618;614;3.049
618;635;3.758
619;614;3.162
619;616;2.801
620;617;3.01
620;632;4.152
620;635;2.958
621;617;3.542
621;633;3.076
621;635;2.976
621;661;3.81
621;662;3.34
621;669;2.789
621;673;3.598
622;631;2.664
622;632;3.683
622;662;3.525
622;663;2.935
623;626;3.015
623;627;2.824
623;628;2.804
623;629;2.758
624;662;4.1
624;663;2.773
624;665;3.657
625;628;3.723
626;623;3.015
626;631;4.014
627;623;2.824
628;623;2.804
628;625;3.723
628;1015;3.938
629;623;2.758
630;636;3.571
630;637;3.189
631;622;2.664
631;626;4.014
632;620;4.152
632;622;3.683
632;636;3.512
633;621;3.076
633;636;3.181
633;637;3.136
633;660;2.86
633;661;3.561
634;637;3.028
634;638;2.842
634;659;3.895
635;617;3.51
635;618;3.758
635;620;2.958
635;621;2.976
635;639;3.675
635;661;3.609
636;630;3.571
636;632;3.512
636;633;3.181
636;640;3.542
637;630;3.189
637;633;3.136
637;634;3.028
637;644;4.026
637;1055;3.616
638;634;2.842
638;644;3.997
638;647;3.926
638;648;3.929
638;1046;3.438
638;1050;3.893
639;613;3.821
639;617;4.088
639;635;3.675
639;644;3.704
639;648;3.639
639;661;4.051
640;636;3.542
640;1059;2.72
641;25;3.696
641;614;3.872
641;644;2.896
641;645;2.939
641;1062;2.873
642;25;3.242
642;607;3.552
642;610;3.81
642;645;3.484
642;646;2.957
643;646;3.202
643;647;2.997
643;1062;3.669
643;1065;3.869
643;1066;3.61
643;1069;3.952
644;637;4.026
644;638;3.997
644;639;3.704
644;641;2.896
644;647;3.29
644;648;2.993
644;1065;3.045
645;610;3.97
645;641;2.939
645;642;3.484
645;649;2.964
646;606;3.443
646;610;4.012
646;642;2.957
646;643;3.202
646;649;3.483
646;650;2.979
647;638;3.926
647;643;2.997
647;644;3.29
647;650;3.271
647;651;3.038
647;1050;3.954
647;1069;3.581
648;638;3.929
648;639;3.639
648;644;2.993
648;651;3.17
648;652;3.035
648;658;3.842
649;606;3.804
649;609;3.822
649;645;2.964
649;646;3.483
649;652;3.288
649;653;2.96
650;646;2.979
650;647;3.271
650;653;3.093
650;654;3.202
650;1042;3.982
650;1045;3.627
650;1069;3.695
650;1076;3.894
651;647;3.038
651;648;3.17
651;657;2.852
651;1046;3.543
652;648;3.035
652;649;3.288
652;655;3.019
652;658;3.76
652;677;3.504
652;680;3.597
652;681;3.997
653;602;3.932
653;649;2.96
653;650;3.093
653;684;3.767
654;650;3.202
654;1042;3.495
655;652;3.019
655;681;4.019
656;218;3.775
656;1042;3.829
656;1043;2.742
656;1044;2.855
657;213;3.68
657;218;3.422
657;219;5.755
657;651;2.852
657;677;4.035
657;1047;3.892
658;648;3.842
658;652;3.76
658;661;3.521
658;677;3.32
659;634;3.895
659;1047;3.535
660;633;2.86
660;1001;3.844
661;621;3.81
661;633;3.561
661;635;3.609
661;639;4.051
661;658;3.521
661;670;3.299
661;673;3.471
662;621;3.34
662;622;3.525
662;624;4.1
662;666;3.376
662;670;2.972
663;622;2.935
663;624;2.773
663;670;3.714
664;1002;3.418
665;624;3.657
666;662;3.376
666;669;2.781
666;670;3.069
667;671;2.957
668;671;3.399
668;672;2.987
669;621;2.789
669;666;2.781
669;672;3.225
669;673;3.052
670;661;3.299
670;662;2.972
670;663;3.714
670;666;3.069
670;673;3.055
670;674;2.897
671;667;2.957
671;668;3.399
671;674;3.172
671;675;3.028
672;668;2.987
672;669;3.225
673;617;3.434
673;621;3.598
673;661;3.471
673;669;3.052
673;670;3.055
673;676;3.012
673;677;2.922
674;209;3.835
674;670;2.897
674;671;3.172
674;677;3.381
674;678;2.964
675;671;3.028
675;678;3.44
675;679;3.007
676;673;3.012
676;679;3.36
676;680;2.958
677;652;3.504
677;657;4.035
677;658;3.32
677;673;2.922
677;674;3.381
677;680;3.357
677;681;2.988
678;212;3.435
678;674;2.964
678;675;3.44
678;681;3.436
678;682;2.997
679;609;4.059
679;675;3.007
679;676;3.36
679;682;3.453
679;683;2.992
680;609;3.556
680;652;3.597
680;676;2.958
680;677;3.357
680;684;2.95
681;212;4.033
681;216;3.628
681;652;3.997
681;655;4.019
681;677;2.988
681;678;3.436
681;685;2.932
682;212;3.932
682;678;2.997
682;679;3.453
682;685;3.42
682;686;3.026
683;605;3.745
683;609;3.898
683;679;2.992
683;686;3.437
683;687;2.987
684;653;3.767
684;680;2.95
684;687;3.189
684;688;2.93
685;681;2.932
685;682;3.42
685;688;3.284
685;689;2.978
686;114;3.812
686;682;3.026
686;683;3.437
686;690;3.02
687;602;4.027
687;683;2.987
687;684;3.189
687;690;3.355
687;691;2.922
688;684;2.93
688;685;3.284
688;691;3.109
688;692;3.071
689;252;3.819
689;253;3.737
689;685;2.978
689;693;3.009
690;598;3.476
690;686;3.02
690;687;3.355
690;694;2.923
691;595;3.656
691;598;3.815
691;687;2.922
691;688;3.109
691;694;3.36
691;695;3.108
691;1084;3.531
692;253;3.667
692;257;3.667
692;688;3.071
692;695;3.431
692;696;2.934
692;1084;3.617
692;1087;3.756
692;1374;6.382
693;256;3.811
693;257;3.97
693;260;3.679
693;689;3.009
693;697;2.963
694;690;2.923
694;691;3.36
694;698;3.036
695;591;3.668
695;594;3.967
695;691;3.108
695;692;3.431
695;698;3.34
695;699;3.013
695;1084;3.61
695;1085;3.716
695;1088;3.57
696;257;3.447
696;692;2.934
696;699;3.385
696;700;2.956
696;1088;4.038
696;1091;3.505
697;260;3.903
697;693;2.963
697;700;3.308
697;701;3.041
698;694;3.036
698;695;3.34
698;701;3.05
698;702;3.069
699;695;3.013
699;696;3.385
699;702;2.982
699;703;3.044
699;1088;3.494
699;1092;3.701
700;696;2.956
700;697;3.308
700;705;3.561
700;1091;3.989
700;1092;3.612
700;1095;3.429
701;697;3.041
701;698;3.05
701;705;3.953
702;698;3.069
702;699;2.982
703;699;3.044
703;1092;3.934
704;354;2.859
705;700;3.561
705;701;3.953
705;708;2.696
705;1095;3.674
705;1100;2.853
706;708;2.953
706;1099;2.759
706;1102;3.705
707;267;3.995
708;705;2.696
708;706;2.953
708;713;3.417
708;1100;2.746
709;715;3.985
709;1102;3.818
710;713;2.973
710;714;2.886
710;1100;2.964
711;1096;3.663
711;1100;3.746
712;353;3.61
713;353;3.403
713;708;3.417
713;710;2.973
714;710;2.886
715;709;3.985
716;1103;3.693
717;719;2.655
717;1106;2.868
717;1107;3.964
718;724;2.84
718;725;2.762
719;717;2.655
720;721;3.057
721;720;3.057
721;724;3.471
722;822;3.997
723;821;3.438
724;718;2.84
724;721;3.471
725;718;2.762
726;777;3.558
727;776;2.788
727;778;2.772
728;730;3.92
728;731;2.837
728;733;2.703
729;755;2.779
730;728;3.92
730;757;3.594
731;728;2.837
732;741;3.574
732;742;3.638
732;745;3.262
733;728;2.703
733;735;3.727
733;741;2.807
734;741;3.928
734;742;3.847
735;733;3.727
735;739;3.593
735;788;3.562
736;739;3.302
736;789;3.545
737;742;2.785
737;791;3.825
738;749;3.841
739;735;3.593
739;736;3.302
739;749;3.876
740;750;3.578
741;732;3.574
741;733;2.807
741;734;3.928
741;745;3.473
742;732;3.638
742;734;3.847
742;737;2.785
742;745;2.891
742;749;3.158
743;748;2.815
743;749;3.83
744;747;2.855
744;748;2.908
744;749;3.47
745;732;3.262
745;741;3.473
745;742;2.891
745;750;3.133
746;750;3.668
746;751;2.747
747;744;2.855
747;750;3.06
748;743;2.815
748;744;2.908
749;738;3.841
749;739;3.876
749;742;3.158
749;743;3.83
749;744;3.47
750;740;3.578
750;745;3.133
750;746;3.668
750;747;3.06
751;746;2.747
751;753;2.666
752;762;3.558
753;751;2.666
754;756;3.054
755;729;2.779
756;754;3.054
757;730;3.594
758;761;2.623
758;762;3.223
759;762;2.701
760;783;3.082
760;786;2.734
761;758;2.623
762;752;3.558
762;758;3.223
762;759;2.701
763;764;4.023
764;763;4.023
764;768;2.74
765;767;3.853
765;768;2.733
766;767;2.964
766;768;3.713
767;765;3.853
767;766;2.964
768;764;2.74
768;765;2.733
768;766;3.713
769;782;3.892
770;780;3.711
770;785;3.722
771;787;3.872
772;787;2.806
773;775;3.61
773;787;2.781
773;788;3.493
774;784;2.8
774;787;2.801
775;773;3.61
776;727;2.788
777;726;3.558
778;727;2.772
779;784;2.733
780;770;3.711
781;784;3.011
782;769;3.892
783;760;3.082
784;774;2.8
784;779;2.733
784;781;3.011
785;770;3.722
786;760;2.734
787;771;3.872
787;772;2.806
787;773;2.781
787;774;2.801
788;735;3.562
788;773;3.493
789;736;3.545
790;792;2.865
791;737;3.825
792;790;2.865
793;796;3.281
793;797;3.046
794;800;2.817
795;801;4.033
796;793;3.281
796;801;3.329
796;802;3.247
797;793;3.046
798;800;3.452
799;800;2.83
800;794;2.817
800;798;3.452
800;799;2.83
800;801;3.752
801;795;4.033
801;796;3.329
801;800;3.752
802;796;3.247
803;804;3.055
803;805;2.892
804;803;3.055
804;806;3.98
805;803;2.892
806;804;3.98
807;812;3.681
808;811;3.024
809;812;3.024
810;819;3.517
811;808;3.024
811;819;2.045
812;807;3.681
812;809;3.024
813;818;3.697
814;817;3.48
815;817;2.923
815;818;2.987
816;820;3.918
817;814;3.48
817;815;2.923
818;813;3.697
818;815;2.987
819;810;3.517
819;811;2.045
820;816;3.918
821;723;3.438
822;722;3.997
823;825;2.791
824;826;2.954
825;823;2.791
826;824;2.954
826;829;3.04
827;838;3.826
828;830;3.823
828;833;3.384
828;838;3.567
829;826;3.04
830;828;3.823
830;833;3.403
831;834;2.776
832;837;3.3
833;828;3.384
833;830;3.403
833;837;3.795
834;831;2.776
834;837;2.783
834;894;2.896
835;838;3.07
835;841;3.79
835;890;3.945
836;841;3.858
836;887;3.845
836;890;3.425
836;891;3.518
837;832;3.3
837;833;3.795
837;834;2.783
838;827;3.826
838;828;3.567
838;835;3.07
838;841;2.969
838;842;2.932
839;843;3.047
840;843;3.468
840;844;2.89
841;835;3.79
841;836;3.858
841;838;2.969
841;844;3.172
841;845;2.96
842;838;2.932
842;845;3.422
842;846;3.178
842;950;3.205
843;839;3.047
843;840;3.468
843;846;3.446
843;847;3.009
844;840;2.89
844;841;3.172
844;847;3.296
844;848;2.918
845;841;2.96
845;842;3.422
845;848;3.402
845;849;2.958
845;884;3.788
845;887;3.752
846;842;3.178
846;843;3.446
846;849;3.375
846;850;2.946
846;950;3.463
847;843;3.009
847;844;3.296
847;850;3.233
847;851;2.973
848;844;2.918
848;845;3.402
848;852;2.96
848;884;3.966
849;845;2.958
849;846;3.375
849;853;2.894
849;880;3.948
849;884;3.381
849;943;3.702
849;947;3.782
850;846;2.946
850;847;3.233
850;853;3.193
850;854;2.988
851;847;2.973
851;854;3.086
851;855;3.011
852;848;2.96
852;855;3.432
852;856;2.955
852;943;3.596
853;849;2.894
853;850;3.193
853;857;2.995
854;850;2.988
854;851;3.086
854;857;3.397
854;858;2.955
855;851;3.011
855;852;3.432
855;858;3.032
855;859;3.258
856;852;2.955
856;941;3.855
856;944;4.006
857;853;2.995
857;854;3.397
857;861;3.669
857;1282;3.823
858;854;2.955
858;855;3.032
858;861;3.068
858;862;3.027
858;865;3.563
858;869;3.806
858;873;3.969
859;855;3.258
859;866;2.766
859;934;2.705
860;863;3.335
860;866;2.666
860;1285;3.361
860;1339;3.074
861;857;3.669
861;858;3.068
861;1305;3.764
862;858;3.027
862;865;2.962
862;866;3.024
863;860;3.335
863;866;3.201
863;867;3.006
863;1340;4.038
864;867;2.638
865;858;3.563
865;862;2.962
865;868;3.253
865;869;2.958
866;859;2.766
866;860;2.666
866;862;3.024
866;863;3.201
866;870;3.023
866;1338;3.854
867;863;3.006
867;864;2.638
867;1340;3.474
868;865;3.253
869;858;3.806
869;865;2.958
869;872;3.111
869;873;3.03
870;866;3.023
870;874;2.754
871;875;3.026
872;869;3.111
872;875;3.352
872;876;2.994
873;858;3.969
873;869;3.03
873;876;2.996
873;877;3.28
874;870;2.754
874;877;2.99
874;878;3.031
874;934;2.863
874;937;3.769
875;871;3.026
875;872;3.352
875;878;2.909
875;879;2.958
876;872;2.994
876;873;2.996
876;879;3.488
876;880;2.926
877;873;3.28
877;874;2.99
877;881;3.012
877;940;3.847
878;874;3.031
878;875;2.909
878;881;3.404
878;882;3.041
879;875;2.958
879;876;3.488
879;882;3.487
879;883;2.981
880;849;3.948
880;876;2.926
880;883;3.264
880;884;2.95
880;940;4.031
880;943;3.553
881;877;3.012
881;878;3.404
881;885;2.981
881;940;3.741
882;878;3.041
882;879;3.487
882;886;3.026
883;879;2.981
883;880;3.264
883;886;4.021
883;887;2.949
884;845;3.788
884;848;3.966
884;849;3.381
884;880;2.95
884;888;3.012
884;946;3.717
885;881;2.981
885;888;3.373
885;889;2.954
885;913;3.845
885;917;3.641
886;882;3.026
886;883;4.021
886;889;3.349
886;890;2.942
887;836;3.845
887;845;3.752
887;883;2.949
887;891;2.752
887;946;3.6
888;884;3.012
888;885;3.373
888;891;3.367
888;892;2.926
888;910;3.837
889;885;2.954
889;886;3.349
889;892;3.993
889;893;3.018
890;835;3.945
890;836;3.425
890;886;2.942
890;893;4.029
890;894;2.982
891;836;3.518
891;887;2.752
891;888;3.367
891;894;3.337
891;895;3.064
891;900;3.828
891;906;4.102
891;909;2.703
892;888;2.926
892;889;3.993
892;895;3.022
892;896;2.928
892;897;3.853
892;900;6.377
892;901;3.666
893;889;3.018
893;890;4.029
894;834;2.896
894;890;2.982
894;891;3.337
895;891;3.064
895;892;3.022
895;899;2.835
895;900;4.009
895;903;3.763
895;906;3.633
896;892;2.928
896;900;2.988
897;892;3.853
897;900;3.485
897;901;3.003
898;901;2.798
898;902;2.871
899;895;2.835
900;891;3.828
900;892;6.377
900;895;4.009
900;896;2.988
900;897;3.485
900;903;3.046
900;906;3.67
900;910;3.761
901;892;3.666
901;897;3.003
901;898;2.798
901;907;3.764
901;910;3.759
902;898;2.871
903;895;3.763
903;900;3.046
903;906;3.204
903;907;2.934
904;908;2.971
905;908;3.333
905;909;2.992
905;949;3.318
905;955;4.016
905;958;3.826
906;891;4.102
906;895;3.633
906;900;3.67
906;903;3.204
906;909;3.146
906;910;2.98
907;901;3.764
907;903;2.934
907;910;3.576
907;911;2.971
908;904;2.971
908;905;3.333
908;911;3.282
909;891;2.703
909;905;2.992
909;906;3.146
909;946;2.942
909;949;2.798
910;888;3.837
910;900;3.761
910;901;3.759
910;906;2.98
910;907;3.576
910;913;3.081
910;914;2.957
911;907;2.971
911;908;3.282
911;915;3.018
912;916;3.106
912;946;3.695
913;885;3.845
913;910;3.081
913;916;3.304
913;917;3.094
914;910;2.957
914;917;2.87
914;918;2.906
915;911;3.018
915;919;2.973
915;939;3.681
916;912;3.106
916;913;3.304
916;919;4.003
916;920;3.052
916;940;2.883
917;885;3.641
917;913;3.094
917;914;2.87
917;920;3.329
917;921;2.981
918;914;2.906
918;921;3.217
918;922;2.994
919;915;2.973
919;916;4.003
919;922;3.46
919;923;2.996
920;916;3.052
920;917;3.329
920;923;3.296
920;924;2.99
920;933;3.729
921;917;2.981
921;918;3.217
921;924;3.318
921;925;2.956
922;918;2.994
922;919;3.46
922;925;3.166
922;926;2.967
923;919;2.996
923;920;3.296
923;928;3.038
923;932;3.343
923;933;3.358
923;936;3.678
924;920;2.99
924;921;3.318
924;927;3.001
925;921;2.956
925;922;3.166
926;922;2.967
927;924;3.001
928;923;3.038
929;932;3.769
929;933;3.185
930;933;3.481
930;934;3.001
931;934;2.744
931;935;3.25
932;923;3.343
932;929;3.769
932;936;2.996
933;920;3.729
933;923;3.358
933;929;3.185
933;930;3.481
933;937;2.952
934;859;2.705
934;874;2.863
934;930;3.001
934;931;2.744
934;1337;3.847
934;1338;3.984
935;931;3.25
935;938;3.048
935;1334;2.999
935;1335;3.681
935;1336;3.149
936;923;3.678
936;932;2.996
937;874;3.769
937;933;2.952
937;940;2.75
938;935;3.048
938;941;2.758
938;942;3.358
938;1283;3.588
939;915;3.681
939;942;2.969
940;877;3.847
940;880;4.031
940;881;3.741
940;916;2.883
940;937;2.75
940;943;2.857
941;856;3.855
941;938;2.758
942;938;3.358
942;939;2.969
942;945;2.957
942;946;3.011
942;1279;3.806
943;849;3.702
943;852;3.596
943;880;3.553
943;940;2.857
943;946;2.982
943;947;3.181
944;856;4.006
944;947;2.947
944;1279;3.637
945;942;2.957
945;948;2.776
945;1279;3.8
946;884;3.717
946;887;3.6
946;909;2.942
946;912;3.695
946;942;3.011
946;943;2.982
946;949;2.91
947;849;3.782
947;943;3.181
947;944;2.947
947;950;2.985
947;951;2.933
948;945;2.776
948;951;3.213
948;954;3.519
948;958;3.717
949;905;3.318
949;909;2.798
949;946;2.91
949;955;2.886
950;842;3.205
950;846;3.463
950;947;2.985
951;947;2.933
