source;destination;distance
0;3;2.796
0;4;3.019
1;47;3.588
2;7;3.586
2;48;3.663
3;0;2.796
4;0;3.019
4;7;3.125
4;8;2.973
5;9;2.968
6;10;2.974
7;2;3.586
7;4;3.125
7;10;3.106
7;11;2.964
7;43;6.238
7;47;3.73
8;4;2.973
8;11;3.492
8;12;2.981
9;5;2.968
9;13;2.931
10;6;2.974
10;7;3.106
10;14;2.948
11;7;2.964
11;8;3.492
11;14;3.404
11;15;3.017
11;44;3.599
12;8;2.981
12;16;2.976
13;9;2.931
13;16;3.364
13;17;2.935
14;10;2.948
14;11;3.404
14;18;3.014
14;37;3.635
14;40;4.023
15;11;3.017
15;19;2.977
15;37;3.765
15;99;3.865
15;100;3.6
16;12;2.976
16;13;3.364
16;19;3.145
16;20;3.084
17;13;2.935
17;20;3.278
17;21;2.979
18;14;3.014
18;22;2.98
18;37;3.218
18;96;3.569
19;15;2.977
19;16;3.145
19;22;3.208
19;97;3.515
19;590;3.54
20;16;3.084
20;17;3.278
20;23;3.377
21;17;2.979
21;24;2.987
21;30;3.614
21;33;3.407
22;18;2.98
22;19;3.208
22;93;4.017
23;20;3.377
23;590;3.723
24;21;2.987
24;27;4.019
25;597;3.256
25;624;3.692
25;625;3.259
26;30;3.824
27;24;4.019
27;30;2.847
28;31;2.725
28;32;3.028
29;32;3.292
29;33;2.969
30;21;3.614
30;26;3.824
30;27;2.847
30;33;3.402
30;34;2.992
31;28;2.725
31;35;2.998
32;28;3.028
32;29;3.292
32;36;2.991
33;21;3.407
33;29;2.969
33;30;3.402
33;36;3.226
33;37;2.94
34;30;2.992
34;37;3.389
34;38;2.935
34;93;2.793
34;96;2.947
35;31;2.998
35;38;3.314
35;39;2.958
35;81;3.843
36;32;2.991
36;33;3.226
36;39;3.36
36;40;3.009
37;14;3.635
37;15;3.765
37;18;3.218
37;33;2.94
37;34;3.389
37;40;2.974
37;41;2.861
37;96;3.413
38;34;2.935
38;35;3.314
38;41;4.001
38;42;2.98
38;80;2.761
38;81;4.035
39;35;2.958
39;36;3.36
39;42;3.218
39;43;2.983
40;14;4.023
40;36;3.009
40;37;2.974
40;44;2.912
41;37;2.861
41;38;4.001
41;45;2.948
41;73;3.457
41;99;3.51
42;38;2.98
42;39;3.218
42;45;3.287
42;46;2.974
43;7;6.238
43;39;2.983
43;46;3.414
43;47;3.057
44;11;3.599
44;40;2.912
44;47;3.257
44;48;2.843
44;99;2.65
45;41;2.948
45;42;3.287
45;49;2.986
45;56;3.958
45;73;3.927
46;42;2.974
46;43;3.414
46;50;3.075
46;51;3.936
47;1;3.588
47;7;3.73
47;43;3.057
47;44;3.257
48;2;3.663
48;44;2.843
48;66;3.242
48;69;2.671
49;45;2.986
49;56;3.985
49;59;3.863
49;66;3.674
50;46;3.075
50;55;3.658
51;46;3.936
52;55;3.104
52;58;3.468
53;56;2.982
54;57;2.994
55;50;3.658
55;52;3.104
55;58;3.0
56;45;3.958
56;49;3.985
56;53;2.982
56;59;3.047
56;70;3.923
57;54;2.994
57;60;3.02
58;52;3.468
58;55;3.0
58;61;3.034
59;49;3.863
59;56;3.047
59;62;2.983
59;63;3.775
59;66;3.51
59;67;4.006
59;70;3.77
60;57;3.02
61;58;3.034
62;59;2.983
63;59;3.775
63;66;3.473
63;67;2.926
64;67;3.459
64;68;3.035
65;68;3.031
65;69;3.056
65;102;3.413
65;108;3.328
65;111;3.838
66;48;3.242
66;49;3.674
66;59;3.51
66;63;3.473
66;69;3.848
66;70;2.981
67;59;4.006
67;63;2.926
67;64;3.459
67;70;3.39
67;71;2.94
68;64;3.035
68;65;3.031
68;72;3.001
68;101;3.902
69;48;2.671
69;65;3.056
69;66;3.848
69;72;3.468
69;73;2.937
69;99;3.115
69;102;2.794
70;56;3.923
70;59;3.77
70;66;2.981
70;67;3.39
70;73;3.166
70;74;2.972
71;67;2.94
71;74;3.432
71;75;2.988
72;68;3.001
72;69;3.468
72;76;2.933
72;95;3.55
73;41;3.457
73;45;3.927
73;69;2.937
73;70;3.166
73;76;3.463
73;77;2.907
74;70;2.972
74;71;3.432
74;77;3.343
74;78;3.012
75;71;2.988
75;79;2.989
75;89;3.548
75;92;3.294
76;72;2.933
76;73;3.463
76;79;2.998
76;80;2.862
77;73;2.907
77;74;3.343
77;81;2.983
78;74;3.012
78;82;3.002
79;75;2.989
79;76;2.998
79;83;3.978
79;89;2.756
80;38;2.761
80;76;2.862
80;96;3.556
81;35;3.843
81;38;4.035
81;77;2.983
82;78;3.002
82;84;2.988
83;79;3.978
83;90;2.918
83;93;3.583
84;82;2.988
85;89;3.704
86;89;3.112
87;90;2.856
87;91;3.174
87;599;3.913
88;91;3.274
89;75;3.548
89;79;2.756
89;85;3.704
89;86;3.112
89;92;3.001
90;83;2.918
90;87;2.856
91;87;3.174
91;88;3.274
91;94;3.001
91;598;3.48
91;599;3.642
92;75;3.294
92;89;3.001
92;95;2.864
93;22;4.017
93;34;2.793
93;83;3.583
93;96;2.886
94;91;3.001
94;97;2.957
94;591;4.018
94;594;3.575
94;595;3.688
95;72;3.55
95;92;2.864
95;98;3.057
95;99;3.027
96;18;3.569
96;34;2.947
96;37;3.413
96;80;3.556
96;93;2.886
97;19;3.515
97;94;2.957
97;100;3.044
98;95;3.057
98;101;2.926
98;591;3.914
99;15;3.865
99;41;3.51
99;44;2.65
99;69;3.115
99;95;3.027
99;102;2.945
100;15;3.6
100;97;3.044
100;103;2.986
100;104;2.968
100;107;3.58
100;587;3.538
101;68;3.902
101;98;2.926
101;111;3.896
102;65;3.413
102;69;2.794
102;99;2.945
102;108;2.827
103;100;2.986
104;100;2.968
104;107;3.089
104;108;2.986
105;108;3.418
105;109;2.952
106;110;3.136
106;580;3.412
107;100;3.58
107;104;3.089
107;110;3.393
107;111;3.0
107;584;3.694
108;65;3.328
108;102;2.827
108;104;2.986
108;105;3.418
108;111;3.472
108;112;2.978
109;105;2.952
109;112;3.095
109;113;3.024
110;106;3.136
110;107;3.393
110;113;3.083
110;114;3.003
110;580;3.338
110;581;3.949
111;65;3.838
111;101;3.896
111;107;3.0
111;108;3.472
111;114;3.285
111;115;3.036
112;108;2.978
112;109;3.095
112;115;3.44
112;116;3.0
113;109;3.024
113;110;3.083
113;116;3.231
113;117;3.05
114;110;3.003
114;111;3.285
114;117;3.087
114;118;3.241
114;669;3.823
115;111;3.036
115;112;3.44
115;118;2.979
116;112;3.0
116;113;3.231
116;119;2.8
116;251;3.761
117;113;3.05
117;114;3.087
117;120;3.195
117;121;3.024
118;114;3.241
118;115;2.979
118;122;3.006
119;116;2.8
119;255;2.718
120;117;3.195
120;123;3.461
120;251;3.808
120;254;2.648
120;255;2.784
121;117;3.024
121;124;3.324
121;125;2.927
121;248;4.001
122;118;3.006
122;126;2.98
123;120;3.461
123;126;3.186
123;127;3.091
123;1240;3.495
123;1241;2.967
124;121;3.324
124;127;3.444
124;128;3.157
124;240;3.608
124;1244;4.004
125;121;2.927
125;128;3.378
125;129;2.924
126;122;2.98
126;123;3.186
126;129;3.337
126;130;2.983
127;123;3.091
127;124;3.444
127;131;2.963
127;1235;3.987
127;1241;3.963
127;1244;3.832
128;124;3.157
128;125;3.378
128;131;3.283
128;132;2.891
128;240;3.416
129;125;2.924
129;126;3.337
129;132;3.497
129;133;3.012
130;126;2.983
130;133;3.414
130;134;2.929
130;1142;4.155
130;1231;3.672
130;1234;3.395
130;1235;3.787
131;127;2.963
131;128;3.283
131;135;2.89
132;128;2.891
132;129;3.497
132;136;2.962
132;200;3.722
132;203;3.982
133;129;3.012
133;130;3.414
133;136;3.202
133;137;3.01
134;130;2.929
134;137;3.233
134;138;2.971
134;1142;3.743
134;1231;3.766
135;131;2.89
135;139;2.942
135;203;3.612
135;229;3.68
135;233;3.844
135;236;3.984
136;132;2.962
136;133;3.202
136;140;2.942
136;196;3.663
136;200;3.914
137;133;3.01
137;134;3.233
137;140;3.215
137;141;3.115
137;1228;3.847
138;134;2.971
138;141;3.148
138;142;3.449
138;229;3.579
138;1225;3.673
138;1228;3.921
139;135;2.942
139;142;3.476
139;143;2.953
139;193;3.544
140;136;2.942
140;137;3.215
140;144;3.726
140;194;3.902
140;195;3.59
140;196;3.905
141;137;3.115
141;138;3.148
141;1225;3.653
141;1228;3.363
142;138;3.449
142;139;3.476
142;1221;3.697
142;1225;3.494
143;139;2.953
143;216;3.071
143;226;3.383
143;229;3.612
143;230;3.677
144;140;3.726
144;194;3.9
145;150;2.769
145;189;2.934
146;183;3.004
146;187;3.755
146;189;3.109
147;150;2.933
147;151;3.755
147;187;2.812
148;187;2.867
148;190;3.488
148;194;2.655
149;154;3.716
150;145;2.769
150;147;2.933
150;184;2.8
151;147;3.755
151;181;3.902
151;184;3.69
152;181;3.847
153;177;3.951
153;179;2.731
154;149;3.716
155;158;3.649
156;158;3.594
157;160;3.937
157;178;3.912
158;155;3.649
158;156;3.594
159;168;3.296
159;177;2.922
160;157;3.937
161;167;3.117
161;168;3.777
162;164;3.526
163;164;3.364
164;162;3.526
164;163;3.364
165;167;2.957
165;174;2.831
166;171;3.467
166;172;4.034
167;161;3.117
167;165;2.957
167;170;2.828
167;178;2.785
168;159;3.296
168;161;3.777
169;172;3.372
169;173;3.827
170;167;2.828
170;174;3.795
170;176;2.705
171;166;3.467
172;166;4.034
172;169;3.372
173;169;3.827
173;175;3.075
173;176;3.622
174;165;2.831
174;170;3.795
175;173;3.075
176;170;2.705
176;173;3.622
177;153;3.951
177;159;2.922
178;157;3.912
178;167;2.785
179;153;2.731
180;1000;4.072
180;1002;3.705
181;151;3.902
181;152;3.847
182;184;3.367
183;146;3.004
184;150;2.8
184;151;3.69
184;182;3.367
185;188;3.122
185;1001;3.901
186;999;2.848
186;1001;3.468
187;146;3.755
187;147;2.812
187;148;2.867
187;190;3.11
188;185;3.122
188;219;3.523
188;220;3.922
189;145;2.934
189;146;3.109
190;148;3.488
190;187;3.11
190;193;2.995
190;194;3.032
190;198;3.54
191;198;3.138
192;198;3.452
192;216;3.461
193;139;3.544
193;190;2.995
193;199;3.386
193;202;3.566
193;216;3.144
193;230;6.219
194;140;3.902
194;144;3.9
194;148;2.655
194;190;3.032
195;140;3.59
195;198;2.786
195;199;2.978
196;136;3.663
196;140;3.905
196;200;2.953
197;201;2.991
198;190;3.54
198;191;3.138
198;192;3.452
198;195;2.786
198;201;3.334
198;202;2.966
199;193;3.386
199;195;2.978
199;202;3.219
199;203;2.949
200;132;3.722
200;136;3.914
200;196;2.953
200;204;2.939
201;197;2.991
201;198;3.334
201;204;3.054
201;205;2.967
201;657;3.82
202;193;3.566
202;198;2.966
202;199;3.219
202;205;3.29
202;206;2.933
203;132;3.982
203;135;3.612
203;199;2.949
203;206;3.497
203;207;2.961
204;200;2.939
204;201;3.054
204;207;3.249
204;208;2.947
204;661;3.429
204;665;3.868
205;201;2.967
205;202;3.29
205;209;2.968
205;210;2.835
205;211;3.832
205;640;3.642
206;202;2.933
206;203;3.497
206;209;3.078
206;212;3.622
206;230;3.893
206;233;3.775
206;234;3.74
207;203;2.961
207;204;3.249
208;204;2.947
208;664;3.647
209;205;2.968
209;206;3.078
209;1306;3.137
209;1308;2.994
210;205;2.835
210;639;3.777
210;640;3.406
211;205;3.832
211;214;3.314
211;215;2.996
211;640;5.733
211;1303;3.745
211;1313;4.026
212;206;3.622
212;216;3.054
212;217;3.19
212;231;3.925
212;234;3.299
212;1299;3.752
212;1302;3.576
212;1303;3.325
213;217;3.143
213;218;3.009
213;1299;3.711
213;1303;3.618
213;1338;3.485
213;1339;2.793
213;1340;3.242
214;211;3.314
214;1313;3.442
214;1340;3.392
215;211;2.996
215;218;3.062
216;143;3.071
216;192;3.461
216;193;3.144
216;212;3.054
216;226;2.836
217;212;3.19
217;213;3.143
217;220;2.959
217;227;3.407
217;1299;3.191
217;1338;3.483
218;213;3.009
218;215;3.062
218;1289;3.918
218;1338;3.406
219;188;3.523
220;188;3.922
220;217;2.959
220;222;2.938
220;223;3.121
220;226;3.603
221;223;3.071
221;1296;3.672
221;1333;3.497
221;1334;2.867
221;1337;3.474
222;220;2.938
222;226;3.012
223;220;3.121
223;221;3.071
223;226;2.975
223;227;2.943
223;1335;3.79
223;1336;3.492
224;227;3.647
224;228;2.92
224;1333;2.816
224;1335;2.775
225;1218;3.729
225;1221;3.815
225;1222;3.277
225;1335;2.937
226;143;3.383
226;216;2.836
226;220;3.603
226;222;3.012
226;223;2.975
226;229;3.018
226;230;3.292
227;217;3.407
227;223;2.943
227;224;3.647
227;230;3.342
227;231;2.944
227;1299;3.482
227;1336;3.962
227;1337;4.034
228;224;2.92
228;232;2.974
229;135;3.68
229;138;3.579
229;143;3.612
229;226;3.018
229;232;3.117
229;233;2.967
230;143;3.677
230;193;6.219
230;206;3.893
230;226;3.292
230;227;3.342
230;233;3.275
230;234;2.993
231;212;3.925
231;227;2.944
231;234;3.148
231;235;2.972
231;1302;3.978
232;228;2.974
232;229;3.117
232;236;2.931
233;135;3.844
233;206;3.775
233;229;2.967
233;230;3.275
233;237;2.903
234;206;3.74
234;212;3.299
234;230;2.993
234;231;3.148
234;238;2.952
234;1302;3.401
235;231;2.972
235;239;2.954
235;1302;3.374
236;135;3.984
236;232;2.931
236;240;2.923
237;233;2.903
237;241;2.943
238;234;2.952
238;241;3.3
238;242;2.946
239;235;2.954
239;242;3.429
239;243;2.943
239;1248;3.677
239;1255;3.574
240;124;3.608
240;128;3.416
240;236;2.923
240;243;3.192
240;244;2.88
241;237;2.943
241;238;3.3
241;244;3.347
241;245;2.949
242;238;2.946
242;239;3.429
242;245;3.815
242;246;2.994
242;1366;3.79
243;239;2.943
243;240;3.192
243;246;3.636
243;247;2.898
243;1244;3.137
243;1247;3.792
244;240;2.88
244;241;3.347
244;247;3.136
244;248;2.947
244;672;3.632
245;241;2.949
245;242;3.815
245;249;3.077
245;672;3.75
245;675;3.677
245;1363;3.535
246;242;2.994
246;243;3.636
246;250;2.929
246;1366;3.956
246;1367;3.934
246;1370;3.485
247;243;2.898
247;244;3.136
247;251;2.937
248;121;4.001
248;244;2.947
248;251;3.261
248;252;3.084
248;676;3.841
249;245;3.077
249;252;3.252
249;253;3.084
249;675;3.688
249;676;3.985
249;679;3.435
249;1367;3.48
250;246;2.929
250;254;2.876
250;1371;3.815
251;116;3.761
251;120;3.808
251;247;2.937
251;248;3.261
251;254;4.025
251;255;2.98
252;248;3.084
252;249;3.252
252;256;3.092
252;676;3.67
253;249;3.084
253;256;3.018
253;257;2.919
253;680;4.006
253;683;3.899
253;1371;6.218
254;120;2.648
254;250;2.876
254;251;4.025
254;257;2.98
254;258;3.6
255;119;2.718
255;120;2.784
255;251;2.98
255;265;2.953
256;252;3.092
256;253;3.018
256;264;4.034
256;265;2.748
256;266;3.041
257;253;2.919
257;254;2.98
257;264;3.568
257;266;3.918
257;268;3.061
258;254;3.6
258;263;2.77
258;264;2.851
259;268;3.57
260;268;3.953
261;268;3.68
261;269;4.027
262;264;3.608
263;258;2.77
264;256;4.034
264;257;3.568
264;258;2.851
264;262;3.608
265;255;2.953
265;256;2.748
266;256;3.041
266;257;3.918
267;270;2.948
268;257;3.061
268;259;3.57
268;260;3.953
268;261;3.68
268;271;3.001
269;261;4.027
270;267;2.948
270;273;2.879
271;268;3.001
271;274;3.836
271;688;3.938
271;689;3.715
272;274;2.953
272;276;3.89
272;277;3.848
272;280;3.832
272;691;3.946
273;270;2.879
274;271;3.836
274;272;2.953
274;277;2.945
274;691;3.924
275;278;3.289
275;284;2.823
275;285;2.844
275;286;2.837
275;288;3.981
276;272;3.89
276;279;2.993
276;280;2.679
276;283;3.738
276;691;2.804
276;692;3.795
277;272;3.848
277;274;2.945
277;280;3.04
278;275;3.289
279;276;2.993
279;284;2.725
279;285;2.929
280;272;3.832
280;276;2.679
280;277;3.04
281;282;3.016
282;281;3.016
283;276;3.738
284;275;2.823
284;279;2.725
285;275;2.844
285;279;2.929
286;275;2.837
287;301;2.815
287;308;3.733
288;275;3.981
289;686;2.827
289;687;3.939
289;1089;3.224
289;1092;3.636
290;1089;3.896
290;1092;3.611
290;1093;3.82
291;300;3.257
292;294;2.828
293;298;2.77
294;292;2.828
294;962;3.637
295;958;3.701
296;298;3.373
297;298;2.826
298;293;2.77
298;296;3.373
298;297;2.826
299;304;3.843
300;291;3.257
300;302;3.175
301;287;2.815
302;300;3.175
302;308;2.919
303;305;2.989
303;308;3.752
304;299;3.843
305;303;2.989
305;308;3.59
305;313;3.894
306;310;4.036
306;313;3.06
306;314;2.795
306;315;3.609
307;309;3.111
308;287;3.733
308;302;2.919
308;303;3.752
308;305;3.59
309;307;3.111
310;306;4.036
310;313;2.837
310;315;2.9
310;318;2.76
311;313;3.027
312;315;2.949
312;317;2.868
312;319;2.752
313;305;3.894
313;306;3.06
313;310;2.837
313;311;3.027
314;306;2.795
315;306;3.609
315;310;2.9
315;312;2.949
316;320;3.015
317;312;2.868
318;310;2.76
318;321;2.99
319;312;2.752
320;316;3.015
320;322;3.962
321;318;2.99
322;320;3.962
323;435;3.669
323;436;2.973
324;430;3.153
324;433;3.714
325;430;2.956
326;430;2.778
327;430;2.645
328;331;3.959
329;335;2.835
330;333;2.942
330;334;3.511
330;335;3.075
331;328;3.959
332;383;3.769
333;330;2.942
334;330;3.511
334;340;3.933
335;329;2.835
335;330;3.075
335;338;3.944
335;339;3.862
336;338;3.064
337;426;3.874
338;335;3.944
338;336;3.064
338;427;2.88
338;428;3.007
338;429;3.17
338;431;2.801
339;335;3.862
340;334;3.933
341;347;3.765
342;347;3.466
342;348;2.88
343;346;3.097
343;348;3.025
344;349;2.955
345;358;4.005
345;359;3.716
346;343;3.097
347;341;3.765
347;342;3.466
348;342;2.88
348;343;3.025
349;344;2.955
349;351;3.055
350;354;3.785
351;349;3.055
351;354;2.996
351;359;3.967
352;355;2.989
353;356;3.04
353;357;3.052
353;359;3.67
353;361;4.029
354;350;3.785
354;351;2.996
354;357;3.116
355;352;2.989
356;353;3.04
356;362;2.818
357;353;3.052
357;354;3.116
357;360;3.598
358;345;4.005
359;345;3.716
359;351;3.967
359;353;3.67
360;357;3.598
361;353;4.029
362;356;2.818
363;365;3.909
363;366;3.389
364;371;3.606
365;363;3.909
365;368;3.403
366;363;3.389
367;386;3.425
368;365;3.403
368;386;2.988
369;387;3.573
369;392;3.593
370;373;2.96
371;364;3.606
371;375;3.95
372;374;2.985
372;375;3.063
372;377;2.786
373;370;2.96
374;372;2.985
374;376;3.271
375;371;3.95
375;372;3.063
376;374;3.271
377;372;2.786
377;380;3.616
377;381;3.115
378;380;3.01
379;382;2.956
380;377;3.616
380;378;3.01
381;377;3.115
382;379;2.956
383;332;3.769
384;388;2.768
384;389;3.638
385;388;2.799
386;367;3.425
386;368;2.988
387;369;3.573
387;390;2.972
387;391;3.056
388;384;2.768
388;385;2.799
389;384;3.638
390;387;2.972
391;387;3.056
392;369;3.593
393;394;2.826
394;393;2.826
395;396;2.792
395;402;3.671
396;395;2.792
396;401;2.987
397;400;2.8
397;401;3.825
398;401;3.84
399;401;2.976
400;397;2.8
401;396;2.987
401;397;3.825
401;398;3.84
401;399;2.976
402;395;3.671
402;403;3.021
403;402;3.021
404;406;2.959
405;407;2.933
406;404;2.959
407;405;2.933
407;408;3.033
408;407;3.033
409;433;2.863
410;411;3.406
411;410;3.406
412;414;3.919
413;415;3.309
414;412;3.919
415;413;3.309
416;417;2.83
417;416;2.83
418;425;3.83
419;421;2.916
420;423;2.826
421;419;2.916
421;424;2.973
421;425;3.074
422;425;2.892
422;426;4.037
423;420;2.826
423;426;3.641
424;421;2.973
425;418;3.83
425;421;3.074
425;422;2.892
426;337;3.874
426;422;4.037
426;423;3.641
427;338;2.88
427;431;3.945
428;338;3.007
429;338;3.17
430;324;3.153
430;325;2.956
430;326;2.778
430;327;2.645
431;338;2.801
431;427;3.945
432;435;3.84
433;324;3.714
433;409;2.863
433;435;3.058
434;441;2.744
435;323;3.669
435;432;3.84
435;433;3.058
436;323;2.973
436;441;3.531
437;440;2.979
438;441;3.018
438;442;3.191
438;443;3.975
439;444;2.821
439;445;2.836
440;437;2.979
441;434;2.744
441;436;3.531
441;438;3.018
442;438;3.191
443;438;3.975
444;439;2.821
445;439;2.836
446;447;3.58
447;446;3.58
448;450;2.913
449;451;3.29
450;448;2.913
451;449;3.29
451;453;3.03
451;455;3.383
451;456;3.845
451;458;2.977
451;459;2.753
452;454;3.837
452;455;3.871
452;512;2.768
453;451;3.03
454;452;3.837
454;511;3.633
454;512;3.863
455;451;3.383
455;452;3.871
455;458;2.989
455;459;3.141
456;451;3.845
456;459;2.979
457;508;3.645
458;451;2.977
458;455;2.989
458;513;3.361
459;451;2.753
459;455;3.141
459;456;2.979
459;462;3.006
459;463;3.155
460;464;2.951
461;465;2.958
462;459;3.006
462;465;3.214
462;466;3.017
463;459;3.155
463;466;3.423
463;467;2.933
463;560;2.672
464;460;2.951
464;467;3.2
464;468;2.975
465;461;2.958
465;462;3.214
465;469;3.053
466;462;3.017
466;463;3.423
466;469;3.319
466;470;2.978
466;501;4.018
466;505;3.809
466;557;3.93
467;463;2.933
467;464;3.2
467;470;3.001
467;471;3.086
467;561;2.729
467;562;3.616
468;464;2.975
468;471;3.462
468;472;3.007
469;465;3.053
469;466;3.319
469;473;2.981
469;498;3.669
470;466;2.978
470;467;3.001
470;473;3.082
470;474;3.068
470;502;3.313
470;555;3.867
470;557;3.869
470;558;3.821
471;467;3.086
471;468;3.462
471;474;3.142
471;475;3.439
471;558;3.823
472;468;3.007
472;475;3.297
472;476;3.014
473;469;2.981
473;470;3.082
473;476;3.276
473;477;2.993
473;498;3.219
473;554;3.103
474;470;3.068
474;471;3.142
474;478;3.051
474;555;3.652
474;976;3.922
475;471;3.439
475;472;3.297
475;478;3.296
475;479;2.982
476;472;3.014
476;473;3.276
476;479;3.094
476;480;2.953
476;491;3.568
477;473;2.993
477;480;3.026
477;552;4.024
477;554;3.791
477;555;3.622
477;980;4.005
478;474;3.051
478;475;3.296
479;475;2.982
479;476;3.094
479;483;3.646
480;476;2.953
480;477;3.026
480;484;2.897
480;491;4.015
480;495;3.412
481;484;2.978
481;1023;3.186
481;1024;2.984
482;485;2.958
482;486;3.018
483;479;3.646
483;486;3.908
483;487;3.019
484;480;2.897
484;481;2.978
484;488;2.813
485;482;2.958
485;488;2.768
486;482;3.018
486;483;3.908
487;483;3.019
487;490;3.026
487;491;2.93
488;484;2.813
488;485;2.768
488;492;2.971
489;492;3.333
489;493;3.032
490;487;3.026
490;493;3.945
490;494;2.967
491;476;3.568
491;480;4.015
491;487;2.93
491;494;3.29
491;495;2.922
492;488;2.971
492;489;3.333
492;495;3.345
492;496;3.031
493;489;3.032
493;490;3.945
493;497;2.964
494;490;2.967
494;491;3.29
494;498;2.966
495;480;3.412
495;491;2.922
495;492;3.345
495;498;3.418
495;499;3.09
495;554;3.26
496;492;3.031
496;499;3.337
496;500;3.008
496;538;3.803
496;539;3.38
497;493;2.964
497;500;3.018
497;501;3.091
498;469;3.669
498;473;3.219
498;494;2.966
498;495;3.418
498;501;3.072
498;502;3.372
499;495;3.09
499;496;3.337
499;502;2.951
499;534;2.834
499;535;3.741
499;538;3.815
500;496;3.008
500;497;3.018
500;503;2.876
501;466;4.018
501;497;3.091
501;498;3.072
501;504;3.059
501;505;3.252
502;470;3.313
502;498;3.372
502;499;2.951
502;506;2.99
502;531;3.686
502;535;3.903
502;557;3.409
503;500;2.876
503;506;3.385
503;507;3.028
503;535;3.503
504;501;3.059
504;508;3.06
505;466;3.809
505;501;3.252
505;508;3.443
505;509;2.95
505;557;2.745
505;560;2.729
506;502;2.99
506;503;3.385
506;510;2.984
506;531;3.632
507;503;3.028
507;510;3.255
507;511;3.095
508;457;3.645
508;504;3.06
508;505;3.443
508;512;2.991
509;505;2.95
509;512;3.012
509;513;3.017
509;517;2.689
509;518;3.551
509;524;2.771
510;506;2.984
510;507;3.255
510;518;3.713
510;519;4.016
511;454;3.633
511;507;3.095
512;452;2.768
512;454;3.863
512;508;2.991
512;509;3.012
513;458;3.361
513;509;3.017
513;517;3.866
514;517;2.951
514;518;2.931
515;519;2.974
516;520;3.065
517;509;2.689
517;513;3.866
517;514;2.951
517;520;3.079
517;521;2.924
518;509;3.551
518;510;3.713
518;514;2.931
518;524;3.203
518;528;4.027
519;510;4.016
519;515;2.974
520;516;3.065
520;517;3.079
521;517;2.924
521;524;2.963
521;525;3.039
522;525;3.947
522;526;3.011
523;527;2.998
523;565;2.952
523;568;3.929
524;509;2.771
524;518;3.203
524;521;2.963
524;527;3.492
524;528;2.959
525;521;3.039
525;522;3.947
525;528;3.409
525;529;2.992
526;522;3.011
526;529;3.405
526;530;3.023
527;523;2.998
527;524;3.492
527;530;3.23
527;531;2.907
527;557;2.647
527;560;3.844
528;518;4.027
528;524;2.959
528;525;3.409
528;532;2.991
529;525;2.992
529;526;3.405
529;532;3.204
529;533;3.087
530;526;3.023
530;527;3.23
530;534;3.007
531;502;3.686
531;506;3.632
531;527;2.907
531;535;2.939
531;557;3.754
532;528;2.991
532;529;3.204
532;536;2.994
533;529;3.087
533;537;3.21
533;550;3.563
534;499;2.834
534;530;3.007
534;538;3.41
534;554;3.067
535;499;3.741
535;502;3.903
535;503;3.503
535;531;2.939
535;538;3.152
535;539;2.913
536;532;2.994
536;539;3.293
536;540;3.04
537;533;3.21
537;541;3.001
537;542;3.068
537;551;3.775
538;496;3.803
538;499;3.815
538;534;3.41
538;535;3.152
538;542;3.724
538;551;3.953
539;496;3.38
539;535;2.913
539;536;3.293
540;536;3.04
541;537;3.001
541;543;2.947
542;537;3.068
542;538;3.724
542;548;2.834
543;541;2.947
543;548;3.292
544;547;2.789
545;548;3.219
545;549;2.934
546;549;3.282
546;550;2.956
546;1063;3.9
547;544;2.789
547;550;3.082
547;551;3.086
548;542;2.834
548;543;3.292
548;545;3.219
548;551;2.936
549;545;2.934
549;546;3.282
549;552;2.99
549;984;3.146
550;533;3.563
550;546;2.956
550;547;3.082
550;553;2.976
551;537;3.775
551;538;3.953
551;547;3.086
551;548;2.936
551;554;3.042
552;477;4.024
552;549;2.99
552;555;3.183
552;980;3.693
552;981;3.9
553;550;2.976
553;556;2.891
553;977;3.871
554;473;3.103
554;477;3.791
554;495;3.26
554;534;3.067
554;551;3.042
554;557;2.982
555;470;3.867
555;474;3.652
555;477;3.622
555;552;3.183
555;558;2.923
555;973;3.819
555;977;3.521
556;553;2.891
556;559;2.779
556;974;3.377
556;977;3.481
557;466;3.93
557;470;3.869
557;502;3.409
557;505;2.745
557;527;2.647
557;531;3.754
557;554;2.982
557;560;2.982
558;470;3.821
558;471;3.823
558;555;2.923
558;561;2.974
558;562;2.947
558;564;3.826
558;973;3.573
559;556;2.779
559;564;4.026
560;463;2.672
560;505;2.729
560;527;3.844
560;557;2.982
561;467;2.729
561;558;2.974
562;467;3.616
562;558;2.947
562;564;3.905
562;565;3.024
563;566;3.079
563;567;2.925
563;966;3.246
564;558;3.826
564;559;4.026
564;562;3.905
564;567;3.194
564;568;3.014
564;970;3.493
565;523;2.952
565;562;3.024
565;568;3.831
565;569;3.054
566;563;3.079
566;569;3.444
566;570;2.968
567;563;2.925
567;564;3.194
567;570;3.255
567;571;2.953
567;970;3.638
568;523;3.929
568;564;3.014
568;565;3.831
568;572;3.052
569;565;3.054
569;566;3.444
569;572;3.387
569;573;2.763
570;566;2.968
570;567;3.255
570;573;3.306
570;574;2.936
571;567;2.953
571;574;3.194
571;575;3.079
571;1077;3.603
572;568;3.052
572;569;3.387
572;575;2.993
573;569;2.763
573;570;3.306
573;576;2.987
574;570;2.936
574;571;3.194
574;577;3.072
574;578;3.083
574;678;3.803
574;1077;3.497
574;1081;3.613
575;571;3.079
575;572;2.993
575;579;2.979
575;1077;3.877
576;573;2.987
576;579;3.017
577;574;3.072
577;678;3.93
578;574;3.083
578;581;3.257
578;582;2.875
578;674;3.564
578;1077;3.839
579;575;2.979
579;576;3.017
579;583;3.056
580;106;3.412
580;110;3.338
580;583;3.205
580;584;3.297
581;110;3.949
581;578;3.257
581;584;3.045
581;585;3.022
581;673;3.49
581;674;3.823
582;578;2.875
582;586;2.929
583;579;3.056
583;580;3.205
583;586;3.282
583;587;3.052
584;107;3.694
584;580;3.297
584;581;3.045
584;587;3.465
584;588;3.035
585;581;3.022
585;588;3.469
585;589;2.961
585;636;3.92
586;582;2.929
586;583;3.282
586;590;2.979
587;100;3.538
587;583;3.052
587;584;3.465
587;590;3.303
587;591;3.004
588;584;3.035
588;585;3.469
588;591;3.291
588;592;2.947
588;666;3.727
589;585;2.961
589;592;3.471
589;593;2.928
589;629;3.515
589;632;3.81
590;19;3.54
590;23;3.723
590;586;2.979
590;587;3.303
590;593;3.308
590;594;3.008
590;625;3.473
591;94;4.018
591;98;3.914
591;587;3.004
591;588;3.291
591;594;3.225
591;595;2.989
592;588;2.947
592;589;3.471
592;596;2.96
592;632;3.78
592;662;4.076
592;663;3.51
592;666;3.895
593;589;2.928
593;590;3.308
593;596;3.221
593;597;2.99
593;625;3.738
593;628;3.978
593;629;4.005
594;94;3.575
594;590;3.008
594;591;3.225
594;598;3.317
595;94;3.688
595;591;2.989
595;598;3.316
595;599;3.019
596;592;2.96
596;593;3.221
596;600;2.998
596;601;2.815
596;622;3.826
597;25;3.256
597;593;2.99
597;601;3.047
597;602;3.168
597;624;3.936
598;91;3.48
598;594;3.317
598;595;3.316
599;87;3.913
599;91;3.642
599;595;3.019
599;602;2.795
600;596;2.998
600;603;3.006
600;604;3.571
600;618;3.505
600;622;4.033
600;656;3.337
601;596;2.815
601;597;3.047
601;618;3.762
602;597;3.168
602;599;2.795
603;600;3.006
603;615;4.156
603;618;2.974
604;600;3.571
604;616;3.08
604;618;2.964
604;644;3.784
604;645;3.449
604;652;2.796
604;656;3.619
605;614;2.645
605;615;3.346
605;645;3.719
605;646;2.941
606;609;3.01
606;610;2.854
606;611;2.81
606;612;2.753
607;645;4.064
607;646;2.759
607;648;3.847
608;611;3.82
609;606;3.01
609;614;4.01
610;606;2.854
611;606;2.81
611;608;3.82
611;1011;3.953
612;606;2.753
613;619;3.564
613;620;3.136
614;605;2.645
614;609;4.01
615;603;4.156
615;605;3.346
615;619;3.515
616;604;3.08
616;619;3.17
616;620;3.135
616;643;2.857
616;644;3.57
617;620;3.032
617;621;2.839
617;642;3.886
618;600;3.505
618;601;3.762
618;603;2.974
618;604;2.964
618;622;3.693
618;644;3.595
619;613;3.564
619;615;3.515
619;616;3.17
619;623;3.507
620;613;3.136
620;616;3.135
620;617;3.032
620;1051;3.631
621;617;2.839
621;627;4.022
621;630;3.91
621;631;3.876
621;1042;3.436
621;1046;3.766
622;596;3.826
622;600;4.033
622;618;3.693
622;627;3.642
622;631;3.643
622;644;4.047
623;619;3.507
623;1055;2.725
624;25;3.692
624;597;3.936
624;627;2.892
624;628;2.941
624;1058;2.869
625;25;3.259
625;590;3.473
625;593;3.738
625;628;3.411
625;629;2.943
626;629;3.223
626;630;2.997
626;1058;3.628
626;1061;3.874
626;1062;3.637
626;1065;3.995
627;621;4.022
627;622;3.642
627;624;2.892
627;630;3.259
627;631;2.985
627;1061;3.137
628;593;3.978
628;624;2.941
628;625;3.411
628;631;4.011
628;632;2.974
629;589;3.515
629;593;4.005
629;625;2.943
629;626;3.223
629;632;3.488
629;633;2.975
630;621;3.91
630;626;2.997
630;627;3.259
630;633;3.271
630;634;3.037
630;1046;3.945
630;1065;3.59
631;621;3.876
631;622;3.643
631;627;2.985
631;628;4.011
631;634;3.137
631;635;3.016
631;641;3.809
632;589;3.81
632;592;3.78
632;628;2.974
632;629;3.488
632;635;3.398
632;636;2.995
633;629;2.975
633;630;3.271
633;636;3.068
633;637;3.227
633;1038;3.927
633;1041;3.507
633;1065;3.695
633;1072;3.9
634;630;3.037
634;631;3.137
634;640;2.839
634;1042;3.544
635;631;3.016
635;632;3.398
635;638;2.97
635;660;3.416
635;663;3.554
635;664;3.96
636;585;3.92
636;632;2.995
636;633;3.068
636;667;3.792
637;633;3.227
637;1038;3.489
638;635;2.97
638;660;2.887
638;664;3.995
639;210;3.777
639;1038;3.806
639;1039;2.745
639;1040;2.84
640;205;3.642
640;210;3.406
640;211;5.733
640;634;2.839
640;660;3.851
640;1043;3.878
641;631;3.809
641;644;3.511
641;660;3.263
642;617;3.886
642;1043;3.528
643;616;2.857
643;997;3.811
644;604;3.784
644;616;3.57
644;618;3.595
644;622;4.047
644;641;3.511
644;653;3.323
644;656;3.476
645;604;3.449
645;605;3.719
645;607;4.064
645;649;3.368
645;653;2.967
646;605;2.941
646;607;2.759
646;653;3.671
647;998;3.358
648;607;3.847
649;645;3.368
649;652;2.771
649;653;3.083
650;653;4.024
650;654;2.956
651;654;3.371
651;655;2.982
652;604;2.796
652;649;2.771
652;655;3.223
652;656;3.053
653;644;3.323
653;645;2.967
653;646;3.671
653;649;3.083
653;650;4.024
653;656;3.054
653;657;2.901
654;650;2.956
654;651;3.371
654;657;3.161
654;658;3.026
655;651;2.982
655;652;3.223
656;600;3.337
656;604;3.619
656;644;3.476
656;652;3.053
656;653;3.054
656;659;2.994
656;660;2.919
657;201;3.82
657;653;2.901
657;654;3.161
657;660;3.344
657;661;2.968
658;654;3.026
658;661;3.438
658;662;2.999
659;656;2.994
659;662;3.384
659;663;2.97
660;635;3.416
660;638;2.887
660;640;3.851
660;641;3.263
660;656;2.919
660;657;3.344
660;663;3.325
660;664;2.974
661;204;3.429
661;657;2.968
661;658;3.438
661;664;3.285
661;665;2.962
662;592;4.076
662;658;2.999
662;659;3.384
662;665;3.476
662;666;2.998
663;592;3.51
663;635;3.554
663;659;2.97
663;660;3.325
663;667;2.959
664;208;3.647
664;635;3.96
664;638;3.995
664;660;2.974
664;661;3.285
664;668;2.931
665;204;3.868
665;661;2.962
665;662;3.476
665;668;3.431
665;669;3.033
666;588;3.727
666;592;3.895
666;662;2.998
666;669;3.418
666;670;2.991
667;636;3.792
667;663;2.959
667;670;3.18
667;671;2.93
668;664;2.931
668;665;3.431
668;671;3.258
668;672;2.979
669;114;3.823
669;665;3.033
669;666;3.418
669;673;3.027
670;666;2.991
670;667;3.18
670;673;3.361
670;674;2.922
671;667;2.93
671;668;3.258
671;674;3.13
671;675;3.079
672;244;3.632
672;245;3.75
672;668;2.979
672;675;3.48
672;676;3.011
673;581;3.49
673;669;3.027
673;670;3.361
673;677;2.915
674;578;3.564
674;581;3.823
674;670;2.922
674;671;3.13
674;677;3.396
674;678;3.138
674;1080;3.373
675;245;3.677
675;249;3.688
675;671;3.079
675;672;3.48
675;678;3.457
675;679;2.938
675;1080;3.564
675;1083;3.737
675;1363;6.374
676;248;3.841
676;249;3.985
676;252;3.67
676;672;3.011
676;679;3.443
676;680;2.96
677;673;2.915
677;674;3.396
677;681;3.069
678;574;3.803
678;577;3.93
678;674;3.138
678;675;3.457
678;681;3.284
678;682;3.022
678;1080;3.632
678;1081;3.721
678;1084;3.57
679;249;3.435
679;675;2.938
679;676;3.443
679;682;3.396
679;683;2.971
679;1084;4.038
679;1087;3.466
680;253;4.006
680;676;2.96
680;683;3.232
680;684;3.051
681;677;3.069
681;678;3.284
681;684;3.132
681;685;3.092
682;678;3.022
682;679;3.396
682;685;2.979
682;686;3.015
682;1084;3.502
682;1088;3.536
683;253;3.899
683;679;2.971
683;680;3.232
683;688;3.514
683;1087;3.999
683;1088;3.586
683;1091;3.405
684;680;3.051
684;681;3.132
685;681;3.092
685;682;2.979
686;289;2.827
686;682;3.015
686;1088;3.855
687;289;3.939
687;1096;3.259
688;271;3.938
688;683;3.514
688;1091;3.996
688;1096;2.798
689;271;3.715
689;1091;3.976
689;1095;2.737
689;1096;4.026
690;1095;2.998
691;272;3.946
691;274;3.924
691;276;2.804
692;276;3.795
693;1095;2.674
693;1098;3.99
694;697;2.888
695;698;3.353
696;700;3.626
697;694;2.888
698;695;3.353
699;703;3.474
700;696;3.626
700;702;3.101
700;703;3.044
701;703;3.376
701;704;3.02
702;700;3.101
702;705;3.39
703;699;3.474
703;700;3.044
703;701;3.376
704;701;3.02
705;702;3.39
705;707;3.037
706;709;4.021
706;711;2.948
707;705;3.037
707;715;2.876
708;715;2.997
709;706;4.021
710;714;3.321
711;706;2.948
712;722;3.853
713;716;3.573
713;717;2.761
713;721;3.759
713;723;2.841
714;710;3.321
714;722;3.317
714;723;2.723
715;707;2.876
715;708;2.997
716;713;3.573
717;713;2.761
717;721;2.751
718;737;3.993
718;738;3.151
719;725;2.812
719;736;3.782
719;737;3.624
720;722;3.831
720;723;4.0
720;725;3.633
720;726;3.665
721;713;3.759
721;717;2.751
721;736;2.878
722;712;3.853
722;714;3.317
722;720;3.831
723;713;2.841
723;714;2.723
723;720;4.0
723;725;2.957
724;727;3.038
725;719;2.812
725;720;3.633
725;723;2.957
726;720;3.665
726;729;3.792
726;735;3.896
727;724;3.038
728;730;3.226
729;726;3.792
730;728;3.226
730;734;3.281
731;734;3.023
731;735;2.975
732;735;3.449
732;736;3.054
733;736;2.937
733;740;3.907
734;730;3.281
734;731;3.023
734;741;3.471
735;726;3.896
735;731;2.975
735;732;3.449
736;719;3.782
736;721;2.878
736;732;3.054
736;733;2.937
737;718;3.993
737;719;3.624
737;740;2.859
738;718;3.151
739;742;3.885
739;743;2.753
740;733;3.907
740;737;2.859
741;734;3.471
742;739;3.885
743;739;2.753
744;745;3.043
744;746;3.098
745;744;3.043
745;749;3.088
746;744;3.098
747;749;2.948
747;751;3.95
747;753;2.809
748;753;2.689
749;745;3.088
749;747;2.948
750;817;3.922
751;747;3.95
751;817;3.849
752;754;2.918
752;816;3.608
752;817;2.969
753;747;2.809
753;748;2.689
753;756;3.252
754;752;2.918
754;815;2.896
754;817;3.05
755;808;3.769
755;809;2.83
756;753;3.252
756;762;2.92
756;763;2.957
756;808;2.897
757;760;3.826
757;761;3.632
757;762;3.691
757;807;3.773
757;809;3.605
758;761;3.022
759;807;3.832
759;810;3.478
760;757;3.826
760;810;3.925
761;757;3.632
761;758;3.022
762;756;2.92
762;757;3.691
763;756;2.957
764;766;3.262
765;766;3.089
766;764;3.262
766;765;3.089
767;768;3.851
768;767;3.851
768;800;2.808
769;802;4.03
769;803;3.875
770;805;3.947
771;773;2.897
772;774;3.676
773;771;2.897
774;772;3.676
775;777;2.787
775;778;2.832
776;782;3.642
776;795;3.786
777;775;2.787
778;775;2.832
778;781;2.843
779;793;3.967
779;795;3.901
780;782;2.829
780;783;3.941
780;784;2.691
781;778;2.843
781;783;3.074
782;776;3.642
782;780;2.829
783;780;3.941
783;781;3.074
784;780;2.691
784;794;3.105
785;786;2.957
785;787;2.959
786;785;2.957
787;785;2.959
788;789;2.786
788;790;2.98
789;788;2.786
790;788;2.98
791;792;2.897
792;791;2.897
793;779;3.967
794;784;3.105
794;796;4.026
795;776;3.786
795;779;3.901
796;794;4.026
797;798;3.014
798;797;3.014
799;801;3.345
800;768;2.808
801;799;3.345
802;769;4.03
803;769;3.875
804;806;3.871
805;770;3.947
806;804;3.871
807;757;3.773
807;759;3.832
808;755;3.769
808;756;2.897
809;755;2.83
809;757;3.605
810;759;3.478
810;760;3.925
810;811;2.928
811;810;2.928
811;814;4.008
812;820;2.82
813;816;3.757
813;818;3.829
813;820;2.753
814;811;4.008
815;754;2.896
816;752;3.608
816;813;3.757
817;750;3.922
817;751;3.849
817;752;2.969
817;754;3.05
818;813;3.829
818;824;3.049
819;824;3.978
820;812;2.82
820;813;2.753
820;824;3.482
821;824;3.01
821;825;3.945
822;826;2.774
823;827;2.819
824;818;3.049
824;819;3.978
824;820;3.482
824;821;3.01
825;821;3.945
826;822;2.774
827;823;2.819
828;834;3.74
829;831;3.052
830;833;2.814
830;890;3.856
831;829;3.052
831;834;3.036
831;837;3.873
832;837;3.814
832;886;3.533
832;887;3.718
833;830;2.814
834;828;3.74
834;831;3.036
834;837;2.927
834;838;2.959
835;839;3.089
836;840;2.939
836;1113;3.513
837;831;3.873
837;832;3.814
837;834;2.927
837;840;3.154
837;841;2.95
838;834;2.959
838;841;3.421
838;842;3.251
838;946;3.12
839;835;3.089
839;842;3.983
839;843;3.134
839;1113;2.841
840;836;2.939
840;837;3.154
840;843;3.083
840;844;2.942
841;837;2.95
841;838;3.421
841;844;3.289
841;845;2.969
841;880;3.749
841;883;3.78
842;838;3.251
842;839;3.983
842;845;3.364
842;846;2.955
842;946;3.423
843;839;3.134
843;840;3.083
843;846;3.337
843;847;3.004
844;840;2.942
844;841;3.289
844;848;2.956
844;880;3.951
845;841;2.969
845;842;3.364
845;849;2.9
845;876;4.009
845;880;3.399
845;939;3.711
845;943;3.721
846;842;2.955
846;843;3.337
846;849;3.167
846;850;2.993
847;843;3.004
847;850;3.098
847;851;3.01
848;844;2.956
848;851;3.437
848;852;2.956
848;939;3.599
849;845;2.9
849;846;3.167
849;853;2.993
850;846;2.993
850;847;3.098
850;853;3.405
850;854;2.958
851;847;3.01
851;848;3.437
851;854;2.977
851;855;3.236
852;848;2.956
852;937;3.912
852;940;4.004
853;849;2.993
853;850;3.405
853;857;3.662
853;1271;3.83
854;850;2.958
854;851;2.977
854;857;3.074
854;858;3.022
854;861;3.466
854;865;3.861
854;869;4.022
855;851;3.236
855;862;2.766
855;930;2.709
856;859;3.293
856;862;2.67
856;1274;3.369
856;1328;3.073
857;853;3.662
857;854;3.074
857;1294;3.758
858;854;3.022
858;861;2.968
858;862;3.021
859;856;3.293
859;862;3.21
859;863;3.007
859;1329;4.005
860;863;2.638
861;854;3.466
861;858;2.968
861;864;3.244
861;865;2.956
862;855;2.766
862;856;2.67
862;858;3.021
862;859;3.21
862;866;3.027
862;1327;3.831
863;859;3.007
863;860;2.638
863;1329;3.502
864;861;3.244
865;854;3.861
865;861;2.956
865;868;3.114
865;869;3.027
866;862;3.027
866;869;3.497
866;870;2.753
867;871;3.023
868;865;3.114
868;871;3.34
868;872;2.982
869;854;4.022
869;865;3.027
869;866;3.497
869;872;3.006
869;873;3.269
870;866;2.753
870;873;2.987
870;874;3.019
870;930;2.863
870;933;3.743
871;867;3.023
871;868;3.34
871;874;2.896
871;875;2.956
872;868;2.982
872;869;3.006
872;875;3.466
872;876;2.915
873;869;3.269
873;870;2.987
873;877;3.013
873;936;3.832
874;870;3.019
874;871;2.896
874;877;3.361
874;878;3.038
875;871;2.956
875;872;3.466
875;879;2.98
876;845;4.009
876;872;2.915
876;879;3.231
876;880;2.935
876;936;4.021
876;939;3.588
877;873;3.013
877;874;3.361
877;881;2.983
877;936;3.728
878;874;3.038
878;882;3.019
879;875;2.98
879;876;3.231
879;882;4.037
879;883;2.938
880;841;3.749
880;844;3.951
880;845;3.399
880;876;2.935
880;884;3.003
880;942;3.651
881;877;2.983
881;884;3.345
881;885;2.946
881;909;3.855
881;913;3.626
882;878;3.019
882;879;4.037
882;885;3.389
882;886;2.947
883;841;3.78
883;879;2.938
883;886;3.461
883;887;2.68
883;942;3.629
884;880;3.003
884;881;3.345
884;888;2.949
884;906;3.769
885;881;2.946
885;882;3.389
885;888;3.387
885;889;2.986
886;832;3.533
886;882;2.947
886;883;3.461
886;890;2.992
887;832;3.718
887;883;2.68
887;891;3.055
887;896;3.744
887;902;3.859
887;905;2.684
888;884;2.949
888;885;3.387
888;891;3.027
888;892;2.932
888;893;3.802
888;896;6.361
888;897;3.649
889;885;2.986
890;830;3.856
890;886;2.992
891;887;3.055
891;888;3.027
891;895;2.817
891;896;3.995
891;899;3.768
891;902;3.586
892;888;2.932
892;896;2.988
893;888;3.802
893;896;3.467
893;897;2.983
894;897;4.039
894;898;2.773
895;891;2.817
896;887;3.744
896;888;6.361
896;891;3.995
896;892;2.988
896;893;3.467
896;899;3.033
896;902;3.655
896;906;3.772
897;888;3.649
897;893;2.983
897;894;4.039
897;903;3.499
897;906;3.676
898;894;2.773
899;891;3.768
899;896;3.033
899;902;3.104
899;903;2.938
900;903;3.467
900;904;2.98
901;904;3.367
901;905;3.001
901;951;3.719
901;954;3.89
902;887;3.859
902;891;3.586
902;896;3.655
902;899;3.104
902;905;3.152
902;906;2.981
903;897;3.499
903;899;2.938
903;900;3.467
903;906;6.435
903;907;2.987
904;900;2.98
904;901;3.367
904;907;3.181
905;887;2.684
905;901;3.001
905;902;3.152
905;942;2.919
905;945;2.755
906;884;3.769
906;896;3.772
906;897;3.676
906;902;2.981
906;903;6.435
906;909;3.022
906;910;2.95
907;903;2.987
907;904;3.181
907;911;3.028
908;935;4.029
908;938;3.972
908;942;3.751
909;881;3.855
909;906;3.022
909;912;3.056
909;913;3.087
910;906;2.95
910;913;2.969
910;914;2.907
911;907;3.028
911;915;2.974
911;935;3.69
912;909;3.056
912;915;3.997
912;916;3.047
912;936;2.886
913;881;3.626
913;909;3.087
913;910;2.969
913;916;3.337
913;917;2.981
914;910;2.907
914;917;3.209
914;918;2.995
915;911;2.974
915;912;3.997
915;918;3.462
915;919;2.989
916;912;3.047
916;913;3.337
916;919;3.298
916;920;2.991
916;929;3.796
917;913;2.981
917;914;3.209
917;920;3.188
917;921;2.927
918;914;2.995
918;915;3.462
918;921;3.148
918;922;2.96
919;915;2.989
919;916;3.298
919;924;3.047
919;928;3.296
919;929;3.311
919;932;3.657
920;916;2.991
920;917;3.188
920;923;3.001
921;917;2.927
921;918;3.148
922;918;2.96
923;920;3.001
924;919;3.047
925;928;3.829
926;929;4.018
926;930;3.011
927;930;2.747
927;931;3.229
928;919;3.296
928;925;3.829
928;932;2.965
929;916;3.796
929;919;3.311
929;926;4.018
929;933;2.951
930;855;2.709
930;870;2.863
930;926;3.011
930;927;2.747
930;1326;3.828
930;1327;3.981
931;927;3.229
931;934;3.056
931;1276;3.915
931;1323;2.97
931;1324;3.664
931;1325;3.138
932;919;3.657
932;928;2.965
933;870;3.743
933;929;2.951
933;936;2.745
934;931;3.056
934;937;2.749
934;938;3.27
934;1272;3.601
935;908;4.029
935;911;3.69
935;938;2.987
936;873;3.832
936;876;4.021
936;877;3.728
936;912;2.886
936;933;2.745
936;939;2.841
937;852;3.912
937;934;2.749
938;908;3.972
938;934;3.27
938;935;2.987
938;941;2.937
938;942;2.995
938;1268;3.835
939;845;3.711
939;848;3.599
939;876;3.588
939;936;2.841
939;942;2.985
939;943;3.126
940;852;4.004
940;943;3.051
940;1268;3.64
941;938;2.937
941;944;2.771
941;1268;3.802
942;880;3.651
942;883;3.629
942;905;2.919
942;908;3.751
942;938;2.995
942;939;2.985
942;945;2.93
943;845;3.721
943;939;3.126
943;940;3.051
943;946;2.975
943;947;2.9
944;941;2.771
944;947;3.131
944;950;3.527
944;954;3.773
945;905;2.755
945;942;2.93
