source;destination;distance
0;3;2.783
1;47;3.598
2;7;3.583
2;48;3.679
3;0;2.783
4;7;3.243
4;8;2.974
5;9;2.977
6;10;2.978
7;2;3.583
7;4;3.243
7;10;3.109
7;11;2.965
7;43;4.017
7;47;3.745
8;4;2.974
8;12;2.993
9;5;2.977
9;13;2.929
10;6;2.978
10;7;3.109
10;13;3.495
10;14;2.945
11;7;2.965
11;14;3.435
11;15;3.022
11;44;3.605
12;8;2.993
12;16;2.98
12;103;3.849
13;9;2.929
13;10;3.495
13;16;3.376
13;17;2.942
14;10;2.945
14;11;3.435
14;18;3.015
14;37;3.628
14;40;4.024
15;11;3.022
15;19;2.981
15;37;3.763
15;98;3.969
15;99;3.554
16;12;2.98
16;13;3.376
16;19;3.131
16;20;3.086
17;13;2.942
17;20;3.295
17;21;2.981
18;14;3.015
18;22;2.959
18;37;3.146
18;95;3.61
19;15;2.981
19;16;3.131
19;22;3.196
19;96;3.517
19;599;3.512
20;16;3.086
20;17;3.295
21;17;2.981
21;24;2.981
21;30;3.613
21;33;3.399
22;18;2.959
22;19;3.196
22;92;4.026
23;599;3.704
24;21;2.981
24;27;4.043
25;606;3.257
25;633;3.693
25;634;3.179
26;30;3.816
27;24;4.043
27;30;2.852
28;31;2.733
28;32;3.02
29;32;3.269
29;33;2.979
30;21;3.613
30;26;3.816
30;27;2.852
30;33;3.428
30;34;3.003
31;28;2.733
31;34;3.473
31;35;3.007
32;28;3.02
32;29;3.269
32;36;2.991
33;21;3.399
33;29;2.979
33;30;3.428
33;36;3.252
33;37;2.949
34;30;3.003
34;31;3.473
34;37;3.344
34;38;2.939
34;92;2.804
34;95;3.187
35;31;3.007
35;38;3.386
35;39;2.971
35;80;3.709
36;32;2.991
36;33;3.252
36;39;3.343
36;40;3.002
37;14;3.628
37;15;3.763
37;18;3.146
37;33;2.949
37;34;3.344
37;40;2.995
37;41;2.866
37;95;3.451
38;34;2.939
38;35;3.386
38;41;3.996
38;42;2.986
38;79;2.769
39;35;2.971
39;36;3.343
39;42;3.169
39;43;2.984
40;14;4.024
40;36;3.002
40;37;2.995
40;43;3.486
40;44;2.914
41;37;2.866
41;38;3.996
41;45;2.954
41;72;3.455
41;98;3.501
42;38;2.986
42;39;3.169
42;45;3.273
42;46;2.962
43;7;4.017
43;39;2.984
43;40;3.486
43;46;3.388
43;47;3.055
44;11;3.605
44;40;2.914
44;47;3.269
44;48;2.826
44;98;2.652
45;41;2.954
45;42;3.273
45;49;2.989
45;55;3.961
45;72;3.925
46;42;2.962
46;43;3.388
46;50;3.065
47;1;3.598
47;7;3.745
47;43;3.055
47;44;3.269
48;2;3.679
48;44;2.826
48;65;3.209
48;68;2.667
49;45;2.989
49;55;4.032
49;58;3.822
49;65;3.642
50;46;3.065
50;52;3.076
50;54;3.598
51;54;3.613
51;57;3.448
52;50;3.076
52;55;2.987
53;56;2.988
54;50;3.598
54;51;3.613
54;57;2.988
55;45;3.961
55;49;4.032
55;52;2.987
55;58;3.038
55;69;3.9
56;53;2.988
56;59;3.016
57;51;3.448
57;54;2.988
57;60;3.041
58;49;3.822
58;55;3.038
58;61;2.967
58;62;3.787
58;65;3.508
58;66;3.999
58;69;3.761
59;56;3.016
60;57;3.041
61;58;2.967
62;58;3.787
62;65;3.458
62;66;2.926
63;66;3.449
63;67;3.041
64;67;3.022
64;68;3.054
64;101;3.391
64;107;3.198
64;110;3.768
65;48;3.209
65;49;3.642
65;58;3.508
65;62;3.458
65;68;3.827
65;69;2.986
66;58;3.999
66;62;2.926
66;63;3.449
66;69;3.408
66;70;2.948
67;63;3.041
67;64;3.022
67;71;3.0
67;100;3.932
68;48;2.667
68;64;3.054
68;65;3.827
68;71;3.46
68;72;2.935
68;98;3.16
68;101;2.738
69;55;3.9
69;58;3.761
69;65;2.986
69;66;3.408
69;72;3.209
69;73;2.983
70;66;2.948
70;73;3.414
70;74;2.986
71;67;3.0
71;68;3.46
71;75;2.931
71;94;3.519
72;41;3.455
72;45;3.925
72;68;2.935
72;69;3.209
72;75;3.462
72;76;2.904
73;69;2.983
73;70;3.414
73;76;3.366
73;77;3.014
74;70;2.986
74;77;3.455
74;78;2.981
74;88;3.599
74;91;3.335
75;71;2.931
75;72;3.462
75;78;2.999
75;79;2.866
76;72;2.904
76;73;3.366
76;80;2.957
77;73;3.014
77;74;3.455
77;81;3.01
78;74;2.981
78;75;2.999
78;82;3.967
78;88;2.744
79;38;2.769
79;75;2.866
79;82;3.197
79;95;3.601
80;35;3.709
80;76;2.957
81;77;3.01
81;83;2.989
82;78;3.967
82;79;3.197
82;89;2.941
82;92;3.574
83;81;2.989
84;88;3.509
85;88;3.129
86;89;2.928
86;90;3.195
86;608;3.901
87;90;3.118
88;74;3.599
88;78;2.744
88;84;3.509
88;85;3.129
88;91;3.003
89;82;2.941
89;86;2.928
90;86;3.195
90;87;3.118
90;93;3.015
90;607;3.431
90;608;3.855
91;74;3.335
91;88;3.003
91;94;2.863
92;22;4.026
92;34;2.804
92;82;3.574
92;95;2.915
93;90;3.015
93;96;2.87
93;600;3.959
93;603;3.637
93;604;3.686
94;71;3.519
94;91;2.863
94;97;3.859
94;98;3.009
95;18;3.61
95;34;3.187
95;37;3.451
95;79;3.601
95;92;2.915
95;98;3.197
96;19;3.517
96;93;2.87
96;99;2.993
97;94;3.859
97;100;2.911
97;600;3.952
98;15;3.969
98;41;3.501
98;44;2.652
98;68;3.16
98;94;3.009
98;95;3.197
98;101;2.947
99;15;3.554
99;96;2.993
99;102;2.994
99;103;2.986
99;106;3.634
99;596;3.499
100;67;3.932
100;97;2.911
100;110;3.882
101;64;3.391
101;68;2.738
101;98;2.947
101;107;2.811
102;99;2.994
103;12;3.849
103;99;2.986
103;107;2.975
104;107;3.283
104;108;2.954
105;109;3.103
105;589;3.37
106;99;3.634
106;109;3.386
106;110;3.0
106;593;3.689
107;64;3.198
107;101;2.811
107;103;2.975
107;104;3.283
107;110;3.477
107;111;2.977
108;104;2.954
108;111;3.204
108;112;3.038
109;105;3.103
109;106;3.386
109;112;3.077
109;113;2.997
109;589;3.338
110;64;3.768
110;100;3.882
110;106;3.0
110;107;3.477
110;113;3.284
110;114;3.04
111;107;2.977
111;108;3.204
111;114;3.46
111;115;3.019
112;108;3.038
112;109;3.077
112;115;3.181
112;116;3.037
113;109;2.997
113;110;3.284
113;116;3.127
113;117;3.297
113;678;3.83
114;110;3.04
114;111;3.46
114;117;2.984
115;111;3.019
115;112;3.181
115;118;2.781
115;252;3.817
116;112;3.037
116;113;3.127
116;119;3.094
116;120;3.018
117;113;3.297
117;114;2.984
117;121;3.0
118;115;2.781
118;256;2.76
119;116;3.094
119;122;3.325
119;252;3.402
119;255;2.646
119;256;2.829
120;116;3.018
120;124;2.939
120;249;3.991
121;117;3.0
121;125;2.997
122;119;3.325
122;125;3.147
122;126;3.088
122;1263;3.428
122;1264;2.879
123;126;3.426
123;127;3.16
123;241;3.512
123;1267;4.009
124;120;2.939
124;127;3.414
124;128;2.926
125;121;2.997
125;122;3.147
125;128;3.369
125;129;2.986
126;122;3.088
126;123;3.426
126;129;3.497
126;130;2.959
126;1258;3.996
126;1264;3.959
126;1267;3.814
127;123;3.16
127;124;3.414
127;130;3.318
127;131;2.894
127;241;3.334
128;124;2.926
128;125;3.369
128;131;3.47
128;132;3.016
129;125;2.986
129;126;3.497
129;132;3.401
129;133;2.934
129;1254;3.69
129;1257;3.401
129;1258;3.809
130;126;2.959
130;127;3.318
130;133;3.484
130;134;2.875
131;127;2.894
131;128;3.47
131;135;2.97
131;201;3.73
131;204;4.024
132;128;3.016
132;129;3.401
132;135;3.206
132;136;3.008
133;129;2.934
133;130;3.484
133;136;3.291
133;137;2.979
133;1165;3.75
133;1254;3.726
134;130;2.875
134;138;2.948
134;204;3.592
134;230;3.713
134;234;3.802
134;237;3.636
135;131;2.97
135;132;3.206
135;139;2.924
135;197;3.82
135;201;3.916
136;132;3.008
136;133;3.291
136;139;3.211
136;140;3.13
136;197;3.816
136;1251;3.896
137;133;2.979
137;140;3.139
137;141;3.461
137;230;3.553
137;1248;3.666
137;1251;3.894
138;134;2.948
138;141;3.411
138;142;2.944
138;194;3.562
139;135;2.924
139;136;3.211
139;143;3.715
139;195;3.954
139;196;3.494
139;197;3.878
139;200;4.026
140;136;3.13
140;137;3.139
140;1248;3.634
140;1251;3.382
141;137;3.461
141;138;3.411
141;1244;3.648
141;1248;3.481
142;138;2.944
142;217;3.061
142;227;3.379
142;230;3.544
142;231;3.721
143;139;3.715
143;195;3.782
144;149;2.751
144;190;2.961
145;184;2.987
145;188;3.687
145;190;3.111
146;149;2.956
146;150;3.754
146;188;2.824
147;188;2.931
147;191;3.648
147;195;2.655
148;153;2.886
148;154;3.471
149;144;2.751
149;146;2.956
149;153;3.454
149;185;2.832
150;146;3.754
150;182;3.846
150;185;3.811
151;182;3.566
152;180;2.728
153;148;2.886
153;149;3.454
154;148;3.471
155;158;3.665
156;158;3.584
157;160;3.942
158;155;3.665
158;156;3.584
159;169;3.656
159;177;2.858
160;157;3.942
161;168;3.076
161;169;3.403
162;164;3.865
163;167;3.987
164;162;3.865
164;168;6.194
165;168;2.951
165;174;3.089
166;172;2.887
167;163;3.987
167;170;3.729
167;172;3.607
168;161;3.076
168;164;6.194
168;165;2.951
168;171;2.796
168;178;2.854
169;159;3.656
169;161;3.403
170;167;3.729
171;168;2.796
171;174;4.024
171;176;2.758
172;166;2.887
172;167;3.607
173;175;3.078
174;165;3.089
174;171;4.024
175;173;3.078
175;179;3.973
176;171;2.758
177;159;2.858
178;168;2.854
179;175;3.973
180;152;2.728
181;1018;4.073
181;1020;3.708
182;150;3.846
182;151;3.566
183;185;3.451
184;145;2.987
185;149;2.832
185;150;3.811
185;183;3.451
186;189;3.119
187;1017;2.672
187;1019;3.506
188;145;3.687
188;146;2.824
188;147;2.931
188;191;3.063
189;186;3.119
189;220;3.521
189;221;3.938
190;144;2.961
190;145;3.111
191;147;3.648
191;188;3.063
191;194;2.996
191;195;3.017
191;199;3.509
192;199;3.293
193;199;3.381
193;217;3.435
194;138;3.562
194;191;2.996
194;200;3.4
194;203;3.562
194;217;3.174
194;231;6.189
195;139;3.954
195;143;3.782
195;147;2.655
195;191;3.017
196;139;3.494
196;199;2.798
196;200;2.974
197;135;3.82
197;136;3.816
197;139;3.878
197;201;2.958
198;202;2.996
199;191;3.509
199;192;3.293
199;193;3.381
199;196;2.798
199;202;3.291
199;203;2.955
200;139;4.026
200;194;3.4
200;196;2.974
200;203;3.259
200;204;2.951
201;131;3.73
201;135;3.916
201;197;2.958
201;205;2.936
202;198;2.996
202;199;3.291
202;205;3.066
202;206;2.971
202;666;3.82
203;194;3.562
203;199;2.955
203;200;3.259
203;206;3.306
203;207;2.936
204;131;4.024
204;134;3.592
204;200;2.951
204;207;3.896
204;208;2.965
205;201;2.936
205;202;3.066
205;208;3.274
205;209;2.943
205;670;3.456
205;674;3.894
206;202;2.971
206;203;3.306
206;210;2.964
206;211;2.861
206;649;3.407
207;203;2.936
207;204;3.896
207;210;3.08
207;213;3.568
207;231;3.906
207;234;3.816
207;235;3.73
208;204;2.965
208;205;3.274
209;205;2.943
209;673;3.631
210;206;2.964
210;207;3.08
210;1329;3.151
210;1331;2.986
211;206;2.861
211;648;3.808
211;649;3.395
212;215;3.223
212;216;3.007
212;649;5.933
212;1336;3.788
213;207;3.568
213;217;3.054
213;218;3.174
213;232;3.844
213;235;3.327
213;1322;3.707
213;1325;3.52
213;1326;3.435
214;218;3.114
214;219;3.003
214;1322;3.839
214;1326;3.834
214;1361;3.457
214;1362;2.769
214;1363;3.119
215;212;3.223
215;1336;3.626
215;1363;3.183
216;212;3.007
216;219;3.056
217;142;3.061
217;193;3.435
217;194;3.174
217;213;3.054
217;227;2.843
218;213;3.174
218;214;3.114
218;221;2.948
218;228;3.363
218;1322;3.155
218;1361;3.5
219;214;3.003
219;216;3.056
219;1312;3.85
219;1361;3.445
220;189;3.521
221;189;3.938
221;218;2.948
221;223;2.933
221;224;3.115
221;227;3.606
222;224;3.063
222;1319;3.626
222;1356;3.463
222;1357;2.868
222;1359;4.014
222;1360;3.467
223;221;2.933
223;227;3.011
224;221;3.115
224;222;3.063
224;227;2.972
224;228;2.944
224;1358;3.793
224;1359;3.487
225;228;3.631
225;229;2.926
225;1356;2.812
225;1358;2.78
226;1241;3.712
226;1244;3.944
226;1245;3.276
226;1358;2.957
227;142;3.379
227;217;2.843
227;221;3.606
227;223;3.011
227;224;2.972
227;230;3.025
227;231;3.294
228;218;3.363
228;224;2.944
228;225;3.631
228;231;3.322
228;232;2.943
228;1322;3.495
228;1359;3.983
228;1360;4.029
229;225;2.926
229;233;2.983
230;134;3.713
230;137;3.553
230;142;3.544
230;227;3.025
230;233;3.127
230;234;2.967
231;142;3.721
231;194;6.189
231;207;3.906
231;227;3.294
231;228;3.322
231;234;3.263
231;235;2.995
232;213;3.844
232;228;2.943
232;235;3.189
232;236;2.982
232;1325;3.968
233;229;2.983
233;230;3.127
233;237;2.934
234;134;3.802
234;207;3.816
234;230;2.967
234;231;3.263
234;238;2.906
235;207;3.73
235;213;3.327
235;231;2.995
235;232;3.189
235;239;2.957
235;1325;3.402
236;232;2.982
236;240;2.959
236;1325;3.353
237;134;3.636
237;233;2.934
237;241;2.911
238;234;2.906
238;242;2.931
239;235;2.957
239;242;3.38
239;243;2.956
240;236;2.959
240;243;3.397
240;244;2.941
240;1271;3.655
240;1278;3.425
241;123;3.512
241;127;3.334
241;237;2.911
241;244;3.213
241;245;2.887
242;238;2.931
242;239;3.38
242;245;3.353
242;246;2.952
243;239;2.956
243;240;3.397
243;246;3.808
243;247;2.987
243;1389;3.762
244;240;2.941
244;241;3.213
244;247;3.623
244;248;2.924
244;1267;3.249
244;1270;3.72
245;241;2.887
245;242;3.353
245;248;3.066
245;249;2.948
245;681;3.559
246;242;2.952
246;243;3.808
246;250;3.099
246;681;3.754
246;684;3.682
246;1386;3.555
247;243;2.987
247;244;3.623
247;251;2.922
247;1389;3.963
247;1390;3.943
247;1393;3.535
248;244;2.924
248;245;3.066
248;252;2.937
249;120;3.991
249;245;2.948
249;252;3.351
249;253;3.092
249;685;3.826
250;246;3.099
250;253;3.277
250;254;3.085
250;684;3.699
250;685;3.96
250;688;3.434
250;1390;3.463
251;247;2.922
251;255;2.89
251;1394;3.779
252;115;3.817
252;119;3.402
252;248;2.937
252;249;3.351
252;255;4.025
252;256;3.001
253;249;3.092
253;250;3.277
253;257;3.096
253;685;3.686
254;250;3.085
254;257;3.094
254;258;2.884
254;689;3.975
254;692;3.824
254;1109;6.129
254;1394;6.462
255;119;2.646
255;251;2.89
255;252;4.025
255;258;3.016
255;259;3.192
256;118;2.76
256;119;2.829
256;252;3.001
256;266;2.937
257;253;3.096
257;254;3.094
257;265;3.977
257;266;3.151
257;267;2.971
258;254;2.884
258;255;3.016
258;265;3.454
258;267;3.886
258;269;3.113
259;255;3.192
259;264;2.927
259;265;2.739
260;269;3.807
260;699;3.799
261;263;3.563
262;269;3.469
262;270;4.031
262;272;3.437
262;702;3.994
263;261;3.563
264;259;2.927
265;257;3.977
265;258;3.454
265;259;2.739
266;256;2.937
266;257;3.151
267;257;2.971
267;258;3.886
267;269;4.003
268;271;2.845
269;258;3.113
269;260;3.807
269;262;3.469
269;267;4.003
269;272;3.008
270;262;4.031
271;268;2.845
271;274;3.002
272;262;3.437
272;269;3.008
272;698;3.488
273;275;2.941
273;277;3.49
273;278;3.626
273;281;3.639
274;271;3.002
275;273;2.941
275;278;2.97
275;290;3.77
276;279;3.093
276;286;2.755
276;287;2.796
276;288;3.679
276;706;2.876
277;273;3.49
277;280;3.002
277;281;2.61
277;703;2.634
277;704;3.115
278;273;3.626
278;275;2.97
278;281;3.024
279;276;3.093
280;277;3.002
280;285;3.578
280;286;3.997
280;287;2.744
280;288;2.764
281;273;3.639
281;277;2.61
281;278;3.024
281;704;2.817
282;285;3.594
283;723;3.81
284;731;2.798
285;280;3.578
285;282;3.594
285;731;3.116
286;276;2.755
286;280;3.997
286;704;3.777
286;706;3.6
286;707;2.982
287;276;2.796
287;280;2.744
287;707;3.877
288;276;3.679
288;280;2.764
289;304;2.768
290;275;3.77
291;695;2.837
291;1106;3.807
291;1110;3.759
292;1107;3.389
292;1110;3.831
292;1111;3.944
293;302;3.136
294;302;3.859
295;298;3.91
295;300;2.74
296;980;4.015
297;976;3.404
298;295;3.91
298;300;3.047
299;300;2.878
300;295;2.74
300;298;3.047
300;299;2.878
301;307;3.733
302;293;3.136
302;294;3.859
302;305;3.141
303;308;4.031
304;289;2.768
305;302;3.141
305;312;2.806
306;309;2.986
306;312;3.988
307;301;3.733
308;303;4.031
309;306;2.986
309;312;3.653
309;319;3.808
310;319;2.95
310;320;3.904
311;313;3.027
312;305;2.806
312;306;3.988
312;309;3.653
313;311;3.027
314;318;2.75
314;320;2.711
314;321;2.957
314;323;2.654
315;318;2.805
315;323;3.432
315;324;3.385
316;324;3.134
317;320;2.929
317;322;2.735
317;323;2.787
317;324;2.662
318;314;2.75
318;315;2.805
319;309;3.808
319;310;2.95
320;310;3.904
320;314;2.711
320;317;2.929
321;314;2.957
322;317;2.735
322;327;3.351
323;314;2.654
323;315;3.432
323;317;2.787
323;326;2.967
323;327;2.94
324;315;3.385
324;316;3.134
324;317;2.662
325;328;2.822
326;323;2.967
327;322;3.351
327;323;2.94
328;325;2.822
329;331;3.137
330;332;2.783
331;329;3.137
332;330;2.783
333;442;2.894
333;443;3.665
334;437;3.078
334;439;3.733
335;437;3.017
336;437;2.757
337;437;2.614
338;341;4.02
339;346;2.879
340;344;2.959
340;345;4.024
340;346;3.705
340;352;4.003
341;338;4.02
342;391;3.957
343;347;3.425
344;340;2.959
345;340;4.024
345;352;3.505
346;339;2.879
346;340;3.705
346;350;3.533
346;351;3.731
347;343;3.425
347;352;4.027
348;350;3.014
349;433;3.908
350;346;3.533
350;348;3.014
350;434;3.587
350;435;2.804
350;436;2.869
350;438;2.785
351;346;3.731
352;340;4.003
352;345;3.505
352;347;4.027
353;359;3.8
354;360;3.308
355;358;3.153
355;360;3.042
356;360;3.972
356;361;2.974
357;370;3.887
357;371;3.587
358;355;3.153
359;353;3.8
360;354;3.308
360;355;3.042
360;356;3.972
361;356;2.974
362;366;3.605
363;366;3.011
363;371;3.688
364;367;3.095
365;368;2.995
365;369;2.973
365;371;3.803
365;373;3.851
366;362;3.605
366;363;3.011
367;364;3.095
368;365;2.995
368;374;2.991
369;365;2.973
369;372;3.828
370;357;3.887
371;357;3.587
371;363;3.688
371;365;3.803
372;369;3.828
373;365;3.851
374;368;2.991
375;377;2.819
375;380;3.646
376;394;3.088
377;375;2.819
377;394;3.187
378;395;2.877
378;400;3.475
379;382;2.948
380;375;3.646
381;383;3.017
381;384;3.236
381;385;3.44
381;386;2.803
382;379;2.948
383;381;3.017
384;381;3.236
385;381;3.44
386;381;2.803
386;388;2.723
386;389;3.155
387;390;3.079
388;386;2.723
389;386;3.155
390;387;3.079
391;342;3.957
392;396;3.714
392;397;3.446
393;396;2.948
394;376;3.088
394;377;3.187
395;378;2.877
395;398;2.959
395;399;3.144
396;392;3.714
396;393;2.948
397;392;3.446
398;395;2.959
399;395;3.144
400;378;3.475
401;402;2.797
402;401;2.797
403;404;2.787
403;410;3.641
404;403;2.787
404;409;2.978
405;408;2.791
405;409;3.797
406;409;3.796
407;409;2.977
408;405;2.791
409;404;2.978
409;405;3.797
409;406;3.796
409;407;2.977
410;403;3.641
410;411;3.019
411;410;3.019
412;414;2.994
413;415;2.935
414;412;2.994
415;413;2.935
415;416;3.048
416;415;3.048
417;439;2.838
418;419;3.355
419;418;3.355
419;420;2.943
420;419;2.943
420;422;3.057
421;423;3.52
421;427;3.673
422;420;3.057
423;421;3.52
423;427;3.687
424;425;3.997
425;424;3.997
426;432;3.855
427;421;3.673
427;423;3.687
427;428;2.931
428;427;2.931
428;431;2.985
428;432;3.103
429;432;2.943
430;433;3.791
431;428;2.985
432;426;3.855
432;428;3.103
432;429;2.943
433;349;3.908
433;430;3.791
434;350;3.587
434;438;3.829
435;350;2.804
436;350;2.869
437;334;3.078
437;335;3.017
437;336;2.757
437;337;2.614
438;350;2.785
438;434;3.829
439;334;3.733
439;417;2.838
439;441;3.075
440;448;2.919
441;439;3.075
442;333;2.894
442;448;3.479
443;333;3.665
444;447;3.039
445;448;2.936
445;449;3.103
445;450;3.928
446;451;3.694
446;452;2.917
446;453;3.902
447;444;3.039
448;440;2.919
448;442;3.479
448;445;2.936
449;445;3.103
450;445;3.928
451;446;3.694
452;446;2.917
453;446;3.902
453;454;2.959
453;455;3.112
454;453;2.959
455;453;3.112
456;458;2.723
457;459;3.176
458;456;2.723
459;457;3.176
459;461;2.974
459;463;3.395
459;464;3.835
459;466;2.992
459;467;2.772
460;462;3.952
460;463;3.827
460;520;3.405
460;521;2.776
461;459;2.974
462;460;3.952
462;520;3.712
462;521;3.972
463;459;3.395
463;460;3.827
463;466;2.989
463;467;3.113
464;459;3.835
464;467;2.983
465;517;3.637
466;459;2.992
466;463;2.989
466;518;3.706
467;459;2.772
467;463;3.113
467;464;2.983
467;470;2.987
467;471;3.159
468;472;2.959
469;473;2.959
470;467;2.987
470;473;3.217
470;474;3.017
471;467;3.159
471;474;3.422
471;475;2.938
471;569;2.678
472;468;2.959
472;475;3.211
472;476;2.974
473;469;2.959
473;470;3.217
473;477;3.05
474;470;3.017
474;471;3.422
474;477;3.308
474;478;2.981
474;510;4.022
474;514;3.813
474;566;3.93
475;471;2.938
475;472;3.211
475;478;3.002
475;479;3.088
475;570;2.733
475;571;3.611
476;472;2.974
476;479;3.472
476;480;3.006
477;473;3.05
477;474;3.308
477;481;2.987
477;507;3.662
478;474;2.981
478;475;3.002
478;481;3.081
478;482;3.068
478;511;3.31
478;564;3.866
478;566;3.891
478;567;3.833
479;475;3.088
479;476;3.472
479;482;3.124
479;483;3.437
479;567;3.834
480;476;3.006
480;483;3.31
480;484;3.019
481;477;2.987
481;478;3.081
481;484;3.27
481;485;2.991
481;507;3.23
481;563;3.137
482;478;3.068
482;479;3.124
482;486;3.054
482;564;3.645
482;994;3.906
483;479;3.437
483;480;3.31
483;486;3.307
483;487;2.99
484;480;3.019
484;481;3.27
484;487;3.038
484;488;2.949
484;500;3.559
485;481;2.991
485;488;3.032
485;561;4.023
485;563;3.783
485;564;3.671
485;998;3.993
486;482;3.054
486;483;3.307
487;483;2.99
487;484;3.038
487;492;3.595
488;484;2.949
488;485;3.032
488;493;2.911
488;500;3.979
488;504;3.439
489;493;2.975
489;1041;3.21
489;1042;2.982
490;494;3.57
491;494;2.955
491;495;3.017
492;487;3.595
492;495;3.901
492;496;3.025
493;488;2.911
493;489;2.975
493;497;2.808
494;490;3.57
494;491;2.955
494;497;2.775
495;491;3.017
495;492;3.901
496;492;3.025
496;499;3.017
496;500;2.932
497;493;2.808
497;494;2.775
497;501;2.978
498;501;3.308
498;502;3.033
499;496;3.017
499;502;3.937
499;503;2.967
500;484;3.559
500;488;3.979
500;496;2.932
500;503;3.305
500;504;2.92
501;497;2.978
501;498;3.308
501;504;3.353
501;505;3.037
502;498;3.033
502;499;3.937
502;506;2.963
503;499;2.967
503;500;3.305
503;507;2.975
504;488;3.439
504;500;2.92
504;501;3.353
504;507;3.401
504;508;3.094
504;563;3.262
505;501;3.037
505;508;3.324
505;509;3.012
505;547;3.786
505;548;3.404
506;502;2.963
506;509;3.025
506;510;3.086
507;477;3.662
507;481;3.23
507;503;2.975
507;504;3.401
507;510;3.06
507;511;3.375
508;504;3.094
508;505;3.324
508;511;2.949
508;543;2.827
508;544;3.748
508;547;3.769
509;505;3.012
509;506;3.025
509;512;2.865
510;474;4.022
510;506;3.086
510;507;3.06
510;513;3.056
510;514;3.239
511;478;3.31
511;507;3.375
511;508;2.949
511;515;2.982
511;540;3.674
511;544;3.918
511;566;3.417
512;509;2.865
512;515;3.414
512;516;3.029
512;544;3.489
513;510;3.056
513;517;3.064
514;474;3.813
514;510;3.239
514;517;3.452
514;518;2.948
514;566;2.744
514;569;2.721
515;511;2.982
515;512;3.414
515;519;3.001
515;540;3.663
516;512;3.029
516;519;3.205
516;520;3.077
517;465;3.637
517;513;3.064
517;514;3.452
517;521;2.99
518;466;3.706
518;514;2.948
518;521;3.011
518;522;3.035
518;526;2.681
518;527;3.628
518;533;2.775
519;515;3.001
519;516;3.205
519;527;3.715
519;528;3.934
520;460;3.405
520;462;3.712
520;516;3.077
521;460;2.776
521;462;3.972
521;517;2.99
521;518;3.011
522;518;3.035
522;526;3.727
523;526;2.918
523;527;2.92
524;528;2.986
525;529;2.844
526;518;2.681
526;522;3.727
526;523;2.918
526;529;3.073
526;530;2.916
527;518;3.628
527;519;3.715
527;523;2.92
527;533;3.193
527;537;2.939
528;519;3.934
528;524;2.986
529;525;2.844
529;526;3.073
530;526;2.916
530;533;2.965
530;534;3.041
531;534;3.966
531;535;3.013
532;536;2.999
532;574;2.941
532;577;3.947
533;518;2.775
533;527;3.193
533;530;2.965
533;537;2.959
534;530;3.041
534;531;3.966
534;537;3.395
534;538;2.989
535;531;3.013
535;538;3.451
535;539;3.02
536;532;2.999
536;539;3.208
536;540;2.904
536;566;2.645
536;569;3.878
537;527;2.939
537;533;2.959
537;534;3.395
537;541;3.006
538;534;2.989
538;535;3.451
538;541;3.191
538;542;3.093
539;535;3.02
539;536;3.208
539;543;3.015
540;511;3.674
540;515;3.663
540;536;2.904
540;544;2.938
540;566;3.743
541;537;3.006
541;538;3.191
541;545;2.996
542;538;3.093
542;546;3.209
542;559;3.56
543;508;2.827
543;539;3.015
543;547;3.415
543;563;3.085
544;508;3.748
544;511;3.918
544;512;3.489
544;540;2.938
544;547;3.155
544;548;2.914
545;541;2.996
545;548;3.309
545;549;3.038
546;542;3.209
546;550;2.999
546;551;3.067
546;560;3.781
547;505;3.786
547;508;3.769
547;543;3.415
547;544;3.155
547;551;3.742
547;560;3.953
548;505;3.404
548;544;2.914
548;545;3.309
549;545;3.038
550;546;2.999
550;552;2.95
551;546;3.067
551;547;3.742
551;557;2.83
552;550;2.95
552;557;3.263
553;556;2.789
554;557;3.221
554;558;2.935
555;558;3.288
555;559;2.96
555;1081;3.999
556;553;2.789
556;559;3.08
556;560;3.084
557;551;2.83
557;552;3.263
557;554;3.221
557;560;2.938
558;554;2.935
558;555;3.288
558;561;2.998
558;1002;3.132
559;542;3.56
559;555;2.96
559;556;3.08
559;562;2.98
560;546;3.781
560;547;3.953
560;556;3.084
560;557;2.938
560;563;3.057
561;485;4.023
561;558;2.998
561;564;3.181
561;998;3.707
561;999;3.914
562;559;2.98
562;565;2.895
562;995;3.919
563;481;3.137
563;485;3.783
563;504;3.262
563;543;3.085
563;560;3.057
563;566;2.959
564;478;3.866
564;482;3.645
564;485;3.671
564;561;3.181
564;567;2.925
564;991;3.819
564;995;3.519
565;562;2.895
565;568;2.792
565;992;3.679
565;995;3.455
566;474;3.93
566;478;3.891
566;511;3.417
566;514;2.744
566;536;2.645
566;540;3.743
566;563;2.959
566;569;2.987
567;478;3.833
567;479;3.834
567;564;2.925
567;570;2.972
567;571;2.955
567;573;3.865
567;991;3.579
568;565;2.792
569;471;2.678
569;514;2.721
569;536;3.878
569;566;2.987
570;475;2.733
570;567;2.972
571;475;3.611
571;567;2.955
571;573;3.874
571;574;3.025
572;575;3.068
572;576;2.932
572;984;3.219
573;567;3.865
573;571;3.874
573;576;3.19
573;577;3.016
573;988;3.497
574;532;2.941
574;571;3.025
574;577;3.855
574;578;3.052
575;572;3.068
575;578;3.42
575;579;2.969
576;572;2.932
576;573;3.19
576;579;3.283
576;580;2.962
576;988;3.645
577;532;3.947
577;573;3.016
577;574;3.855
577;581;3.053
578;574;3.052
578;575;3.42
578;581;3.391
578;582;2.782
579;575;2.969
579;576;3.283
579;582;3.324
579;583;2.935
580;576;2.962
580;583;3.2
580;584;3.079
580;1095;3.594
581;577;3.053
581;578;3.391
581;584;2.998
582;578;2.782
582;579;3.324
582;585;2.997
583;579;2.935
583;580;3.2
583;586;3.076
583;587;3.086
583;687;3.76
583;1095;3.496
583;1099;3.485
584;580;3.079
584;581;2.998
584;588;2.976
584;1095;3.845
585;582;2.997
585;588;3.026
586;583;3.076
586;687;3.887
587;583;3.086
587;590;3.264
587;591;2.87
587;683;3.555
587;1095;3.847
588;584;2.976
588;585;3.026
588;592;3.05
589;105;3.37
589;109;3.338
589;592;3.222
589;593;3.283
590;587;3.264
590;593;3.048
590;594;3.023
590;682;3.55
590;683;3.692
591;587;2.87
591;595;2.928
592;588;3.05
592;589;3.222
592;595;3.335
592;596;3.058
593;106;3.689
593;589;3.283
593;590;3.048
593;596;3.468
593;597;3.032
594;590;3.023
594;597;3.484
594;598;2.961
594;645;3.917
594;679;4.026
595;591;2.928
595;592;3.335
595;599;2.98
596;99;3.499
596;592;3.058
596;593;3.468
596;599;3.282
596;600;2.998
597;593;3.032
597;594;3.484
597;600;3.31
597;601;2.944
597;675;3.749
598;594;2.961
598;602;2.928
598;638;3.506
598;641;3.79
599;19;3.512
599;23;3.704
599;595;2.98
599;596;3.282
599;602;3.286
599;603;2.999
599;634;3.528
600;93;3.959
600;97;3.952
600;596;2.998
600;597;3.31
600;603;3.239
600;604;2.991
601;597;2.944
601;605;2.952
601;641;3.778
601;671;4.073
601;672;3.538
601;675;3.891
602;598;2.928
602;599;3.286
602;605;3.262
602;606;2.986
602;634;3.822
602;637;4.001
602;638;3.971
603;93;3.637
603;599;2.999
603;600;3.239
603;607;3.306
604;93;3.686
604;600;2.991
604;607;3.328
604;608;3.022
605;601;2.952
605;602;3.262
605;609;2.982
605;610;2.813
605;631;3.825
606;25;3.257
606;602;2.986
606;610;3.047
606;611;3.142
607;90;3.431
607;603;3.306
607;604;3.328
608;86;3.901
608;90;3.855
608;604;3.022
608;611;2.807
609;605;2.982
609;612;3.007
609;613;3.576
609;627;3.509
609;631;4.127
609;665;3.428
609;668;3.98
610;605;2.813
610;606;3.047
610;627;3.845
611;606;3.142
611;608;2.807
612;609;3.007
612;624;3.935
612;627;3.011
613;609;3.576
613;625;3.06
613;627;2.981
613;653;3.818
613;654;3.348
613;661;2.791
613;665;3.501
614;623;2.653
614;624;3.37
614;654;3.7
614;655;2.91
615;618;3.007
615;619;2.908
615;620;2.868
615;621;2.74
616;654;4.093
616;655;2.808
616;657;3.645
617;620;3.84
618;615;3.007
618;623;4.018
619;615;2.908
620;615;2.868
620;617;3.84
620;1029;3.905
621;615;2.74
622;629;3.982
623;614;2.653
623;618;4.018
624;612;3.935
624;614;3.37
624;628;3.635
625;613;3.06
625;628;2.976
625;629;3.09
625;652;2.847
625;653;3.545
626;630;2.881
626;640;4.032
626;651;3.855
627;609;3.509
627;610;3.845
627;612;3.011
627;613;2.981
627;631;3.655
627;653;3.607
628;624;3.635
628;625;2.976
628;631;3.339
628;632;3.117
628;1073;3.205
629;622;3.982
629;625;3.09
629;1069;3.477
630;626;2.881
630;636;4.036
630;639;3.876
630;640;3.841
630;1060;3.433
630;1064;3.921
631;605;3.825
631;609;4.127
631;627;3.655
631;628;3.339
631;636;3.704
631;640;3.656
631;653;4.027
632;628;3.117
633;25;3.693
633;636;2.812
633;637;2.956
633;1076;2.906
634;25;3.179
634;599;3.528
634;602;3.822
634;637;3.412
634;638;2.932
635;638;3.217
635;639;2.991
635;1076;3.623
635;1079;3.953
635;1080;3.588
635;1083;3.967
636;630;4.036
636;631;3.704
636;633;2.812
636;639;3.283
636;640;2.989
636;1079;3.046
637;602;4.001
637;633;2.956
637;634;3.412
637;641;2.975
638;598;3.506
638;602;3.971
638;634;2.932
638;635;3.217
638;642;2.984
639;630;3.876
639;635;2.991
639;636;3.283
639;642;3.246
639;643;3.032
639;1064;3.964
639;1083;3.506
640;626;4.032
640;630;3.841
640;631;3.656
640;636;2.989
640;643;3.157
640;644;3.013
640;650;3.793
641;598;3.79
641;601;3.778
641;637;2.975
641;644;3.367
641;645;2.999
642;638;2.984
642;639;3.246
642;645;3.07
642;646;3.207
642;1056;3.966
642;1059;3.612
642;1083;3.717
642;1090;3.93
643;639;3.032
643;640;3.157
643;646;3.477
643;649;2.847
643;1060;3.54
644;640;3.013
644;641;3.367
644;647;2.956
644;669;3.408
644;672;3.573
644;673;3.95
645;594;3.917
645;641;2.999
645;642;3.07
645;676;3.755
646;642;3.207
646;643;3.477
646;1056;3.477
647;644;2.956
647;669;2.893
647;673;3.983
648;211;3.808
648;1056;3.775
648;1057;2.757
648;1058;2.84
649;206;3.407
649;211;3.395
649;212;5.933
649;643;2.847
649;669;3.831
649;1061;3.887
650;640;3.793
650;653;3.507
650;669;3.263
651;626;3.855
651;1061;3.49
652;625;2.847
652;1015;3.847
653;613;3.818
653;625;3.545
653;627;3.607
653;631;4.027
653;650;3.507
653;662;3.175
653;665;3.474
654;613;3.348
654;614;3.7
654;616;4.093
654;658;3.387
654;662;3.104
655;614;2.91
655;616;2.808
655;662;3.588
656;1016;3.447
657;616;3.645
658;654;3.387
658;661;2.772
658;662;3.068
659;663;2.946
660;663;3.315
660;664;3.006
661;613;2.791
661;658;2.772
661;664;3.209
661;665;3.087
662;653;3.175
662;654;3.104
662;655;3.588
662;658;3.068
662;665;3.413
662;666;2.914
663;659;2.946
663;660;3.315
663;666;3.244
663;667;3.009
664;660;3.006
664;661;3.209
664;667;3.484
664;668;3.358
665;609;3.428
665;613;3.501
665;653;3.474
665;661;3.087
665;662;3.413
665;668;3.419
665;669;2.939
666;202;3.82
666;662;2.914
666;663;3.244
666;669;3.236
666;670;2.963
667;663;3.009
667;664;3.484
667;670;3.409
667;671;3.022
668;609;3.98
668;664;3.358
668;665;3.419
668;671;3.319
668;672;2.996
669;644;3.408
669;647;2.893
669;649;3.831
669;650;3.263
669;665;2.939
669;666;3.236
669;672;3.29
669;673;2.984
670;205;3.456
670;666;2.963
670;667;3.409
670;673;3.45
670;674;3.001
671;601;4.073
671;667;3.022
671;668;3.319
671;674;3.473
671;675;3.004
672;601;3.538
672;644;3.573
672;668;2.996
672;669;3.29
672;676;2.961
673;209;3.631
673;644;3.95
673;647;3.983
673;669;2.984
673;670;3.45
673;677;2.93
674;205;3.894
674;670;3.001
674;671;3.473
674;677;3.437
674;678;3.018
675;597;3.749
675;601;3.891
675;671;3.004
675;679;2.981
676;645;3.755
676;672;2.961
676;679;3.156
676;680;2.93
677;673;2.93
677;674;3.437
677;680;3.296
677;681;2.987
678;113;3.83
678;674;3.018
678;681;3.447
678;682;3.009
679;594;4.026
679;675;2.981
679;676;3.156
679;682;3.332
679;683;2.921
680;676;2.93
680;677;3.296
680;683;3.137
680;684;3.082
681;245;3.559
681;246;3.754
681;677;2.987
681;678;3.447
681;684;3.465
681;685;3.016
682;590;3.55
682;678;3.009
682;679;3.332
682;685;3.482
682;686;2.895
683;587;3.555
683;590;3.692
683;679;2.921
683;680;3.137
683;686;3.405
683;687;3.133
683;1098;3.375
684;246;3.682
684;250;3.699
684;680;3.082
684;681;3.465
684;687;3.463
684;688;2.943
684;1098;3.549
684;1101;3.786
684;1386;6.385
685;249;3.826
685;250;3.96
685;253;3.686
685;681;3.016
685;682;3.482
685;688;3.384
685;689;2.951
686;682;2.895
686;683;3.405
686;690;3.066
687;583;3.76
687;586;3.887
687;683;3.133
687;684;3.463
687;690;3.328
687;691;2.99
687;1098;3.629
687;1099;3.729
687;1102;3.528
688;250;3.434
688;684;2.943
688;685;3.384
688;691;3.438
688;692;2.978
688;1102;4.018
688;1105;3.461
689;254;3.975
689;685;2.951
689;692;3.282
689;693;3.068
690;686;3.066
690;687;3.328
690;693;3.14
690;694;3.073
691;687;2.99
691;688;3.438
691;694;2.969
691;1102;3.461
691;1106;3.439
692;254;3.824
692;688;2.978
692;689;3.282
692;1106;3.559
692;1109;3.323
693;689;3.068
693;690;3.14
694;690;3.073
694;691;2.969
695;291;2.837
695;1106;3.487
696;1109;4.009
697;705;3.596
697;1113;2.777
697;1114;2.749
698;272;3.488
698;705;3.423
698;1113;2.803
699;260;3.799
700;705;3.291
700;706;3.6
700;1116;3.443
701;720;2.623
701;1124;3.183
702;262;3.994
703;277;2.634
704;277;3.115
704;281;2.817
704;286;3.777
705;697;3.596
705;698;3.423
705;700;3.291
706;276;2.876
706;286;3.6
706;700;3.6
707;286;2.982
707;287;3.877
708;722;2.835
709;720;3.618
709;721;3.83
709;1122;3.711
710;713;3.681
711;1118;3.602
711;1119;3.612
711;1120;3.43
711;1122;3.607
712;715;3.931
713;710;3.681
713;827;2.853
713;828;3.484
714;830;2.857
714;831;2.807
715;712;3.931
715;719;3.777
715;1120;2.73
715;1121;3.672
716;801;3.659
717;808;3.341
718;1123;4.022
719;715;3.777
720;701;2.623
720;709;3.618
720;1122;2.844
720;1123;3.629
721;709;3.83
721;724;3.269
721;807;3.605
722;708;2.835
723;283;3.81
723;731;2.818
724;721;3.269
724;731;4.005
725;731;3.767
726;730;4.031
726;732;3.79
726;811;3.761
726;813;3.626
726;814;3.824
727;729;2.96
728;813;2.721
729;727;2.96
730;726;4.031
730;732;3.005
730;734;3.443
731;284;2.798
731;285;3.116
731;723;2.818
731;724;4.005
731;725;3.767
732;726;3.79
732;730;3.005
732;814;2.612
733;736;2.944
733;737;2.932
733;750;2.79
733;751;2.896
733;753;3.369
734;730;3.443
734;737;3.951
735;753;2.931
736;733;2.944
736;762;3.505
737;733;2.932
737;734;3.951
738;740;3.3
739;750;3.903
740;738;3.3
741;746;3.642
742;744;2.797
743;745;3.783
743;747;3.496
744;742;2.797
745;743;3.783
746;741;3.642
746;751;3.95
747;743;3.496
748;751;2.977
749;763;2.786
749;766;3.963
750;733;2.79
750;739;3.903
751;733;2.896
751;746;3.95
751;748;2.977
752;766;4.006
753;733;3.369
753;735;2.931
753;758;3.462
753;759;4.013
753;763;2.708
754;758;2.937
754;766;4.009
755;774;2.722
756;770;3.831
757;770;3.034
757;773;2.792
758;753;3.462
758;754;2.937
759;753;4.013
759;762;3.949
760;762;3.022
761;767;2.716
762;736;3.505
762;759;3.949
762;760;3.022
763;749;2.786
763;753;2.708
764;768;3.866
764;770;2.984
765;769;2.858
766;749;3.963
766;752;4.006
766;754;4.009
767;761;2.716
768;764;3.866
769;765;2.858
769;772;2.992
770;756;3.831
770;757;3.034
770;764;2.984
770;773;2.762
771;775;2.849
772;769;2.992
772;775;3.956
773;757;2.792
773;770;2.762
774;755;2.722
775;771;2.849
775;772;3.956
775;779;3.807
776;779;3.377
776;780;3.487
776;781;3.432
777;778;2.955
778;777;2.955
779;775;3.807
779;776;3.377
780;776;3.487
781;776;3.432
782;788;3.73
783;788;3.605
784;787;3.84
784;788;3.276
785;792;2.772
786;791;2.973
787;784;3.84
787;790;3.13
788;782;3.73
788;783;3.605
788;784;3.276
789;794;2.871
790;787;3.13
790;793;2.931
791;786;2.973
791;1128;2.688
792;785;2.772
793;790;2.931
794;789;2.871
795;803;3.349
795;1128;2.923
796;798;2.731
796;1128;3.373
797;799;2.702
798;796;2.731
798;801;3.669
798;1129;3.623
799;797;2.702
800;807;3.93
801;716;3.659
801;798;3.669
802;804;3.355
802;805;2.999
802;806;3.588
803;795;3.349
804;802;3.355
805;802;2.999
806;802;3.588
806;810;3.512
807;721;3.605
807;800;3.93
808;717;3.341
808;811;2.845
809;812;3.087
810;806;3.512
811;726;3.761
811;808;2.845
812;809;3.087
813;726;3.626
813;728;2.721
813;814;3.778
814;726;3.824
814;732;2.612
814;813;3.778
815;816;2.948
815;817;3.881
816;815;2.948
817;815;3.881
818;819;3.733
818;824;3.304
819;818;3.733
819;824;3.316
820;823;3.526
821;823;3.027
822;825;3.017
823;820;3.526
823;821;3.027
824;818;3.304
824;819;3.316
825;822;3.017
825;826;2.852
826;825;2.852
827;713;2.853
828;713;3.484
828;830;3.043
829;838;4.077
829;841;3.892
830;714;2.857
830;828;3.043
830;833;3.409
831;714;2.807
832;836;3.806
833;830;3.409
834;837;2.94
835;839;2.692
835;912;2.692
836;832;3.806
837;834;2.94
838;829;4.077
838;840;3.016
838;842;2.821
838;843;2.829
839;835;2.692
840;838;3.016
840;842;3.748
841;829;3.892
842;838;2.821
842;840;3.748
843;838;2.829
844;846;3.968
844;847;3.442
845;848;2.793
846;844;3.968
847;844;3.442
847;851;3.384
848;845;2.793
848;851;2.723
848;907;2.883
848;908;2.821
849;852;3.045
850;855;3.822
850;901;3.974
850;904;3.392
850;905;3.572
851;847;3.384
851;848;2.723
852;849;3.045
852;855;3.085
852;856;2.965
853;857;3.036
854;858;2.947
855;850;3.822
855;852;3.085
855;858;3.221
855;859;2.969
856;852;2.965
856;859;3.416
856;860;3.189
856;964;3.131
857;853;3.036
857;860;3.431
857;861;3.026
858;854;2.947
858;855;3.221
858;861;3.277
858;862;2.929
859;855;2.969
859;856;3.416
859;862;3.374
859;863;2.962
859;898;3.715
859;901;3.761
860;856;3.189
860;857;3.431
860;863;3.347
860;864;2.957
860;964;3.444
861;857;3.026
861;858;3.277
861;864;3.226
861;865;2.981
862;858;2.929
862;859;3.374
862;866;2.962
862;898;3.997
863;859;2.962
863;860;3.347
863;867;2.897
863;894;3.994
863;898;3.423
863;957;3.699
863;961;3.776
864;860;2.957
864;861;3.226
864;867;3.18
864;868;2.987
865;861;2.981
865;868;3.1
865;869;3.01
866;862;2.962
866;869;3.426
866;870;2.959
866;957;3.634
867;863;2.897
867;864;3.18
867;870;4.029
867;871;2.998
868;864;2.987
868;865;3.1
868;871;3.388
868;872;2.96
869;865;3.01
869;866;3.426
869;872;2.983
869;873;3.24
870;866;2.959
870;867;4.029
870;955;3.924
870;958;4.028
871;867;2.998
871;868;3.388
871;875;3.671
871;1294;3.839
872;868;2.96
872;869;2.983
872;875;3.075
872;876;3.026
872;879;3.444
872;883;3.832
873;869;3.24
873;880;2.777
873;948;2.705
874;877;3.298
874;880;2.67
874;1297;3.347
874;1351;3.063
875;871;3.671
875;872;3.075
875;1317;3.761
876;872;3.026
876;879;2.964
876;880;3.025
877;874;3.298
877;880;3.181
877;881;3.01
877;1352;3.991
878;881;2.64
879;872;3.444
879;876;2.964
879;882;3.273
879;883;2.962
880;873;2.777
880;874;2.67
880;876;3.025
880;877;3.181
880;884;3.022
880;1350;3.842
881;877;3.01
881;878;2.64
881;1352;3.495
882;879;3.273
883;872;3.832
883;879;2.962
883;886;3.124
883;887;3.027
884;880;3.022
884;887;3.499
884;888;2.764
885;889;3.026
886;883;3.124
886;889;3.393
886;890;2.998
887;883;3.027
887;884;3.499
887;890;2.982
887;891;3.274
888;884;2.764
888;891;2.995
888;892;3.03
888;948;2.858
888;951;3.814
889;885;3.026
889;886;3.393
889;892;2.917
889;893;2.95
890;886;2.998
890;887;2.982
890;894;2.923
891;887;3.274
891;888;2.995
891;895;3.006
891;954;3.791
892;888;3.03
892;889;2.917
892;895;3.347
892;896;3.035
893;889;2.95
893;897;2.991
894;863;3.994
894;890;2.923
894;897;3.236
894;898;2.937
894;957;3.618
895;891;3.006
895;892;3.347
895;899;2.975
895;954;3.88
896;892;3.035
896;900;3.022
897;893;2.991
897;894;3.236
897;900;4.027
897;901;2.945
898;859;3.715
898;862;3.997
898;863;3.423
898;894;2.937
898;902;3.012
898;960;3.652
899;895;2.975
899;902;3.393
899;903;2.966
899;927;3.88
899;931;3.675
900;896;3.022
900;897;4.027
900;903;3.329
900;904;2.944
901;850;3.974
901;859;3.761
901;897;2.945
901;905;2.73
901;960;3.642
902;898;3.012
902;899;3.393
902;905;3.434
902;906;2.935
902;924;3.811
903;899;2.966
903;900;3.329
903;907;3.011
904;850;3.392
904;900;2.944
904;907;4.006
904;908;2.981
905;850;3.572
905;901;2.73
905;902;3.434
905;908;3.412
905;909;3.062
905;914;4.005
905;920;3.916
905;923;2.685
906;902;2.935
906;909;3.016
906;910;2.917
906;914;3.655
906;915;3.577
907;848;2.883
907;903;3.011
907;904;4.006
908;848;2.821
908;904;2.981
908;905;3.412
909;905;3.062
909;906;3.016
909;913;2.918
909;917;3.73
909;920;3.663
910;906;2.917
910;913;2.938
910;914;2.96
911;914;3.479
911;915;3.05
912;835;2.692
912;915;3.082
912;916;2.894
913;909;2.918
913;910;2.938
914;905;4.005
914;906;3.655
914;910;2.96
914;911;3.479
914;917;3.044
914;920;3.698
914;924;3.738
915;906;3.577
915;911;3.05
915;912;3.082
915;921;3.541
915;924;4.015
916;912;2.894
917;909;3.73
917;914;3.044
917;920;3.064
917;921;2.921
918;922;2.974
919;922;3.357
919;923;2.991
919;969;4.028
919;972;3.97
920;905;3.916
920;909;3.663
920;914;3.698
920;917;3.064
920;923;3.164
920;924;2.991
921;915;3.541
921;917;2.921
921;924;3.891
921;925;2.974
922;918;2.974
922;919;3.357
922;925;3.29
923;905;2.685
923;919;2.991
923;920;3.164
923;960;2.965
923;963;2.788
924;902;3.811
924;914;3.738
924;915;4.015
924;920;2.991
924;921;3.891
924;927;3.04
924;928;2.957
925;921;2.974
925;922;3.29
925;929;3.032
926;956;3.994
926;960;3.708
927;899;3.88
927;924;3.04
927;930;3.048
927;931;3.086
928;924;2.957
928;931;2.96
928;932;2.914
929;925;3.032
929;933;2.971
929;953;3.711
930;927;3.048
930;933;3.985
930;934;3.051
930;954;2.861
931;899;3.675
931;927;3.086
931;928;2.96
931;934;3.354
931;935;2.985
932;928;2.914
932;935;3.178
932;936;2.997
933;929;2.971
933;930;3.985
933;936;3.45
933;937;2.986
934;930;3.051
934;931;3.354
934;937;3.282
934;938;2.983
934;947;3.721
935;931;2.985
935;932;3.178
935;938;3.203
935;939;2.942
936;932;2.997
936;933;3.45
936;939;3.152
936;940;2.968
937;933;2.986
937;934;3.282
937;942;3.037
937;946;3.309
937;947;3.356
937;950;3.636
938;934;2.983
938;935;3.203
938;941;3.001
939;935;2.942
939;936;3.152
940;936;2.968
941;938;3.001
942;937;3.037
943;946;3.793
943;947;3.179
944;947;3.478
944;948;2.998
945;948;2.73
945;949;3.246
946;937;3.309
946;943;3.793
946;950;2.992
947;934;3.721
947;937;3.356
947;943;3.179
947;944;3.478
947;951;2.98
948;873;2.705
948;888;2.858
948;944;2.998
948;945;2.73
948;1349;3.825
949;945;3.246
949;952;3.052
949;1299;3.873
949;1346;3.029
949;1347;3.66
949;1348;3.147
950;937;3.636
950;946;2.992
951;888;3.814
951;947;2.98
951;954;2.745
952;949;3.052
952;955;2.756
952;956;3.329
952;1295;3.593
953;929;3.711
953;956;2.984
954;891;3.791
954;895;3.88
954;930;2.861
954;951;2.745
954;957;2.853
955;870;3.924
955;952;2.756
956;926;3.994
956;952;3.329
956;953;2.984
956;959;2.937
