source;destination;distance
0;3;2.742
0;4;2.959
1;47;3.609
2;7;3.625
2;48;3.675
3;0;2.742
4;0;2.959
4;7;3.194
4;8;2.958
5;9;2.966
6;10;2.972
7;2;3.625
7;4;3.194
7;10;3.143
7;11;2.967
7;43;3.942
7;47;3.773
8;4;2.958
8;11;3.493
8;12;2.969
9;5;2.966
9;13;2.939
10;6;2.972
10;7;3.143
10;14;2.944
11;7;2.967
11;8;3.493
11;14;3.38
11;15;3.009
11;44;3.612
12;8;2.969
12;16;2.982
12;104;3.967
13;9;2.939
13;16;3.364
13;17;2.939
14;10;2.944
14;11;3.38
14;18;3.009
14;37;3.879
15;11;3.009
15;19;2.983
15;37;3.712
15;99;3.983
15;100;3.606
16;12;2.982
16;13;3.364
16;19;3.131
16;20;3.086
17;13;2.939
17;20;3.291
17;21;2.979
18;14;3.009
18;22;2.959
18;37;3.151
18;96;3.58
19;15;2.983
19;16;3.131
19;22;3.177
19;97;3.508
19;595;3.506
20;16;3.086
20;17;3.291
21;17;2.979
21;24;2.984
21;30;3.614
21;33;3.404
22;18;2.959
22;19;3.177
22;93;4.034
22;97;4.012
23;595;3.775
24;21;2.984
24;27;4.078
25;602;3.342
25;630;3.147
26;30;3.84
27;24;4.078
27;30;2.854
28;31;2.727
28;32;3.027
29;32;3.292
29;33;2.979
30;21;3.614
30;26;3.84
30;27;2.854
30;33;3.395
30;34;2.99
31;28;2.727
31;34;3.479
31;35;3.002
32;28;3.027
32;29;3.292
32;36;2.993
33;21;3.404
33;29;2.979
33;30;3.395
33;36;3.219
33;37;2.941
34;30;2.99
34;31;3.479
34;37;3.389
34;38;2.941
34;93;2.824
34;96;3.215
35;31;3.002
35;38;3.307
35;39;2.958
35;81;3.956
36;32;2.993
36;33;3.219
36;39;3.366
36;40;3.004
37;14;3.879
37;15;3.712
37;18;3.151
37;33;2.941
37;34;3.389
37;40;3.011
37;41;2.855
37;96;3.476
38;34;2.941
38;35;3.307
38;42;2.976
38;80;2.745
39;35;2.958
39;36;3.366
39;42;3.182
39;43;2.984
40;36;3.004
40;37;3.011
40;43;3.484
40;44;2.915
41;37;2.855
41;45;2.952
41;73;3.461
41;99;3.467
42;38;2.976
42;39;3.182
42;45;3.289
42;46;2.972
43;7;3.942
43;39;2.984
43;40;3.484
43;46;3.418
43;47;3.061
44;11;3.612
44;40;2.915
44;47;3.238
44;48;2.813
44;99;2.661
45;41;2.952
45;42;3.289
45;49;2.989
45;56;3.955
45;73;3.911
46;42;2.972
46;43;3.418
46;50;3.077
46;51;3.955
47;1;3.609
47;7;3.773
47;43;3.061
47;44;3.238
48;2;3.675
48;44;2.813
48;66;3.209
48;69;2.661
49;45;2.989
49;56;3.992
49;59;3.866
49;66;3.703
50;46;3.077
50;55;3.67
51;46;3.955
52;55;3.112
52;58;3.467
53;56;2.983
54;57;2.995
55;50;3.67
55;52;3.112
55;58;2.998
56;45;3.955
56;49;3.992
56;53;2.983
56;59;3.049
56;70;3.925
57;54;2.995
57;60;3.02
58;52;3.467
58;55;2.998
58;61;3.033
59;49;3.866
59;56;3.049
59;62;2.982
59;63;3.78
59;66;3.509
59;67;4.014
59;70;3.784
60;57;3.02
61;58;3.033
62;59;2.982
63;59;3.78
63;66;3.473
63;67;2.924
64;67;3.454
64;68;3.035
65;68;3.033
65;69;3.057
65;102;3.325
65;108;3.24
65;111;3.838
66;48;3.209
66;49;3.703
66;59;3.509
66;63;3.473
66;69;3.811
66;70;2.973
67;59;4.014
67;63;2.924
67;64;3.454
67;70;3.403
67;71;2.945
68;64;3.035
68;65;3.033
68;72;3.001
68;101;3.883
69;48;2.661
69;65;3.057
69;66;3.811
69;72;3.339
69;73;2.916
69;99;3.167
69;102;2.77
70;56;3.925
70;59;3.784
70;66;2.973
70;67;3.403
70;73;3.191
70;74;2.983
71;67;2.945
71;74;3.431
71;75;2.985
72;68;3.001
72;69;3.339
72;76;2.919
72;95;3.621
73;41;3.461
73;45;3.911
73;69;2.916
73;70;3.191
73;76;3.437
73;77;2.896
74;70;2.983
74;71;3.431
74;77;3.395
74;78;3.009
75;71;2.985
75;79;2.99
75;89;3.535
75;92;3.287
76;72;2.919
76;73;3.437
76;79;3.0
76;80;2.863
77;73;2.896
77;74;3.395
77;81;2.971
78;74;3.009
78;82;3.0
79;75;2.99
79;76;3.0
79;83;3.974
79;89;2.751
80;38;2.745
80;76;2.863
80;96;3.593
81;35;3.956
81;77;2.971
82;78;3.0
82;84;2.986
83;79;3.974
83;90;2.903
83;93;3.607
84;82;2.986
85;89;3.694
86;89;3.135
87;90;2.862
87;91;3.179
87;604;3.899
88;91;3.149
89;75;3.535
89;79;2.751
89;85;3.694
89;86;3.135
89;92;2.997
90;83;2.903
90;87;2.862
91;87;3.179
91;88;3.149
91;94;3.013
91;603;3.417
91;604;3.841
92;75;3.287
92;89;2.997
92;95;2.867
93;22;4.034
93;34;2.824
93;83;3.607
93;96;2.926
94;91;3.013
94;97;2.875
94;596;3.954
94;599;3.638
94;600;3.682
95;72;3.621
95;92;2.867
95;98;3.134
95;99;3.036
96;18;3.58
96;34;3.215
96;37;3.476
96;80;3.593
96;93;2.926
96;99;3.153
97;19;3.508
97;22;4.012
97;94;2.875
97;100;3.033
98;95;3.134
98;101;2.725
98;596;3.964
99;15;3.983
99;41;3.467
99;44;2.661
99;69;3.167
99;95;3.036
99;96;3.153
99;102;2.766
99;103;3.372
100;15;3.606
100;97;3.033
100;103;2.993
100;104;2.953
100;107;3.66
100;592;3.528
101;68;3.883
101;98;2.725
101;111;3.808
102;65;3.325
102;69;2.77
102;99;2.766
102;108;2.798
103;99;3.372
103;100;2.993
104;12;3.967
104;100;2.953
104;107;3.088
104;108;2.976
105;108;3.425
105;109;2.949
106;110;3.129
106;585;3.461
107;100;3.66
107;104;3.088
107;110;3.431
107;111;3.014
107;589;3.684
108;65;3.24
108;102;2.798
108;104;2.976
108;105;3.425
108;111;3.475
108;112;2.974
109;105;2.949
109;112;3.154
109;113;3.019
110;106;3.129
110;107;3.431
110;113;3.089
110;114;2.997
110;585;3.336
110;586;3.984
111;65;3.838
111;101;3.808
111;107;3.014
111;108;3.475
111;114;3.263
111;115;3.049
112;108;2.974
112;109;3.154
112;115;3.444
112;116;2.996
113;109;3.019
113;110;3.089
113;116;3.238
113;117;3.051
114;110;2.997
114;111;3.263
114;117;2.995
114;118;3.238
114;674;3.8
115;111;3.049
115;112;3.444
115;118;2.991
116;112;2.996
116;113;3.238
116;119;2.777
116;252;3.978
117;113;3.051
117;114;2.995
117;120;3.062
117;121;3.015
117;252;3.957
118;114;3.238
118;115;2.991
118;122;3.006
119;116;2.777
119;256;2.742
120;117;3.062
120;123;3.387
120;252;3.457
120;255;2.635
120;256;2.872
121;117;3.015
121;124;3.356
121;125;2.935
121;249;3.97
122;118;3.006
122;126;2.982
123;120;3.387
123;126;3.18
123;127;3.096
123;1259;3.451
123;1260;2.939
124;121;3.356
124;127;3.436
124;128;3.164
124;241;3.608
124;1263;3.972
125;121;2.935
125;128;3.385
125;129;2.92
126;122;2.982
126;123;3.18
126;129;3.335
126;130;2.98
127;123;3.096
127;124;3.436
127;131;2.962
127;1254;3.979
127;1260;3.971
127;1263;3.816
128;124;3.164
128;125;3.385
128;131;3.325
128;132;2.888
128;241;3.406
129;125;2.92
129;126;3.335
129;133;3.012
130;126;2.98
130;133;3.42
130;134;2.933
130;1161;4.157
130;1250;3.68
130;1253;3.405
130;1254;3.802
131;127;2.962
131;128;3.325
131;134;3.461
131;135;2.87
132;128;2.888
132;136;2.97
132;201;3.694
132;204;3.953
133;129;3.012
133;130;3.42
133;136;3.193
133;137;3.004
134;130;2.933
134;131;3.461
134;137;3.288
134;138;2.975
134;1161;3.758
134;1250;3.762
135;131;2.87
135;139;2.951
135;204;3.577
135;237;3.799
136;132;2.97
136;133;3.193
136;140;2.933
136;197;3.83
136;201;3.928
137;133;3.004
137;134;3.288
137;140;3.217
137;141;3.126
137;197;3.813
137;1247;3.836
138;134;2.975
138;141;3.154
138;142;3.466
138;230;3.63
138;1244;3.685
138;1247;3.911
139;135;2.951
139;142;3.454
139;143;2.95
139;194;3.556
140;136;2.933
140;137;3.217
140;144;3.713
140;195;3.866
140;196;3.627
140;197;3.919
141;137;3.126
141;138;3.154
141;1244;3.655
141;1247;3.391
142;138;3.466
142;139;3.454
142;1240;3.671
142;1244;3.495
143;139;2.95
143;217;3.068
143;227;3.42
143;230;3.658
143;231;3.665
144;140;3.713
144;195;3.968
145;150;2.722
146;184;3.07
146;188;3.747
146;189;3.88
146;190;3.915
147;150;2.938
147;151;3.755
147;185;3.986
147;188;2.79
148;188;2.829
148;191;3.877
148;195;2.65
149;155;3.76
150;145;2.722
150;147;2.938
150;154;3.079
150;185;2.77
151;147;3.755
151;181;3.795
151;185;3.729
152;181;3.641
153;179;2.77
154;150;3.079
155;149;3.76
156;159;3.765
157;159;3.561
158;161;3.942
158;178;3.907
159;156;3.765
159;157;3.561
160;168;3.726
160;177;2.843
161;158;3.942
162;167;3.039
162;168;3.629
163;164;2.962
164;163;2.962
165;167;2.884
165;174;2.795
166;170;3.34
167;162;3.039
167;165;2.884
167;169;2.793
167;178;2.841
168;160;3.726
168;162;3.629
169;167;2.793
169;174;3.961
169;176;2.778
170;166;3.34
171;172;3.885
172;171;3.885
173;175;3.076
173;176;3.127
174;165;2.795
174;169;3.961
175;173;3.076
176;169;2.778
176;173;3.127
177;160;2.843
178;158;3.907
178;167;2.841
179;153;2.77
180;1017;4.04
180;1019;3.702
181;151;3.795
181;152;3.641
182;185;3.406
182;1018;4.037
183;185;4.01
184;146;3.07
185;147;3.986
185;150;2.77
185;151;3.729
185;182;3.406
185;183;4.01
186;189;3.103
187;1018;3.37
188;146;3.747
188;147;2.79
188;148;2.829
188;191;2.892
189;146;3.88
189;186;3.103
189;220;3.473
189;221;3.999
190;146;3.915
191;148;3.877
191;188;2.892
191;194;3.004
191;195;3.027
191;199;3.6
192;199;3.225
193;199;3.357
193;217;3.481
194;139;3.556
194;191;3.004
194;200;3.372
194;203;3.547
194;204;4.027
194;217;3.171
194;231;6.243
195;140;3.866
195;144;3.968
195;148;2.65
195;191;3.027
196;140;3.627
196;199;2.78
196;200;2.975
197;136;3.83
197;137;3.813
197;140;3.919
197;201;2.949
198;202;2.99
199;191;3.6
199;192;3.225
199;193;3.357
199;196;2.78
199;202;3.28
199;203;2.947
200;194;3.372
200;196;2.975
200;203;3.245
200;204;2.955
201;132;3.694
201;136;3.928
201;197;2.949
201;205;2.933
202;198;2.99
202;199;3.28
202;205;3.038
202;206;2.96
202;662;3.85
203;194;3.547
203;199;2.947
203;200;3.245
203;206;3.306
203;207;2.934
204;132;3.953
204;135;3.577
204;194;4.027
204;200;2.955
204;207;3.486
204;208;2.957
205;201;2.933
205;202;3.038
205;208;3.233
205;209;2.945
205;666;3.487
205;670;3.876
206;202;2.96
206;203;3.306
206;210;2.966
206;211;2.852
206;212;3.933
206;645;3.656
207;203;2.934
207;204;3.486
207;210;3.096
207;213;3.621
207;231;3.912
207;234;3.801
207;235;3.76
208;204;2.957
208;205;3.233
209;205;2.945
209;669;3.626
210;206;2.966
210;207;3.096
210;1325;3.167
210;1327;2.983
211;206;2.852
211;644;3.791
211;645;3.407
212;206;3.933
212;215;3.277
212;216;3.003
212;645;5.979
212;1332;3.682
213;207;3.621
213;217;3.058
213;218;3.197
213;232;3.894
213;235;3.315
213;1318;3.769
213;1321;3.579
213;1322;3.469
214;218;3.127
214;219;3.024
214;1318;3.858
214;1322;3.798
214;1357;3.634
214;1358;2.779
214;1359;3.178
215;212;3.277
215;1332;3.389
215;1359;3.276
216;212;3.003
216;219;3.069
217;143;3.068
217;193;3.481
217;194;3.171
217;213;3.058
217;227;2.822
218;213;3.197
218;214;3.127
218;221;2.963
218;228;3.416
218;1318;3.165
218;1357;3.513
219;214;3.024
219;216;3.069
219;1308;3.848
219;1357;3.387
220;189;3.473
221;189;3.999
221;218;2.963
221;223;2.935
221;224;3.124
221;227;3.613
222;224;3.07
222;1315;3.627
222;1352;3.475
222;1353;2.875
222;1355;4.012
222;1356;3.464
223;221;2.935
223;227;3.014
224;221;3.124
224;222;3.07
224;227;2.976
224;228;2.947
224;1354;3.788
224;1355;3.499
225;228;3.623
225;229;2.925
225;1352;2.826
225;1354;2.792
226;1237;3.723
226;1240;3.856
226;1241;3.281
226;1354;2.959
227;143;3.42
227;217;2.822
227;221;3.613
227;223;3.014
227;224;2.976
227;230;3.011
227;231;3.313
228;218;3.416
228;224;2.947
228;225;3.623
228;231;3.304
228;232;2.943
228;1318;3.501
228;1355;3.972
228;1356;4.029
229;225;2.925
229;233;2.976
230;138;3.63
230;143;3.658
230;227;3.011
230;233;3.134
230;234;2.969
231;143;3.665
231;194;6.243
231;207;3.912
231;227;3.313
231;228;3.304
231;234;3.298
231;235;2.988
232;213;3.894
232;228;2.943
232;235;3.178
232;236;2.972
232;1321;3.984
233;229;2.976
233;230;3.134
233;237;2.932
234;207;3.801
234;230;2.969
234;231;3.298
234;238;2.908
235;207;3.76
235;213;3.315
235;231;2.988
235;232;3.178
235;239;2.942
235;1321;3.432
236;232;2.972
236;240;2.95
237;135;3.799
237;233;2.932
237;241;2.922
238;234;2.908
238;242;2.942
239;235;2.942
239;242;3.44
239;243;2.973
240;236;2.95
240;243;3.395
240;244;2.934
240;1267;3.694
240;1274;3.613
241;124;3.608
241;128;3.406
241;237;2.922
241;244;3.19
241;245;2.881
242;238;2.942
242;239;3.44
242;245;3.372
242;246;2.962
243;239;2.973
243;240;3.395
243;246;3.816
243;247;2.996
243;1385;3.758
244;240;2.934
244;241;3.19
244;247;3.613
244;248;2.902
244;1263;3.142
244;1266;3.73
245;241;2.881
245;242;3.372
245;248;3.135
245;249;2.949
245;677;3.633
246;242;2.962
246;243;3.816
246;250;3.078
246;677;3.754
246;680;3.665
246;1382;3.532
247;243;2.996
247;244;3.613
247;251;2.921
247;1385;3.992
247;1386;3.931
247;1389;3.501
248;244;2.902
248;245;3.135
248;252;2.943
249;121;3.97
249;245;2.949
249;252;3.324
249;253;3.096
249;681;3.811
250;246;3.078
250;253;3.187
250;254;3.09
250;680;3.692
250;681;3.995
250;684;3.46
250;1386;3.485
251;247;2.921
251;255;2.892
251;1390;3.834
252;116;3.978
252;117;3.957
252;120;3.457
252;248;2.943
252;249;3.324
252;255;3.202
252;256;2.988
253;249;3.096
253;250;3.187
253;257;3.067
253;681;3.68
254;250;3.09
254;257;3.467
254;258;2.916
254;688;3.92
254;1390;3.67
255;120;2.635
255;251;2.892
255;252;3.202
255;258;3.032
255;259;3.617
256;119;2.742
256;120;2.872
256;252;2.988
256;266;2.863
257;253;3.067
257;254;3.467
257;265;3.964
257;266;3.239
257;267;3.041
258;254;2.916
258;255;3.032
258;265;3.503
258;267;3.551
258;269;3.14
259;255;3.617
259;264;3.216
259;265;2.829
260;696;4.002
261;263;3.292
262;269;3.594
262;270;3.952
262;272;3.82
262;700;3.83
263;261;3.292
264;259;3.216
265;257;3.964
265;258;3.503
265;259;2.829
266;256;2.863
266;257;3.239
267;257;3.041
267;258;3.551
267;269;3.621
268;271;3.098
269;258;3.14
269;262;3.594
269;267;3.621
269;272;3.023
269;693;4.019
270;262;3.952
271;268;3.098
271;274;3.005
272;262;3.82
272;269;3.023
272;695;3.789
272;699;3.834
272;701;3.619
273;275;2.952
273;277;3.624
273;278;3.535
273;281;3.605
274;271;3.005
275;273;2.952
275;278;2.773
276;279;3.246
276;286;2.734
276;287;2.805
276;288;3.699
276;704;2.907
277;273;3.624
277;280;3.01
277;281;2.59
277;701;2.628
277;702;3.163
278;273;3.535
278;275;2.773
278;281;3.066
279;276;3.246
280;277;3.01
280;285;3.651
280;286;3.955
280;287;2.775
280;288;2.816
281;273;3.605
281;277;2.59
281;278;3.066
281;702;2.88
282;285;3.478
283;719;3.874
284;728;2.752
285;280;3.651
285;282;3.478
285;728;3.138
286;276;2.734
286;280;3.955
286;702;3.772
286;704;3.591
286;705;2.969
287;276;2.805
287;280;2.775
287;705;3.909
288;276;3.699
288;280;2.816
289;302;2.789
289;309;3.699
290;691;3.012
290;1104;3.239
290;1108;3.772
291;1105;3.283
291;1108;3.457
291;1109;4.04
292;301;3.248
293;295;3.969
293;301;3.954
294;297;2.752
294;300;2.728
295;293;3.969
295;980;3.731
296;976;3.349
297;294;2.752
297;299;3.054
297;300;3.46
298;300;2.794
299;297;3.054
300;294;2.728
300;297;3.46
300;298;2.794
301;292;3.248
301;293;3.954
301;303;3.166
302;289;2.789
303;301;3.166
303;309;2.879
304;306;2.978
305;316;3.885
306;304;2.978
306;309;3.735
306;316;3.881
307;311;4.032
307;315;3.075
307;316;3.093
307;317;3.674
308;310;3.088
309;289;3.699
309;303;2.879
309;306;3.735
310;308;3.088
310;320;2.711
311;307;4.032
311;315;2.798
311;317;2.723
311;320;2.722
312;315;2.806
313;321;3.896
314;317;2.983
314;319;2.748
314;321;2.686
315;307;3.075
315;311;2.798
315;312;2.806
316;305;3.885
316;306;3.881
316;307;3.093
317;307;3.674
317;311;2.723
317;314;2.983
318;324;2.932
319;314;2.748
319;324;3.496
320;310;2.711
320;311;2.722
320;323;2.964
321;313;3.896
321;314;2.686
322;325;2.914
323;320;2.964
324;318;2.932
324;319;3.496
325;322;2.914
326;327;3.953
327;326;3.953
328;439;3.857
328;440;2.88
328;441;2.83
329;331;3.908
330;433;3.151
330;437;4.035
331;329;3.908
331;433;2.955
331;434;3.581
332;433;2.748
333;433;2.655
334;340;3.07
335;340;2.984
336;338;2.952
336;339;3.575
336;340;3.049
337;341;3.505
338;336;2.952
339;336;3.575
339;345;3.859
340;334;3.07
340;335;2.984
340;336;3.049
340;344;3.651
341;337;3.505
342;344;3.045
343;430;4.019
344;340;3.651
344;342;3.045
344;431;2.754
344;432;3.877
344;434;2.706
345;339;3.859
346;352;3.696
347;352;3.553
347;353;2.855
348;351;3.025
348;353;3.021
349;354;2.975
350;363;3.722
351;348;3.025
352;346;3.696
352;347;3.553
353;347;2.855
353;348;3.021
354;349;2.975
354;356;3.075
355;359;3.756
356;354;3.075
356;359;2.997
356;363;3.887
357;360;2.978
358;361;3.024
358;362;2.994
358;363;3.625
359;355;3.756
359;356;2.997
359;362;3.314
360;357;2.978
361;358;3.024
361;365;2.754
362;358;2.994
362;359;3.314
362;364;3.782
363;350;3.722
363;356;3.887
363;358;3.625
364;362;3.782
365;361;2.754
366;368;3.41
367;371;3.369
367;375;3.586
368;366;3.41
369;371;3.936
370;390;2.959
371;367;3.369
371;369;3.936
371;389;3.934
371;390;3.001
372;389;3.945
372;391;3.811
373;389;3.455
374;377;2.961
375;367;3.586
376;378;3.036
376;379;3.031
376;380;3.399
376;381;2.804
377;374;2.961
378;376;3.036
379;376;3.031
380;376;3.399
381;376;2.804
381;384;3.029
381;385;3.442
382;384;2.84
383;386;3.034
384;381;3.029
384;382;2.84
385;381;3.442
386;383;3.034
387;388;3.97
388;387;3.97
388;393;3.597
389;371;3.934
389;372;3.945
389;373;3.455
389;392;2.983
390;370;2.959
390;371;3.001
391;372;3.811
391;394;2.951
391;395;3.029
392;389;2.983
393;388;3.597
394;391;2.951
395;391;3.029
396;397;3.061
397;396;3.061
398;399;2.753
399;398;2.753
400;401;2.808
400;407;3.651
401;400;2.808
401;406;3.033
402;405;2.798
402;406;3.822
403;406;3.786
404;406;2.981
405;402;2.798
406;401;3.033
406;402;3.822
406;403;3.786
406;404;2.981
407;400;3.651
407;408;3.059
408;407;3.059
409;411;3.406
410;412;2.946
411;409;3.406
412;410;2.946
412;413;3.037
413;412;3.037
414;437;2.832
415;416;3.317
416;415;3.317
416;417;3.198
417;416;3.198
417;419;3.117
418;420;2.982
419;417;3.117
420;418;2.982
420;424;3.918
421;422;3.877
422;421;3.877
423;425;3.466
423;429;3.372
424;420;3.918
424;425;2.932
425;423;3.466
425;424;2.932
425;428;2.996
425;429;3.061
426;429;2.886
427;430;3.878
428;425;2.996
429;423;3.372
429;425;3.061
429;426;2.886
430;343;4.019
430;427;3.878
431;344;2.754
431;434;3.829
431;435;3.998
432;344;3.877
433;330;3.151
433;331;2.955
433;332;2.748
433;333;2.655
434;331;3.581
434;344;2.706
434;431;3.829
435;431;3.998
436;439;3.314
437;330;4.035
437;414;2.832
437;439;2.81
438;446;2.752
439;328;3.857
439;436;3.314
439;437;2.81
440;328;2.88
440;446;3.284
441;328;2.83
442;445;3.003
443;446;2.9
443;447;3.055
443;448;3.971
444;449;3.549
444;450;2.861
444;451;3.663
445;442;3.003
446;438;2.752
446;440;3.284
446;443;2.9
447;443;3.055
448;443;3.971
449;444;3.549
450;444;2.861
451;444;3.663
451;452;3.758
452;451;3.758
453;455;2.803
454;456;3.226
455;453;2.803
456;454;3.226
456;458;3.0
456;460;3.351
456;461;3.817
456;463;2.96
456;464;2.76
457;459;3.417
457;460;3.915
457;516;3.488
457;517;2.789
458;456;3.0
459;457;3.417
459;513;3.738
459;516;3.519
459;517;3.951
460;456;3.351
460;457;3.915
460;463;2.992
460;464;3.129
461;456;3.817
461;464;2.98
462;513;3.669
463;456;2.96
463;460;2.992
463;514;3.706
464;456;2.76
464;460;3.129
464;461;2.98
464;467;2.983
464;468;3.146
465;469;2.956
466;470;2.97
467;464;2.983
467;470;3.209
467;471;3.01
468;464;3.146
468;471;3.415
468;472;2.928
468;565;2.685
469;465;2.956
469;472;3.215
469;473;2.972
470;466;2.97
470;467;3.209
470;474;3.049
471;467;3.01
471;468;3.415
471;474;3.317
471;475;2.979
471;510;3.817
471;562;3.956
472;468;2.928
472;469;3.215
472;475;2.999
472;476;3.087
472;566;2.742
472;567;3.616
473;469;2.972
473;476;3.472
473;477;3.007
474;470;3.049
474;471;3.317
474;478;2.982
474;503;3.67
475;471;2.979
475;472;2.999
475;478;3.083
475;479;3.068
475;507;3.32
475;560;3.867
475;562;3.897
475;563;3.836
476;472;3.087
476;473;3.472
476;479;3.134
476;480;3.437
476;563;3.814
477;473;3.007
477;480;3.29
477;481;3.011
478;474;2.982
478;475;3.083
478;481;3.271
478;482;2.993
478;503;3.202
478;559;3.105
479;475;3.068
479;476;3.134
479;483;3.051
479;560;3.65
479;994;3.896
480;476;3.437
480;477;3.29
480;483;3.328
480;484;2.978
481;477;3.011
481;478;3.271
481;484;3.061
481;485;2.956
481;496;3.537
482;478;2.993
482;485;3.031
482;559;3.802
482;560;3.669
482;998;4.015
483;479;3.051
483;480;3.328
484;480;2.978
484;481;3.061
484;496;3.819
485;481;2.956
485;482;3.031
485;489;2.897
485;496;3.986
485;500;3.434
486;489;2.964
486;1039;3.018
486;1040;3.01
487;490;2.953
487;491;3.02
488;492;3.011
489;485;2.897
489;486;2.964
489;493;2.799
490;487;2.953
490;493;2.754
491;487;3.02
492;488;3.011
492;495;3.015
492;496;2.934
493;489;2.799
493;490;2.754
493;497;2.957
494;497;3.461
494;498;3.055
495;492;3.015
495;498;3.96
495;499;2.966
496;481;3.537
496;484;3.819
496;485;3.986
496;492;2.934
496;499;3.258
496;500;2.911
497;493;2.957
497;494;3.461
497;500;3.349
497;501;3.042
498;494;3.055
498;495;3.96
498;502;2.971
499;495;2.966
499;496;3.258
499;503;2.963
500;485;3.434
500;496;2.911
500;497;3.349
500;503;3.399
500;504;3.081
500;559;3.265
501;497;3.042
501;504;3.341
501;505;3.012
501;543;3.813
501;544;3.431
502;498;2.971
502;505;3.018
502;506;3.095
503;474;3.67
503;478;3.202
503;499;2.963
503;500;3.399
503;506;3.062
503;507;3.373
504;500;3.081
504;501;3.341
504;507;2.97
504;539;2.825
504;540;3.765
504;543;3.839
505;501;3.012
505;502;3.018
505;508;2.87
506;502;3.095
506;503;3.062
506;509;3.066
506;510;3.254
507;475;3.32
507;503;3.373
507;504;2.97
507;511;2.982
507;536;3.697
507;540;3.925
507;562;3.428
508;505;2.87
508;511;3.426
508;512;3.033
508;540;3.494
509;506;3.066
509;513;3.06
510;471;3.817
510;506;3.254
510;513;3.438
510;514;2.95
510;562;2.746
510;565;2.726
511;507;2.982
511;508;3.426
511;515;2.986
511;536;3.687
512;508;3.033
512;515;3.209
512;516;3.094
513;459;3.738
513;462;3.669
513;509;3.06
513;510;3.438
513;517;2.984
514;463;3.706
514;510;2.95
514;517;3.008
514;518;3.023
514;522;2.674
514;523;3.576
514;529;2.778
515;511;2.986
515;512;3.209
515;523;3.714
515;524;3.945
516;457;3.488
516;459;3.519
516;512;3.094
517;457;2.789
517;459;3.951
517;513;2.984
517;514;3.008
518;514;3.023
518;522;3.739
519;522;2.9
519;523;2.925
520;524;2.978
521;525;3.075
522;514;2.674
522;518;3.739
522;519;2.9
522;525;3.07
522;526;2.925
523;514;3.576
523;515;3.714
523;519;2.925
523;529;3.192
524;515;3.945
524;520;2.978
525;521;3.075
525;522;3.07
526;522;2.925
526;529;2.96
526;530;3.035
527;530;3.967
527;531;3.011
528;532;2.99
528;570;2.965
528;573;3.938
529;514;2.778
529;523;3.192
529;526;2.96
529;533;2.957
530;526;3.035
530;527;3.967
530;533;3.387
530;534;2.988
531;527;3.011
531;534;3.374
531;535;3.021
532;528;2.99
532;535;3.23
532;536;2.903
532;562;2.648
532;565;3.869
533;529;2.957
533;530;3.387
533;537;3.007
534;530;2.988
534;531;3.374
534;537;3.186
534;538;3.084
535;531;3.021
535;532;3.23
535;539;3.016
536;507;3.697
536;511;3.687
536;532;2.903
536;540;2.939
536;562;3.749
537;533;3.007
537;534;3.186
537;541;2.975
538;534;3.084
538;542;3.314
538;555;3.58
539;504;2.825
539;535;3.016
539;543;3.428
539;559;3.058
540;504;3.765
540;507;3.925
540;508;3.494
540;536;2.939
540;543;3.119
540;544;2.907
541;537;2.975
541;544;3.273
541;545;3.029
542;538;3.314
542;546;2.999
542;547;3.028
542;556;3.876
543;501;3.813
543;504;3.839
543;539;3.428
543;540;3.119
543;547;3.673
543;556;3.964
544;501;3.431
544;540;2.907
544;541;3.273
545;541;3.029
546;542;2.999
546;548;2.94
547;542;3.028
547;543;3.673
547;553;2.823
548;546;2.94
548;553;3.244
549;552;2.804
550;553;3.267
550;554;2.928
551;554;3.313
551;555;2.962
551;1079;3.884
552;549;2.804
552;555;3.055
552;556;3.084
553;547;2.823
553;548;3.244
553;550;3.267
553;556;2.942
554;550;2.928
554;551;3.313
554;557;2.988
554;1002;3.142
555;538;3.58
555;551;2.962
555;552;3.055
555;558;2.991
556;542;3.876
556;543;3.964
556;552;3.084
556;553;2.942
556;559;3.055
557;554;2.988
557;560;3.182
557;998;3.711
557;999;3.917
558;555;2.991
558;561;2.897
558;995;3.874
559;478;3.105
559;482;3.802
559;500;3.265
559;539;3.058
559;556;3.055
559;562;2.965
560;475;3.867
560;479;3.65
560;482;3.669
560;557;3.182
560;563;2.93
560;991;3.821
560;995;3.527
561;558;2.897
561;564;2.79
561;992;3.379
561;995;3.482
562;471;3.956
562;475;3.897
562;507;3.428
562;510;2.746
562;532;2.648
562;536;3.749
562;559;2.965
562;565;2.973
563;475;3.836
563;476;3.814
563;560;2.93
563;566;2.974
563;567;2.949
563;569;3.865
563;991;3.566
564;561;2.79
565;468;2.685
565;510;2.726
565;532;3.869
565;562;2.973
566;472;2.742
566;563;2.974
567;472;3.616
567;563;2.949
567;569;3.901
567;570;3.031
568;571;3.035
568;572;2.928
568;984;3.204
569;563;3.865
569;567;3.901
569;572;3.204
569;573;3.014
569;988;3.485
570;528;2.965
570;567;3.031
570;573;3.832
570;574;3.054
571;568;3.035
571;574;3.471
571;575;2.974
572;568;2.928
572;569;3.204
572;575;3.283
572;576;2.948
572;988;3.633
573;528;3.938
573;569;3.014
573;570;3.832
573;577;3.039
574;570;3.054
574;571;3.471
574;578;2.762
575;571;2.974
575;572;3.283
575;578;3.237
575;579;2.921
575;1097;3.759
576;572;2.948
576;579;3.187
576;580;3.073
576;1093;3.585
577;573;3.039
577;580;3.013
578;574;2.762
578;575;3.237
578;581;2.983
579;575;2.921
579;576;3.187
579;582;3.075
579;583;3.083
579;683;3.8
579;1093;3.494
579;1097;3.448
580;576;3.073
580;577;3.013
580;584;2.975
580;1093;3.89
581;578;2.983
581;584;3.032
582;579;3.075
582;683;3.898
583;579;3.083
583;586;3.273
583;587;2.87
583;679;3.568
583;1093;3.844
584;580;2.975
584;581;3.032
584;588;3.051
585;106;3.461
585;110;3.336
585;588;3.229
585;589;3.301
586;110;3.984
586;583;3.273
586;589;3.046
586;590;3.023
586;678;3.502
586;679;3.817
587;583;2.87
587;591;2.929
588;584;3.051
588;585;3.229
588;591;3.28
588;592;3.053
589;107;3.684
589;585;3.301
589;586;3.046
589;592;3.453
589;593;3.032
590;586;3.023
590;593;3.463
590;594;2.96
590;641;3.966
591;587;2.929
591;588;3.28
591;595;2.977
592;100;3.528
592;588;3.053
592;589;3.453
592;595;3.32
592;596;3.005
593;589;3.032
593;590;3.463
593;596;3.302
593;597;2.949
593;671;3.709
594;590;2.96
594;597;3.478
594;598;2.925
594;634;3.489
594;637;3.835
595;19;3.506
595;23;3.775
595;591;2.977
595;592;3.32
595;598;3.271
595;599;3.003
595;630;3.569
596;94;3.954
596;98;3.964
596;592;3.005
596;593;3.302
596;599;3.269
596;600;2.994
597;593;2.949
597;594;3.478
597;601;2.958
597;637;3.78
597;667;4.046
597;668;3.555
597;671;3.901
598;594;2.925
598;595;3.271
598;601;3.261
598;602;2.997
598;630;3.813
598;633;3.97
599;94;3.638
599;595;3.003
599;596;3.269
599;603;3.328
600;94;3.682
600;596;2.994
600;603;3.308
600;604;3.021
601;597;2.958
601;598;3.261
601;605;3.0
601;606;2.81
601;627;3.78
602;25;3.342
602;598;2.997
602;606;3.051
602;607;3.145
602;629;4.037
603;91;3.417
603;599;3.328
603;600;3.308
604;87;3.899
604;91;3.841
604;600;3.021
604;607;2.809
605;601;3.0
605;608;3.014
605;609;3.555
605;623;3.519
605;627;4.154
605;661;3.431
606;601;2.81
606;602;3.051
606;623;3.769
607;602;3.145
607;604;2.809
608;605;3.014
608;620;4.013
608;623;2.958
609;605;3.555
609;621;3.071
609;623;2.98
609;649;3.82
609;650;3.44
609;657;2.795
609;661;3.611
610;619;2.648
610;620;3.381
610;650;3.718
610;651;2.921
611;614;3.003
611;615;2.876
611;616;2.806
611;617;2.758
612;650;4.115
612;651;2.77
612;653;3.692
613;616;3.808
614;611;3.003
615;611;2.876
616;611;2.806
616;613;3.808
616;1027;3.985
617;611;2.758
618;624;3.75
619;610;2.648
620;608;4.013
620;610;3.381
620;624;3.515
621;609;3.071
621;624;3.19
621;625;3.135
621;648;2.836
621;649;3.563
622;625;3.04
622;626;2.838
622;647;3.883
623;605;3.519
623;606;3.769
623;608;2.958
623;609;2.98
623;627;3.684
623;649;3.624
624;618;3.75
624;620;3.515
624;621;3.19
625;621;3.135
625;622;3.04
625;632;3.84
625;1063;4.017
625;1067;3.856
626;622;2.838
626;632;3.333
626;635;4.018
626;636;3.88
626;1058;3.414
626;1062;3.839
627;601;3.78
627;605;4.154
627;623;3.684
627;632;3.801
627;636;3.661
627;649;4.057
628;1071;3.5
629;602;4.037
629;632;2.81
629;633;2.944
629;1074;2.896
630;25;3.147
630;595;3.569
630;598;3.813
630;633;3.468
630;634;2.95
631;634;3.197
631;635;2.999
631;1074;3.769
631;1077;3.94
631;1078;3.64
631;1081;3.934
632;625;3.84
632;626;3.333
632;627;3.801
632;629;2.81
632;635;3.298
632;636;2.979
632;1062;2.956
633;598;3.97
633;629;2.944
633;630;3.468
633;636;4.033
633;637;2.975
634;594;3.489
634;630;2.95
634;631;3.197
634;637;3.451
634;638;2.982
635;626;4.018
635;631;2.999
635;632;3.298
635;638;3.192
635;639;3.011
635;1062;3.91
635;1081;3.655
636;626;3.88
636;627;3.661
636;632;2.979
636;633;4.033
636;639;3.181
636;640;3.033
636;646;3.86
637;594;3.835
637;597;3.78
637;633;2.975
637;634;3.451
637;640;3.392
637;641;2.986
638;634;2.982
638;635;3.192
638;641;3.094
638;642;3.209
638;1054;3.886
638;1057;3.52
638;1081;3.718
638;1088;3.927
639;635;3.011
639;636;3.181
639;645;2.864
639;1058;3.551
640;636;3.033
640;637;3.392
640;643;3.023
640;646;3.741
640;665;3.504
640;668;3.601
640;669;3.996
641;590;3.966
641;637;2.986
641;638;3.094
641;672;3.762
642;638;3.209
642;1054;3.482
643;640;3.023
643;669;4.013
644;211;3.791
644;1054;3.777
644;1055;2.74
644;1056;2.83
645;206;3.656
645;211;3.407
645;212;5.979
645;639;2.864
645;1059;3.884
646;636;3.86
646;640;3.741
646;649;3.518
646;665;3.308
647;622;3.883
647;1059;3.528
648;621;2.836
648;1015;3.844
649;609;3.82
649;621;3.563
649;623;3.624
649;627;4.057
649;646;3.518
649;658;3.304
649;661;3.473
650;609;3.44
650;610;3.718
650;612;4.115
650;654;3.375
650;658;2.981
651;610;2.921
651;612;2.77
651;658;3.709
652;1016;3.404
653;612;3.692
654;650;3.375
654;657;2.773
654;658;3.077
655;659;2.957
656;659;3.366
656;660;2.983
657;609;2.795
657;654;2.773
657;660;3.227
657;661;3.054
658;649;3.304
658;650;2.981
658;651;3.709
658;654;3.077
658;661;3.054
658;662;2.899
659;655;2.957
659;656;3.366
659;662;3.18
659;663;3.028
660;656;2.983
660;657;3.227
661;605;3.431
661;609;3.611
661;649;3.473
661;657;3.054
661;658;3.054
661;664;3.009
661;665;2.921
662;202;3.85
662;658;2.899
662;659;3.18
662;665;3.375
662;666;2.961
663;659;3.028
663;666;3.441
663;667;3.004
664;661;3.009
664;667;3.377
664;668;2.96
665;640;3.504
665;646;3.308
665;661;2.921
665;662;3.375
665;668;3.348
665;669;2.985
666;205;3.487
666;662;2.961
666;663;3.441
666;669;3.413
666;670;2.997
667;597;4.046
667;663;3.004
667;664;3.377
667;670;3.454
667;671;2.995
668;597;3.555
668;640;3.601
668;664;2.96
668;665;3.348
668;672;2.953
669;209;3.626
669;640;3.996
669;643;4.013
669;665;2.985
669;666;3.413
669;673;2.927
670;205;3.876
670;666;2.997
670;667;3.454
670;673;3.462
670;674;3.04
671;593;3.709
671;597;3.901
671;667;2.995
671;674;3.434
671;675;2.989
672;641;3.762
672;668;2.953
672;675;3.187
672;676;2.931
673;669;2.927
673;670;3.462
673;676;3.263
673;677;2.981
674;114;3.8
674;670;3.04
674;671;3.434
674;678;3.031
675;671;2.989
675;672;3.187
675;678;3.32
675;679;2.912
676;672;2.931
676;673;3.263
676;679;3.136
676;680;3.083
677;245;3.633
677;246;3.754
677;673;2.981
677;680;3.483
677;681;3.015
678;586;3.502
678;674;3.031
678;675;3.32
678;682;2.922
679;583;3.568
679;586;3.817
679;675;2.912
679;676;3.136
679;682;3.399
679;683;3.137
679;1096;3.378
680;246;3.665
680;250;3.692
680;676;3.083
680;677;3.483
680;683;3.471
680;684;2.95
680;1096;3.563
680;1099;3.794
680;1382;6.363
681;249;3.811
681;250;3.995
681;253;3.68
681;677;3.015
681;684;3.352
681;685;2.958
682;678;2.922
682;679;3.399
682;686;3.092
683;579;3.8
683;582;3.898
683;679;3.137
683;680;3.471
683;686;3.27
683;687;3.007
683;1096;3.635
683;1097;3.795
683;1100;3.564
684;250;3.46
684;680;2.95
684;681;3.352
684;687;3.471
684;688;2.979
684;1100;4.024
684;1103;3.556
685;681;2.958
685;688;3.259
685;689;3.046
686;682;3.092
686;683;3.27
686;689;3.073
686;690;3.123
687;683;3.007
687;684;3.471
687;690;2.938
687;1100;3.42
687;1104;3.456
688;254;3.92
688;684;2.979
688;685;3.259
688;1104;3.561
688;1107;3.417
689;685;3.046
689;686;3.073
690;686;3.123
690;687;2.938
691;290;3.012
691;1104;3.519
692;1108;3.821
693;269;4.019
694;703;3.686
694;1111;2.9
694;1112;2.741
695;272;3.789
695;703;3.655
695;1111;3.473
696;260;4.002
696;699;2.842
696;703;3.829
696;1114;3.706
697;703;3.463
697;704;3.626
697;1114;3.415
697;1115;2.882
698;716;2.658
698;1122;3.003
699;272;3.834
699;696;2.842
700;262;3.83
701;272;3.619
701;277;2.628
702;277;3.163
702;281;2.88
702;286;3.772
703;694;3.686
703;695;3.655
703;696;3.829
703;697;3.463
704;276;2.907
704;286;3.591
704;697;3.626
705;286;2.969
705;287;3.909
706;718;2.849
707;716;3.724
707;717;3.86
707;1120;3.715
708;1116;3.94
708;1117;3.643
708;1118;3.288
708;1120;3.459
709;712;3.714
709;1117;3.384
709;1118;3.576
710;826;2.818
711;826;3.818
711;829;2.773
711;830;2.75
712;709;3.714
712;715;3.693
712;1118;2.752
712;1119;3.688
713;796;3.768
713;804;3.589
714;797;3.856
714;1124;3.862
715;712;3.693
716;698;2.658
716;707;3.724
716;1120;3.331
716;1121;3.88
717;707;3.86
717;720;3.435
717;803;3.45
718;706;2.849
719;283;3.874
719;728;2.844
720;717;3.435
720;728;4.025
721;728;3.807
722;727;4.025
722;729;3.865
722;807;3.981
722;808;3.929
722;810;3.622
722;811;4.038
723;726;2.949
724;807;3.696
725;810;2.752
726;723;2.949
727;722;4.025
727;729;3.006
727;731;3.942
728;284;2.752
728;285;3.138
728;719;2.844
728;720;4.025
728;721;3.807
729;722;3.865
729;727;3.006
729;811;2.613
730;733;2.932
730;734;2.958
730;736;3.415
730;747;2.843
730;748;2.833
730;749;2.945
731;727;3.942
732;749;2.872
733;730;2.932
733;736;3.528
734;730;2.958
735;737;3.199
736;730;3.415
736;733;3.528
737;735;3.199
738;743;3.991
739;741;2.763
740;742;2.917
740;743;3.363
740;744;3.265
741;739;2.763
742;740;2.917
743;738;3.991
743;740;3.363
743;748;3.683
744;740;3.265
745;748;2.974
746;758;2.934
746;761;4.005
747;730;2.843
748;730;2.833
748;743;3.683
748;745;2.974
749;730;2.945
749;732;2.872
749;754;3.071
750;754;3.703
750;766;3.907
750;767;3.448
751;770;2.729
752;766;3.941
753;766;2.957
753;769;2.805
754;749;3.071
754;750;3.703
754;759;3.976
755;757;3.046
756;762;2.819
757;755;3.046
758;746;2.934
759;754;3.976
759;763;3.7
759;764;3.825
759;766;3.008
760;763;3.37
761;746;4.005
762;756;2.819
763;759;3.7
763;760;3.37
764;759;3.825
765;768;3.789
766;750;3.907
766;752;3.941
766;753;2.957
766;759;3.008
766;769;2.8
767;750;3.448
768;765;3.789
769;753;2.805
769;766;2.8
770;751;2.729
771;775;3.853
772;775;3.76
772;776;3.601
773;774;2.994
774;773;2.994
775;771;3.853
775;772;3.76
776;772;3.601
777;783;3.811
778;783;3.562
779;782;3.878
779;783;3.185
780;787;2.836
781;786;2.91
782;779;3.878
782;785;3.176
783;777;3.811
783;778;3.562
783;779;3.185
784;789;2.868
785;782;3.176
785;788;2.925
786;781;2.91
786;792;2.862
786;1126;2.663
787;780;2.836
788;785;2.925
789;784;2.868
790;799;3.254
791;794;2.816
791;1126;3.567
791;1127;3.081
792;786;2.862
793;795;2.7
794;791;2.816
794;797;3.339
795;793;2.7
796;713;3.768
796;805;3.678
797;714;3.856
797;794;3.339
798;800;3.486
798;801;3.071
798;802;3.629
799;790;3.254
800;798;3.486
801;798;3.071
802;798;3.629
802;805;3.346
802;806;3.382
802;807;3.374
803;717;3.45
804;713;3.589
804;808;2.822
805;796;3.678
805;802;3.346
805;808;3.326
806;802;3.382
806;809;3.181
807;722;3.981
807;724;3.696
807;802;3.374
808;722;3.929
808;804;2.822
808;805;3.326
809;806;3.181
810;722;3.622
810;725;2.752
810;811;3.971
811;722;4.038
811;729;2.613
811;810;3.971
812;814;2.861
812;815;3.85
813;815;3.8
814;812;2.861
815;812;3.85
815;813;3.8
816;817;3.546
816;823;3.288
817;816;3.546
817;823;2.849
818;822;3.581
819;822;3.038
820;824;3.401
821;824;3.019
822;818;3.581
822;819;3.038
823;816;3.288
823;817;2.849
824;820;3.401
824;821;3.019
824;825;2.829
825;824;2.829
826;710;2.818
826;711;3.818
827;829;3.058
827;832;3.323
828;837;4.018
829;711;2.773
829;827;3.058
829;832;3.678
830;711;2.75
831;835;3.846
832;827;3.323
832;829;3.678
833;836;2.953
834;839;2.638
834;912;2.736
834;913;3.912
835;831;3.846
836;833;2.953
837;828;4.018
837;840;3.016
837;842;2.813
837;843;2.833
838;841;2.931
839;834;2.638
840;837;3.016
840;842;3.784
841;838;2.931
842;837;2.813
842;840;3.784
843;837;2.833
844;846;4.007
844;847;3.611
845;848;2.797
846;844;4.007
847;844;3.611
847;851;3.743
848;845;2.797
848;851;2.714
848;907;2.893
848;908;2.803
849;852;3.045
850;855;3.802
850;901;3.989
850;904;3.388
850;905;3.547
851;847;3.743
851;848;2.714
851;908;3.984
852;849;3.045
852;855;2.859
852;856;2.948
853;857;3.055
854;858;2.901
855;850;3.802
855;852;2.859
855;858;3.268
855;859;2.979
856;852;2.948
856;859;3.342
856;860;3.142
856;964;3.225
857;853;3.055
857;860;3.452
857;861;2.999
858;854;2.901
858;855;3.268
858;861;3.338
858;862;2.927
859;855;2.979
859;856;3.342
859;862;3.407
859;863;2.955
859;898;3.725
859;901;3.778
860;856;3.142
860;857;3.452
860;863;3.355
860;864;2.956
860;964;3.665
861;857;2.999
861;858;3.338
861;864;3.217
861;865;2.976
862;858;2.927
862;859;3.407
862;866;2.954
862;898;3.978
863;859;2.955
863;860;3.355
863;867;2.897
863;894;3.942
863;898;3.371
863;957;3.73
863;961;3.748
864;860;2.956
864;861;3.217
864;867;3.162
864;868;2.99
865;861;2.976
865;868;3.117
865;869;2.991
866;862;2.954
866;869;3.499
866;870;2.934
866;957;3.607
867;863;2.897
867;864;3.162
867;871;2.979
868;864;2.99
868;865;3.117
868;871;3.362
868;872;2.977
869;865;2.991
869;866;3.499
869;872;3.037
870;866;2.934
870;955;3.905
871;867;2.979
871;868;3.362
871;875;3.701
871;1290;3.814
872;868;2.977
872;869;3.037
872;875;3.075
872;876;3.001
872;879;3.574
872;883;3.704
872;887;3.789
873;880;2.766
873;948;2.687
874;877;3.375
874;880;2.666
874;1293;3.344
874;1347;3.051
875;871;3.701
875;872;3.075
875;1313;3.795
876;872;3.001
876;879;2.957
876;880;3.024
877;874;3.375
877;880;3.222
877;881;3.011
878;881;2.637
879;872;3.574
879;876;2.957
879;882;3.321
879;883;2.963
880;873;2.766
880;874;2.666
880;876;3.024
880;877;3.222
880;884;3.022
880;1346;3.902
881;877;3.011
881;878;2.637
881;1348;3.484
882;879;3.321
883;872;3.704
883;879;2.963
883;886;3.12
883;887;3.036
884;880;3.022
884;887;3.399
884;888;2.733
885;889;3.032
886;883;3.12
886;889;3.383
886;890;2.988
887;872;3.789
887;883;3.036
887;884;3.399
887;890;3.026
887;891;3.258
888;884;2.733
888;891;3.018
888;892;3.029
888;948;2.898
888;951;3.874
889;885;3.032
889;886;3.383
889;892;2.926
889;893;2.951
890;886;2.988
890;887;3.026
890;893;3.487
890;894;2.923
891;887;3.258
891;888;3.018
891;895;3.012
891;954;3.847
892;888;3.029
892;889;2.926
892;895;3.376
892;896;3.037
893;889;2.951
893;890;3.487
893;896;3.497
893;897;2.981
894;863;3.942
894;890;2.923
894;897;3.261
894;898;2.954
894;954;4.036
894;957;3.567
895;891;3.012
895;892;3.376
895;899;2.976
895;954;3.996
896;892;3.037
896;893;3.497
896;900;3.03
897;893;2.981
897;894;3.261
897;900;4.01
897;901;2.946
898;859;3.725
898;862;3.978
898;863;3.371
898;894;2.954
898;902;3.011
898;960;3.718
899;895;2.976
899;902;3.339
899;903;2.958
899;927;3.863
899;931;3.641
900;896;3.03
900;897;4.01
900;903;3.353
900;904;2.942
901;850;3.989
901;859;3.778
901;897;2.946
901;905;2.736
901;960;3.611
902;898;3.011
902;899;3.339
902;905;3.472
902;906;2.933
902;924;3.85
903;899;2.958
903;900;3.353
903;906;3.455
903;907;3.01
904;850;3.388
904;900;2.942
904;907;3.993
904;908;2.971
905;850;3.547
905;901;2.736
905;902;3.472
905;908;3.43
905;909;3.049
905;914;3.759
905;920;4.121
905;923;2.689
906;902;2.933
906;903;3.455
906;909;3.026
906;910;2.909
906;914;3.887
906;915;3.574
907;848;2.893
907;903;3.01
907;904;3.993
908;848;2.803
908;851;3.984
908;904;2.971
908;905;3.43
909;905;3.049
909;906;3.026
909;913;2.921
909;917;3.707
909;920;3.623
910;906;2.909
910;913;2.946
910;914;2.967
911;914;3.48
911;915;3.044
912;834;2.736
912;915;3.089
912;916;2.888
913;834;3.912
913;909;2.921
913;910;2.946
914;905;3.759
914;906;3.887
914;910;2.967
914;911;3.48
914;917;3.038
914;920;3.896
914;924;3.795
915;906;3.574
915;911;3.044
915;912;3.089
915;921;3.504
915;924;5.55
916;912;2.888
917;909;3.707
917;914;3.038
917;920;3.075
917;921;2.916
918;922;2.974
919;922;3.341
919;923;2.985
919;969;4.034
919;972;3.954
920;905;4.121
920;909;3.623
920;914;3.896
920;917;3.075
920;923;3.198
920;924;2.992
921;915;3.504
921;917;2.916
921;924;3.898
921;925;2.972
922;918;2.974
922;919;3.341
922;925;3.319
923;905;2.689
923;919;2.985
923;920;3.198
923;960;2.949
923;963;2.8
924;902;3.85
924;914;3.795
924;915;5.55
924;920;2.992
924;921;3.898
924;927;3.036
924;928;2.958
925;921;2.972
925;922;3.319
925;929;3.021
926;956;4.004
926;960;3.697
927;899;3.863
927;924;3.036
927;930;3.047
927;931;3.088
928;924;2.958
928;931;2.975
928;932;2.915
929;925;3.021
929;933;2.97
929;953;3.689
930;927;3.047
930;934;3.052
930;954;2.883
931;899;3.641
931;927;3.088
931;928;2.975
931;934;3.365
931;935;2.977
932;928;2.915
932;935;3.183
932;936;2.993
933;929;2.97
933;936;3.458
933;937;2.987
934;930;3.052
934;931;3.365
934;937;3.257
934;938;2.982
934;947;3.782
935;931;2.977
935;932;3.183
935;938;3.238
935;939;2.937
936;932;2.993
936;933;3.458
936;939;3.268
936;940;2.99
937;933;2.987
937;934;3.257
937;942;3.036
937;946;3.302
937;947;3.342
937;950;3.646
938;934;2.982
938;935;3.238
938;941;2.999
939;935;2.937
939;936;3.268
940;936;2.99
941;938;2.999
942;937;3.036
943;946;3.785
943;947;3.183
944;947;3.462
944;948;3.002
945;948;2.724
945;949;3.22
946;937;3.302
946;943;3.785
946;949;3.365
946;950;2.992
947;934;3.782
947;937;3.342
947;943;3.183
947;944;3.462
947;951;2.97
948;873;2.687
948;888;2.898
948;944;3.002
948;945;2.724
948;1345;3.893
949;945;3.22
949;946;3.365
949;952;3.057
949;1295;3.884
949;1342;3.021
949;1343;3.684
949;1344;3.134
950;937;3.646
950;946;2.992
951;888;3.874
951;947;2.97
951;954;2.732
952;949;3.057
952;955;2.755
952;956;3.311
952;1291;3.612
953;929;3.689
953;956;2.984
954;891;3.847
954;894;4.036
954;895;3.996
954;930;2.883
954;951;2.732
954;957;2.855
