source;destination;distance
0;3;2.743
0;4;2.96
1;47;3.591
2;7;3.626
2;48;3.669
3;0;2.743
4;0;2.96
4;7;3.169
4;8;2.958
5;9;2.968
6;10;2.973
7;2;3.626
7;4;3.169
7;10;3.135
7;11;2.968
7;43;4.006
7;47;3.755
8;4;2.958
8;11;3.499
8;12;2.976
9;5;2.968
9;12;3.483
9;13;2.924
10;6;2.973
10;7;3.135
10;14;2.946
11;7;2.968
11;8;3.499
11;14;3.394
11;15;3.009
11;44;3.586
12;8;2.976
12;9;3.483
12;16;2.98
12;103;3.953
13;9;2.924
13;16;3.402
13;17;2.942
14;10;2.946
14;11;3.394
14;18;3.012
14;37;3.843
15;11;3.009
15;19;2.982
15;37;3.711
15;98;3.964
15;99;3.613
16;12;2.98
16;13;3.402
16;19;3.131
16;20;3.083
17;13;2.942
17;20;3.279
17;21;2.983
18;14;3.012
18;22;2.956
18;37;3.148
18;95;3.579
19;15;2.982
19;16;3.131
19;22;3.209
19;96;3.538
19;597;3.482
20;16;3.083
20;17;3.279
21;17;2.983
21;24;2.986
21;30;3.612
21;33;3.408
22;18;2.956
22;19;3.209
22;92;4.027
23;597;3.822
24;21;2.986
24;27;4.057
25;604;3.256
25;631;3.713
25;632;3.272
26;30;3.835
27;24;4.057
27;30;2.85
28;31;2.731
28;32;3.023
29;32;3.285
29;33;2.98
30;21;3.612
30;26;3.835
30;27;2.85
30;33;3.414
30;34;2.997
31;28;2.731
31;34;3.468
31;35;3.007
32;28;3.023
32;29;3.285
32;36;2.987
33;21;3.408
33;29;2.98
33;30;3.414
33;36;3.257
33;37;2.944
34;30;2.997
34;31;3.468
34;37;3.363
34;38;2.941
34;92;2.812
34;95;3.208
35;31;3.007
35;38;3.357
35;39;2.972
35;80;3.588
36;32;2.987
36;33;3.257
36;39;3.363
36;40;3.003
37;14;3.843
37;15;3.711
37;18;3.148
37;33;2.944
37;34;3.363
37;40;3.012
37;41;2.859
37;95;3.447
38;34;2.941
38;35;3.357
38;42;2.976
38;79;2.768
39;35;2.972
39;36;3.363
39;42;3.182
39;43;2.983
40;36;3.003
40;37;3.012
40;43;3.454
40;44;2.916
41;37;2.859
41;45;2.954
41;72;3.468
41;98;3.467
42;38;2.976
42;39;3.182
42;45;3.294
42;46;2.971
43;7;4.006
43;39;2.983
43;40;3.454
43;46;3.393
43;47;3.058
44;11;3.586
44;40;2.916
44;47;3.235
44;48;2.814
44;98;2.667
45;41;2.954
45;42;3.294
45;49;2.992
45;55;3.952
45;72;3.911
46;42;2.971
46;43;3.393
46;50;3.068
47;1;3.591
47;7;3.755
47;43;3.058
47;44;3.235
48;2;3.669
48;44;2.814
48;65;3.183
48;68;2.663
49;45;2.992
49;55;4.028
49;58;3.856
49;65;3.665
50;46;3.068
50;52;3.067
50;54;3.656
51;54;3.691
51;57;3.472
52;50;3.067
52;55;2.984
53;56;2.993
54;50;3.656
54;51;3.691
54;57;2.997
55;45;3.952
55;49;4.028
55;52;2.984
55;58;3.047
55;69;4.005
56;53;2.993
56;59;3.026
57;51;3.472
57;54;2.997
57;60;3.04
58;49;3.856
58;55;3.047
58;61;2.982
58;62;3.806
58;65;3.499
58;66;3.916
58;69;3.757
59;56;3.026
59;66;3.95
60;57;3.04
61;58;2.982
62;58;3.806
62;66;2.906
63;66;3.422
63;67;3.038
64;67;3.041
64;68;3.051
64;101;3.365
64;107;3.215
64;110;3.831
65;48;3.183
65;49;3.665
65;58;3.499
65;68;3.804
65;69;2.977
66;58;3.916
66;59;3.95
66;62;2.906
66;63;3.422
66;69;3.462
66;70;2.962
67;63;3.038
67;64;3.041
67;71;3.001
67;100;3.894
68;48;2.663
68;64;3.051
68;65;3.804
68;71;3.319
68;72;2.91
68;98;3.131
68;101;2.794
69;55;4.005
69;58;3.757
69;65;2.977
69;66;3.462
69;72;3.212
69;73;2.997
70;66;2.962
70;73;3.423
70;74;2.986
71;67;3.001
71;68;3.319
71;75;2.92
71;94;3.628
72;41;3.468
72;45;3.911
72;68;2.91
72;69;3.212
72;75;3.465
72;76;2.895
73;69;2.997
73;70;3.423
73;76;3.379
73;77;3.003
74;70;2.986
74;77;3.467
74;78;2.978
74;88;3.582
74;91;3.317
75;71;2.92
75;72;3.465
75;78;2.998
75;79;2.861
76;72;2.895
76;73;3.379
76;80;2.959
77;73;3.003
77;74;3.467
77;81;3.007
78;74;2.978
78;75;2.998
78;82;3.97
78;88;2.746
79;38;2.768
79;75;2.861
79;82;3.221
79;95;3.604
80;35;3.588
80;76;2.959
81;77;3.007
81;83;2.988
82;78;3.97
82;79;3.221
82;89;2.95
82;92;3.585
83;81;2.988
84;88;3.507
85;88;3.124
86;89;2.915
86;90;3.194
86;606;3.902
87;90;3.117
88;74;3.582
88;78;2.746
88;84;3.507
88;85;3.124
88;91;3.003
89;82;2.95
89;86;2.915
90;86;3.194
90;87;3.117
90;93;3.011
90;605;3.402
90;606;3.847
91;74;3.317
91;88;3.003
91;94;2.874
92;22;4.027
92;34;2.812
92;82;3.585
92;95;2.917
93;90;3.011
93;96;2.87
93;598;3.967
93;601;3.633
93;602;3.696
94;71;3.628
94;91;2.874
94;97;3.148
94;98;3.035
95;18;3.579
95;34;3.208
95;37;3.447
95;79;3.604
95;92;2.917
95;98;3.156
96;19;3.538
96;93;2.87
96;99;3.012
97;94;3.148
97;100;2.734
97;598;3.968
98;15;3.964
98;41;3.467
98;44;2.667
98;68;3.131
98;94;3.035
98;95;3.156
98;101;2.762
98;102;3.397
99;15;3.613
99;96;3.012
99;102;2.992
99;103;2.952
99;106;3.663
99;594;3.528
100;67;3.894
100;97;2.734
100;110;3.805
101;64;3.365
101;68;2.794
101;98;2.762
101;107;2.8
102;98;3.397
102;99;2.992
103;12;3.953
103;99;2.952
103;106;3.092
103;107;2.979
104;107;3.367
104;108;2.946
105;109;3.133
105;587;3.47
106;99;3.663
106;103;3.092
106;109;3.414
106;110;3.012
106;591;3.69
107;64;3.215
107;101;2.8
107;103;2.979
107;104;3.367
107;110;3.475
107;111;2.971
108;104;2.946
108;111;3.23
108;112;3.04
109;105;3.133
109;106;3.414
109;112;3.053
109;113;2.993
109;587;3.328
109;588;3.968
110;64;3.831
110;100;3.805
110;106;3.012
110;107;3.475
110;113;3.249
110;114;3.043
111;107;2.971
111;108;3.23
111;114;3.46
111;115;3.008
112;108;3.04
112;109;3.053
112;115;3.217
112;116;3.043
113;109;2.993
113;110;3.249
113;116;3.036
113;117;3.235
113;676;3.831
114;110;3.043
114;111;3.46
114;117;2.99
115;111;3.008
115;112;3.217
115;118;2.789
115;252;3.802
116;112;3.043
116;113;3.036
116;119;3.098
116;120;3.025
117;113;3.235
117;114;2.99
117;121;3.001
118;115;2.789
118;256;2.721
119;116;3.098
119;122;3.362
119;252;3.479
119;255;2.625
119;256;2.775
120;116;3.025
120;124;2.95
120;245;3.93
120;249;3.999
121;117;3.001
121;125;2.99
122;119;3.362
122;125;3.146
122;126;3.087
122;1262;3.443
122;1263;2.929
123;126;3.438
123;127;3.168
123;241;3.543
123;1266;4.003
124;120;2.95
124;127;3.38
124;128;2.923
125;121;2.99
125;122;3.146
125;128;3.338
125;129;2.979
126;122;3.087
126;123;3.438
126;130;2.958
126;1257;4.016
126;1263;3.965
126;1266;3.793
127;123;3.168
127;124;3.38
127;130;3.334
127;131;2.891
127;241;3.343
128;124;2.923
128;125;3.338
128;131;3.493
128;132;3.016
129;125;2.979
129;132;3.407
129;133;2.934
129;1164;4.136
129;1253;3.689
129;1256;3.363
129;1257;3.794
130;126;2.958
130;127;3.334
130;133;3.462
130;134;2.869
131;127;2.891
131;128;3.493
131;135;2.969
131;201;3.731
131;204;3.99
132;128;3.016
132;129;3.407
132;135;3.206
132;136;3.008
133;129;2.934
133;130;3.462
133;136;3.308
133;137;2.979
133;1164;3.752
133;1253;3.759
134;130;2.869
134;138;2.939
134;204;3.576
134;230;3.693
134;234;3.752
134;237;3.662
135;131;2.969
135;132;3.206
135;139;2.924
135;197;3.839
135;201;3.921
136;132;3.008
136;133;3.308
136;139;3.203
136;140;3.124
136;197;3.82
136;1250;3.933
137;133;2.979
137;140;3.161
137;141;3.473
137;230;3.536
137;1247;3.657
137;1250;3.884
138;134;2.939
138;141;3.483
138;142;2.952
138;194;3.69
139;135;2.924
139;136;3.203
139;143;3.714
139;195;3.97
139;196;3.505
139;197;3.944
140;136;3.124
140;137;3.161
140;1247;3.634
140;1250;3.391
141;137;3.473
141;138;3.483
141;1243;3.679
141;1247;3.475
142;138;2.952
142;217;3.069
142;227;3.366
142;230;3.534
142;231;5.787
143;139;3.714
143;195;3.785
144;149;2.745
144;190;2.951
145;184;3.004
145;188;3.561
145;190;3.097
146;149;2.946
146;150;3.77
146;188;2.824
147;188;2.887
147;191;3.52
147;195;2.647
148;154;3.386
149;144;2.745
149;146;2.946
149;153;3.102
149;185;2.72
150;146;3.77
150;182;3.782
150;185;3.799
151;182;3.634
152;180;2.761
153;149;3.102
154;148;3.386
155;158;3.727
156;158;3.4
157;160;3.933
157;167;4.031
158;155;3.727
158;156;3.4
159;168;3.461
159;179;2.809
160;157;3.933
160;167;3.958
161;167;3.041
161;168;3.503
162;164;3.867
163;166;3.816
164;162;3.867
165;167;2.936
165;169;2.656
166;163;3.816
166;169;3.961
167;157;4.031
167;160;3.958
167;161;3.041
167;165;2.936
168;159;3.461
168;161;3.503
169;165;2.656
169;166;3.961
169;175;3.766
169;176;2.951
169;178;3.756
170;171;4.028
170;173;3.081
171;170;4.028
172;175;4.054
173;170;3.081
174;177;3.096
175;169;3.766
175;172;4.054
176;169;2.951
177;174;3.096
178;169;3.756
179;159;2.809
180;152;2.761
181;1018;4.088
181;1020;3.697
182;150;3.782
182;151;3.634
183;185;3.374
184;145;3.004
185;149;2.72
185;150;3.799
185;183;3.374
186;189;3.135
187;1017;2.67
187;1019;3.51
188;145;3.561
188;146;2.824
188;147;2.887
188;191;3.054
189;186;3.135
189;220;3.51
189;221;3.94
190;144;2.951
190;145;3.097
191;147;3.52
191;188;3.054
191;194;2.998
191;195;3.026
191;199;3.491
192;199;3.189
193;199;3.343
193;217;3.433
194;138;3.69
194;191;2.998
194;200;3.545
194;203;3.46
194;217;3.109
194;231;3.991
195;139;3.97
195;143;3.785
195;147;2.647
195;191;3.026
196;139;3.505
196;199;2.811
196;200;2.974
197;135;3.839
197;136;3.82
197;139;3.944
197;201;2.956
198;202;2.995
199;191;3.491
199;192;3.189
199;193;3.343
199;196;2.811
199;202;3.264
199;203;2.954
200;194;3.545
200;196;2.974
200;203;3.263
200;204;2.953
201;131;3.731
201;135;3.921
201;197;2.956
201;205;2.938
202;198;2.995
202;199;3.264
202;205;3.09
202;206;2.961
202;664;3.822
203;194;3.46
203;199;2.954
203;200;3.263
203;206;3.348
203;207;2.945
204;131;3.99
204;134;3.576
204;200;2.953
204;207;3.487
204;208;2.956
205;201;2.938
205;202;3.09
205;208;3.231
205;209;2.941
205;668;3.46
205;671;4.103
205;672;3.916
206;202;2.961
206;203;3.348
206;210;2.967
206;211;2.82
206;212;3.926
206;647;3.653
207;203;2.945
207;204;3.487
207;210;3.094
207;213;3.508
207;231;3.635
207;234;3.777
207;235;3.648
208;204;2.956
208;205;3.231
209;205;2.941
209;646;3.491
209;671;3.654
210;206;2.967
210;207;3.094
210;1328;3.125
210;1330;3.007
211;206;2.82
211;646;3.772
211;647;3.432
212;206;3.926
212;215;3.24
212;216;3.012
212;647;5.93
212;1325;3.738
212;1335;3.833
213;207;3.508
213;217;3.051
213;218;3.119
213;231;3.591
213;232;3.859
213;235;3.264
213;1321;3.433
213;1324;6.384
213;1325;3.44
214;218;3.125
214;219;3.006
214;1321;3.718
214;1325;3.666
214;1359;3.494
214;1360;2.797
214;1361;3.14
215;212;3.24
215;1335;3.543
215;1361;3.209
216;212;3.012
216;219;3.057
217;142;3.069
217;193;3.433
217;194;3.109
217;213;3.051
217;227;2.864
217;231;6.191
218;213;3.119
218;214;3.125
218;221;2.94
218;228;3.314
218;1321;3.189
218;1359;3.497
219;214;3.006
219;216;3.057
219;1311;3.799
219;1359;3.482
220;189;3.51
221;189;3.94
221;218;2.94
221;223;2.939
221;224;3.117
221;227;3.663
222;224;3.059
222;1318;3.68
222;1355;2.853
222;1358;3.487
223;221;2.939
223;227;3.017
224;221;3.117
224;222;3.059
224;227;2.973
224;228;2.942
224;1356;3.802
224;1357;3.74
225;228;3.688
225;229;2.928
225;1354;2.832
225;1356;2.761
226;1240;3.713
226;1243;4.005
226;1244;3.273
226;1356;2.986
227;142;3.366
227;217;2.864
227;221;3.663
227;223;3.017
227;224;2.973
227;230;3.03
227;231;3.393
228;218;3.314
228;224;2.942
228;225;3.688
228;231;3.338
228;232;2.944
228;1321;3.541
228;1357;4.052
229;225;2.928
229;233;2.974
230;134;3.693
230;137;3.536
230;142;3.534
230;227;3.03
230;233;3.157
230;234;2.968
231;142;5.787
231;194;3.991
231;207;3.635
231;213;3.591
231;217;6.191
231;227;3.393
231;228;3.338
231;234;3.124
231;235;2.974
232;213;3.859
232;228;2.944
232;235;3.172
232;236;2.978
232;1324;3.939
233;229;2.974
233;230;3.157
233;237;2.933
234;134;3.752
234;207;3.777
234;230;2.968
234;231;3.124
234;238;2.902
235;207;3.648
235;213;3.264
235;231;2.974
235;232;3.172
235;239;2.945
235;1324;3.348
236;232;2.978
236;240;2.963
236;1324;3.394
237;134;3.662
237;233;2.933
237;241;2.913
238;234;2.902
238;242;2.931
239;235;2.945
239;242;3.353
239;243;2.95
240;236;2.963
240;243;3.425
240;244;2.943
240;1270;3.654
240;1277;3.617
241;123;3.543
241;127;3.343
241;237;2.913
241;244;3.236
241;245;2.89
242;238;2.931
242;239;3.353
242;245;3.33
242;246;2.947
243;239;2.95
243;240;3.425
243;246;3.49
243;247;2.99
243;1387;3.77
244;240;2.943
244;241;3.236
244;247;3.629
244;248;2.904
244;1266;3.163
244;1269;3.729
245;120;3.93
245;241;2.89
245;242;3.33
245;248;3.143
245;249;2.944
245;679;3.634
246;242;2.947
246;243;3.49
246;250;3.081
246;679;3.738
246;682;3.663
246;1384;3.505
247;243;2.99
247;244;3.629
247;251;2.932
247;1387;3.971
247;1388;3.948
247;1391;3.516
248;244;2.904
248;245;3.143
248;252;2.93
249;120;3.999
249;245;2.944
249;252;3.33
249;253;3.101
249;683;3.798
250;246;3.081
250;253;3.214
250;254;3.077
250;682;3.654
250;683;3.965
250;686;3.5
250;1388;3.488
251;247;2.932
251;255;2.894
251;1392;3.811
252;115;3.802
252;119;3.479
252;248;2.93
252;249;3.33
252;255;4.038
252;256;2.992
253;249;3.101
253;250;3.214
253;257;3.088
253;683;3.676
254;250;3.077
254;257;2.962
254;258;2.88
254;687;3.861
254;690;3.693
254;1108;6.18
254;1392;6.444
255;119;2.625
255;251;2.894
255;252;4.038
255;258;3.021
255;259;3.541
256;118;2.721
256;119;2.775
256;252;2.992
256;266;2.833
257;253;3.088
257;254;2.962
257;265;4.017
257;266;2.764
257;267;3.02
258;254;2.88
258;255;3.021
258;265;3.48
258;267;3.899
258;269;3.026
259;255;3.541
259;264;2.816
259;265;2.812
260;269;3.735
260;698;3.793
261;263;3.443
262;269;3.509
262;270;3.959
262;272;3.607
262;701;3.804
263;261;3.443
264;259;2.816
265;257;4.017
265;258;3.48
265;259;2.812
266;256;2.833
266;257;2.764
267;257;3.02
267;258;3.899
267;269;4.011
268;271;3.111
269;258;3.026
269;260;3.735
269;262;3.509
269;267;4.011
269;272;2.989
270;262;3.959
271;268;3.111
271;274;3.016
271;278;3.278
272;262;3.607
272;269;2.989
272;697;3.508
272;702;3.687
273;275;2.9
274;271;3.016
275;273;2.9
275;278;2.903
276;279;3.19
276;286;2.849
276;287;2.757
276;288;3.007
276;705;3.296
277;280;2.987
277;281;3.012
277;704;2.718
278;271;3.278
278;275;2.903
278;281;3.056
279;276;3.19
279;290;3.576
280;277;2.987
280;288;2.838
281;277;3.012
281;278;3.056
281;703;2.814
282;285;3.08
283;721;3.92
284;729;2.794
285;282;3.08
285;729;3.21
286;276;2.849
286;703;3.752
286;705;3.454
286;706;3.0
287;276;2.757
288;276;3.007
288;280;2.838
289;292;3.225
289;306;2.738
290;279;3.576
291;292;3.972
292;289;3.225
292;291;3.972
293;693;2.802
293;694;3.958
293;1109;3.752
294;1106;3.406
294;1109;3.89
294;1110;3.912
295;304;3.196
295;306;3.996
296;304;3.77
297;302;2.673
298;980;3.741
299;976;3.384
300;302;2.737
301;302;3.248
302;297;2.673
302;300;2.737
302;301;3.248
303;309;3.919
304;295;3.196
304;296;3.77
304;307;3.02
305;310;3.999
306;289;2.738
306;295;3.996
307;304;3.02
307;314;2.913
308;311;2.984
308;314;3.852
309;303;3.919
310;305;3.999
311;308;2.984
312;316;4.03
312;320;3.053
312;321;2.783
312;322;3.979
313;315;3.037
314;307;2.913
314;308;3.852
315;313;3.037
316;312;4.03
316;320;2.727
316;322;2.811
316;323;2.909
316;325;2.694
317;320;2.936
318;326;3.764
319;322;3.024
319;324;2.711
319;325;4.007
319;326;2.694
320;312;3.053
320;316;2.727
320;317;2.936
321;312;2.783
322;312;3.979
322;316;2.811
322;319;3.024
323;316;2.909
324;319;2.711
324;329;3.103
325;316;2.694
325;319;4.007
325;328;2.98
325;329;2.923
326;318;3.764
326;319;2.694
327;330;2.764
328;325;2.98
329;324;3.103
329;325;2.923
330;327;2.764
331;440;3.558
331;441;2.899
331;442;3.793
332;435;3.11
332;438;3.738
333;435;3.013
334;435;2.767
335;435;2.638
336;339;4.006
337;343;2.815
338;341;2.939
338;342;3.603
338;343;4.003
338;348;3.968
339;336;4.006
340;344;3.414
341;338;2.939
342;338;3.603
342;349;3.709
343;337;2.815
343;338;4.003
343;347;3.725
343;348;3.376
344;340;3.414
345;347;3.034
345;349;4.031
346;431;4.004
347;343;3.725
347;345;3.034
347;432;2.83
347;433;2.809
347;434;3.327
347;436;2.735
348;338;3.968
348;343;3.376
349;342;3.709
349;345;4.031
350;355;3.492
350;356;2.852
351;354;3.028
351;356;3.03
352;357;2.969
353;366;3.746
354;351;3.028
355;350;3.492
356;350;2.852
356;351;3.03
357;352;2.969
357;359;3.112
358;362;3.729
359;357;3.112
359;362;2.99
359;366;3.944
360;363;2.971
361;364;2.986
361;365;2.998
361;366;3.574
362;358;3.729
362;359;2.99
363;360;2.971
364;361;2.986
365;361;2.998
365;367;3.704
366;353;3.746
366;359;3.944
366;361;3.574
367;365;3.704
368;370;2.791
369;372;2.853
369;376;3.458
369;389;3.949
370;368;2.791
371;390;3.026
372;369;2.853
372;390;3.466
373;391;3.491
373;396;3.71
374;390;3.648
375;378;2.967
376;369;3.458
377;379;3.011
377;380;2.842
377;381;2.835
377;382;2.953
378;375;2.967
379;377;3.011
380;377;2.842
381;377;2.835
382;377;2.953
382;384;2.746
382;385;2.907
383;386;2.975
384;382;2.746
385;382;2.907
386;383;2.975
387;393;3.835
388;392;2.789
388;393;3.391
389;369;3.949
389;392;3.005
390;371;3.026
390;372;3.466
390;374;3.648
391;373;3.491
391;394;2.991
391;395;3.042
392;388;2.789
392;389;3.005
393;387;3.835
393;388;3.391
394;391;2.991
395;391;3.042
396;373;3.71
397;398;4.013
398;397;4.013
399;400;2.799
400;399;2.799
401;402;2.774
401;408;3.693
402;401;2.774
402;407;3.089
403;406;2.795
403;407;3.823
404;407;3.806
405;407;2.974
406;403;2.795
407;402;3.089
407;403;3.823
407;404;3.806
407;405;2.974
408;401;3.693
408;409;3.062
409;408;3.062
410;412;3.008
411;413;2.94
412;410;3.008
413;411;2.94
413;414;3.042
414;413;3.042
415;438;2.71
416;417;3.449
417;416;3.449
418;420;3.006
419;421;2.963
419;425;3.652
420;418;3.006
421;419;2.963
421;425;3.585
422;423;2.934
423;422;2.934
424;426;3.659
424;430;3.328
425;419;3.652
425;421;3.585
425;426;2.878
426;424;3.659
426;425;2.878
426;429;2.995
426;430;3.067
427;430;2.902
428;431;3.56
429;426;2.995
430;424;3.328
430;426;3.067
430;427;2.902
431;346;4.004
431;428;3.56
432;347;2.83
432;436;3.997
433;347;2.809
434;347;3.327
435;332;3.11
435;333;3.013
435;334;2.767
435;335;2.638
436;347;2.735
436;432;3.997
437;440;3.852
438;332;3.738
438;415;2.71
438;440;3.119
439;447;2.821
440;331;3.558
440;437;3.852
440;438;3.119
441;331;2.899
441;447;3.263
442;331;3.793
443;446;3.003
444;447;2.958
444;448;3.207
444;449;3.97
445;450;3.97
445;451;2.85
445;452;3.11
446;443;3.003
447;439;2.821
447;441;3.263
447;444;2.958
448;444;3.207
449;444;3.97
450;445;3.97
451;445;2.85
452;445;3.11
453;454;3.553
454;453;3.553
455;457;2.712
456;458;3.177
457;455;2.712
458;456;3.177
458;460;2.983
458;462;3.414
458;463;3.841
458;466;2.725
459;461;3.883
459;462;3.85
459;519;2.775
460;458;2.983
461;459;3.883
461;518;3.723
461;519;3.929
462;458;3.414
462;459;3.85
462;465;2.985
462;466;3.139
463;458;3.841
463;466;3.0
464;515;3.63
465;462;2.985
465;516;3.726
465;520;3.648
466;458;2.725
466;462;3.139
466;463;3.0
466;469;2.966
466;470;3.181
467;471;2.963
468;472;2.959
469;466;2.966
469;472;3.193
469;473;3.013
470;466;3.181
470;473;3.441
470;474;2.936
470;567;2.68
470;568;4.018
471;467;2.963
471;474;3.2
471;475;2.973
472;468;2.959
472;469;3.193
472;476;3.052
473;469;3.013
473;470;3.441
473;476;3.312
473;477;2.977
473;512;3.821
473;564;3.954
474;470;2.936
474;471;3.2
474;477;3.0
474;478;3.088
474;568;2.731
474;569;3.56
475;471;2.973
475;478;3.473
475;479;3.008
476;472;3.052
476;473;3.312
476;480;2.986
476;505;3.661
477;473;2.977
477;474;3.0
477;480;3.07
477;481;3.069
477;509;3.322
477;562;3.888
477;564;3.896
477;565;3.832
478;474;3.088
478;475;3.473
478;481;3.131
478;482;3.445
478;565;3.845
479;475;3.008
479;482;3.3
479;483;3.019
480;476;2.986
480;477;3.07
480;483;3.264
480;484;2.991
480;505;3.205
480;561;3.113
481;477;3.069
481;478;3.131
481;485;3.05
481;562;3.65
481;994;3.901
482;478;3.445
482;479;3.3
482;485;3.315
482;486;2.974
483;479;3.019
483;480;3.264
483;486;3.127
483;487;2.953
483;498;3.523
484;480;2.991
484;487;3.031
484;561;3.802
484;562;3.663
484;998;4.015
485;481;3.05
485;482;3.315
486;482;2.974
486;483;3.127
486;490;3.7
487;483;2.953
487;484;3.031
487;491;2.919
487;498;3.999
487;502;3.437
488;490;3.248
488;491;2.974
488;1040;3.193
488;1041;3.012
489;492;2.95
489;493;3.019
490;486;3.7
490;488;3.248
490;494;3.028
491;487;2.919
491;488;2.974
491;495;2.805
492;489;2.95
492;495;2.76
493;489;3.019
494;490;3.028
494;497;3.032
494;498;2.93
495;491;2.805
495;492;2.76
495;499;2.969
496;499;3.305
496;500;3.04
497;494;3.032
497;500;3.947
497;501;2.964
498;483;3.523
498;487;3.999
498;494;2.93
498;501;3.284
498;502;2.915
499;495;2.969
499;496;3.305
499;502;3.359
499;503;3.037
500;496;3.04
500;497;3.947
500;504;2.957
501;497;2.964
501;498;3.284
501;505;2.974
502;487;3.437
502;498;2.915
502;499;3.359
502;505;3.404
502;506;3.092
502;561;3.267
503;499;3.037
503;506;3.334
503;507;3.011
503;545;3.795
503;546;3.388
504;500;2.957
504;507;3.017
504;508;3.088
505;476;3.661
505;480;3.205
505;501;2.974
505;502;3.404
505;508;3.068
505;509;3.376
506;502;3.092
506;503;3.334
506;509;2.953
506;541;2.836
506;542;3.758
506;545;3.796
507;503;3.011
507;504;3.017
507;510;2.87
508;504;3.088
508;505;3.068
508;511;3.061
508;512;3.243
509;477;3.322
509;505;3.376
509;506;2.953
509;513;2.985
509;538;3.679
509;542;3.911
509;564;3.423
510;507;2.87
510;513;3.427
510;514;3.032
510;542;3.491
511;508;3.061
511;515;3.065
512;473;3.821
512;508;3.243
512;515;3.436
512;516;2.944
512;564;2.747
512;567;2.716
513;509;2.985
513;510;3.427
513;517;2.989
513;538;3.699
514;510;3.032
514;517;3.214
514;518;3.083
515;464;3.63
515;511;3.065
515;512;3.436
515;519;2.982
516;465;3.726
516;512;2.944
516;519;3.018
516;520;3.03
516;524;2.677
516;525;3.641
516;531;2.768
517;513;2.989
517;514;3.214
517;525;3.721
517;526;3.984
518;461;3.723
518;514;3.083
519;459;2.775
519;461;3.929
519;515;2.982
519;516;3.018
520;465;3.648
520;516;3.03
520;524;3.746
521;524;2.905
521;525;2.92
522;526;2.984
523;527;2.843
524;516;2.677
524;520;3.746
524;521;2.905
524;527;3.071
524;528;2.913
525;516;3.641
525;517;3.721
525;521;2.92
525;531;3.201
525;535;2.94
526;517;3.984
526;522;2.984
527;523;2.843
527;524;3.071
528;524;2.913
528;531;2.963
528;532;3.043
529;532;3.956
529;533;3.01
530;534;2.992
530;572;2.937
530;575;3.862
531;516;2.768
531;525;3.201
531;528;2.963
531;535;2.956
532;528;3.043
532;529;3.956
532;535;3.403
532;536;2.991
533;529;3.01
533;536;3.431
533;537;3.016
533;563;3.985
534;530;2.992
534;537;3.21
534;538;2.903
534;564;2.648
534;567;3.872
535;525;2.94
535;531;2.956
535;532;3.403
535;539;3.005
536;532;2.991
536;533;3.431
536;539;3.199
536;540;3.089
537;533;3.016
537;534;3.21
537;541;3.009
538;509;3.679
538;513;3.699
538;534;2.903
538;542;2.938
538;564;3.743
539;535;3.005
539;536;3.199
539;543;2.993
540;536;3.089
540;544;3.209
540;557;3.566
541;506;2.836
541;537;3.009
541;545;3.424
541;561;3.06
542;506;3.758
542;509;3.911
542;510;3.491
542;538;2.938
542;545;3.152
542;546;2.91
543;539;2.993
543;546;3.305
543;547;3.036
544;540;3.209
544;548;2.998
544;549;3.061
544;558;3.806
545;503;3.795
545;506;3.796
545;541;3.424
545;542;3.152
545;549;3.751
545;558;3.951
546;503;3.388
546;542;2.91
546;543;3.305
547;543;3.036
548;544;2.998
548;550;2.944
549;544;3.061
549;545;3.751
549;555;2.839
550;548;2.944
550;555;3.247
551;554;2.787
552;555;3.222
552;556;2.934
553;556;3.27
553;557;2.954
553;1080;3.778
554;551;2.787
554;557;3.092
554;558;3.082
555;549;2.839
555;550;3.247
555;552;3.222
555;558;2.955
556;552;2.934
556;553;3.27
556;559;2.979
556;1002;3.135
557;540;3.566
557;553;2.954
557;554;3.092
557;560;2.976
558;544;3.806
558;545;3.951
558;554;3.082
558;555;2.955
558;561;3.042
559;556;2.979
559;562;3.181
559;998;3.701
559;999;3.904
560;557;2.976
560;563;2.897
560;995;3.641
560;999;4.128
561;480;3.113
561;484;3.802
561;502;3.267
561;541;3.06
561;558;3.042
561;564;2.948
562;477;3.888
562;481;3.65
562;484;3.663
562;559;3.181
562;565;2.947
562;991;3.823
562;995;3.5
563;533;3.985
563;560;2.897
563;566;2.767
563;992;3.43
563;995;3.452
564;473;3.954
564;477;3.896
564;509;3.423
564;512;2.747
564;534;2.648
564;538;3.743
564;561;2.948
564;567;2.99
565;477;3.832
565;478;3.845
565;562;2.947
565;568;2.974
565;569;2.941
565;571;3.874
565;991;3.584
566;563;2.767
566;571;4.02
567;470;2.68
567;512;2.716
567;534;3.872
567;564;2.99
568;470;4.018
568;474;2.731
568;565;2.974
569;474;3.56
569;565;2.941
569;571;3.894
569;572;3.015
570;573;3.048
570;574;2.912
570;984;3.194
571;565;3.874
571;566;4.02
571;569;3.894
571;574;3.218
571;575;3.007
571;988;3.488
572;530;2.937
572;569;3.015
572;575;3.831
572;576;3.056
573;570;3.048
573;576;3.406
573;577;2.97
574;570;2.912
574;571;3.218
574;577;3.294
574;578;2.932
574;985;4.003
574;988;3.637
575;530;3.862
575;571;3.007
575;572;3.831
575;579;3.049
576;572;3.056
576;573;3.406
576;579;3.414
576;580;2.802
577;573;2.97
577;574;3.294
577;580;3.246
577;581;2.934
577;1098;3.554
578;574;2.932
578;581;3.222
578;582;3.08
578;1094;3.589
579;575;3.049
579;576;3.414
579;582;3.005
580;576;2.802
580;577;3.246
580;583;2.954
581;577;2.934
581;578;3.222
581;584;3.077
581;585;3.085
581;685;3.772
581;1094;3.491
581;1098;3.435
582;578;3.08
582;579;3.005
582;586;2.975
582;1094;3.855
583;580;2.954
583;586;3.026
584;581;3.077
584;685;3.889
585;581;3.085
585;588;3.26
585;589;2.868
585;681;3.564
585;1094;3.854
586;582;2.975
586;583;3.026
586;590;3.051
587;105;3.47
587;109;3.328
587;590;3.226
587;591;3.301
588;109;3.968
588;585;3.26
588;591;3.065
588;592;3.023
588;680;3.499
588;681;3.804
589;585;2.868
589;593;2.928
590;586;3.051
590;587;3.226
590;593;3.285
590;594;3.052
591;106;3.69
591;587;3.301
591;588;3.065
591;594;3.454
591;595;3.031
592;588;3.023
592;595;3.483
592;596;2.961
592;643;3.953
593;589;2.928
593;590;3.285
593;597;2.976
594;99;3.528
594;590;3.052
594;591;3.454
594;597;3.306
594;598;3.004
595;591;3.031
595;592;3.483
595;598;3.294
595;599;2.95
595;673;3.7
596;592;2.961
596;599;3.483
596;600;2.928
596;636;3.467
596;639;3.812
597;19;3.482
597;23;3.822
597;593;2.976
597;594;3.306
597;600;3.28
597;601;3.008
597;632;3.55
598;93;3.967
598;97;3.968
598;594;3.004
598;595;3.294
598;601;3.247
598;602;2.996
599;595;2.95
599;596;3.483
599;603;2.955
599;639;3.784
599;669;4.04
599;670;3.557
599;673;3.893
600;596;2.928
600;597;3.28
600;603;3.26
600;604;2.995
600;632;3.797
600;635;3.982
600;636;4.01
601;93;3.633
601;597;3.008
601;598;3.247
601;605;3.327
602;93;3.696
602;598;2.996
602;605;3.319
602;606;3.019
603;599;2.955
603;600;3.26
603;607;2.993
603;608;2.82
603;629;3.783
604;25;3.256
604;600;2.995
604;608;3.053
604;609;3.145
604;631;3.823
605;90;3.402
605;601;3.327
605;602;3.319
606;86;3.902
606;90;3.847
606;602;3.019
606;609;2.793
607;603;2.993
607;610;3.018
607;611;3.538
607;625;3.523
607;629;4.066
607;662;4.035
607;663;3.433
608;603;2.82
608;604;3.053
608;625;3.751
609;604;3.145
609;606;2.793
610;607;3.018
610;622;4.103
610;625;2.977
611;607;3.538
611;623;3.075
611;625;2.971
611;651;3.806
611;652;3.354
611;659;2.779
611;663;3.586
612;621;2.665
612;622;3.664
612;652;3.536
612;653;2.921
613;616;3.011
613;617;2.894
613;618;2.843
613;619;2.745
614;652;4.125
614;653;2.771
614;655;3.624
615;618;3.808
616;613;3.011
616;621;3.981
617;613;2.894
618;613;2.843
618;615;3.808
618;1028;3.945
619;613;2.745
620;626;3.539
621;612;2.665
621;616;3.981
622;610;4.103
622;612;3.664
622;626;3.445
623;611;3.075
623;626;3.224
623;627;3.099
623;650;2.838
623;651;3.557
624;627;3.072
624;628;2.87
624;649;3.928
625;607;3.523
625;608;3.751
625;610;2.977
625;611;2.971
625;629;3.675
625;651;3.616
626;620;3.539
626;622;3.445
626;623;3.224
626;630;3.684
627;623;3.099
627;624;3.072
627;1068;3.602
628;624;2.87
628;634;6.332
628;637;3.788
628;638;3.813
628;1063;3.895
629;603;3.783
629;607;4.066
629;625;3.675
629;634;3.668
629;638;3.677
629;651;4.087
630;626;3.684
630;1072;2.731
631;25;3.713
631;604;3.823
631;634;2.836
631;635;2.939
631;1075;2.893
632;25;3.272
632;597;3.55
632;600;3.797
632;636;2.954
633;636;3.152
633;637;2.99
633;1075;3.73
633;1078;3.823
633;1079;3.615
633;1082;3.937
634;628;6.332
634;629;3.668
634;631;2.836
634;637;3.365
634;638;2.991
634;1078;2.982
635;600;3.982
635;631;2.939
635;639;2.968
636;596;3.467
636;600;4.01
636;632;2.954
636;633;3.152
636;639;3.48
636;640;2.976
637;628;3.788
637;633;2.99
637;634;3.365
637;640;3.277
637;641;3.031
637;1063;3.907
637;1082;3.614
638;628;3.813
638;629;3.677
638;634;2.991
638;641;3.167
638;642;3.028
638;648;3.862
639;596;3.812
639;599;3.784
639;635;2.968
639;636;3.48
639;642;3.349
639;643;2.982
640;636;2.976
640;637;3.277
640;643;3.096
640;644;3.222
640;1055;5.806
640;1058;3.491
640;1082;3.737
640;1089;3.909
641;637;3.031
641;638;3.167
641;647;2.861
641;1059;3.529
642;638;3.028
642;639;3.349
642;645;3.038
642;648;3.708
642;667;3.515
642;670;3.585
642;671;4.036
643;592;3.953
643;639;2.982
643;640;3.096
643;674;3.785
644;640;3.222
644;1055;3.422
645;642;3.038
645;671;4.021
646;209;3.491
646;211;3.772
646;1055;3.797
646;1056;2.743
646;1057;2.878
647;206;3.653
647;211;3.432
647;212;5.93
647;641;2.861
647;1060;3.902
648;638;3.862
648;642;3.708
648;651;3.484
648;667;3.321
649;624;3.928
649;1060;3.525
650;623;2.838
650;1015;3.857
651;611;3.806
651;623;3.557
651;625;3.616
651;629;4.087
651;648;3.484
651;660;3.277
651;663;3.492
652;611;3.354
652;612;3.536
652;614;4.125
652;656;3.376
652;660;3.049
653;612;2.921
653;614;2.771
653;660;3.732
654;1016;3.341
655;614;3.624
656;652;3.376
656;659;2.783
656;660;3.068
657;661;2.955
658;661;3.384
658;662;2.987
659;611;2.779
659;656;2.783
659;662;3.212
659;663;3.052
660;651;3.277
660;652;3.049
660;653;3.732
660;656;3.068
660;663;3.054
660;664;2.897
661;657;2.955
661;658;3.384
661;664;3.172
661;665;3.024
662;607;4.035
662;658;2.987
662;659;3.212
663;607;3.433
663;611;3.586
663;651;3.492
663;659;3.052
663;660;3.054
663;666;3.009
663;667;2.925
664;202;3.822
664;660;2.897
664;661;3.172
664;667;3.383
664;668;2.965
665;661;3.024
665;668;3.427
665;669;3.005
666;663;3.009
666;669;3.37
666;670;2.962
667;642;3.515
667;648;3.321
667;663;2.925
667;664;3.383
667;670;3.369
667;671;2.988
668;205;3.46
668;664;2.965
668;665;3.427
668;671;3.448
668;672;2.999
669;599;4.04
669;665;3.005
669;666;3.37
669;672;3.412
669;673;2.988
670;599;3.557
670;642;3.585
670;666;2.962
670;667;3.369
670;674;2.954
671;205;4.103
671;209;3.654
671;642;4.036
671;645;4.021
671;667;2.988
671;668;3.448
671;675;2.926
672;205;3.916
672;668;2.999
672;669;3.412
672;675;3.414
672;676;3.029
673;595;3.7
673;599;3.893
673;669;2.988
673;677;2.991
674;643;3.785
674;670;2.954
674;677;3.174
674;678;2.929
675;671;2.926
675;672;3.414
675;678;3.348
675;679;2.993
676;113;3.831
676;672;3.029
676;679;3.468
676;680;3.029
677;673;2.991
677;674;3.174
677;680;3.3
677;681;2.914
678;674;2.929
678;675;3.348
678;681;3.136
678;682;3.083
679;245;3.634
679;246;3.738
679;675;2.993
679;676;3.468
679;683;3.035
680;588;3.499
680;676;3.029
680;677;3.3
680;684;2.916
681;585;3.564
681;588;3.804
681;677;2.914
681;678;3.136
681;684;3.401
681;685;3.132
681;1097;3.38
682;246;3.663
682;250;3.654
682;678;3.083
682;685;3.461
682;686;2.944
682;1097;3.581
682;1100;3.796
682;1384;6.371
683;249;3.798
683;250;3.965
683;253;3.676
683;679;3.035
683;686;3.396
683;687;2.96
684;680;2.916
684;681;3.401
684;688;3.076
685;581;3.772
685;584;3.889
685;681;3.132
685;682;3.461
685;688;3.314
685;689;2.987
685;1097;3.641
685;1098;3.752
685;1101;3.528
686;250;3.5
686;682;2.944
686;683;3.396
686;690;2.972
686;1101;3.986
686;1104;3.493
687;254;3.861
687;683;2.96
687;690;3.285
687;691;3.04
688;684;3.076
688;685;3.314
688;691;3.18
688;692;3.145
689;685;2.987
689;692;2.978
689;693;2.954
689;1101;3.425
689;1105;3.433
690;254;3.693
690;686;2.972
690;687;3.285
690;1105;3.629
690;1108;3.365
691;687;3.04
691;688;3.18
692;688;3.145
692;689;2.978
693;293;2.802
693;689;2.954
693;1105;3.511
694;293;3.958
694;1109;3.405
695;1108;3.697
695;1112;4.009
696;704;3.578
696;1112;2.746
696;1113;2.816
697;272;3.508
697;704;3.286
697;1112;2.843
698;260;3.793
698;1115;3.822
699;704;3.688
699;705;3.513
699;718;3.075
700;718;2.666
700;1121;2.985
701;262;3.804
702;272;3.687
703;281;2.814
703;286;3.752
704;277;2.718
704;696;3.578
704;697;3.286
704;699;3.688
705;276;3.296
705;286;3.454
705;699;3.513
706;286;3.0
707;720;2.837
708;718;3.707
708;719;3.93
708;1120;3.744
709;713;3.724
709;1117;3.657
709;1118;3.692
709;1119;2.829
709;1120;3.916
710;1118;3.279
710;1119;3.104
711;826;2.885
712;826;3.782
712;829;2.788
712;830;2.782
713;709;3.724
713;717;3.768
713;1119;2.864
714;794;4.009
715;796;2.912
716;1124;3.409
717;713;3.768
718;699;3.075
718;700;2.666
718;708;3.707
718;1120;3.621
719;708;3.93
719;722;3.207
719;803;3.637
720;707;2.837
721;283;3.92
721;729;2.813
722;719;3.207
722;729;3.978
723;729;3.704
723;730;2.767
724;807;3.913
724;811;3.673
725;727;2.958
726;810;2.733
727;725;2.958
728;730;2.921
728;732;3.344
729;284;2.794
729;285;3.21
729;721;2.813
729;722;3.978
729;723;3.704
730;723;2.767
730;728;2.921
730;811;2.654
731;734;2.927
731;735;2.914
731;748;2.861
731;749;2.912
731;750;2.817
732;728;3.344
733;750;2.859
734;731;2.927
735;731;2.914
736;738;2.864
737;748;3.451
738;736;2.864
739;744;3.532
740;742;2.82
741;743;3.365
741;745;3.53
742;740;2.82
743;741;3.365
744;739;3.532
744;749;3.812
745;741;3.53
746;749;2.971
747;760;3.598
748;731;2.861
748;737;3.451
748;760;3.815
749;731;2.912
749;744;3.812
749;746;2.971
750;731;2.817
750;733;2.859
750;755;3.237
750;756;3.674
751;755;3.274
751;762;3.959
751;764;3.559
751;769;4.145
752;771;3.2
752;772;2.706
753;768;3.285
754;768;3.349
754;771;2.829
755;750;3.237
755;751;3.274
755;761;3.595
756;750;3.674
757;759;3.006
758;765;2.721
759;757;3.006
760;747;3.598
760;748;3.815
760;765;3.762
761;755;3.595
761;766;3.925
761;768;3.025
762;751;3.959
763;767;2.896
764;751;3.559
765;758;2.721
765;760;3.762
766;761;3.925
767;763;2.896
767;770;3.003
768;753;3.285
768;754;3.349
768;761;3.025
768;771;2.875
769;751;4.145
769;773;3.434
770;767;3.003
771;752;3.2
771;754;2.829
771;768;2.875
772;752;2.706
773;769;3.434
773;777;3.811
774;777;3.298
774;778;3.619
774;779;3.596
775;776;2.915
776;775;2.915
777;773;3.811
777;774;3.298
778;774;3.619
779;774;3.596
780;783;2.795
781;787;2.871
782;786;2.903
783;780;2.795
784;789;2.829
785;788;2.975
786;782;2.903
786;791;2.796
786;1126;2.729
787;781;2.871
788;785;2.975
789;784;2.829
790;799;3.285
791;786;2.796
791;1126;2.957
792;794;2.853
792;1126;4.018
793;795;2.679
794;714;4.009
794;792;2.853
794;797;3.23
794;1127;6.233
795;793;2.679
796;715;2.912
796;805;3.534
797;794;3.23
798;800;3.683
798;801;2.946
798;802;3.682
799;790;3.285
800;798;3.683
801;798;2.946
801;806;2.82
802;798;3.682
802;805;3.365
802;806;3.475
802;807;3.389
803;719;3.637
803;807;3.727
804;808;2.857
805;796;3.534
805;802;3.365
806;801;2.82
806;802;3.475
806;809;3.889
807;724;3.913
807;802;3.389
807;803;3.727
808;804;2.857
809;806;3.889
809;811;3.532
810;726;2.733
810;811;3.961
811;724;3.673
811;730;2.654
811;809;3.532
811;810;3.961
812;813;2.833
813;812;2.833
814;816;2.881
815;817;3.668
815;822;3.236
816;814;2.881
817;815;3.668
817;821;3.993
817;822;3.315
818;821;3.497
819;821;3.028
820;823;3.009
821;817;3.993
821;818;3.497
821;819;3.028
822;815;3.236
822;817;3.315
822;825;2.883
823;820;3.009
823;824;3.119
823;825;3.718
824;823;3.119
825;822;2.883
825;823;3.718
826;711;2.885
826;712;3.782
827;829;3.058
827;832;3.268
828;837;4.048
829;712;2.788
829;827;3.058
829;832;3.731
830;712;2.782
831;835;3.812
832;827;3.268
832;829;3.731
833;836;2.954
834;839;2.636
834;912;2.753
835;831;3.812
836;833;2.954
837;828;4.048
837;840;3.012
837;842;2.801
837;843;2.813
838;841;2.922
839;834;2.636
840;837;3.012
840;842;3.775
841;838;2.922
842;837;2.801
842;840;3.775
843;837;2.813
844;846;4.014
844;847;3.489
845;848;2.796
846;844;4.014
847;844;3.489
847;851;3.419
848;845;2.796
848;851;2.734
848;907;2.928
848;908;2.818
849;852;3.059
850;855;3.825
850;901;3.957
850;904;3.391
850;905;3.578
851;847;3.419
851;848;2.734
852;849;3.059
852;855;3.195
852;856;2.961
853;857;3.057
854;857;3.467
854;858;2.902
855;850;3.825
855;852;3.195
855;858;3.256
855;859;2.993
856;852;2.961
856;859;3.315
856;860;3.131
856;964;3.203
857;853;3.057
857;854;3.467
857;860;3.439
857;861;3.003
858;854;2.902
858;855;3.256
858;861;3.351
858;862;2.927
859;855;2.993
859;856;3.315
859;862;3.423
859;863;2.965
859;898;3.768
859;901;3.755
860;856;3.131
860;857;3.439
860;863;3.362
860;864;2.958
860;964;3.628
861;857;3.003
861;858;3.351
861;864;3.212
861;865;2.978
862;858;2.927
862;859;3.423
862;866;2.955
862;898;4.01
863;859;2.965
863;860;3.362
863;867;2.904
863;894;3.98
863;898;3.432
863;957;3.713
863;961;3.749
864;860;2.958
864;861;3.212
864;867;3.152
864;868;2.986
865;861;2.978
865;868;3.143
865;869;2.991
866;862;2.955
866;869;3.491
866;870;2.931
866;957;3.633
867;863;2.904
867;864;3.152
867;871;2.998
868;864;2.986
868;865;3.143
868;871;3.367
868;872;2.972
869;865;2.991
869;866;3.491
869;872;3.031
870;866;2.931
870;955;3.92
871;867;2.998
871;868;3.367
871;875;3.727
871;1293;3.865
872;868;2.972
872;869;3.031
872;875;3.081
872;876;3.014
872;879;3.526
872;883;3.832
872;887;3.95
873;880;2.76
873;948;2.714
874;877;3.364
874;880;2.664
874;1296;3.337
874;1349;3.029
875;871;3.727
875;872;3.081
875;1316;3.834
876;872;3.014
876;879;2.962
876;880;3.023
877;874;3.364
877;880;3.169
877;881;2.992
877;1350;3.983
878;881;2.641
879;872;3.526
879;876;2.962
879;882;3.316
879;883;2.962
880;873;2.76
880;874;2.664
880;876;3.023
880;877;3.169
880;884;3.012
881;877;2.992
881;878;2.641
881;1350;3.501
882;879;3.316
883;872;3.832
883;879;2.962
883;886;3.108
883;887;3.032
884;880;3.012
884;888;2.748
885;889;3.026
886;883;3.108
886;889;3.373
886;890;2.983
887;872;3.95
887;883;3.032
887;890;2.991
887;891;3.261
888;884;2.748
888;891;2.995
888;892;3.031
888;948;2.859
888;951;3.772
889;885;3.026
889;886;3.373
889;892;2.896
889;893;2.952
890;886;2.983
890;887;2.991
890;893;3.482
890;894;2.922
891;887;3.261
891;888;2.995
891;895;3.011
891;954;3.788
892;888;3.031
892;889;2.896
892;895;3.326
892;896;3.036
893;889;2.952
893;890;3.482
893;897;2.984
894;863;3.98
894;890;2.922
894;897;3.241
894;898;2.937
894;954;4.034
894;957;3.625
895;891;3.011
895;892;3.326
895;899;2.976
895;954;3.876
896;892;3.036
896;900;3.029
897;893;2.984
897;894;3.241
897;900;4.031
897;901;2.941
898;859;3.768
898;862;4.01
898;863;3.432
898;894;2.937
898;902;3.007
898;960;3.677
899;895;2.976
899;902;3.345
899;903;2.961
899;927;3.85
899;931;3.676
900;896;3.029
900;897;4.031
900;903;3.351
900;904;2.948
901;850;3.957
901;859;3.755
901;897;2.941
901;905;2.738
901;960;3.624
902;898;3.007
902;899;3.345
902;905;3.44
902;906;2.931
902;924;3.803
903;899;2.961
903;900;3.351
903;907;3.014
904;850;3.391
904;900;2.948
904;907;4.036
904;908;2.978
905;850;3.578
905;901;2.738
905;902;3.44
905;908;3.357
905;909;3.045
905;914;4.034
905;920;3.995
905;923;2.691
906;902;2.931
906;909;3.024
906;910;2.914
906;914;3.628
906;915;3.572
907;848;2.928
907;903;3.014
907;904;4.036
908;848;2.818
908;904;2.978
908;905;3.357
909;905;3.045
909;906;3.024
909;913;2.921
909;917;3.746
909;920;3.673
910;906;2.914
910;913;2.941
910;914;2.963
911;914;3.484
911;915;3.05
912;834;2.753
912;915;3.083
912;916;2.892
913;909;2.921
913;910;2.941
914;905;4.034
914;906;3.628
914;910;2.963
914;911;3.484
914;917;3.037
914;920;3.709
914;924;3.767
915;906;3.572
915;911;3.05
915;912;3.083
915;921;3.556
915;924;5.597
916;912;2.892
917;909;3.746
917;914;3.037
917;920;3.018
917;921;2.929
918;922;2.967
919;922;3.337
919;923;2.983
919;969;4.039
919;972;3.928
920;905;3.995
920;909;3.673
920;914;3.709
920;917;3.018
920;923;3.191
920;924;2.99
921;915;3.556
921;917;2.929
921;924;3.817
921;925;2.971
922;918;2.967
922;919;3.337
922;925;3.302
923;905;2.691
923;919;2.983
923;920;3.191
923;960;2.969
923;963;2.802
924;902;3.803
924;914;3.767
924;915;5.597
924;920;2.99
924;921;3.817
924;927;3.041
924;928;2.956
925;921;2.971
925;922;3.302
925;929;3.027
926;956;3.981
926;960;3.71
927;899;3.85
927;924;3.041
927;930;3.04
927;931;3.089
928;924;2.956
928;931;2.962
928;932;2.913
929;925;3.027
929;933;2.969
929;953;3.695
930;927;3.04
930;933;4.019
930;934;3.052
930;954;2.862
931;899;3.676
931;927;3.089
931;928;2.962
931;934;3.337
931;935;2.985
932;928;2.913
932;935;3.185
932;936;2.997
933;929;2.969
933;930;4.019
933;936;3.464
933;937;2.988
934;930;3.052
934;931;3.337
934;937;3.304
934;938;2.99
934;947;3.759
935;931;2.985
935;932;3.185
935;938;3.221
935;939;2.933
936;932;2.997
936;933;3.464
936;939;3.172
936;940;2.969
937;933;2.988
937;934;3.304
937;942;3.037
937;946;3.308
937;947;3.296
937;950;3.674
938;934;2.99
938;935;3.221
938;941;2.999
939;935;2.933
939;936;3.172
940;936;2.969
941;938;2.999
942;937;3.037
943;946;3.842
944;947;3.483
944;948;3.016
945;948;2.746
945;949;3.235
946;937;3.308
946;943;3.842
946;950;2.969
947;934;3.759
947;937;3.296
947;944;3.483
947;951;2.96
948;873;2.714
948;888;2.859
948;944;3.016
948;945;2.746
948;1348;3.775
949;945;3.235
949;952;3.037
949;1298;3.904
949;1345;3.046
949;1346;3.607
949;1347;3.159
950;937;3.674
950;946;2.969
951;888;3.772
951;947;2.96
951;954;2.749
952;949;3.037
952;955;2.752
952;956;3.327
952;1294;3.614
953;929;3.695
953;956;2.978
954;891;3.788
954;894;4.034
954;895;3.876
954;930;2.862
954;951;2.749
954;957;2.86
955;870;3.92
955;952;2.752
956;926;3.981
956;952;3.327
956;953;2.978
956;959;2.928
956;960;3.003
956;1290;3.875
957;863;3.713
957;866;3.633
957;894;3.625
957;954;2.86
957;960;2.978
957;961;3.171
