source;destination;distance
0;3;2.765
1;47;3.595
2;7;3.619
2;48;3.66
3;0;2.765
4;7;3.234
4;8;2.97
5;9;2.973
6;10;2.972
7;2;3.619
7;4;3.234
7;10;3.125
7;11;2.968
7;43;3.974
7;47;3.741
8;4;2.97
8;11;3.476
8;12;2.987
9;5;2.973
9;13;2.92
10;6;2.972
10;7;3.125
10;13;3.491
10;14;2.945
11;7;2.968
11;8;3.476
11;14;3.44
11;15;3.03
11;44;3.63
12;8;2.987
12;16;2.977
13;9;2.92
13;10;3.491
13;16;3.347
13;17;2.938
14;10;2.945
14;11;3.44
14;18;3.014
14;37;3.792
15;11;3.03
15;19;2.977
15;37;3.761
15;98;3.938
15;99;3.566
16;12;2.977
16;13;3.347
16;19;3.181
16;20;3.082
17;13;2.938
17;20;3.326
17;21;2.986
18;14;3.014
18;21;3.466
18;22;2.965
18;37;3.002
18;95;3.158
19;15;2.977
19;16;3.181
19;22;3.171
19;96;3.525
19;588;3.508
20;16;3.082
20;17;3.326
21;17;2.986
21;18;3.466
21;24;2.985
21;30;3.627
21;33;3.4
22;18;2.965
22;19;3.171
22;92;4.071
22;95;3.896
22;96;3.981
23;588;3.743
24;21;2.985
24;27;4.01
25;595;3.224
25;622;3.683
25;623;3.28
26;30;3.845
27;24;4.01
27;30;2.844
28;31;2.717
28;32;3.017
29;32;3.341
29;33;2.981
30;21;3.627
30;26;3.845
30;27;2.844
30;33;3.399
30;34;2.992
31;28;2.717
31;34;3.441
31;35;3.003
32;28;3.017
32;29;3.341
32;36;2.975
33;21;3.4
33;29;2.981
33;30;3.399
33;36;3.238
33;37;2.956
34;30;2.992
34;31;3.441
34;37;3.378
34;38;2.938
34;79;4.036
34;92;2.831
34;95;3.594
35;31;3.003
35;38;3.346
35;39;2.96
35;80;3.9
36;32;2.975
36;33;3.238
36;39;3.4
36;40;2.998
37;14;3.792
37;15;3.761
37;18;3.002
37;33;2.956
37;34;3.378
37;40;3.011
37;41;2.853
37;95;3.904
38;34;2.938
38;35;3.346
38;42;2.99
38;79;2.609
39;35;2.96
39;36;3.4
39;42;3.176
39;43;2.985
40;36;2.998
40;37;3.011
40;43;3.449
40;44;2.907
41;37;2.853
41;45;2.961
41;72;3.51
41;98;3.473
42;38;2.99
42;39;3.176
42;45;3.293
42;46;2.97
43;7;3.974
43;39;2.985
43;40;3.449
43;46;3.395
43;47;3.055
44;11;3.63
44;40;2.907
44;47;3.237
44;48;2.777
44;98;2.651
45;41;2.961
45;42;3.293
45;49;2.988
45;55;3.97
45;72;3.94
46;42;2.97
46;43;3.395
46;50;3.064
47;1;3.595
47;7;3.741
47;43;3.055
47;44;3.237
48;2;3.66
48;44;2.777
48;65;3.206
48;68;2.657
49;45;2.988
49;55;4.032
49;58;3.851
49;65;3.65
50;46;3.064
50;52;3.068
50;54;3.688
51;54;3.659
51;57;3.418
52;50;3.068
52;55;2.983
53;56;2.993
54;50;3.688
54;51;3.659
54;57;2.996
55;45;3.97
55;49;4.032
55;52;2.983
55;58;3.045
55;69;3.904
56;53;2.993
56;59;3.019
57;51;3.418
57;54;2.996
57;60;3.029
58;49;3.851
58;55;3.045
58;61;2.979
58;62;3.77
58;65;3.506
58;66;3.99
58;69;3.768
59;56;3.019
60;57;3.029
61;58;2.979
62;58;3.77
62;65;3.458
62;66;2.925
63;66;3.349
63;67;3.003
64;67;3.018
64;68;3.043
64;101;3.477
64;107;3.206
64;110;3.795
65;48;3.206
65;49;3.65
65;58;3.506
65;62;3.458
65;68;3.825
65;69;2.983
66;58;3.99
66;62;2.925
66;63;3.349
66;69;3.394
66;70;2.946
67;63;3.003
67;64;3.018
67;71;3.0
67;100;3.933
68;48;2.657
68;64;3.043
68;65;3.825
68;71;3.334
68;72;2.925
68;98;3.234
68;101;2.619
69;55;3.904
69;58;3.768
69;65;2.983
69;66;3.394
69;72;3.211
69;73;2.991
70;66;2.946
70;73;3.369
70;74;2.968
71;67;3.0
71;68;3.334
71;75;2.926
71;94;3.597
72;41;3.51
72;45;3.94
72;68;2.925
72;69;3.211
72;75;3.395
72;76;2.888
73;69;2.991
73;70;3.369
73;76;3.421
73;77;3.016
74;70;2.968
74;78;2.998
74;88;3.534
74;91;3.28
75;71;2.926
75;72;3.395
75;78;3.006
75;79;2.863
76;72;2.888
76;73;3.421
76;80;2.98
77;73;3.016
77;81;2.998
78;74;2.998
78;75;3.006
78;82;3.92
78;88;2.677
79;34;4.036
79;38;2.609
79;75;2.863
79;95;3.919
80;35;3.9
80;76;2.98
81;77;2.998
81;83;2.985
82;78;3.92
82;89;2.973
82;92;3.614
83;81;2.985
84;88;3.486
85;88;3.157
86;89;2.887
86;90;3.177
86;597;3.902
87;90;3.131
88;74;3.534
88;78;2.677
88;84;3.486
88;85;3.157
88;91;3.012
89;82;2.973
89;86;2.887
90;86;3.177
90;87;3.131
90;93;3.01
90;596;3.362
90;597;3.839
91;74;3.28
91;88;3.012
91;94;2.858
92;22;4.071
92;34;2.831
92;82;3.614
92;95;2.924
93;90;3.01
93;96;2.847
93;589;3.939
93;592;3.641
93;593;3.7
94;71;3.597
94;91;2.858
94;97;3.202
94;98;3.012
95;18;3.158
95;22;3.896
95;34;3.594
95;37;3.904
95;79;3.919
95;92;2.924
95;98;3.103
96;19;3.525
96;22;3.981
96;93;2.847
96;99;2.97
97;94;3.202
97;100;2.743
97;589;3.965
98;15;3.938
98;41;3.473
98;44;2.651
98;68;3.234
98;94;3.012
98;95;3.103
98;101;2.925
99;15;3.566
99;96;2.97
99;102;2.989
99;103;3.013
99;106;3.648
99;585;3.528
100;67;3.933
100;97;2.743
100;110;3.822
101;64;3.477
101;68;2.619
101;98;2.925
101;107;2.787
102;99;2.989
103;99;3.013
103;106;3.098
103;107;2.985
104;107;3.338
104;108;2.944
105;109;3.133
105;578;3.437
106;99;3.648
106;103;3.098
106;109;3.414
106;110;3.008
106;582;3.688
107;64;3.206
107;101;2.787
107;103;2.985
107;104;3.338
107;110;3.467
107;111;2.973
108;104;2.944
108;111;3.217
108;112;3.034
109;105;3.133
109;106;3.414
109;112;3.092
109;113;2.998
109;578;3.337
109;579;4.003
110;64;3.795
110;100;3.822
110;106;3.008
110;107;3.467
110;113;3.261
110;114;3.046
111;107;2.973
111;108;3.217
111;114;3.465
111;115;3.006
112;108;3.034
112;109;3.092
112;115;3.212
112;116;3.05
113;109;2.998
113;110;3.261
113;116;3.012
113;117;3.235
113;667;3.793
114;110;3.046
114;111;3.465
114;117;2.988
115;111;3.006
115;112;3.212
115;118;2.753
115;249;3.944
116;112;3.05
116;113;3.012
116;119;3.076
116;120;3.02
116;249;3.996
117;113;3.235
117;114;2.988
117;121;2.998
118;115;2.753
118;253;2.722
119;116;3.076
119;122;3.339
119;249;3.445
119;252;2.614
119;253;2.794
120;116;3.02
120;123;3.339
120;124;2.935
120;246;3.978
121;117;2.998
121;125;2.995
122;119;3.339
122;125;3.129
122;126;3.086
122;1253;3.437
122;1254;2.877
123;120;3.339
123;126;3.428
123;127;3.164
123;238;3.535
123;1257;3.982
124;120;2.935
124;127;3.39
124;128;2.926
125;121;2.995
125;122;3.129
125;128;3.315
125;129;2.983
126;122;3.086
126;123;3.428
126;129;3.891
126;130;2.961
126;1248;3.964
126;1254;3.955
126;1257;3.804
127;123;3.164
127;124;3.39
127;130;3.317
127;131;2.892
127;238;3.337
128;124;2.926
128;125;3.315
128;131;3.474
128;132;3.013
129;125;2.983
129;126;3.891
129;132;3.437
129;133;2.939
129;1244;3.683
129;1247;3.418
129;1248;3.584
130;126;2.961
130;127;3.317
130;133;3.426
130;134;2.856
131;127;2.892
131;128;3.474
131;135;2.966
131;198;3.742
131;201;4.005
132;128;3.013
132;129;3.437
132;135;3.233
132;136;3.015
133;129;2.939
133;130;3.426
133;136;3.257
133;137;2.974
133;1155;3.73
133;1244;3.855
134;130;2.856
134;138;2.942
134;201;3.571
134;227;3.695
134;231;3.756
134;234;3.605
135;131;2.966
135;132;3.233
135;139;2.932
135;194;3.666
135;198;3.91
136;132;3.015
136;133;3.257
136;139;3.209
136;140;3.123
136;1241;3.896
137;133;2.974
137;140;3.076
137;141;3.472
137;227;3.577
137;1238;3.561
137;1241;3.89
138;134;2.942
138;141;3.431
138;142;2.954
138;191;3.529
139;135;2.932
139;136;3.209
139;143;3.716
139;192;3.913
139;193;3.519
139;194;3.875
140;136;3.123
140;137;3.076
140;1238;3.906
140;1241;3.389
141;137;3.472
141;138;3.431
141;1234;3.609
141;1238;3.86
142;138;2.954
142;214;3.058
142;224;3.423
142;227;3.554
142;228;3.825
143;139;3.716
143;192;3.839
144;149;2.75
144;187;2.953
145;181;3.028
145;185;3.601
145;187;3.113
146;149;2.934
146;150;3.565
146;182;3.534
146;185;2.84
147;185;2.948
147;188;3.621
147;192;2.622
148;154;3.766
149;144;2.75
149;146;2.934
149;153;3.659
149;182;2.779
150;146;3.565
150;179;3.802
150;182;3.966
151;179;3.762
152;177;2.74
153;149;3.659
154;148;3.766
155;158;3.753
156;158;3.071
157;160;3.861
157;174;3.801
158;155;3.753
158;156;3.071
159;165;3.417
159;173;2.697
160;157;3.861
161;164;3.055
161;165;3.813
162;164;2.98
162;170;3.014
163;166;4.039
163;167;3.832
164;161;3.055
164;162;2.98
164;166;2.812
164;174;3.437
165;159;3.417
165;161;3.813
166;163;4.039
166;164;2.812
166;170;3.674
166;172;2.608
167;163;3.832
167;168;3.128
168;167;3.128
169;171;3.076
170;162;3.014
170;166;3.674
171;169;3.076
171;175;3.967
171;176;3.987
172;166;2.608
173;159;2.697
174;157;3.801
174;164;3.437
175;171;3.967
176;171;3.987
177;152;2.74
178;1006;4.115
178;1008;3.702
179;150;3.802
179;151;3.762
180;182;3.275
181;145;3.028
182;146;3.534
182;149;2.779
182;150;3.966
182;180;3.275
183;186;3.169
184;1005;2.591
184;1007;3.503
185;145;3.601
185;146;2.84
185;147;2.948
185;188;3.07
186;183;3.169
186;217;3.481
186;218;3.955
187;144;2.953
187;145;3.113
188;147;3.621
188;185;3.07
188;191;2.993
188;192;3.019
188;196;3.48
189;196;3.092
190;196;3.416
190;214;3.454
191;138;3.529
191;188;2.993
191;197;3.344
191;200;3.583
191;214;3.174
191;228;6.091
192;139;3.913
192;143;3.839
192;147;2.622
192;188;3.019
193;139;3.519
193;196;2.791
193;197;2.977
194;135;3.666
194;139;3.875
194;198;2.954
195;199;2.991
196;188;3.48
196;189;3.092
196;190;3.416
196;193;2.791
196;199;3.306
196;200;2.96
197;191;3.344
197;193;2.977
197;200;3.242
197;201;2.952
198;131;3.742
198;135;3.91
198;194;2.954
198;202;2.938
199;195;2.991
199;196;3.306
199;202;3.064
199;203;2.968
199;655;3.826
200;191;3.583
200;196;2.96
200;197;3.242
200;203;3.302
200;204;2.941
201;131;4.005
201;134;3.571
201;197;2.952
201;204;3.461
201;205;2.955
202;198;2.938
202;199;3.064
202;205;3.228
202;206;2.943
202;659;3.463
202;662;4.155
202;663;3.873
203;199;2.968
203;200;3.302
203;207;2.969
203;208;2.793
203;209;3.898
203;638;3.625
204;200;2.941
204;201;3.461
204;207;3.11
204;210;3.673
204;228;3.893
204;231;3.742
204;232;3.732
205;201;2.955
205;202;3.228
206;202;2.943
206;662;3.657
207;203;2.969
207;204;3.11
207;1319;3.125
207;1321;3.032
208;203;2.793
208;637;3.778
208;638;3.408
209;203;3.898
209;212;3.218
209;213;3.018
209;638;5.945
209;1326;3.715
210;204;3.673
210;214;3.054
210;215;3.169
210;229;3.958
210;232;3.314
210;1312;3.715
210;1315;3.696
210;1316;3.372
211;215;3.143
211;216;2.986
211;1312;3.695
211;1316;3.558
211;1351;3.385
211;1352;2.775
211;1353;3.218
212;209;3.218
212;1326;3.684
212;1353;3.376
213;209;3.018
213;216;3.054
214;142;3.058
214;190;3.454
214;191;3.174
214;210;3.054
214;224;2.788
215;210;3.169
215;211;3.143
215;218;2.949
215;225;3.365
215;1312;3.157
215;1351;3.499
216;211;2.986
216;213;3.054
216;1302;3.807
216;1351;3.278
217;186;3.481
218;186;3.955
218;215;2.949
218;220;2.937
218;221;3.108
218;224;3.603
219;221;3.051
219;1309;3.637
219;1347;2.826
219;1350;3.535
220;218;2.937
220;224;3.019
221;218;3.108
221;219;3.051
221;224;2.97
221;225;2.943
221;1348;3.778
221;1349;3.499
222;225;3.685
222;226;2.918
222;1346;2.837
222;1348;2.751
223;1231;3.73
223;1234;3.808
223;1235;3.294
223;1348;2.934
224;142;3.423
224;214;2.788
224;218;3.603
224;220;3.019
224;221;2.97
224;227;3.034
224;228;3.381
225;215;3.365
225;221;2.943
225;222;3.685
225;228;3.359
225;229;2.943
225;1312;3.495
225;1349;3.964
225;1350;3.994
226;222;2.918
226;230;2.974
227;134;3.695
227;137;3.577
227;142;3.554
227;224;3.034
227;230;3.139
227;231;2.969
228;142;3.825
228;191;6.091
228;204;3.893
228;224;3.381
228;225;3.359
228;231;3.14
228;232;2.97
229;210;3.958
229;225;2.943
229;232;3.28
229;233;2.998
229;1315;3.974
230;226;2.974
230;227;3.139
230;234;2.939
231;134;3.756
231;204;3.742
231;227;2.969
231;228;3.14
231;235;2.893
232;204;3.732
232;210;3.314
232;228;2.97
232;229;3.28
232;236;2.943
232;1315;3.442
233;229;2.998
233;237;2.958
233;1315;3.497
234;134;3.605
234;230;2.939
234;238;2.899
235;231;2.893
235;239;2.923
236;232;2.943
236;239;3.469
236;240;2.976
237;233;2.958
237;240;3.394
237;241;2.935
237;1261;3.646
237;1268;3.365
238;123;3.535
238;127;3.337
238;234;2.899
238;241;3.195
238;242;2.882
239;235;2.923
239;236;3.469
239;242;3.345
239;243;2.956
240;236;2.976
240;237;3.394
240;243;3.803
240;244;2.999
240;1379;3.758
241;237;2.935
241;238;3.195
241;244;3.554
241;245;2.915
241;1257;3.202
241;1260;3.772
242;238;2.882
242;239;3.345
242;245;3.132
242;246;2.946
242;670;3.594
243;239;2.956
243;240;3.803
243;247;3.08
243;670;3.742
243;673;3.665
243;1376;3.523
244;240;2.999
244;241;3.554
244;248;2.921
244;1379;3.942
244;1380;3.939
244;1383;3.495
245;241;2.915
245;242;3.132
245;249;2.925
246;120;3.978
246;242;2.946
246;249;3.402
246;250;3.087
246;674;3.823
247;243;3.08
247;250;3.178
247;251;3.078
247;673;3.673
247;674;3.989
247;677;3.443
247;1380;3.485
248;244;2.921
248;252;2.891
248;1384;3.812
249;115;3.944
249;116;3.996
249;119;3.445
249;245;2.925
249;246;3.402
249;253;2.988
250;246;3.087
250;247;3.178
250;254;3.08
250;674;3.685
250;678;3.996
251;247;3.078
251;254;3.042
251;255;2.888
251;678;3.936
251;681;3.886
251;1384;6.326
252;119;2.614
252;248;2.891
252;255;3.024
252;256;3.307
253;118;2.722
253;119;2.794
253;249;2.988
253;263;2.87
254;250;3.08
254;251;3.042
254;262;3.955
254;263;3.21
254;264;2.981
255;251;2.888
255;252;3.024
255;262;3.465
255;264;3.785
255;266;3.098
256;252;3.307
256;261;2.856
256;262;2.805
257;266;3.775
257;688;4.017
258;260;3.474
259;266;3.646
259;267;3.816
259;269;3.849
259;692;3.817
259;693;3.938
260;258;3.474
261;256;2.856
262;254;3.955
262;255;3.465
262;256;2.805
263;253;2.87
263;254;3.21
264;254;2.981
264;255;3.785
265;268;3.109
266;255;3.098
266;257;3.775
266;259;3.646
266;269;2.984
267;259;3.816
268;265;3.109
268;271;3.009
269;259;3.849
269;266;2.984
269;687;3.49
269;691;3.8
269;693;3.746
270;272;2.938
271;268;3.009
272;270;2.938
272;275;2.923
273;276;3.176
273;283;2.886
273;284;2.748
273;285;2.92
273;696;3.422
274;277;2.999
274;278;3.009
274;695;2.696
275;272;2.923
275;278;3.026
276;273;3.176
276;287;3.472
277;274;2.999
277;285;2.803
278;274;3.009
278;275;3.026
278;694;2.82
279;282;3.106
280;711;3.895
281;720;2.782
282;279;3.106
282;720;3.242
283;273;2.886
283;694;3.782
283;696;3.538
283;697;3.001
284;273;2.748
284;697;3.733
285;273;2.92
285;277;2.803
286;301;2.718
287;276;3.472
288;684;2.826
288;685;3.817
288;1096;3.522
288;1099;3.728
289;1096;3.355
289;1099;3.763
289;1100;3.707
290;299;3.133
290;301;3.984
291;299;3.834
292;297;2.6
293;968;3.67
294;964;3.609
295;297;3.932
296;968;4.032
297;292;2.6
297;295;3.932
298;304;3.882
299;290;3.133
299;291;3.834
299;302;3.118
300;305;3.981
301;286;2.718
301;290;3.984
302;299;3.118
302;309;2.818
303;306;3.01
303;309;4.002
304;298;3.882
305;300;3.981
306;303;3.01
306;309;3.8
306;316;3.54
307;316;2.859
307;317;3.971
308;310;3.019
309;302;2.818
309;303;4.002
309;306;3.8
310;308;3.019
311;315;2.805
311;317;2.766
311;319;2.695
312;315;2.885
312;320;3.824
313;320;3.372
314;317;2.974
314;318;3.591
314;319;2.787
314;320;2.693
315;311;2.805
315;312;2.885
316;306;3.54
316;307;2.859
317;307;3.971
317;311;2.766
317;314;2.974
318;314;3.591
319;311;2.695
319;314;2.787
319;321;2.967
319;322;3.415
320;312;3.824
320;313;3.372
320;314;2.693
321;319;2.967
322;319;3.415
323;431;3.261
323;432;2.713
323;433;2.978
324;426;3.092
324;429;4.013
325;426;2.906
326;426;2.757
327;426;2.622
328;334;2.837
329;332;2.919
329;333;5.352
330;379;4.017
331;335;3.465
332;329;2.919
333;329;5.352
333;341;3.85
334;328;2.837
334;339;3.939
334;340;3.765
335;331;3.465
336;339;3.046
337;341;4.024
338;422;3.888
339;334;3.939
339;336;3.046
339;423;3.864
339;424;2.824
339;425;3.102
339;427;2.752
340;334;3.765
341;333;3.85
341;337;4.024
342;348;3.678
343;348;3.659
343;349;2.844
344;347;3.046
344;349;3.022
345;349;4.036
345;350;2.949
346;359;3.877
347;344;3.046
348;342;3.678
348;343;3.659
349;343;2.844
349;344;3.022
349;345;4.036
350;345;2.949
351;355;3.765
352;355;3.001
352;359;3.957
353;356;3.02
354;357;3.005
354;358;2.996
354;359;3.898
354;361;3.57
355;351;3.765
355;352;3.001
355;358;3.284
356;353;3.02
357;354;3.005
357;362;2.826
358;354;2.996
358;355;3.284
358;360;3.72
359;346;3.877
359;352;3.957
359;354;3.898
360;358;3.72
361;354;3.57
362;357;2.826
363;365;3.349
364;367;2.728
364;370;3.548
364;381;3.893
365;363;3.349
366;382;2.916
367;364;2.728
367;381;3.923
367;382;4.016
368;383;2.845
368;388;3.312
369;372;2.959
370;364;3.548
371;373;3.029
371;374;3.118
371;375;2.782
372;369;2.959
373;371;3.029
374;371;3.118
375;371;2.782
375;377;2.729
376;378;2.96
377;375;2.729
378;376;2.96
379;330;4.017
380;384;3.661
380;385;3.524
381;364;3.893
381;367;3.923
381;384;2.915
382;366;2.916
382;367;4.016
383;368;2.845
383;386;2.965
383;387;3.071
383;388;3.912
384;380;3.661
384;381;2.915
385;380;3.524
386;383;2.965
387;383;3.071
388;368;3.312
388;383;3.912
389;390;2.755
390;389;2.755
391;392;2.66
391;398;3.634
392;391;2.66
392;397;2.986
393;396;2.692
393;397;3.8
394;397;3.776
395;397;2.974
396;393;2.692
397;392;2.986
397;393;3.8
397;394;3.776
397;395;2.974
398;391;3.634
398;399;3.066
399;398;3.066
400;402;2.925
401;403;2.94
402;400;2.925
403;401;2.94
403;404;3.04
404;403;3.04
405;429;2.819
406;407;3.58
407;406;3.58
407;409;2.656
408;411;3.156
409;407;2.656
410;412;3.437
410;416;3.572
411;408;3.156
412;410;3.437
412;416;3.599
413;414;3.997
414;413;3.997
415;417;3.572
415;421;3.343
416;410;3.572
416;412;3.599
416;417;2.894
417;415;3.572
417;416;2.894
417;420;2.985
417;421;3.076
418;421;2.911
419;422;3.661
420;417;2.985
421;415;3.343
421;417;3.076
421;418;2.911
422;338;3.888
422;419;3.661
423;339;3.864
423;427;3.849
424;339;2.824
425;339;3.102
426;324;3.092
426;325;2.906
426;326;2.757
426;327;2.622
427;339;2.752
427;423;3.849
428;431;3.262
429;324;4.013
429;405;2.819
430;438;3.047
431;323;3.261
431;428;3.262
432;323;2.713
432;438;3.685
433;323;2.978
434;437;3.086
435;438;2.996
435;439;3.216
435;440;3.991
436;441;2.827
436;442;2.828
437;434;3.086
438;430;3.047
438;432;3.685
438;435;2.996
439;435;3.216
440;435;3.991
441;436;2.827
442;436;2.828
443;444;3.587
444;443;3.587
445;447;2.721
446;448;3.067
447;445;2.721
448;446;3.067
448;450;2.986
448;452;3.308
448;455;3.132
448;456;2.729
449;451;3.958
449;452;3.771
449;509;3.435
449;510;2.75
450;448;2.986
451;449;3.958
451;509;3.6
451;510;3.981
452;448;3.308
452;449;3.771
452;455;2.939
452;456;3.113
453;456;2.992
454;506;3.625
455;448;3.132
455;452;2.939
455;511;3.503
456;448;2.729
456;452;3.113
456;453;2.992
456;459;2.965
456;460;3.168
457;461;2.966
458;462;2.961
459;456;2.965
459;462;3.258
459;463;3.021
460;456;3.168
460;463;3.404
460;464;2.926
460;558;2.66
460;559;4.009
461;457;2.966
461;464;3.223
461;465;2.964
462;458;2.961
462;459;3.258
462;466;3.057
463;459;3.021
463;460;3.404
463;466;3.318
463;467;2.976
463;503;3.805
463;555;3.913
464;460;2.926
464;461;3.223
464;467;2.988
464;468;3.088
464;559;2.651
464;560;3.546
465;461;2.964
465;468;3.467
465;469;3.004
466;462;3.057
466;463;3.318
466;470;2.988
466;496;3.657
467;463;2.976
467;464;2.988
467;470;3.077
467;471;3.065
467;500;3.314
467;553;3.871
467;555;3.879
467;556;3.821
468;464;3.088
468;465;3.467
468;471;3.132
468;472;3.429
468;556;3.923
469;465;3.004
469;472;3.307
469;473;3.014
470;466;2.988
470;467;3.077
470;473;3.284
470;474;2.992
470;496;3.202
470;552;3.101
471;467;3.065
471;468;3.132
471;475;3.047
471;553;3.651
471;982;3.902
472;468;3.429
472;469;3.307
472;475;3.304
472;476;2.981
473;469;3.014
473;470;3.284
473;476;3.043
473;477;2.944
473;489;3.494
474;470;2.992
474;477;3.021
474;552;3.795
474;553;3.669
474;986;4.024
475;471;3.047
475;472;3.304
476;472;2.981
476;473;3.043
476;481;3.503
477;473;2.944
477;474;3.021
477;482;2.891
477;489;4.004
477;493;3.412
478;482;2.96
478;1030;3.172
478;1031;3.01
479;483;3.612
480;483;2.962
480;484;3.032
481;476;3.503
481;484;3.216
481;485;3.02
482;477;2.891
482;478;2.96
482;486;2.781
483;479;3.612
483;480;2.962
483;486;2.739
484;480;3.032
484;481;3.216
485;481;3.02
485;488;3.05
485;489;2.932
486;482;2.781
486;483;2.739
486;490;2.968
487;490;3.323
487;491;3.041
488;485;3.05
488;491;3.961
488;492;2.964
489;473;3.494
489;477;4.004
489;485;2.932
489;492;3.331
489;493;2.927
490;486;2.968
490;487;3.323
490;493;3.359
490;494;3.038
491;487;3.041
491;488;3.961
491;495;2.965
492;488;2.964
492;489;3.331
492;496;2.967
493;477;3.412
493;489;2.927
493;490;3.359
493;496;3.397
493;497;3.092
493;552;3.25
494;490;3.038
494;497;3.343
494;498;3.012
494;536;3.789
494;537;3.389
495;491;2.965
495;498;3.011
495;499;3.091
496;466;3.657
496;470;3.202
496;492;2.967
496;493;3.397
496;499;3.059
496;500;3.373
497;493;3.092
497;494;3.343
497;500;2.957
497;532;2.755
497;533;3.759
497;536;3.849
498;494;3.012
498;495;3.011
498;501;2.855
499;495;3.091
499;496;3.059
499;502;3.065
499;503;3.243
500;467;3.314
500;496;3.373
500;497;2.957
500;504;2.982
500;529;3.69
500;533;3.909
500;555;3.447
501;498;2.855
501;504;3.437
501;505;3.033
501;533;3.49
502;499;3.065
502;506;3.062
503;463;3.805
503;499;3.243
503;506;3.419
503;507;2.947
503;555;2.73
503;558;2.722
504;500;2.982
504;501;3.437
504;508;2.992
504;529;3.683
505;501;3.033
505;508;3.249
505;509;3.088
506;454;3.625
506;502;3.062
506;503;3.419
506;510;2.981
507;503;2.947
507;510;3.018
507;511;3.029
507;515;2.665
507;516;3.514
507;522;2.764
508;504;2.992
508;505;3.249
508;516;3.723
508;517;3.95
509;449;3.435
509;451;3.6
509;505;3.088
510;449;2.75
510;451;3.981
510;506;2.981
510;507;3.018
511;455;3.503
511;507;3.029
511;515;3.413
512;515;2.918
512;516;2.926
513;517;2.978
514;518;3.071
515;507;2.665
515;511;3.413
515;512;2.918
515;518;3.07
515;519;2.926
516;507;3.514
516;508;3.723
516;512;2.926
516;522;3.213
517;508;3.95
517;513;2.978
518;514;3.071
518;515;3.07
519;515;2.926
519;522;2.96
519;523;3.033
520;523;3.968
520;524;3.019
521;525;2.992
521;563;2.942
521;566;3.925
522;507;2.764
522;516;3.213
522;519;2.96
522;526;2.954
523;519;3.033
523;520;3.968
523;526;3.403
523;527;2.989
524;520;3.019
524;527;3.388
524;528;3.019
525;521;2.992
525;528;3.214
525;529;2.902
525;555;2.639
525;558;3.867
526;522;2.954
526;523;3.403
526;530;2.999
527;523;2.989
527;524;3.388
527;530;3.191
527;531;3.082
528;524;3.019
528;525;3.214
528;532;3.024
529;500;3.69
529;504;3.683
529;525;2.902
529;533;2.934
529;555;3.75
530;526;2.999
530;527;3.191
530;534;2.991
531;527;3.082
531;535;3.224
531;548;3.601
532;497;2.755
532;528;3.024
532;536;3.403
532;552;3.082
533;497;3.759
533;500;3.909
533;501;3.49
533;529;2.934
533;536;3.156
533;537;2.905
534;530;2.991
534;537;3.245
534;538;3.029
535;531;3.224
535;539;3.005
535;540;3.02
535;549;3.924
536;494;3.789
536;497;3.849
536;532;3.403
536;533;3.156
536;540;3.685
536;549;3.934
537;494;3.389
537;533;2.905
537;534;3.245
538;534;3.029
539;535;3.005
539;541;2.93
540;535;3.02
540;536;3.685
540;546;2.783
541;539;2.93
541;546;3.336
542;545;2.802
543;546;3.217
543;547;2.92
544;547;3.35
544;548;2.97
544;1070;3.826
545;542;2.802
545;548;3.064
545;549;3.08
546;540;2.783
546;541;3.336
546;543;3.217
546;549;2.923
547;543;2.92
547;544;3.35
547;550;3.058
547;990;3.539
548;531;3.601
548;544;2.97
548;545;3.064
548;551;2.983
549;535;3.924
549;536;3.934
549;545;3.08
549;546;2.923
549;552;3.052
550;547;3.058
550;553;3.177
550;986;3.723
550;987;3.863
551;548;2.983
551;554;2.9
551;983;3.877
552;470;3.101
552;474;3.795
552;493;3.25
552;532;3.082
552;549;3.052
552;555;2.967
553;467;3.871
553;471;3.651
553;474;3.669
553;550;3.177
553;556;2.92
553;979;3.794
553;983;3.535
554;551;2.9
554;557;2.778
554;980;3.377
554;983;3.479
555;463;3.913
555;467;3.879
555;500;3.447
555;503;2.73
555;525;2.639
555;529;3.75
555;552;2.967
555;558;2.985
556;467;3.821
556;468;3.923
556;553;2.92
556;559;2.98
556;560;2.944
556;562;3.875
556;979;3.65
557;554;2.778
557;562;4.031
558;460;2.66
558;503;2.722
558;525;3.867
558;555;2.985
559;460;4.009
559;464;2.651
559;556;2.98
560;464;3.546
560;556;2.944
560;562;3.921
560;563;3.036
561;564;3.067
561;565;2.924
561;972;3.194
562;556;3.875
562;557;4.031
562;560;3.921
562;565;3.177
562;566;3.011
562;976;3.48
563;521;2.942
563;560;3.036
563;566;3.832
563;567;3.052
564;561;3.067
564;568;2.979
565;561;2.924
565;562;3.177
565;568;3.233
565;569;2.947
565;976;3.621
566;521;3.925
566;562;3.011
566;563;3.832
566;570;3.062
567;563;3.052
567;570;3.379
567;571;2.789
568;564;2.979
568;565;3.233
568;571;3.399
568;572;2.938
568;1088;3.752
569;565;2.947
569;572;3.158
569;573;3.07
569;1084;3.578
570;566;3.062
570;567;3.379
570;573;2.991
571;567;2.789
571;568;3.399
571;574;3.022
572;568;2.938
572;569;3.158
572;575;3.095
572;576;3.083
572;676;3.68
572;1084;3.513
572;1088;3.71
573;569;3.07
573;570;2.991
573;577;2.972
573;1084;3.865
574;571;3.022
574;577;3.027
575;572;3.095
575;676;3.907
576;572;3.083
576;579;3.259
576;580;2.867
576;672;3.575
576;1084;3.791
577;573;2.972
577;574;3.027
577;581;3.052
578;105;3.437
578;109;3.337
578;581;3.216
578;582;3.293
579;109;4.003
579;576;3.259
579;582;3.042
579;583;3.024
579;671;3.524
579;672;3.791
580;576;2.867
580;584;2.929
581;577;3.052
581;578;3.216
581;584;3.287
581;585;3.051
582;106;3.688
582;578;3.293
582;579;3.042
582;585;3.465
582;586;3.032
583;579;3.024
583;586;3.481
583;587;2.964
583;634;3.949
584;580;2.929
584;581;3.287
584;588;2.978
585;99;3.528
585;581;3.051
585;582;3.465
585;588;3.281
585;589;3.004
586;582;3.032
586;583;3.481
586;589;3.283
586;590;2.944
586;664;3.694
587;583;2.964
587;591;2.935
587;627;3.48
587;630;3.812
588;19;3.508
588;23;3.743
588;584;2.978
588;585;3.281
588;591;3.28
588;592;3.0
588;623;3.482
589;93;3.939
589;97;3.965
589;585;3.004
589;586;3.283
589;592;3.251
589;593;2.996
590;586;2.944
590;594;2.957
590;630;3.777
590;660;4.051
590;661;3.529
590;664;3.892
591;587;2.935
591;588;3.28
591;594;3.23
591;595;2.996
591;623;3.779
591;626;4.0
591;627;3.997
592;93;3.641
592;588;3.0
592;589;3.251
592;596;3.338
593;93;3.7
593;589;2.996
593;596;3.34
593;597;3.023
594;590;2.957
594;591;3.23
594;598;2.999
594;599;2.81
594;620;3.838
595;25;3.224
595;591;2.996
595;599;3.044
595;600;3.149
595;622;3.929
596;90;3.362
596;592;3.338
596;593;3.34
597;86;3.902
597;90;3.839
597;593;3.023
597;600;2.787
598;594;2.999
598;601;3.013
598;602;3.567
598;616;3.51
598;620;4.124
598;654;3.359
599;594;2.81
599;595;3.044
599;616;3.732
600;595;3.149
600;597;2.787
601;598;3.013
601;613;4.107
601;616;2.996
602;598;3.567
602;614;3.094
602;616;2.946
602;642;3.78
602;643;3.334
602;650;2.711
602;654;3.595
603;612;2.694
603;613;3.463
603;643;3.788
603;644;2.935
604;607;3.016
604;608;2.839
604;609;2.799
604;610;2.746
605;643;4.106
605;644;2.738
605;646;3.606
606;609;3.888
607;604;3.016
608;604;2.839
609;604;2.799
609;606;3.888
609;1017;3.97
610;604;2.746
611;617;3.481
612;603;2.694
613;601;4.107
613;603;3.463
613;617;3.428
614;602;3.094
614;617;3.388
614;618;3.11
614;641;2.781
614;642;3.548
615;618;3.062
615;619;2.824
615;640;3.869
616;598;3.51
616;599;3.732
616;601;2.996
616;602;2.946
616;620;3.65
616;642;3.611
617;611;3.481
617;613;3.428
617;614;3.388
617;621;3.647
618;614;3.11
618;615;3.062
618;625;3.879
618;1054;4.031
618;1058;3.687
618;1064;3.966
619;615;2.824
619;625;3.311
619;629;3.922
619;1049;3.348
619;1053;3.959
620;594;3.838
620;598;4.124
620;616;3.65
620;625;3.827
620;629;3.627
620;642;4.05
621;617;3.647
621;1062;2.72
622;25;3.683
622;595;3.929
622;625;2.792
622;626;2.958
622;1065;2.727
623;25;3.28
623;588;3.482
623;591;3.779
623;626;3.492
623;627;2.941
624;627;3.222
624;628;2.99
624;1065;3.663
624;1068;3.832
624;1069;3.649
625;618;3.879
625;619;3.311
625;620;3.827
625;622;2.792
625;628;3.391
625;629;3.0
625;1053;2.948
626;591;4.0
626;622;2.958
626;623;3.492
626;629;3.478
626;630;2.955
627;587;3.48
627;591;3.997
627;623;2.941
627;624;3.222
627;630;3.473
627;631;2.976
628;624;2.99
628;625;3.391
628;631;3.22
628;632;3.029
628;1053;3.945
628;1072;3.809
629;619;3.922
629;620;3.627
629;625;3.0
629;626;3.478
629;632;3.171
629;633;3.033
629;639;3.854
630;587;3.812
630;590;3.777
630;626;2.955
630;627;3.473
630;633;3.35
630;634;2.982
631;627;2.976
631;628;3.22
631;634;3.125
631;635;3.229
631;1045;5.779
631;1048;3.661
631;1072;3.842
631;1079;3.891
632;628;3.029
632;629;3.171
632;638;2.857
632;1049;3.533
633;629;3.033
633;630;3.35
633;636;3.017
633;639;3.745
633;658;3.533
633;661;3.593
633;662;4.005
634;583;3.949
634;630;2.982
634;631;3.125
634;665;3.781
635;631;3.229
635;1045;3.465
636;633;3.017
636;662;4.008
637;208;3.778
637;1045;3.747
637;1046;2.736
637;1047;2.846
638;203;3.625
638;208;3.408
638;209;5.945
638;632;2.857
638;1050;3.899
639;629;3.854
639;633;3.745
639;642;3.525
639;658;3.314
640;615;3.869
640;1050;3.527
641;614;2.781
641;1003;3.873
642;602;3.78
642;614;3.548
642;616;3.611
642;620;4.05
642;639;3.525
642;651;3.272
642;654;3.485
643;602;3.334
643;603;3.788
643;605;4.106
643;647;3.388
643;651;2.992
644;603;2.935
644;605;2.738
644;651;3.71
645;1004;3.368
646;605;3.606
647;643;3.388
647;650;2.754
647;651;3.065
648;652;2.952
649;652;3.401
649;653;2.989
650;602;2.711
650;647;2.754
650;653;3.223
650;654;3.055
651;642;3.272
651;643;2.992
651;644;3.71
651;647;3.065
651;654;3.051
651;655;2.893
652;648;2.952
652;649;3.401
652;655;3.19
652;656;3.029
653;649;2.989
653;650;3.223
654;598;3.359
654;602;3.595
654;642;3.485
654;650;3.055
654;651;3.051
654;657;2.998
654;658;2.924
655;199;3.826
655;651;2.893
655;652;3.19
655;658;3.372
655;659;2.962
656;652;3.029
656;659;3.433
656;660;3.003
657;654;2.998
657;660;3.36
657;661;2.956
658;633;3.533
658;639;3.314
658;654;2.924
658;655;3.372
658;661;3.357
658;662;2.992
659;202;3.463
659;655;2.962
659;656;3.433
659;662;3.419
659;663;3.001
660;590;4.051
660;656;3.003
660;657;3.36
660;663;3.417
660;664;2.986
661;590;3.529
661;633;3.593
661;657;2.956
661;658;3.357
661;665;2.953
662;202;4.155
662;206;3.657
662;633;4.005
662;636;4.008
662;658;2.992
662;659;3.419
662;666;2.93
663;202;3.873
663;659;3.001
663;660;3.417
663;666;3.434
663;667;3.03
664;586;3.694
664;590;3.892
664;660;2.986
664;667;3.433
664;668;2.99
665;634;3.781
665;661;2.953
665;668;3.185
665;669;2.928
666;662;2.93
666;663;3.434
666;669;3.278
666;670;2.978
667;113;3.793
667;663;3.03
667;664;3.433
667;671;3.028
668;664;2.99
668;665;3.185
668;671;3.35
668;672;2.917
669;665;2.928
669;666;3.278
669;672;3.143
669;673;3.08
670;242;3.594
670;243;3.742
670;666;2.978
670;673;3.468
670;674;3.017
671;579;3.524
671;667;3.028
671;668;3.35
671;675;2.898
672;576;3.575
672;579;3.791
672;668;2.917
672;669;3.143
672;675;3.419
672;676;3.13
672;1087;3.38
673;243;3.665
673;247;3.673
673;669;3.08
673;670;3.468
673;676;3.461
673;677;2.946
673;1087;3.584
673;1090;3.751
673;1376;6.371
674;246;3.823
674;247;3.989
674;250;3.685
674;670;3.017
674;677;3.339
674;678;2.947
675;671;2.898
675;672;3.419
675;679;3.077
676;572;3.68
676;575;3.907
676;672;3.13
676;673;3.461
676;679;3.321
676;680;2.996
676;1087;3.631
676;1091;3.538
677;247;3.443
677;673;2.946
677;674;3.339
677;680;3.419
677;681;2.978
677;1094;3.478
678;250;3.996
678;251;3.936
678;674;2.947
678;681;3.344
678;682;3.068
679;675;3.077
679;676;3.321
679;682;3.203
679;683;3.055
680;676;2.996
680;677;3.419
680;683;2.984
680;1091;3.454
680;1095;3.485
681;251;3.886
681;677;2.978
681;678;3.344
681;1095;3.59
681;1098;3.467
682;678;3.068
682;679;3.203
683;679;3.055
683;680;2.984
684;288;2.826
684;1095;3.651
685;288;3.817
686;695;3.862
686;1102;2.804
686;1103;2.81
687;269;3.49
687;695;3.582
687;1102;2.849
688;257;4.017
688;691;2.84
688;695;3.842
688;1105;3.693
689;695;3.46
689;696;3.619
689;1105;3.475
689;1106;3.207
690;708;2.634
690;1113;2.98
691;269;3.8
691;688;2.84
692;259;3.817
693;259;3.938
693;269;3.746
694;278;2.82
694;283;3.782
695;274;2.696
695;686;3.862
695;687;3.582
695;688;3.842
695;689;3.46
696;273;3.422
696;283;3.538
696;689;3.619
697;283;3.001
697;284;3.733
698;710;2.726
699;708;3.542
699;709;3.941
699;1111;3.71
700;1107;3.717
700;1108;3.672
700;1109;2.861
700;1110;3.368
700;1111;3.872
701;704;2.873
701;1109;3.518
702;816;3.835
703;815;3.764
703;818;2.861
703;819;2.833
704;701;2.873
704;706;2.845
704;707;3.72
705;784;3.645
705;792;3.508
706;704;2.845
706;780;3.014
706;785;3.929
707;704;3.72
708;690;2.634
708;699;3.542
708;1111;3.394
708;1112;3.873
709;699;3.941
709;712;3.205
709;791;3.482
710;698;2.726
711;280;3.895
711;720;2.775
712;709;3.205
712;720;3.98
713;720;3.777
714;721;3.885
714;798;3.753
714;799;3.983
715;718;2.962
716;795;4.03
717;798;2.725
718;715;2.962
719;721;2.989
719;723;3.87
720;281;2.782
720;282;3.242
720;711;2.775
720;712;3.98
720;713;3.777
721;714;3.885
721;719;2.989
721;799;2.612
722;725;2.967
722;726;2.959
722;739;2.845
722;741;2.888
723;719;3.87
724;741;3.137
725;722;2.967
725;739;3.842
726;722;2.959
727;729;3.295
728;737;3.737
728;739;3.508
729;727;3.295
730;735;3.58
731;733;2.864
732;734;2.777
732;736;3.776
733;731;2.864
734;732;2.777
735;730;3.58
735;740;3.988
736;732;3.776
737;728;3.737
737;740;2.985
738;750;2.837
738;754;3.855
739;722;2.845
739;725;3.842
739;728;3.508
739;750;3.953
740;735;3.988
740;737;2.985
741;722;2.888
741;724;3.137
741;752;4.003
742;746;3.667
742;754;3.854
743;762;2.71
744;758;3.851
745;758;2.966
745;761;2.754
746;742;3.667
747;749;3.037
748;755;2.749
749;747;3.037
750;738;2.837
750;739;3.953
751;756;3.896
751;758;3.008
752;741;4.003
753;757;2.891
754;738;3.855
754;742;3.854
755;748;2.749
756;751;3.896
757;753;2.891
757;760;3.009
758;744;3.851
758;745;2.966
758;751;3.008
758;761;2.77
759;763;3.437
760;757;3.009
761;745;2.754
761;758;2.77
762;743;2.71
763;759;3.437
763;767;3.905
764;767;3.562
764;768;3.559
765;766;2.941
766;765;2.941
767;763;3.905
767;764;3.562
768;764;3.559
769;772;2.845
770;776;2.683
771;775;2.914
772;769;2.845
773;778;2.736
774;777;2.96
775;771;2.914
775;1118;2.646
776;770;2.683
777;774;2.96
778;773;2.736
779;787;3.686
779;1118;3.189
780;706;3.014
780;782;2.814
780;1118;3.477
780;1119;3.337
781;783;2.683
782;780;2.814
782;785;3.314
783;781;2.683
784;705;3.645
784;792;3.635
784;793;3.485
785;706;3.929
785;782;3.314
786;788;3.348
786;789;3.187
786;790;3.612
787;779;3.686
788;786;3.348
789;786;3.187
789;794;2.768
790;786;3.612
790;795;3.977
791;709;3.482
792;705;3.508
792;784;3.635
792;795;3.201
792;796;3.029
793;784;3.485
794;789;2.768
794;797;3.005
795;716;4.03
795;790;3.977
795;792;3.201
796;792;3.029
797;794;3.005
798;714;3.753
798;717;2.725
798;799;3.608
799;714;3.983
799;721;2.612
799;798;3.608
800;801;2.804
800;802;3.673
801;800;2.804
802;800;3.673
803;805;3.07
804;806;3.515
804;811;3.435
805;803;3.07
806;804;3.515
806;810;3.896
806;811;3.182
807;810;3.62
808;810;3.035
809;812;3.014
810;806;3.896
810;807;3.62
810;808;3.035
811;804;3.435
811;806;3.182
812;809;3.014
812;813;2.943
812;814;2.733
813;812;2.943
814;812;2.733
815;703;3.764
816;702;3.835
816;818;3.038
817;826;4.034
817;829;3.948
818;703;2.861
818;816;3.038
818;821;3.921
819;703;2.833
820;824;3.818
821;818;3.921
822;825;2.946
823;827;2.618
823;900;2.691
824;820;3.818
825;822;2.946
826;817;4.034
826;828;3.011
826;830;2.797
826;831;2.827
827;823;2.618
828;826;3.011
828;830;3.756
829;817;3.948
830;826;2.797
830;828;3.756
831;826;2.827
832;834;4.014
832;835;3.506
833;836;2.77
834;832;4.014
835;832;3.506
835;839;3.35
836;833;2.77
836;839;2.69
836;895;2.906
836;896;2.783
837;840;3.053
838;843;3.805
838;889;3.979
838;892;3.422
838;893;3.841
839;835;3.35
839;836;2.69
840;837;3.053
840;843;3.001
840;844;2.962
841;845;3.059
842;845;3.407
842;846;2.89
843;838;3.805
843;840;3.001
843;846;3.314
843;847;2.992
844;840;2.962
844;847;3.405
844;848;3.182
844;952;3.11
845;841;3.059
845;842;3.407
845;848;3.428
845;849;3.018
846;842;2.89
846;843;3.314
846;849;3.282
846;850;2.925
847;843;2.992
847;844;3.405
847;850;3.368
847;851;2.961
847;886;3.822
847;889;3.753
848;844;3.182
848;845;3.428
848;851;3.347
848;852;2.949
848;952;3.395
849;845;3.018
849;846;3.282
849;852;3.251
849;853;2.977
850;846;2.925
850;847;3.368
850;854;2.968
850;886;3.965
851;847;2.961
851;848;3.347
851;855;2.893
851;882;3.93
851;886;3.401
851;945;3.725
851;949;3.763
852;848;2.949
852;849;3.251
852;855;3.165
852;856;2.987
853;849;2.977
853;856;3.1
853;857;3.015
854;850;2.968
854;857;3.422
854;858;2.947
854;945;3.616
855;851;2.893
855;852;3.165
855;859;3.005
856;852;2.987
856;853;3.1
856;859;3.379
856;860;2.953
857;853;3.015
857;854;3.422
857;860;3.052
857;861;3.276
858;854;2.947
858;943;3.861
858;946;3.98
859;855;3.005
859;856;3.379
859;863;3.495
859;1284;3.839
860;856;2.953
860;857;3.052
860;863;3.066
860;864;3.025
860;867;3.597
860;871;3.706
860;875;3.828
861;857;3.276
861;868;2.757
861;936;2.684
862;865;3.317
862;868;2.658
862;1287;3.346
862;1341;3.097
863;859;3.495
863;860;3.066
863;1307;3.789
864;860;3.025
864;867;2.956
864;868;3.033
865;862;3.317
865;868;3.234
865;869;3.02
865;1342;4.027
866;869;2.62
867;860;3.597
867;864;2.956
867;870;3.312
867;871;2.962
868;861;2.757
868;862;2.658
868;864;3.033
868;865;3.234
868;872;3.022
868;1340;3.856
869;865;3.02
869;866;2.62
869;1342;3.504
870;867;3.312
871;860;3.706
871;867;2.962
871;874;3.119
871;875;3.033
872;868;3.022
872;875;3.416
872;876;2.706
873;877;3.025
874;871;3.119
874;877;3.379
874;878;2.995
875;860;3.828
875;871;3.033
875;872;3.416
875;878;2.987
875;879;3.267
876;872;2.706
876;879;3.021
876;880;3.03
876;936;2.815
876;939;3.892
877;873;3.025
877;874;3.379
877;880;2.906
877;881;2.954
878;874;2.995
878;875;2.987
878;881;3.49
878;882;2.916
879;875;3.267
879;876;3.021
879;883;3.018
879;942;3.817
880;876;3.03
880;877;2.906
880;883;3.365
880;884;3.037
881;877;2.954
881;878;3.49
881;885;2.982
882;851;3.93
882;878;2.916
882;885;3.246
882;886;2.94
882;945;3.589
883;879;3.018
883;880;3.365
883;887;2.989
883;942;3.998
884;880;3.037
884;888;3.018
885;881;2.982
885;882;3.246
885;888;4.024
885;889;2.935
886;847;3.822
886;850;3.965
886;851;3.401
886;882;2.94
886;890;3.007
886;948;3.601
887;883;2.989
887;890;3.256
887;891;2.965
887;915;3.882
887;919;3.621
888;884;3.018
888;885;4.024
888;891;3.393
888;892;2.941
889;838;3.979
889;847;3.753
889;885;2.935
889;892;3.361
889;893;2.64
889;948;3.499
890;886;3.007
890;887;3.256
890;894;2.975
890;902;3.439
890;912;3.627
890;915;4.094
890;916;3.927
891;887;2.965
891;888;3.393
891;894;3.35
891;895;3.001
892;838;3.422
892;888;2.941
892;889;3.361
892;895;3.99
892;896;2.97
893;838;3.841
893;889;2.64
893;896;3.449
893;897;3.058
893;902;3.905
893;908;4.137
893;911;2.676
894;890;2.975
894;891;3.35
894;897;3.024
894;898;2.916
894;899;6.481
894;902;3.634
895;836;2.906
895;891;3.001
895;892;3.99
896;836;2.783
896;892;2.97
896;893;3.449
897;893;3.058
897;894;3.024
897;901;2.88
897;905;3.786
897;908;3.802
898;894;2.916
898;901;2.963
898;902;2.981
899;894;6.481
899;902;3.465
899;903;3.007
900;823;2.691
900;903;3.047
900;904;2.908
901;897;2.88
901;898;2.963
902;890;3.439
902;893;3.905
902;894;3.634
902;898;2.981
902;899;3.465
902;905;3.047
902;912;3.866
903;899;3.007
903;900;3.047
904;900;2.908
905;897;3.786
905;902;3.047
905;908;3.05
905;909;2.931
906;910;2.98
907;910;3.446
907;911;2.991
907;951;3.234
907;957;4.032
907;960;3.963
908;893;4.137
908;897;3.802
908;905;3.05
908;911;3.194
908;912;2.97
909;905;2.931
909;913;2.968
910;906;2.98
910;907;3.446
910;913;3.19
911;893;2.676
911;907;2.991
911;908;3.194
911;948;3.017
911;951;2.652
912;890;3.627
912;902;3.866
912;908;2.97
912;915;3.023
912;916;2.951
913;909;2.968
913;910;3.19
913;917;3.015
914;944;3.985
914;948;3.766
915;887;3.882
915;890;4.094
915;912;3.023
915;918;3.038
915;919;3.073
916;890;3.927
916;912;2.951
916;919;2.997
916;920;2.91
917;913;3.015
917;921;2.973
917;941;3.689
918;915;3.038
918;921;4.021
918;922;3.049
918;942;2.895
919;887;3.621
919;915;3.073
919;916;2.997
919;922;3.356
919;923;2.975
920;916;2.91
920;923;3.173
920;924;2.992
921;917;2.973
921;918;4.021
921;924;3.494
921;925;2.992
922;918;3.049
922;919;3.356
922;925;3.293
922;926;2.982
922;935;3.758
923;919;2.975
923;920;3.173
923;926;3.225
923;927;2.934
924;920;2.992
924;921;3.494
924;927;3.16
924;928;2.968
925;921;2.992
925;922;3.293
925;930;3.041
925;934;3.305
925;935;3.349
925;938;3.671
926;922;2.982
926;923;3.225
926;929;3.003
927;923;2.934
927;924;3.16
928;924;2.968
929;926;3.003
930;925;3.041
931;934;3.785
931;935;3.178
932;935;3.499
932;936;3.006
933;936;2.726
933;937;3.215
934;925;3.305
934;931;3.785
934;937;3.371
934;938;2.99
935;922;3.758
935;925;3.349
935;931;3.178
935;932;3.499
935;939;2.974
936;861;2.684
936;876;2.815
936;932;3.006
936;933;2.726
936;1339;3.907
937;933;3.215
937;934;3.371
937;940;3.055
937;1289;3.904
937;1336;2.936
937;1337;3.665
937;1338;3.139
938;925;3.671
938;934;2.99
939;876;3.892
939;935;2.974
939;942;2.726
940;937;3.055
940;943;2.752
940;944;3.318
940;1285;3.594
941;917;3.689
941;944;2.985
942;879;3.817
942;883;3.998
942;918;2.895
942;939;2.726
942;945;2.841
943;858;3.861
943;940;2.752
944;914;3.985
944;940;3.318
944;941;2.985
944;947;2.944
944;948;3.008
944;1281;3.817
945;851;3.725
945;854;3.616
945;882;3.589
945;942;2.841
945;948;2.982
945;949;3.172
946;858;3.98
946;949;2.941
946;1281;3.631
947;944;2.944
947;950;2.765
947;1281;3.8
948;886;3.601
948;889;3.499
948;911;3.017
948;914;3.766
948;944;3.008
948;945;2.982
948;951;2.924
949;851;3.763
949;945;3.172
949;946;2.941
949;952;2.976
949;953;2.947
950;947;2.765
950;953;3.174
950;956;3.502
950;960;3.71
951;907;3.234
951;911;2.652
951;948;2.924
951;957;2.861
952;844;3.11
952;848;3.395
