source;destination;distance
0;3;2.857
0;4;3.489
1;4;3.043
1;5;2.997
2;5;3.471
2;6;3.067
2;56;2.924
2;57;3.312
3;0;2.857
3;7;3.178
4;0;3.489
4;1;3.043
4;7;3.005
4;8;3.142
5;1;2.997
5;2;3.471
5;8;3.208
5;9;2.951
5;55;3.227
5;56;3.881
6;2;3.067
6;9;3.284
6;10;3.057
6;56;3.809
7;3;3.178
7;4;3.005
7;10;3.49
7;11;3.091
8;4;3.142
8;5;3.208
8;11;3.011
9;5;2.951
9;6;3.284
9;14;3.802
9;53;3.954
9;56;3.563
10;6;3.057
10;7;3.49
11;7;3.091
11;8;3.011
11;14;2.936
12;15;3.185
12;16;3.085
13;16;3.306
13;17;3.019
14;9;3.802
14;11;2.936
14;17;3.137
14;18;3.095
14;48;3.989
14;52;3.74
15;12;3.185
15;18;3.198
15;19;3.029
16;12;3.085
16;13;3.306
16;19;3.293
16;20;3.063
17;13;3.019
17;14;3.137
17;20;3.347
17;21;2.792
18;14;3.095
18;15;3.198
18;21;3.272
18;22;3.016
18;49;3.994
18;107;3.763
19;15;3.029
19;16;3.293
19;22;3.403
19;23;3.031
19;107;3.783
19;108;3.895
20;16;3.063
20;17;3.347
20;24;2.796
21;17;2.792
21;18;3.272
21;24;3.432
21;25;3.017
21;42;3.769
21;45;3.666
21;46;3.767
22;18;3.016
22;19;3.403
22;25;3.416
22;26;2.937
22;46;3.94
22;103;3.535
22;104;3.744
22;107;3.894
23;19;3.031
23;26;2.963
23;27;3.114
24;20;2.796
24;21;3.432
24;27;3.063
24;28;3.134
24;42;3.758
25;21;3.017
25;22;3.416
25;28;3.24
25;29;3.027
25;42;3.864
25;100;3.189
26;22;2.937
26;23;2.963
26;29;3.337
26;30;2.715
26;625;3.678
27;23;3.114
27;24;3.063
27;30;3.009
28;24;3.134
28;25;3.24
28;31;3.45
28;35;3.982
28;38;3.846
28;42;3.604
29;25;3.027
29;26;3.337
29;97;3.92
30;26;2.715
30;27;3.009
30;632;3.956
30;659;3.55
31;28;3.45
31;33;3.938
32;35;3.874
33;31;3.938
33;35;2.755
34;36;2.622
35;28;3.982
35;32;3.874
35;33;2.755
35;38;3.462
35;39;2.918
36;34;2.622
36;39;3.239
36;40;3.051
37;40;3.373
37;41;2.993
38;28;3.846
38;35;3.462
38;41;2.753
38;42;3.078
39;35;2.918
39;36;3.239
39;42;3.3
39;43;3.029
39;97;3.437
39;100;3.659
40;36;3.051
40;37;3.373
40;43;3.47
40;44;2.94
40;86;2.629
41;37;2.993
41;38;2.753
41;44;3.183
41;45;3.029
42;21;3.769
42;24;3.758
42;25;3.864
42;28;3.604
42;38;3.078
42;39;3.3
42;45;3.183
42;46;3.044
43;39;3.029
43;40;3.47
43;46;3.491
43;47;2.702
44;40;2.94
44;41;3.183
44;47;3.416
44;48;2.974
45;21;3.666
45;41;3.029
45;42;3.183
45;49;2.99
46;21;3.767
46;22;3.94
46;42;3.044
46;43;3.491
46;49;3.355
46;50;3.048
46;100;3.674
46;103;3.539
47;43;2.702
47;44;3.416
47;50;3.408
47;51;2.987
47;79;3.65
47;83;3.828
48;14;3.989
48;44;2.974
48;51;3.335
48;52;2.947
49;18;3.994
49;45;2.99
49;46;3.355
49;52;4.025
49;53;2.652
49;103;2.756
50;46;3.048
50;47;3.408
50;53;3.375
50;54;3.024
50;79;3.929
51;47;2.987
51;48;3.335
51;54;3.32
51;55;3.011
52;14;3.74
52;48;2.947
52;49;4.025
52;56;3.005
53;9;3.954
53;49;2.652
53;50;3.375
53;57;3.013
53;66;3.525
53;72;2.872
53;75;2.7
54;50;3.024
54;51;3.32
54;57;3.012
54;58;3.044
54;66;3.358
55;5;3.227
55;51;3.011
56;2;2.924
56;5;3.881
56;6;3.809
56;9;3.563
56;52;3.005
57;2;3.312
57;53;3.013
57;54;3.012
57;65;3.313
58;54;3.044
59;62;2.942
60;63;2.975
61;64;3.04
62;59;2.942
62;65;2.735
62;66;2.915
63;60;2.975
63;66;3.298
63;67;3.026
64;61;3.04
64;67;3.31
64;68;3.898
65;57;3.313
65;62;2.735
65;68;3.066
66;53;3.525
66;54;3.358
66;62;2.915
66;63;3.298
66;69;3.46
66;72;3.11
67;63;3.026
67;64;3.31
67;73;2.822
68;64;3.898
68;65;3.066
69;66;3.46
69;72;3.038
70;73;2.89
70;74;3.446
71;74;3.02
71;75;3.163
71;105;3.458
71;111;3.479
72;53;2.872
72;66;3.11
72;69;3.038
72;75;3.749
72;76;2.989
73;67;2.822
73;70;2.89
73;77;3.0
74;70;3.446
74;71;3.02
74;77;3.042
74;78;3.173
74;102;3.626
75;53;2.7
75;71;3.163
75;72;3.749
75;103;2.679
76;72;2.989
76;79;3.063
76;80;3.15
77;73;3.0
77;74;3.042
77;80;3.074
77;81;3.038
78;74;3.173
78;82;3.082
78;100;3.772
79;47;3.65
79;50;3.929
79;76;3.063
79;83;3.072
80;76;3.15
80;77;3.074
80;83;3.073
80;84;3.081
81;77;3.038
81;84;3.048
81;85;2.954
81;96;3.484
82;78;3.082
82;85;3.017
82;86;3.121
83;47;3.828
83;79;3.072
83;80;3.073
83;87;3.0
84;80;3.081
84;81;3.048
84;87;3.044
84;88;3.082
85;81;2.954
85;82;3.017
85;89;3.644
86;40;2.629
86;82;3.121
87;83;3.0
87;84;3.044
88;84;3.082
89;85;3.644
89;90;3.164
89;93;3.723
89;94;3.764
90;89;3.164
91;94;3.293
92;95;2.695
93;89;3.723
93;96;2.913
94;89;3.764
94;91;3.293
94;97;3.032
94;633;3.234
95;92;2.695
95;98;2.876
95;634;3.641
96;81;3.484
96;93;2.913
96;99;2.936
97;29;3.92
97;39;3.437
97;94;3.032
97;100;2.833
98;95;2.876
98;101;2.846
98;629;3.559
98;633;3.483
99;96;2.936
99;102;2.866
100;25;3.189
100;39;3.659
100;46;3.674
100;78;3.772
100;97;2.833
100;103;2.951
101;98;2.846
101;104;2.655
101;626;3.83
102;74;3.626
102;99;2.866
102;105;3.006
102;626;3.813
103;22;3.535
103;46;3.539
103;49;2.756
103;75;2.679
103;100;2.951
103;106;2.983
103;107;3.11
104;22;3.744
104;101;2.655
104;107;3.009
104;108;2.918
104;622;3.948
105;71;3.458
105;102;3.006
105;110;3.836
105;114;3.899
106;103;2.983
106;111;2.882
107;18;3.763
107;19;3.783
107;22;3.894
107;103;3.11
107;104;3.009
108;19;3.895
108;104;2.918
108;110;3.177
109;112;3.069
109;113;3.165
109;615;3.026
110;105;3.836
110;108;3.177
110;113;3.141
110;114;2.998
110;615;3.556
110;619;3.848
110;622;3.828
111;71;3.479
111;106;2.882
111;114;3.34
111;115;3.043
112;109;3.069
112;115;3.363
112;116;3.006
113;109;3.165
113;110;3.141
113;116;3.006
113;117;2.956
113;615;3.373
113;619;3.935
114;105;3.899
114;110;2.998
114;111;3.34
114;117;3.345
114;118;3.089
115;111;3.043
115;112;3.363
115;118;3.452
115;119;3.011
116;112;3.006
116;113;3.006
116;119;3.267
116;120;3.022
117;113;2.956
117;114;3.345
117;120;2.732
117;121;3.19
117;703;3.335
117;704;3.934
117;707;3.887
118;114;3.089
118;115;3.452
118;121;3.378
118;122;2.833
119;115;3.011
119;116;3.267
119;122;2.821
119;123;2.928
119;277;3.383
120;116;3.022
120;117;2.732
120;123;2.955
120;124;3.455
121;117;3.19
121;118;3.378
121;124;3.038
122;118;2.833
122;119;2.821
122;125;3.427
123;119;2.928
123;120;2.955
123;273;3.468
123;276;2.656
124;120;3.455
124;121;3.038
124;127;3.452
124;128;3.006
124;269;3.881
124;270;3.859
125;122;3.427
125;128;3.033
125;129;3.039
126;129;3.391
126;130;3.047
126;1277;3.55
126;1278;2.93
127;124;3.452
127;130;3.475
127;131;2.723
127;265;3.717
127;269;3.684
128;124;3.006
128;125;3.033
128;131;3.333
128;132;3.0
129;125;3.039
129;126;3.391
129;133;3.031
129;1278;3.632
130;126;3.047
130;127;3.475
130;133;3.413
130;134;2.934
130;1278;3.772
130;1281;3.664
131;127;2.723
131;128;3.333
131;134;3.417
131;135;2.964
131;228;3.761
132;128;3.0
132;136;2.719
133;129;3.031
133;130;3.413
133;136;3.328
133;137;2.953
133;1269;3.694
134;130;2.934
134;131;3.417
134;138;2.936
134;262;3.772
135;131;2.964
135;139;2.938
135;221;3.499
135;225;3.949
135;228;3.896
136;132;2.719
136;133;3.328
136;139;3.439
136;140;3.003
136;217;3.871
136;1182;3.658
137;133;2.953
137;140;3.142
137;141;3.039
137;1266;3.987
137;1269;3.921
138;134;2.936
138;141;3.389
138;142;2.937
138;224;3.465
138;253;3.919
138;254;3.643
138;257;3.989
139;135;2.938
139;136;3.439
139;143;2.977
139;217;3.628
140;136;3.003
140;137;3.142
140;144;3.013
140;217;3.774
140;1185;3.862
140;1186;4.033
140;1266;3.884
140;1269;3.541
141;137;3.039
141;138;3.389
141;144;3.156
141;145;2.974
141;250;3.808
141;1263;3.751
141;1266;3.601
142;138;2.937
142;146;2.976
143;139;2.977
143;146;3.094
143;147;2.937
143;216;3.875
144;140;3.013
144;141;3.156
144;1263;3.915
144;1265;3.21
144;1266;3.714
145;141;2.974
145;250;3.523
145;1259;3.901
145;1263;3.996
146;142;2.976
146;143;3.094
146;149;2.953
146;214;3.914
146;244;4.005
146;247;3.541
146;250;3.799
146;251;6.16
147;143;2.937
147;215;3.643
147;1188;3.814
147;1189;3.656
147;1190;3.602
148;151;3.01
149;146;2.953
149;152;2.885
149;244;3.788
150;206;3.816
150;214;3.644
150;239;3.918
151;148;3.01
151;205;3.823
151;206;3.078
151;215;2.777
151;1190;2.727
152;149;2.885
152;188;3.949
152;191;3.745
152;205;3.643
153;185;2.73
153;186;2.786
153;204;2.991
154;180;2.994
154;187;3.206
154;189;2.055
154;198;3.621
154;201;3.989
155;178;3.883
155;179;3.921
155;201;3.623
155;202;2.787
155;204;3.83
156;178;3.031
156;201;3.826
157;200;3.135
157;202;3.567
158;160;3.629
158;178;2.9
159;162;2.899
160;158;3.629
161;164;3.733
161;165;3.145
162;159;2.899
162;167;4.0
162;169;2.602
163;166;2.656
164;161;3.733
165;161;3.145
166;163;2.656
167;162;4.0
167;175;4.034
168;172;3.614
169;162;2.602
169;171;3.409
169;172;2.991
170;173;2.908
170;174;3.062
171;169;3.409
171;174;3.243
171;175;2.989
172;168;3.614
172;169;2.991
172;176;4.027
173;170;2.908
174;170;3.062
174;171;3.243
174;177;2.583
175;167;4.034
175;171;2.989
175;178;3.984
176;172;4.027
177;174;2.583
178;155;3.883
178;156;3.031
178;158;2.9
178;175;3.984
179;155;3.921
180;154;2.994
180;187;2.954
180;199;3.731
180;201;3.775
181;184;2.891
181;185;3.933
181;186;3.7
182;183;2.957
182;187;3.97
183;182;2.957
184;181;2.891
184;646;2.957
184;648;2.633
185;153;2.73
185;181;3.933
186;153;2.786
186;181;3.7
187;154;3.206
187;180;2.954
187;182;3.97
187;242;3.885
188;152;3.949
188;239;3.47
188;243;3.557
189;154;2.055
189;198;3.573
189;203;3.658
190;196;2.944
190;203;3.127
191;152;3.745
191;203;3.605
192;195;3.239
193;197;3.425
194;246;2.671
195;192;3.239
195;243;3.105
195;1326;3.8
196;190;2.944
196;242;3.04
197;193;3.425
198;154;3.621
198;189;3.573
198;201;3.559
199;180;3.731
199;201;3.121
200;157;3.135
201;154;3.989
201;155;3.623
201;156;3.826
201;180;3.775
201;198;3.559
201;199;3.121
202;155;2.787
202;157;3.567
203;189;3.658
203;190;3.127
203;191;3.605
204;153;2.991
204;155;3.83
205;151;3.823
205;152;3.643
205;1190;2.61
206;150;3.816
206;151;3.078
206;213;3.401
207;210;2.954
207;239;3.386
208;212;2.597
208;679;3.743
209;679;3.931
209;680;2.593
209;683;3.87
210;207;2.954
210;219;2.876
211;219;3.868
211;679;3.561
211;682;3.496
211;683;2.587
211;687;3.912
212;208;2.597
212;236;3.526
213;206;3.401
213;219;3.577
214;146;3.914
214;150;3.644
214;223;3.761
214;224;3.74
214;236;3.645
214;240;3.534
215;147;3.643
215;151;2.777
215;1189;2.696
215;1190;3.504
216;143;3.875
216;219;3.199
216;220;3.104
216;1189;2.816
217;136;3.871
217;139;3.628
217;140;3.774
217;220;3.393
217;221;2.941
217;1186;3.75
218;221;3.348
218;222;3.07
219;210;2.876
219;211;3.868
219;213;3.577
219;216;3.199
219;222;3.241
219;223;2.967
220;216;3.104
220;217;3.393
220;223;3.341
220;224;3.003
221;135;3.499
221;217;2.941
221;218;3.348
221;225;2.947
222;218;3.07
222;219;3.241
222;225;3.118
222;226;3.048
222;675;3.934
223;214;3.761
223;219;2.967
223;220;3.341
223;226;3.394
223;227;3.175
223;236;3.933
224;138;3.465
224;214;3.74
224;220;3.003
224;227;3.126
224;228;2.978
225;135;3.949
225;221;2.947
225;222;3.118
225;228;3.1
225;229;3.018
225;674;3.708
225;695;4.038
225;698;3.852
226;222;3.048
226;223;3.394
226;230;3.208
226;231;2.989
226;235;3.707
226;674;3.72
226;675;3.772
227;223;3.175
227;224;3.126
227;230;3.022
227;233;3.83
227;236;3.868
227;251;3.771
227;254;3.893
228;131;3.761
228;135;3.896
228;224;2.978
228;225;3.1
228;259;2.866
228;262;4.026
229;225;3.018
229;674;3.43
230;226;3.208
230;227;3.022
230;233;3.448
230;255;3.595
230;259;3.668
230;1344;2.672
231;226;2.989
231;673;3.943
231;674;2.913
231;675;2.705
232;235;3.261
232;675;3.88
232;679;3.953
233;227;3.83
233;230;3.448
233;236;3.103
233;237;2.964
233;1341;3.698
233;1344;3.066
234;237;3.416
234;238;2.929
234;1341;3.485
234;1346;3.259
234;1347;3.207
235;226;3.707
235;232;3.261
235;238;3.44
235;239;3.011
236;212;3.526
236;214;3.645
236;223;3.933
236;227;3.868
236;233;3.103
236;239;3.366
236;240;3.062
237;233;2.964
237;234;3.416
237;240;3.006
237;241;3.004
237;251;3.503
237;1337;3.932
237;1340;6.211
238;234;2.929
238;235;3.44
238;242;2.987
238;1327;3.799
238;1341;3.788
239;150;3.918
239;188;3.47
239;207;3.386
239;235;3.011
239;236;3.366
239;242;3.245
239;243;3.041
240;214;3.534
240;236;3.062
240;237;3.006
240;243;3.477
240;244;2.978
240;251;3.967
241;237;3.004
241;245;2.975
241;247;3.917
241;1326;3.867
242;187;3.885
242;196;3.04
242;238;2.987
242;239;3.245
242;1325;3.499
242;1326;3.854
243;188;3.557
243;195;3.105
243;239;3.041
243;240;3.477
244;146;4.005
244;149;3.788
244;240;2.978
244;247;3.623
245;241;2.975
245;247;3.035
246;194;2.671
246;248;2.967
246;1326;3.836
246;1337;3.992
247;146;3.541
247;241;3.917
247;244;3.623
247;245;3.035
247;250;2.992
248;246;2.967
248;251;2.988
248;252;3.008
248;1336;4.031
248;1337;3.664
249;252;3.259
249;253;3.037
250;141;3.808
250;145;3.523
250;146;3.799
250;247;2.992
250;254;2.968
251;146;6.16
251;227;3.771
251;237;3.503
251;240;3.967
251;248;2.988
251;255;2.961
252;248;3.008
252;249;3.259
252;256;3.053
252;1340;3.986
253;138;3.919
253;249;3.037
253;257;2.919
254;138;3.643
254;227;3.893
254;250;2.968
254;258;3.008
254;259;2.967
255;230;3.595
255;251;2.961
255;259;3.098
255;260;2.886
255;1340;4.021
255;1344;3.932
256;252;3.053
256;260;3.139
256;261;3.025
256;1292;3.721
257;138;3.989
257;253;2.919
257;261;3.104
257;262;3.423
257;1285;3.962
258;254;3.008
258;262;3.175
259;228;2.866
259;230;3.668
259;254;2.967
259;255;3.098
259;263;3.239
260;255;2.886
260;256;3.139
260;264;3.108
260;1396;3.846
260;1397;3.737
260;1400;3.714
261;256;3.025
261;257;3.104
261;264;3.195
261;265;3.075
261;1281;3.216
261;1285;3.543
261;1400;3.472
262;134;3.772
262;228;4.026
262;257;3.423
262;258;3.175
262;265;3.135
262;266;3.088
263;259;3.239
263;266;3.263
263;267;2.999
264;260;3.108
264;261;3.195
264;268;2.94
264;1397;3.117
264;1400;3.628
264;1401;3.426
265;127;3.717
265;261;3.075
265;262;3.135
265;268;3.44
265;269;2.991
265;1281;3.989
265;1404;3.229
266;262;3.088
266;263;3.263
266;270;3.053
267;263;2.999
267;271;2.985
267;706;3.705
267;1397;3.906
268;264;2.94
268;265;3.44
268;271;3.398
268;272;2.952
268;1404;3.998
269;124;3.881
269;127;3.684
269;265;2.991
269;272;3.942
269;273;3.013
270;124;3.859
270;266;3.053
270;274;2.965
270;706;3.461
270;707;3.775
270;710;3.972
271;267;2.985
271;268;3.398
271;274;2.947
271;275;2.879
271;1405;3.773
272;268;2.952
272;269;3.942
272;276;3.021
272;1405;3.589
272;1408;3.97
273;123;3.468
273;269;3.013
273;277;3.044
274;270;2.965
274;271;2.947
274;277;3.276
274;278;2.901
274;711;3.705
275;271;2.879
275;279;2.984
275;714;3.974
275;1405;3.902
276;123;2.656
276;272;3.021
276;279;3.312
276;280;2.953
277;119;3.383
277;273;3.044
277;274;3.276
277;280;3.299
277;281;3.057
278;274;2.901
278;281;3.162
278;282;3.104
279;275;2.984
279;276;3.312
279;282;3.196
279;283;2.968
280;276;2.953
280;277;3.299
280;283;3.344
280;284;3.062
281;277;3.057
281;278;3.162
281;285;3.021
282;278;3.104
282;279;3.196
282;285;3.376
282;286;3.065
283;279;2.968
283;280;3.344
283;286;2.665
284;280;3.062
284;287;3.926
285;281;3.021
285;282;3.376
286;282;3.065
286;283;2.665
286;288;2.703
287;284;3.926
288;286;2.703
289;292;3.228
290;293;2.966
290;294;4.016
291;294;3.574
292;289;3.228
293;290;2.966
294;290;4.016
294;291;3.574
294;296;3.726
295;299;3.929
295;300;3.657
296;294;3.726
297;299;2.951
297;300;2.951
298;300;2.675
298;301;2.598
299;295;3.929
299;297;2.951
299;302;3.552
299;321;2.787
300;295;3.657
300;297;2.951
300;298;2.675
301;298;2.598
302;299;3.552
302;321;2.661
303;310;2.715
304;308;3.528
305;319;2.639
306;308;3.799
306;322;3.848
306;327;3.415
307;308;2.99
308;304;3.528
308;306;3.799
308;307;2.99
308;313;3.09
309;312;3.81
309;1410;3.404
310;303;2.715
310;313;2.935
311;318;2.71
312;309;3.81
312;314;3.49
313;308;3.09
313;310;2.935
313;316;3.348
313;317;3.153
313;318;3.972
314;312;3.49
314;316;2.886
315;1125;2.688
316;313;3.348
316;314;2.886
317;313;3.153
317;320;2.994
318;311;2.71
318;313;3.972
319;305;2.639
320;317;2.994
321;299;2.787
321;302;2.661
322;306;3.848
323;325;2.982
324;326;3.024
324;329;2.962
325;323;2.982
326;324;3.024
326;328;2.833
326;331;3.154
326;333;2.725
327;306;3.415
328;326;2.833
328;331;3.872
329;324;2.962
330;338;2.708
331;326;3.154
331;328;3.872
332;338;3.328
333;326;2.725
334;337;2.802
334;338;3.733
334;342;2.677
335;337;2.516
336;339;2.849
337;334;2.802
337;335;2.516
337;340;2.887
337;341;3.476
338;330;2.708
338;332;3.328
338;334;3.733
339;336;2.849
339;343;2.722
340;337;2.887
340;342;3.019
340;343;2.825
341;337;3.476
341;343;2.712
341;345;3.844
342;334;2.677
342;340;3.019
343;339;2.722
343;340;2.825
343;341;2.712
344;347;2.657
344;348;2.816
345;341;3.844
345;347;2.989
345;348;2.882
346;350;2.973
347;344;2.657
347;345;2.989
348;344;2.816
348;345;2.882
349;355;2.918
350;346;2.973
351;915;3.944
352;363;2.666
352;918;2.83
353;363;2.694
354;361;4.639
354;918;3.936
355;349;2.918
356;361;3.519
357;359;3.035
357;360;3.279
358;914;2.694
359;357;3.035
360;357;3.279
361;354;4.639
361;356;3.519
362;917;3.096
362;920;3.449
362;923;3.223
363;352;2.666
363;353;2.694
364;366;2.635
365;367;3.03
366;364;2.635
367;365;3.03
368;371;3.896
369;370;2.858
370;369;2.858
371;368;3.896
372;374;3.157
373;378;3.844
374;372;3.157
375;378;2.647
376;402;3.347
377;380;3.969
378;373;3.844
378;375;2.647
379;382;2.76
380;377;3.969
380;381;3.622
380;382;2.939
381;380;3.622
382;379;2.76
382;380;2.939
383;390;3.539
384;390;3.488
385;389;3.906
386;387;3.783
387;386;3.783
388;391;2.538
388;392;3.738
389;385;3.906
390;383;3.539
390;384;3.488
391;388;2.538
392;388;3.738
393;395;3.017
394;396;3.099
395;393;3.017
396;394;3.099
397;398;2.864
397;399;3.803
398;397;2.864
399;397;3.803
399;400;3.681
400;399;3.681
401;403;2.62
402;376;3.347
402;404;3.739
403;401;2.62
403;405;2.645
404;402;3.739
405;403;2.645
405;407;3.311
406;407;3.302
407;405;3.311
407;406;3.302
408;532;3.453
409;536;3.641
410;535;3.458
411;464;4.005
412;415;2.942
412;416;3.003
413;463;3.653
413;464;2.018
414;471;2.982
415;412;2.942
416;412;3.003
417;420;3.902
418;444;3.732
419;425;3.947
419;426;2.921
420;417;3.902
420;424;3.723
420;442;3.385
420;445;3.275
421;423;3.09
421;424;3.321
421;426;2.675
422;425;3.621
422;426;2.832
422;427;3.107
422;450;3.254
423;421;3.09
424;420;3.723
424;421;3.321
425;419;3.947
425;422;3.621
425;449;3.862
425;450;3.122
426;419;2.921
426;421;2.675
426;422;2.832
426;445;3.294
426;446;3.588
426;447;3.734
427;422;3.107
428;449;3.76
428;450;3.913
429;431;3.899
430;433;3.219
430;436;2.793
431;429;3.899
432;435;2.934
433;430;3.219
433;436;2.99
433;448;3.114
434;437;2.838
435;432;2.934
435;439;2.884
435;440;2.92
436;430;2.793
436;433;2.99
437;434;2.838
438;439;3.136
439;435;2.884
439;438;3.136
440;435;2.92
440;443;4.01
441;443;3.015
442;420;3.385
442;444;3.092
442;445;2.864
443;440;4.01
443;441;3.015
444;418;3.732
444;442;3.092
445;420;3.275
445;426;3.294
445;442;2.864
446;426;3.588
447;426;3.734
448;433;3.114
449;425;3.862
449;428;3.76
449;451;3.819
450;422;3.254
450;425;3.122
450;428;3.913
451;449;3.819
451;462;2.886
452;461;2.976
453;457;2.609
454;455;2.994
454;456;3.472
455;454;2.994
455;457;3.827
456;454;3.472
457;453;2.609
457;455;3.827
457;461;3.55
458;483;2.881
459;466;2.786
459;483;2.649
460;463;2.702
460;466;3.776
460;467;2.878
461;452;2.976
461;457;3.55
462;451;2.886
463;413;3.653
463;460;2.702
463;465;2.822
463;467;2.813
464;411;4.005
464;413;2.018
465;463;2.822
465;471;3.862
466;459;2.786
466;460;3.776
466;483;3.845
466;484;3.761
467;460;2.878
467;463;2.813
467;470;3.706
468;471;3.651
469;472;2.88
469;473;3.286
470;467;3.706
471;414;2.982
471;465;3.862
471;468;3.651
472;469;2.88
473;469;3.286
473;476;3.737
474;476;3.934
474;477;3.706
474;480;3.502
474;484;3.917
475;477;3.014
476;473;3.737
476;474;3.934
477;474;3.706
477;475;3.014
477;480;2.92
477;481;2.961
478;481;3.433
478;482;3.019
479;482;3.177
479;483;3.063
480;474;3.502
480;477;2.92
480;483;3.006
480;484;3.037
481;477;2.961
481;478;3.433
481;484;3.398
481;485;2.936
482;478;3.019
482;479;3.177
482;486;2.971
483;458;2.881
483;459;2.649
483;466;3.845
483;479;3.063
483;480;3.006
483;486;3.263
483;487;3.127
484;466;3.761
484;474;3.917
484;480;3.037
484;481;3.398
484;487;3.272
484;488;3.075
485;481;2.936
485;488;3.383
485;489;2.952
485;546;2.939
485;548;2.72
485;549;2.76
486;482;2.971
486;483;3.263
486;489;3.468
486;490;3.136
487;483;3.127
487;484;3.272
487;490;3.098
487;491;3.163
488;484;3.075
488;485;3.383
488;491;3.084
488;492;3.017
488;543;4.003
488;547;3.909
489;485;2.952
489;486;3.468
489;492;3.082
489;493;2.999
490;486;3.136
490;487;3.098
490;493;3.035
490;494;2.973
491;487;3.163
491;488;3.084
492;488;3.017
492;489;3.082
492;544;3.862
492;547;3.988
493;489;2.999
493;490;3.035
494;490;2.973
495;498;3.176
495;499;3.131
496;500;2.94
497;500;3.421
497;501;3.003
498;495;3.176
498;501;3.215
498;502;3.027
498;594;2.583
499;495;3.131
499;502;2.747
499;503;3.079
500;496;2.94
500;497;3.421
500;504;2.947
501;497;3.003
501;498;3.215
501;504;3.297
501;505;3.028
501;540;3.526
502;498;3.027
502;499;2.747
502;505;3.225
502;506;3.136
503;499;3.079
503;506;3.352
503;507;3.028
504;500;2.947
504;501;3.297
504;507;3.304
504;508;2.975
504;533;3.87
504;536;3.65
504;537;3.562
505;501;3.028
505;502;3.225
505;508;3.388
505;509;3.071
505;537;3.453
505;588;3.6
505;591;3.653
505;592;3.655
506;502;3.136
506;503;3.352
506;509;3.19
506;510;3.062
506;592;3.867
507;503;3.028
507;504;3.304
507;511;2.993
507;533;3.929
508;504;2.975
508;505;3.388
508;511;3.231
508;512;3.016
508;533;3.568
508;588;3.764
509;505;3.071
509;506;3.19
509;512;3.439
509;513;3.025
510;506;3.062
510;513;2.962
510;514;3.175
511;507;2.993
511;508;3.231
511;514;3.431
511;529;4.017
511;533;3.973
512;508;3.016
512;509;3.439
512;515;3.05
512;585;3.84
512;586;3.621
512;999;3.996
513;509;3.025
513;510;2.962
513;999;3.803
513;1052;3.952
514;510;3.175
514;511;3.431
514;526;3.618
515;512;3.05
515;518;3.858
515;526;3.82
515;582;3.852
516;518;3.602
516;522;3.762
517;1010;3.677
517;1050;3.042
517;1081;3.814
518;515;3.858
518;516;3.602
518;522;3.484
518;523;2.712
518;526;4.052
519;522;3.052
519;523;2.977
520;523;2.684
520;524;3.028
521;524;3.206
521;525;3.058
522;516;3.762
522;518;3.484
522;519;3.052
522;525;3.187
522;526;3.07
523;518;2.712
523;519;2.977
523;520;2.684
523;526;3.352
523;527;2.998
524;520;3.028
524;521;3.206
524;527;3.266
524;528;2.997
525;521;3.058
525;522;3.187
525;529;3.032
526;514;3.618
526;515;3.82
526;518;4.052
526;522;3.07
526;523;3.352
526;530;2.976
527;523;2.998
527;524;3.266
527;530;3.453
527;531;3.132
528;524;2.997
528;531;3.203
528;532;3.138
529;511;4.017
529;525;3.032
529;532;3.34
529;533;3.019
530;526;2.976
530;527;3.453
530;533;3.256
530;534;3.166
530;585;2.843
531;527;3.132
531;528;3.203
531;534;3.443
531;535;3.037
531;573;3.634
532;408;3.453
532;528;3.138
532;529;3.34
532;535;3.146
532;536;2.963
533;504;3.87
533;507;3.929
533;508;3.568
533;511;3.973
533;529;3.019
533;530;3.256
533;536;3.24
533;537;3.125
534;530;3.166
534;531;3.443
534;538;3.0
534;569;3.835
534;570;3.649
535;410;3.458
535;531;3.037
535;532;3.146
535;538;3.485
535;539;2.95
536;409;3.641
536;504;3.65
536;532;2.963
536;533;3.24
536;539;3.422
536;540;2.941
537;504;3.562
537;505;3.453
537;533;3.125
537;541;3.034
537;588;3.38
538;534;3.0
538;535;3.485
538;541;3.258
538;542;3.02
539;535;2.95
539;536;3.422
539;542;3.923
539;543;3.063
540;501;3.526
540;536;2.941
540;543;3.307
540;544;2.69
541;537;3.034
541;538;3.258
541;544;2.964
541;545;3.123
541;563;3.929
542;538;3.02
542;539;3.923
542;545;3.278
542;546;3.07
543;488;4.003
543;539;3.063
543;540;3.307
543;547;2.96
544;492;3.862
544;540;2.69
544;541;2.964
544;547;3.066
544;548;3.128
544;553;3.523
545;541;3.123
545;542;3.278
545;553;3.322
546;485;2.939
546;542;3.07
547;488;3.909
547;492;3.988
547;543;2.96
547;544;3.066
548;485;2.72
548;544;3.128
549;485;2.76
549;552;3.166
549;553;3.054
550;553;3.468
550;554;3.094
551;554;3.22
551;555;3.318
552;549;3.166
552;555;3.023
553;544;3.523
553;545;3.322
553;549;3.054
553;550;3.468
553;559;3.435
553;563;2.822
554;550;3.094
554;551;3.22
555;551;3.318
555;552;3.023
556;559;2.995
557;560;3.03
557;561;3.159
558;561;3.355
558;562;2.999
558;590;3.803
558;593;4.026
559;553;3.435
559;556;2.995
559;562;3.895
559;563;2.759
560;557;3.03
560;563;3.195
560;564;3.082
561;557;3.159
561;558;3.355
561;564;3.29
561;565;3.137
561;590;3.901
562;558;2.999
562;559;3.895
562;565;3.089
562;566;2.99
562;591;2.658
563;541;3.929
563;553;2.822
563;559;2.759
563;560;3.195
563;567;2.738
564;560;3.082
564;561;3.29
564;567;3.457
564;568;2.975
565;561;3.137
565;562;3.089
565;568;3.413
565;569;2.744
565;587;3.766
566;562;2.99
566;569;2.983
566;570;2.987
567;563;2.738
567;564;3.457
567;571;2.95
568;564;2.975
568;565;3.413
568;571;3.231
568;572;3.02
568;581;3.695
569;534;3.835
569;565;2.744
569;566;2.983
569;573;3.078
569;585;3.904
570;534;3.649
570;566;2.987
570;574;2.941
571;567;2.95
571;568;3.231
571;574;3.344
571;575;3.101
572;568;3.02
572;575;3.038
572;585;3.234
573;531;3.634
573;569;3.078
574;570;2.941
574;571;3.344
575;571;3.101
575;572;3.038
575;576;3.267
576;575;3.267
576;578;3.442
577;579;3.398
577;1080;3.544
578;576;3.442
578;581;3.405
579;577;3.398
579;582;3.289
580;583;2.728
580;1004;3.852
581;568;3.695
581;578;3.405
581;584;2.9
582;515;3.852
582;579;3.289
582;585;3.133
582;1003;2.761
583;580;2.728
583;586;2.843
583;1000;3.887
584;581;2.9
584;587;3.041
585;512;3.84
585;530;2.843
585;569;3.904
585;572;3.234
585;582;3.133
585;588;4.012
586;512;3.621
586;583;2.843
586;589;3.108
586;996;3.892
586;999;3.835
587;565;3.766
587;584;3.041
587;590;2.913
588;505;3.6
588;508;3.764
588;537;3.38
588;585;4.012
588;591;2.903
589;586;3.108
589;592;2.909
589;992;3.511
589;996;3.987
590;558;3.803
590;561;3.901
590;587;2.913
590;593;2.796
590;603;3.645
590;993;3.807
590;996;3.753
591;505;3.653
591;562;2.658
591;588;2.903
592;505;3.655
592;506;3.867
592;589;2.909
592;595;2.841
592;596;2.985
593;558;4.026
593;590;2.796
593;596;3.153
593;599;3.731
593;603;3.424
594;498;2.583
594;727;3.213
595;592;2.841
596;592;2.985
596;593;3.153
596;599;3.058
596;600;3.156
596;985;3.402
596;988;3.887
596;989;3.971
597;600;3.055
597;601;2.975
597;726;3.692
598;601;3.147
598;602;3.107
598;985;2.73
598;989;3.685
599;593;3.731
599;596;3.058
599;602;3.141
599;603;3.044
600;596;3.156
600;597;3.055
600;603;3.412
600;604;2.988
601;597;2.975
601;598;3.147
601;604;3.338
601;605;3.022
602;598;3.107
602;599;3.141
602;605;3.085
602;606;3.115
602;1111;3.789
603;590;3.645
603;593;3.424
603;599;3.044
603;600;3.412
603;606;3.302
603;607;2.921
604;600;2.988
604;601;3.338
604;608;2.988
604;716;2.768
605;601;3.022
605;602;3.085
605;608;3.192
605;609;3.141
605;1107;3.655
605;1110;3.595
605;1111;3.939
606;602;3.115
606;603;3.302
606;609;2.597
606;610;3.242
606;1103;3.905
606;1107;3.706
607;603;2.921
607;611;2.948
608;604;2.988
608;605;3.192
608;612;3.093
608;613;2.783
608;712;3.672
608;715;3.887
609;605;3.141
609;606;2.597
610;606;3.242
611;607;2.948
611;614;3.006
612;608;3.093
613;608;2.783
613;616;3.008
613;617;3.055
613;711;3.824
614;611;3.006
614;617;3.425
614;618;2.967
615;109;3.026
615;110;3.556
615;113;3.373
615;618;3.271
615;619;3.078
616;613;3.008
616;619;3.131
616;620;3.077
616;711;3.786
617;613;3.055
617;614;3.425
617;620;3.353
617;621;2.993
618;614;2.967
618;615;3.271
618;621;3.319
618;622;2.979
619;110;3.848
619;113;3.935
619;615;3.078
619;616;3.131
619;622;3.493
619;623;3.037
620;616;3.077
620;617;3.353
620;623;3.193
620;624;3.017
620;704;3.885
620;705;3.849
620;708;3.716
621;617;2.993
621;618;3.319
621;624;3.45
621;625;3.017
622;104;3.948
622;110;3.828
622;618;2.979
622;619;3.493
622;625;3.325
622;626;2.971
623;619;3.037
623;620;3.193
623;626;3.264
623;627;3.035
623;704;3.877
624;620;3.017
624;621;3.45
624;627;3.377
624;628;3.071
624;663;3.687
624;666;3.984
624;670;3.861
625;26;3.678
625;621;3.017
625;622;3.325
625;628;3.166
625;629;3.042
625;659;3.893
626;101;3.83
626;102;3.813
626;622;2.971
626;623;3.264
626;630;2.963
627;623;3.035
627;624;3.377
627;631;3.012
627;666;3.896
627;696;3.678
627;697;3.634
627;700;3.878
628;624;3.071
628;625;3.166
628;632;3.027
628;659;3.608
628;662;2.829
628;663;3.923
629;98;3.559
629;625;3.042
629;632;3.307
629;633;2.995
629;659;3.77
630;626;2.963
630;633;3.406
630;634;3.024
631;627;3.012
631;635;2.998
631;656;3.59
632;30;3.956
632;628;3.027
632;629;3.307
632;636;2.983
632;658;3.801
632;659;3.846
633;94;3.234
633;98;3.483
633;629;2.995
633;630;3.406
634;95;3.641
634;630;3.024
634;693;3.787
635;631;2.998
635;638;3.032
635;639;3.077
635;656;3.929
635;681;3.714
635;685;3.791
635;689;3.641
635;690;3.614
635;693;3.853
635;694;3.881
636;632;2.983
636;639;3.462
637;640;3.029
637;641;2.642
638;635;3.032
638;641;3.036
638;642;2.992
638;684;3.469
638;685;4.016
639;635;3.077
639;636;3.462
639;656;3.513
639;694;3.12
640;637;3.029
640;643;3.946
640;657;2.936
641;637;2.642
641;638;3.036
642;638;2.992
642;645;2.977
642;684;3.201
643;640;3.946
643;646;2.958
643;647;3.041
643;651;3.687
644;649;2.047
645;642;2.977
645;683;2.68
646;184;2.957
646;643;2.958
646;680;3.657
646;683;3.959
646;684;3.628
647;643;3.041
647;649;3.018
647;650;3.772
647;651;3.466
647;652;3.252
648;184;2.633
649;644;2.047
649;647;3.018
650;647;3.772
651;643;3.687
651;647;3.466
651;1087;3.335
652;647;3.252
653;661;3.613
653;1073;3.79
653;1087;3.449
653;1088;3.952
654;664;3.796
654;665;3.964
654;668;3.474
654;1073;2.939
654;1094;6.001
655;661;3.022
655;665;3.754
656;631;3.59
656;635;3.929
656;639;3.513
656;662;3.865
656;665;3.733
656;694;3.738
657;640;2.936
658;632;3.801
658;662;3.02
659;30;3.55
659;625;3.893
659;628;3.608
659;629;3.77
659;632;3.846
659;662;3.337
659;663;2.963
660;664;3.007
660;1091;3.579
660;1092;3.368
660;1095;3.766
661;653;3.613
661;655;3.022
661;664;3.215
661;665;3.019
661;1088;3.209
662;628;2.829
662;656;3.865
662;658;3.02
662;659;3.337
662;665;3.237
662;666;3.049
663;624;3.687
663;628;3.923
663;659;2.963
663;666;3.352
663;667;2.983
664;654;3.796
664;660;3.007
664;661;3.215
664;668;2.986
664;1094;3.511
665;654;3.964
665;655;3.754
665;656;3.733
665;661;3.019
665;662;3.237
665;668;3.115
665;669;2.974
666;624;3.984
666;627;3.896
666;662;3.049
666;663;3.352
666;669;3.161
666;670;3.094
667;663;2.983
667;670;3.147
667;671;3.022
667;1098;3.83
667;1101;3.846
668;654;3.474
668;664;2.986
668;665;3.115
668;671;3.221
668;672;3.004
668;673;2.72
668;676;3.521
668;1068;3.92
669;665;2.974
669;666;3.161
669;672;3.029
669;674;4.04
669;697;3.929
669;698;4.022
670;624;3.861
670;666;3.094
670;667;3.147
670;702;3.289
671;667;3.022
671;668;3.221
671;1065;3.618
671;1101;4.088
672;668;3.004
672;669;3.029
673;231;3.943
673;668;2.72
673;1068;2.787
674;225;3.708
674;226;3.72
674;229;3.43
674;231;2.913
674;669;4.04
674;678;3.019
674;698;3.415
675;222;3.934
675;226;3.772
675;231;2.705
675;232;3.88
675;678;3.253
675;679;2.996
676;668;3.521
676;679;2.994
676;680;3.406
677;681;3.078
677;694;3.967
678;674;3.019
678;675;3.253
678;681;3.47
678;682;2.957
678;691;3.716
678;694;3.629
678;695;3.892
679;208;3.743
679;209;3.931
679;211;3.561
679;232;3.953
679;675;2.996
679;676;2.994
679;682;3.243
679;683;3.048
680;209;2.593
680;646;3.657
680;676;3.406
680;683;3.44
680;684;3.03
681;635;3.714
681;677;3.078
681;678;3.47
681;684;3.248
681;685;2.923
681;690;2.048
681;694;3.407
682;211;3.496
682;678;2.957
682;679;3.243
682;686;3.023
682;687;3.942
682;690;3.739
682;691;3.324
683;209;3.87
683;211;2.587
683;645;2.68
683;646;3.959
683;679;3.048
683;680;3.44
684;638;3.469
684;642;3.201
684;646;3.628
684;680;3.03
684;681;3.248
685;635;3.791
685;638;4.016
685;681;2.923
686;682;3.023
686;690;3.119
687;211;3.912
687;682;3.942
687;690;3.471
687;691;3.003
688;692;3.084
689;635;3.641
689;693;2.976
690;635;3.614
690;681;2.048
690;682;3.739
690;686;3.119
690;687;3.471
690;694;3.029
691;678;3.716
691;682;3.324
691;687;3.003
691;695;3.047
692;688;3.084
692;696;3.022
693;634;3.787
693;635;3.853
693;689;2.976
693;696;3.349
693;697;2.99
694;635;3.881
694;639;3.12
694;656;3.738
694;677;3.967
694;678;3.629
694;681;3.407
694;690;3.029
694;697;3.417
694;698;3.064
695;225;4.038
695;678;3.892
695;691;3.047
695;698;3.417
695;699;2.986
696;627;3.678
696;692;3.022
696;693;3.349
696;699;3.423
696;700;2.999
697;627;3.634
697;669;3.929
697;693;2.99
697;694;3.417
697;701;2.971
698;225;3.852
698;669;4.022
698;674;3.415
698;694;3.064
698;695;3.417
698;702;2.999
699;695;2.986
699;696;3.423
699;703;3.1
700;627;3.878
700;696;2.999
700;703;3.371
700;704;3.061
701;697;2.971
701;704;3.199
701;705;2.961
702;670;3.289
702;698;2.999
702;706;3.003
703;117;3.335
703;699;3.1
703;700;3.371
703;707;3.022
704;117;3.934
704;620;3.885
704;623;3.877
704;700;3.061
704;701;3.199
704;707;3.345
704;708;3.018
705;620;3.849
705;701;2.961
705;708;3.225
705;709;2.998
705;1106;3.922
706;267;3.705
706;270;3.461
706;702;3.003
706;709;3.341
706;710;3.003
707;117;3.887
707;270;3.775
707;703;3.022
707;704;3.345
707;711;3.008
708;620;3.716
708;704;3.018
708;705;3.225
708;711;3.296
708;712;3.052
709;705;2.998
709;706;3.341
709;712;3.229
709;713;3.009
709;1106;3.778
709;1109;3.616
709;1110;3.96
710;270;3.972
710;706;3.003
710;713;3.214
710;714;3.016
711;274;3.705
711;613;3.824
711;616;3.786
711;707;3.008
711;708;3.296
711;715;2.84
712;608;3.672
712;708;3.052
712;709;3.229
712;716;3.059
712;1107;3.878
712;1110;3.017
713;709;3.009
713;710;3.214
713;716;2.843
713;717;3.153
713;1110;3.741
713;1113;3.953
714;275;3.974
714;710;3.016
714;717;3.721
715;608;3.887
715;711;2.84
716;604;2.768
716;712;3.059
716;713;2.843
717;713;3.153
717;714;3.721
717;718;4.0
718;717;4.0
719;750;3.352
720;748;3.638
721;724;2.939
721;728;3.465
722;730;2.754
723;728;3.324
723;730;3.757
723;748;3.681
724;721;2.939
724;728;3.809
725;726;3.012
726;597;3.692
726;725;3.012
727;594;3.213
728;721;3.465
728;723;3.324
728;724;3.809
729;744;2.826
729;746;3.83
730;722;2.754
730;723;3.757
731;738;3.834
731;747;3.288
732;744;2.757
732;766;3.099
732;767;3.925
733;736;3.421
733;739;3.672
733;759;3.759
733;761;3.072
734;759;3.488
735;738;3.256
735;752;3.829
735;754;2.835
735;755;2.849
735;756;2.644
736;733;3.421
736;739;2.993
736;741;3.657
736;757;3.864
737;747;2.737
737;749;2.687
738;731;3.834
738;735;3.256
738;749;3.476
739;733;3.672
739;736;2.993
739;747;2.918
739;760;3.64
740;742;3.027
740;745;2.672
740;747;2.679
741;736;3.657
742;740;3.027
742;743;3.91
743;742;3.91
744;729;2.826
744;732;2.757
744;762;3.314
744;767;2.661
745;740;2.672
746;729;3.83
747;731;3.288
747;737;2.737
747;739;2.918
747;740;2.679
748;720;3.638
748;723;3.681
749;737;2.687
749;738;3.476
750;719;3.352
751;753;2.8
751;754;2.858
752;735;3.829
752;755;3.527
753;751;2.8
754;735;2.835
754;751;2.858
755;735;2.849
755;752;3.527
755;758;3.89
755;759;2.622
756;735;2.644
757;736;3.864
757;759;3.295
758;755;3.89
759;733;3.759
759;734;3.488
759;755;2.622
759;757;3.295
760;739;3.64
761;733;3.072
761;765;3.775
761;766;3.52
762;744;3.314
762;766;3.909
763;764;3.37
764;763;3.37
764;766;3.074
764;767;3.754
764;768;3.239
765;761;3.775
766;732;3.099
766;761;3.52
766;762;3.909
766;764;3.074
767;732;3.925
767;744;2.661
767;764;3.754
768;764;3.239
768;770;2.948
769;773;2.868
769;775;2.598
770;768;2.948
770;774;2.79
771;773;2.982
771;774;3.25
772;774;2.835
773;769;2.868
773;771;2.982
774;770;2.79
774;771;3.25
774;772;2.835
775;769;2.598
775;778;3.768
776;779;3.845
776;780;2.796
776;781;2.682
777;779;2.769
778;775;3.768
778;781;3.061
779;776;3.845
779;777;2.769
780;776;2.796
781;776;2.682
781;778;3.061
782;785;2.743
782;788;3.318
783;788;2.789
784;786;3.64
784;787;3.023
785;782;2.743
786;784;3.64
787;784;3.023
788;782;3.318
788;783;2.789
789;792;2.956
790;792;3.397
791;793;4.015
792;789;2.956
792;790;3.397
793;791;4.015
794;798;3.639
794;799;3.775
795;797;3.291
795;798;3.198
796;802;3.967
797;795;3.291
797;801;3.138
797;802;2.933
798;794;3.639
798;795;3.198
798;800;2.571
799;794;3.775
800;798;2.571
800;803;3.415
801;797;3.138
802;796;3.967
802;797;2.933
803;800;3.415
804;806;2.8
805;807;2.688
806;804;2.8
807;805;2.688
808;811;2.635
809;813;2.684
810;813;2.665
810;814;3.765
811;808;2.635
812;814;3.309
813;809;2.684
813;810;2.665
814;810;3.765
814;812;3.309
814;816;2.781
815;817;3.264
816;814;2.781
817;815;3.264
818;831;2.049
818;833;3.793
819;833;2.948
820;833;3.643
821;823;3.612
822;824;4.037
823;821;3.612
824;822;4.037
825;826;3.761
826;825;3.761
827;831;3.936
827;832;3.364
827;833;2.837
828;832;2.822
829;832;3.424
830;832;3.861
831;818;2.049
831;827;3.936
831;833;3.376
832;827;3.364
832;828;2.822
832;829;3.424
832;830;3.861
833;818;3.793
833;819;2.948
833;820;3.643
833;827;2.837
833;831;3.376
834;839;2.708
835;837;2.709
835;839;2.817
836;839;2.949
836;840;3.03
837;835;2.709
838;841;3.163
839;834;2.708
839;835;2.817
839;836;2.949
839;842;3.004
839;843;3.132
840;836;3.03
840;843;3.266
840;844;2.989
841;838;3.163
841;844;3.346
841;845;2.994
842;839;3.004
842;845;3.531
842;846;2.972
843;839;3.132
843;840;3.266
843;846;2.752
843;847;2.754
844;840;2.989
844;841;3.346
844;847;2.945
844;848;2.985
845;841;2.994
845;842;3.531
845;849;2.984
845;910;2.878
846;842;2.972
846;843;2.752
846;849;3.435
846;850;3.118
847;843;2.754
847;844;2.945
847;850;3.108
847;851;3.135
848;844;2.985
848;851;3.263
848;852;3.045
848;906;3.979
848;909;3.78
848;910;3.636
849;845;2.984
849;846;3.435
849;852;3.182
849;853;2.614
849;911;3.425
850;846;3.118
850;847;3.108
850;853;2.742
851;847;3.135
851;848;3.263
851;854;3.01
851;857;4.007
852;848;3.045
852;849;3.182
852;906;3.538
852;907;3.598
852;910;3.592
853;849;2.614
853;850;2.742
854;851;3.01
854;857;3.141
854;858;3.139
855;859;2.693
856;860;3.028
857;851;4.007
857;854;3.141
857;860;3.369
857;861;3.07
858;854;3.139
858;861;3.405
858;862;3.025
858;907;3.315
859;855;2.693
859;862;3.365
859;863;3.103
860;856;3.028
860;857;3.369
860;863;3.331
860;864;3.07
861;857;3.07
861;858;3.405
861;864;3.069
861;865;2.972
861;903;3.7
862;858;3.025
862;859;3.365
862;865;3.29
862;866;3.108
862;965;3.831
862;966;3.733
863;859;3.103
863;860;3.331
863;866;3.233
863;867;3.02
864;860;3.07
864;861;3.069
864;867;3.452
864;868;3.008
864;899;3.773
865;861;2.972
865;862;3.29
865;868;3.371
865;869;2.721
865;961;3.772
865;962;3.928
865;965;3.72
866;862;3.108
866;863;3.233
866;869;3.318
866;870;2.973
867;863;3.02
867;864;3.452
867;870;3.467
867;871;2.986
867;896;3.666
868;864;3.008
868;865;3.371
868;871;3.388
868;872;3.293
869;865;2.721
869;866;3.318
869;872;3.11
870;866;2.973
870;867;3.467
870;873;2.936
871;867;2.986
871;868;3.388
871;874;3.098
872;868;3.293
872;869;3.11
872;875;3.325
872;955;3.334
872;1308;3.703
873;870;2.936
873;1332;3.768
874;871;3.098
874;882;2.932
874;885;3.905
874;889;3.716
875;872;3.325
875;952;3.257
875;955;3.092
875;1311;3.776
876;879;2.984
876;882;2.655
876;1311;3.799
877;1315;3.869
877;1316;3.71
877;1330;4.031
878;881;2.989
878;882;3.072
879;876;2.984
879;882;3.41
879;886;3.806
880;883;2.701
880;886;2.637
881;878;2.989
882;874;2.932
882;876;2.655
882;878;3.072
882;879;3.41
882;885;3.197
882;886;3.106
883;880;2.701
883;886;3.268
883;887;3.095
884;887;3.278
884;888;3.056
885;874;3.905
885;882;3.197
885;888;3.391
885;889;3.024
886;879;3.806
886;880;2.637
886;882;3.106
886;883;3.268
886;889;3.385
886;890;3.041
887;883;3.095
887;884;3.278
887;890;3.372
887;891;3.095
888;884;3.056
888;885;3.391
888;892;2.941
889;874;3.716
889;885;3.024
889;886;3.385
889;893;2.997
890;886;3.041
890;887;3.372
890;893;3.206
890;894;2.663
891;887;3.095
891;894;3.019
891;895;3.148
892;888;2.941
892;895;3.147
892;896;2.964
893;889;2.997
893;890;3.206
893;896;3.371
893;897;3.042
893;958;3.567
894;890;2.663
894;891;3.019
894;897;2.796
894;898;3.079
895;891;3.148
895;892;3.147
895;898;3.285
895;899;3.063
896;867;3.666
896;892;2.964
896;893;3.371
896;899;3.322
896;900;3.034
897;893;3.042
897;894;2.796
897;900;3.315
897;901;3.035
897;932;3.867
898;894;3.079
898;895;3.285
898;901;3.424
898;902;2.978
899;864;3.773
899;895;3.063
899;896;3.322
899;902;3.422
899;903;2.989
900;896;3.034
900;897;3.315
900;904;2.993
900;961;3.795
901;897;3.035
901;898;3.424
901;904;3.295
901;905;2.982
901;929;3.625
901;933;3.665
902;898;2.978
902;899;3.422
902;905;3.431
902;906;3.03
903;861;3.7
903;899;2.989
903;906;3.406
903;907;2.681
904;900;2.993
904;901;3.295
904;907;3.429
904;908;2.969
904;916;4.013
904;926;3.935
904;929;3.992
905;901;2.982
905;902;3.431
905;908;3.157
905;909;3.037
906;848;3.979
906;852;3.538
906;902;3.03
906;903;3.406
906;909;3.474
906;910;2.942
907;852;3.598
907;858;3.315
907;903;2.681
907;904;3.429
907;910;3.42
907;911;2.925
908;904;2.969
908;905;3.157
908;912;3.002
908;913;3.423
908;916;3.471
908;917;3.802
909;848;3.78
909;905;3.037
909;906;3.474
910;845;2.878
910;848;3.636
910;852;3.592
910;906;2.942
910;907;3.42
911;849;3.425
911;907;2.925
911;915;2.645
912;908;3.002
912;915;2.988
912;916;3.013
913;908;3.423
913;917;3.384
914;358;2.694
915;351;3.944
915;911;2.645
915;912;2.988
916;904;4.013
916;908;3.471
916;912;3.013
916;919;3.025
916;922;2.964
917;362;3.096
917;908;3.802
