source;destination;distance
0;3;2.796
0;4;3.006
1;47;3.566
2;7;3.538
2;48;3.656
3;0;2.796
4;0;3.006
4;7;3.134
4;8;2.975
5;9;2.968
6;10;2.976
7;2;3.538
7;4;3.134
7;10;3.097
7;11;2.967
7;43;4.016
7;47;3.731
8;4;2.975
8;11;3.475
8;12;2.984
9;5;2.968
9;13;2.937
10;6;2.976
10;7;3.097
10;14;2.946
11;7;2.967
11;8;3.475
11;14;3.416
11;15;3.009
11;44;3.606
12;8;2.984
12;16;2.983
12;104;4.029
13;9;2.937
13;16;3.372
13;17;2.943
14;10;2.946
14;11;3.416
14;18;3.012
14;37;3.627
15;11;3.009
15;19;2.982
15;37;3.748
15;99;3.963
15;100;3.562
16;12;2.983
16;13;3.372
16;19;3.129
16;20;3.086
17;13;2.943
17;20;3.286
17;21;2.981
18;14;3.012
18;22;2.963
18;37;3.149
18;96;3.608
19;15;2.982
19;16;3.129
19;22;3.166
19;97;3.493
19;616;3.506
20;16;3.086
20;17;3.286
21;17;2.981
21;24;2.982
21;30;3.597
21;33;3.413
22;18;2.963
22;19;3.166
22;93;4.019
23;616;3.734
24;21;2.982
24;27;3.965
25;623;3.244
25;650;3.698
25;651;3.267
26;30;3.833
27;24;3.965
27;30;2.847
28;31;2.725
28;32;3.017
29;32;3.323
29;33;2.974
30;21;3.597
30;26;3.833
30;27;2.847
30;33;3.41
30;34;3.006
31;28;2.725
31;35;3.018
32;28;3.017
32;29;3.323
32;36;3.002
33;21;3.413
33;29;2.974
33;30;3.41
33;36;3.25
33;37;2.949
34;30;3.006
34;37;3.35
34;38;2.936
34;93;2.816
34;96;3.199
35;31;3.018
35;38;3.366
35;39;2.968
35;81;3.605
36;32;3.002
36;33;3.25
36;39;3.345
36;40;3.003
37;14;3.627
37;15;3.748
37;18;3.149
37;33;2.949
37;34;3.35
37;40;2.988
37;41;2.866
37;96;3.454
38;34;2.936
38;35;3.366
38;41;3.992
38;42;2.99
38;80;2.777
39;35;2.968
39;36;3.345
39;42;3.166
39;43;2.985
40;36;3.003
40;37;2.988
40;43;3.452
40;44;2.908
41;37;2.866
41;38;3.992
41;45;2.952
41;73;3.463
41;99;3.505
42;38;2.99
42;39;3.166
42;45;3.282
42;46;2.972
43;7;4.016
43;39;2.985
43;40;3.452
43;46;3.386
43;47;3.052
44;11;3.606
44;40;2.908
44;47;3.257
44;48;2.819
44;99;2.65
45;41;2.952
45;42;3.282
45;49;2.993
45;55;3.956
45;73;3.936
46;42;2.972
46;43;3.386
46;50;3.065
47;1;3.566
47;7;3.731
47;43;3.052
47;44;3.257
48;2;3.656
48;44;2.819
48;66;3.189
48;69;2.661
49;45;2.993
49;58;3.829
49;66;3.679
50;46;3.065
50;52;3.056
50;54;3.653
51;54;3.676
51;57;3.459
52;50;3.056
52;55;2.985
53;56;2.99
54;50;3.653
54;51;3.676
54;57;2.998
55;45;3.956
55;52;2.985
55;58;3.04
55;70;3.935
56;53;2.99
56;59;3.005
57;51;3.459
57;54;2.998
57;60;3.018
58;49;3.829
58;55;3.04
58;61;2.989
58;63;3.998
58;66;3.496
58;67;3.985
58;70;3.775
59;56;3.005
60;57;3.018
61;58;2.989
62;297;2.768
63;58;3.998
63;66;3.004
63;67;2.866
64;68;3.051
65;68;3.021
65;69;3.056
65;102;3.45
65;108;3.193
65;111;3.807
66;48;3.189
66;49;3.679
66;58;3.496
66;63;3.004
66;69;3.61
66;70;2.98
67;58;3.985
67;63;2.866
67;70;3.398
67;71;2.948
68;64;3.051
68;65;3.021
68;72;2.998
68;101;3.916
69;48;2.661
69;65;3.056
69;66;3.61
69;72;3.424
69;73;2.929
69;99;3.166
69;102;2.752
70;55;3.935
70;58;3.775
70;66;2.98
70;67;3.398
70;73;3.205
70;74;2.989
71;67;2.948
71;74;3.412
71;75;2.985
72;68;2.998
72;69;3.424
72;76;2.932
72;95;3.516
73;41;3.463
73;45;3.936
73;69;2.929
73;70;3.205
73;76;3.46
73;77;2.9
74;70;2.989
74;71;3.412
74;77;3.373
74;78;3.01
75;71;2.985
75;78;3.449
75;79;2.978
75;89;3.578
75;92;3.328
76;72;2.932
76;73;3.46
76;79;3.002
76;80;2.865
77;73;2.9
77;74;3.373
77;81;2.958
78;74;3.01
78;75;3.449
78;82;3.009
79;75;2.978
79;76;3.002
79;83;3.956
79;89;2.75
80;38;2.777
80;76;2.865
80;83;3.204
80;96;3.599
81;35;3.605
81;77;2.958
82;78;3.009
82;84;2.987
83;79;3.956
83;80;3.204
83;90;2.954
83;93;3.566
84;82;2.987
85;89;3.59
86;89;3.138
87;90;2.899
87;91;3.21
87;625;3.921
88;91;3.126
89;75;3.578
89;79;2.75
89;85;3.59
89;86;3.138
89;92;3.001
90;83;2.954
90;87;2.899
91;87;3.21
91;88;3.126
91;94;3.01
91;624;3.377
91;625;3.816
92;75;3.328
92;89;3.001
92;95;2.866
93;22;4.019
93;34;2.816
93;83;3.566
93;96;2.916
94;91;3.01
94;97;2.862
94;617;3.964
94;620;3.648
94;621;3.702
95;72;3.516
95;92;2.866
95;98;3.853
95;99;3.006
96;18;3.608
96;34;3.199
96;37;3.454
96;80;3.599
96;93;2.916
96;99;3.213
97;19;3.493
97;94;2.862
97;100;3.002
98;95;3.853
98;101;2.903
98;617;3.945
99;15;3.963
99;41;3.505
99;44;2.65
99;69;3.166
99;95;3.006
99;96;3.213
99;102;2.947
100;15;3.562
100;97;3.002
100;103;2.995
100;104;2.996
100;107;3.627
100;613;3.496
101;68;3.916
101;98;2.903
101;111;3.872
102;65;3.45
102;69;2.752
102;99;2.947
102;108;2.823
103;100;2.995
104;12;4.029
104;100;2.996
104;107;3.096
104;108;2.983
105;108;3.355
105;109;2.951
106;110;3.132
106;606;3.419
107;100;3.627
107;104;3.096
107;110;3.443
107;111;2.993
107;610;3.721
108;65;3.193
108;102;2.823
108;104;2.983
108;105;3.355
108;111;3.449
108;112;2.976
109;105;2.951
109;112;3.236
109;113;3.027
110;106;3.132
110;107;3.443
110;113;3.122
110;114;3.001
110;606;3.346
110;607;3.421
111;65;3.807
111;101;3.872
111;107;2.993
111;108;3.449
111;114;3.209
111;115;3.019
112;108;2.976
112;109;3.236
112;115;3.435
112;116;3.003
113;109;3.027
113;110;3.122
113;116;3.226
113;117;3.039
114;110;3.001
114;111;3.209
114;117;3.058
114;118;3.272
114;695;3.744
115;111;3.019
115;112;3.435
115;118;2.973
116;112;3.003
116;113;3.226
116;119;2.821
116;258;3.872
117;113;3.039
117;114;3.058
117;120;3.116
117;121;3.007
118;114;3.272
118;115;2.973
118;122;3.014
119;116;2.821
119;262;2.735
120;117;3.116
120;258;3.785
120;261;2.66
120;262;2.774
121;117;3.007
121;124;3.312
121;125;2.935
121;255;3.981
122;118;3.014
122;126;2.979
123;126;3.195
123;127;3.095
123;1258;3.464
123;1259;2.961
124;121;3.312
124;127;3.426
124;128;3.17
124;247;3.594
124;1262;4.021
125;121;2.935
125;128;3.352
125;129;2.928
126;122;2.979
126;123;3.195
126;129;3.307
126;130;2.983
127;123;3.095
127;124;3.426
127;131;2.967
127;1253;3.996
127;1259;3.965
127;1262;3.819
128;124;3.17
128;125;3.352
128;131;3.342
128;132;2.898
128;247;3.447
129;125;2.928
129;126;3.307
129;132;3.486
129;133;3.016
130;126;2.983
130;133;3.404
130;134;2.937
130;1249;3.686
130;1252;3.417
130;1253;3.775
131;127;2.967
131;128;3.342
131;134;3.442
131;135;2.873
132;128;2.898
132;129;3.486
132;136;2.963
132;207;3.68
132;210;3.942
133;129;3.016
133;130;3.404
133;136;3.243
133;137;3.016
134;130;2.937
134;131;3.442
134;137;3.264
134;138;2.971
134;1160;3.749
134;1249;3.734
135;131;2.873
135;139;2.951
135;210;3.567
135;243;3.8
136;132;2.963
136;133;3.243
136;140;2.932
136;203;3.681
136;207;3.914
137;133;3.016
137;134;3.264
137;140;3.223
137;141;3.119
137;1246;3.934
138;134;2.971
138;141;3.12
138;142;3.433
138;236;3.689
138;1243;3.69
138;1246;3.921
139;135;2.951
139;142;3.419
139;143;2.951
139;200;3.601
140;136;2.932
140;137;3.223
140;144;3.489
140;202;3.527
140;203;3.913
141;137;3.119
141;138;3.12
141;1243;3.619
141;1246;3.403
142;138;3.433
142;139;3.419
142;1239;3.678
142;1243;3.491
143;139;2.951
143;223;2.97
143;233;3.489
143;236;3.736
143;237;3.676
144;140;3.489
144;201;3.981
145;150;2.894
145;196;3.114
146;190;3.017
146;194;3.769
146;195;3.936
146;196;3.532
147;150;2.966
147;151;3.872
147;191;3.955
147;194;2.825
148;194;2.921
148;197;3.607
148;201;2.671
149;153;3.851
149;155;3.634
150;145;2.894
150;147;2.966
150;154;3.142
150;191;2.954
150;201;2.849
151;147;3.872
151;154;3.556
151;186;3.331
151;189;2.935
152;185;3.934
152;186;3.634
153;149;3.851
153;184;2.739
154;150;3.142
154;151;3.556
155;149;3.634
156;159;3.863
157;159;3.739
158;161;3.673
158;180;3.681
159;156;3.863
159;157;3.739
160;171;3.352
160;179;3.946
160;180;2.823
161;158;3.673
161;170;4.014
162;170;3.017
162;171;3.342
163;170;3.953
164;166;3.545
164;168;2.823
165;170;2.815
166;164;3.545
166;170;3.039
167;173;2.641
168;164;2.823
168;173;3.948
169;172;3.565
169;173;3.011
169;178;3.3
169;180;3.853
170;161;4.014
170;162;3.017
170;163;3.953
170;165;2.815
170;166;3.039
171;160;3.352
171;162;3.342
172;169;3.565
172;174;3.121
173;167;2.641
173;168;3.948
173;169;3.011
173;176;3.269
174;172;3.121
174;175;3.897
175;174;3.897
176;173;3.269
176;178;3.031
177;182;3.741
177;183;3.807
178;169;3.3
178;176;3.031
178;181;3.398
179;160;3.946
180;158;3.681
180;160;2.823
180;169;3.853
181;178;3.398
182;177;3.741
183;177;3.807
184;153;2.739
185;152;3.934
185;1017;3.442
186;151;3.331
186;152;3.634
186;189;3.124
187;1019;4.072
188;191;3.825
189;151;2.935
189;186;3.124
189;191;2.988
190;146;3.017
191;147;3.955
191;150;2.954
191;188;3.825
191;189;2.988
192;195;3.148
193;1014;2.757
193;1016;3.818
194;146;3.769
194;147;2.825
194;148;2.921
194;197;3.13
195;146;3.936
195;192;3.148
195;226;3.507
195;227;3.848
196;145;3.114
196;146;3.532
197;148;3.607
197;194;3.13
197;200;2.987
197;201;3.013
197;205;3.762
198;205;3.229
199;205;3.412
199;223;3.551
200;139;3.601
200;197;2.987
200;206;3.422
200;209;3.551
200;223;3.14
200;237;6.161
201;144;3.981
201;148;2.671
201;150;2.849
201;197;3.013
202;140;3.527
202;205;2.79
202;206;2.976
203;136;3.681
203;140;3.913
203;207;2.958
204;208;2.989
205;197;3.762
205;198;3.229
205;199;3.412
205;202;2.79
205;208;3.331
205;209;2.973
206;200;3.422
206;202;2.976
206;209;3.273
206;210;2.955
207;132;3.68
207;136;3.914
207;203;2.958
207;211;2.929
208;204;2.989
208;205;3.331
208;211;3.094
208;212;2.97
208;683;3.835
209;200;3.551
209;205;2.973
209;206;3.273
209;212;3.3
209;213;2.931
210;132;3.942
210;135;3.567
210;206;2.955
210;213;3.462
210;214;2.958
211;207;2.929
211;208;3.094
211;214;3.24
211;215;2.943
211;687;3.525
211;690;4.139
211;691;3.858
212;208;2.97
212;209;3.3
212;216;2.978
212;217;2.769
212;666;3.564
213;209;2.931
213;210;3.462
213;216;3.115
213;219;3.565
213;237;3.921
213;240;3.815
213;241;3.74
214;210;2.958
214;211;3.24
215;211;2.943
215;690;3.617
216;212;2.978
216;213;3.115
216;1324;3.255
216;1326;2.999
217;212;2.769
217;665;3.742
217;666;3.405
218;221;3.456
218;222;3.029
218;666;3.63
218;1331;3.936
219;213;3.565
219;223;3.093
219;224;3.137
219;238;3.771
219;241;3.313
219;1317;3.773
219;1320;3.732
219;1321;3.491
220;224;3.131
220;225;2.856
220;1317;3.768
220;1321;3.683
220;1356;3.368
220;1357;2.778
220;1358;3.261
221;218;3.456
221;225;3.741
221;1331;3.829
221;1358;3.31
222;218;3.029
222;225;3.261
223;143;2.97
223;199;3.551
223;200;3.14
223;219;3.093
223;233;3.108
223;237;6.186
224;219;3.137
224;220;3.131
224;227;2.94
224;234;3.394
224;1317;3.131
224;1356;3.49
225;220;2.856
225;221;3.741
225;222;3.261
225;1307;3.649
225;1355;3.672
225;1356;3.4
226;195;3.507
227;195;3.848
227;224;2.94
227;229;2.95
227;230;3.132
227;233;3.459
228;230;3.059
228;1314;3.677
228;1352;2.873
228;1355;3.475
229;227;2.95
229;233;3.021
230;227;3.132
230;228;3.059
230;233;2.975
230;234;2.938
230;1353;3.779
230;1354;3.499
231;234;3.639
231;235;2.921
231;1351;2.826
231;1353;2.781
232;1236;3.737
232;1239;3.792
232;1240;3.271
232;1353;2.957
233;143;3.489
233;223;3.108
233;227;3.459
233;229;3.021
233;230;2.975
233;236;3.03
233;237;3.428
234;224;3.394
234;230;2.938
234;231;3.639
234;237;3.311
234;238;2.947
234;1317;3.487
234;1354;3.974
234;1355;4.037
235;231;2.921
235;239;2.974
236;138;3.689
236;143;3.736
236;233;3.03
236;239;3.148
236;240;2.966
237;143;3.676
237;200;6.161
237;213;3.921
237;223;6.186
237;233;3.428
237;234;3.311
237;240;3.297
237;241;2.997
238;219;3.771
238;234;2.947
238;241;3.16
238;242;2.966
239;235;2.974
239;236;3.148
239;243;2.944
240;213;3.815
240;236;2.966
240;237;3.297
240;244;2.906
241;213;3.74
241;219;3.313
241;237;2.997
241;238;3.16
241;245;2.956
241;1320;3.615
242;238;2.966
242;245;3.397
242;246;2.93
243;135;3.8
243;239;2.944
243;247;2.923
244;240;2.906
244;248;2.93
245;241;2.956
245;242;3.397
245;248;3.495
245;249;2.984
246;242;2.93
246;249;3.421
246;250;2.941
246;1266;3.683
246;1273;3.608
247;124;3.594
247;128;3.447
247;243;2.923
247;250;3.183
247;251;2.877
248;244;2.93
248;245;3.495
248;251;3.36
248;252;2.969
249;245;2.984
249;246;3.421
249;252;3.492
249;253;2.993
249;1384;3.766
250;246;2.941
250;247;3.183
250;253;3.619
250;254;2.894
250;1262;3.144
250;1265;3.776
251;247;2.877
251;248;3.36
251;254;3.141
251;255;2.955
251;698;3.636
252;248;2.969
252;249;3.492
252;256;3.08
252;698;3.745
252;701;3.686
252;1381;3.532
253;249;2.993
253;250;3.619
253;257;2.916
253;1384;3.983
253;1385;3.933
253;1388;3.528
254;250;2.894
254;251;3.141
254;258;2.931
255;121;3.981
255;251;2.955
255;258;3.359
255;259;3.065
255;702;3.803
256;252;3.08
256;259;3.253
256;260;3.072
256;701;3.718
256;702;3.961
256;705;3.428
256;1385;3.462
257;253;2.916
257;260;3.457
257;261;2.879
257;1389;3.664
258;116;3.872
258;120;3.785
258;254;2.931
258;255;3.359
258;261;3.463
258;262;2.991
259;255;3.065
259;256;3.253
259;262;3.434
259;263;3.039
259;702;3.674
260;256;3.072
260;257;3.457
260;263;3.404
260;264;2.91
260;706;3.999
260;709;3.767
260;1106;5.952
260;1389;3.795
261;120;2.66
261;257;2.879
261;258;3.463
261;265;3.129
262;119;2.735
262;120;2.774
262;258;2.991
262;259;3.434
262;272;2.878
263;259;3.039
263;260;3.404
263;271;3.829
263;272;3.402
264;260;2.91
264;271;3.911
264;273;3.636
265;261;3.129
265;270;2.876
265;271;2.865
266;268;3.481
267;1123;2.706
268;266;3.481
269;275;4.022
269;276;3.622
270;265;2.876
271;263;3.829
271;264;3.911
271;265;2.865
272;262;2.878
272;263;3.402
273;264;3.636
274;277;3.858
274;280;3.761
275;269;4.022
276;269;3.622
276;279;2.941
276;280;3.068
277;274;3.858
277;281;2.986
278;281;3.07
278;282;3.281
279;276;2.941
280;274;3.761
280;276;3.068
280;283;3.041
280;284;2.937
281;277;2.986
281;278;3.07
281;284;3.617
281;321;2.739
282;278;3.281
282;319;2.809
282;321;3.566
282;323;3.376
283;280;3.041
283;319;2.783
284;280;2.937
284;281;3.617
285;288;2.639
285;289;3.721
286;289;3.333
286;290;3.168
287;290;3.042
287;291;3.149
288;285;2.639
288;291;3.279
289;285;3.721
289;286;3.333
289;292;2.936
289;301;3.622
290;286;3.168
290;287;3.042
290;293;3.485
291;287;3.149
291;288;3.279
291;294;3.353
291;295;3.892
291;296;2.997
292;289;2.936
292;295;3.96
292;300;2.839
293;290;3.485
293;295;3.164
293;301;3.607
294;291;3.353
295;291;3.892
295;292;3.96
295;293;3.164
296;291;2.997
297;62;2.768
298;300;3.303
299;302;3.778
299;303;3.906
300;292;2.839
300;298;3.303
301;289;3.622
301;293;3.607
302;299;3.778
303;299;3.906
304;317;3.967
305;311;2.811
306;309;2.864
307;309;2.97
308;310;2.748
308;312;2.813
309;306;2.864
309;307;2.97
309;311;3.108
310;308;2.748
310;311;4.016
311;305;2.811
311;309;3.108
311;310;4.016
312;308;2.813
313;315;3.794
314;316;2.995
314;317;3.184
315;313;3.794
316;314;2.995
316;320;2.998
317;304;3.967
317;314;3.184
318;320;2.733
319;282;2.809
319;283;2.783
320;316;2.998
320;318;2.733
321;281;2.739
321;282;3.566
322;327;3.838
323;282;3.376
324;327;2.774
324;330;2.748
325;328;2.955
325;331;3.044
326;329;3.253
326;330;3.604
327;322;3.838
327;324;2.774
328;325;2.955
329;326;3.253
329;331;2.95
330;324;2.748
330;326;3.604
330;332;3.001
330;335;4.03
331;325;3.044
331;329;2.95
332;330;3.001
333;336;3.673
333;337;2.681
334;336;3.865
335;330;4.03
335;336;3.063
336;333;3.673
336;334;3.865
336;335;3.063
337;333;2.681
338;369;2.896
338;370;2.91
339;340;2.784
340;339;2.784
340;347;2.757
341;345;2.743
341;346;3.846
342;344;3.991
342;345;2.853
343;344;2.999
343;346;3.704
344;342;3.991
344;343;2.999
345;341;2.743
345;342;2.853
346;341;3.846
346;343;3.704
347;340;2.757
348;351;3.981
349;351;4.213
349;380;3.048
349;382;3.965
350;383;3.362
351;348;3.981
351;349;4.213
351;384;3.506
352;355;3.014
353;384;3.854
354;356;3.073
354;357;3.941
354;383;3.421
354;384;3.894
354;385;3.832
354;386;3.727
355;352;3.014
356;354;3.073
356;386;2.973
357;354;3.941
358;359;3.048
359;358;3.048
360;362;2.886
361;363;3.936
361;365;3.622
362;360;2.886
363;361;3.936
364;365;3.267
365;361;3.622
365;364;3.267
365;367;3.626
366;369;3.587
367;365;3.626
367;371;3.74
368;371;3.641
368;373;3.822
368;374;2.901
368;375;2.869
369;338;2.896
369;366;3.587
369;371;2.983
370;338;2.91
371;367;3.74
371;368;3.641
371;369;2.983
372;376;3.87
373;368;3.822
373;376;3.02
374;368;2.901
374;377;3.005
375;368;2.869
376;372;3.87
376;373;3.02
376;379;3.462
377;374;3.005
378;381;3.008
378;382;3.071
379;376;3.462
380;349;3.048
381;378;3.008
381;384;3.0
382;349;3.965
382;378;3.071
383;350;3.362
383;354;3.421
384;351;3.506
384;353;3.854
384;354;3.894
384;381;3.0
385;354;3.832
386;354;3.727
386;356;2.973
387;388;3.016
388;387;3.016
389;393;2.894
389;395;2.8
390;395;3.569
390;398;3.887
391;398;3.514
392;423;3.629
392;437;3.766
393;389;2.894
394;420;3.643
394;422;3.661
394;424;2.753
395;389;2.8
395;390;3.569
396;420;3.618
396;421;3.752
396;446;3.44
396;448;3.623
397;399;3.712
397;446;3.221
397;448;3.702
398;390;3.887
398;391;3.514
398;448;3.782
399;397;3.712
399;400;2.941
400;399;2.941
400;401;3.033
401;400;3.033
402;405;2.958
403;406;3.07
403;407;3.107
403;408;3.043
404;408;3.91
405;402;2.958
405;416;3.384
406;403;3.07
407;403;3.107
408;403;3.043
408;404;3.91
409;412;2.874
409;413;3.779
410;412;3.938
411;413;2.954
411;414;3.047
412;409;2.874
412;410;3.938
413;409;3.779
413;411;2.954
414;411;3.047
415;444;3.967
415;445;3.911
416;405;3.384
416;419;3.405
416;445;3.677
417;443;3.917
418;426;3.742
418;442;3.621
419;416;3.405
420;394;3.643
420;396;3.618
421;396;3.752
421;443;3.955
421;446;3.866
422;394;3.661
422;427;2.88
423;392;3.629
424;394;2.753
425;428;3.094
426;418;3.742
427;422;2.88
428;425;3.094
428;430;2.755
429;430;3.724
429;432;3.405
430;428;2.755
430;429;3.724
431;436;3.05
432;429;3.405
432;435;3.968
432;441;3.467
433;441;2.947
434;440;2.758
434;441;3.121
434;471;3.752
435;432;3.968
436;431;3.05
437;392;3.766
438;442;3.909
439;442;2.936
439;443;2.939
440;434;2.758
441;432;3.467
441;433;2.947
441;434;3.121
442;418;3.621
442;438;3.909
442;439;2.936
443;417;3.917
443;421;3.955
443;439;2.939
444;415;3.967
445;415;3.911
445;416;3.677
446;396;3.44
446;397;3.221
446;421;3.866
447;449;3.606
447;450;3.774
448;396;3.623
448;397;3.702
448;398;3.782
449;447;3.606
450;447;3.774
450;452;2.963
450;453;2.871
451;454;3.828
451;455;2.851
452;450;2.963
453;450;2.871
454;451;3.828
455;451;2.851
456;460;2.777
457;459;3.22
458;461;2.636
459;457;3.22
459;461;2.759
460;456;2.777
461;458;2.636
461;459;2.759
462;463;2.839
463;462;2.839
464;466;3.576
464;470;3.614
465;466;3.619
465;467;3.38
466;464;3.576
466;465;3.619
466;468;2.982
466;469;3.797
466;470;3.876
467;465;3.38
468;466;2.982
469;466;3.797
469;472;3.783
470;464;3.614
470;466;3.876
471;434;3.752
472;469;3.783
473;474;2.952
474;473;2.952
475;478;3.006
476;537;3.55
477;479;3.838
478;475;3.006
479;477;3.838
479;533;3.794
479;534;3.572
479;537;3.456
479;538;3.979
480;483;3.103
480;538;3.934
481;484;2.962
481;485;3.098
482;485;3.389
483;480;3.103
483;488;3.994
483;534;3.63
484;481;2.962
484;539;4.107
485;481;3.098
485;482;3.389
485;488;3.016
485;489;3.411
486;490;2.952
487;491;2.952
488;483;3.994
488;485;3.016
488;491;3.209
488;492;3.013
489;485;3.411
489;492;3.469
489;493;2.934
489;586;2.677
490;486;2.952
490;493;3.181
490;494;2.968
491;487;2.952
491;488;3.209
491;495;3.045
492;488;3.013
492;489;3.469
492;495;3.313
492;496;2.972
492;527;4.008
492;531;3.743
492;583;4.0
493;489;2.934
493;490;3.181
493;496;2.992
493;497;3.093
493;587;2.723
493;588;3.581
494;490;2.968
494;497;3.456
494;498;3.008
495;491;3.045
495;492;3.313
495;499;2.973
495;524;3.66
496;492;2.972
496;493;2.992
496;499;3.087
496;500;3.072
496;528;3.293
496;581;3.877
496;583;3.87
496;584;3.828
497;493;3.093
497;494;3.456
497;500;3.131
497;501;3.43
497;584;3.894
498;494;3.008
498;501;3.325
498;502;3.015
499;495;2.973
499;496;3.087
499;502;3.283
499;503;2.991
499;524;3.171
499;580;3.09
500;496;3.072
500;497;3.131
500;504;3.051
500;581;3.613
500;991;3.935
501;497;3.43
501;498;3.325
501;504;3.27
501;505;2.991
502;498;3.015
502;499;3.283
502;505;3.004
502;506;2.946
502;517;3.537
502;520;4.019
503;499;2.991
503;506;3.038
503;580;3.791
503;581;3.63
503;995;4.007
504;500;3.051
504;501;3.27
505;501;2.991
505;502;3.004
505;509;3.646
506;502;2.946
506;503;3.038
506;510;2.901
506;517;3.986
506;521;3.51
507;510;2.961
507;1038;3.201
507;1039;3.016
508;511;2.946
508;512;3.036
509;505;3.646
509;513;3.023
510;506;2.901
510;507;2.961
510;514;2.809
511;508;2.946
511;514;2.752
512;508;3.036
513;509;3.023
513;516;3.069
513;517;2.934
514;510;2.809
514;511;2.752
514;518;2.963
515;518;3.265
515;519;3.016
516;513;3.069
516;519;3.947
516;520;2.971
517;502;3.537
517;506;3.986
517;513;2.934
517;520;3.331
517;521;2.913
518;514;2.963
518;515;3.265
518;521;3.364
518;522;3.024
519;515;3.016
519;516;3.947
519;523;2.947
520;502;4.019
520;516;2.971
520;517;3.331
520;524;2.962
521;506;3.51
521;517;2.913
521;518;3.364
521;524;3.372
521;525;3.071
521;580;3.255
522;518;3.024
522;525;3.329
522;526;2.987
522;564;3.749
522;565;3.417
523;519;2.947
523;526;3.054
523;527;3.047
524;495;3.66
524;499;3.171
524;520;2.962
524;521;3.372
524;527;2.998
524;528;3.344
525;521;3.071
525;522;3.329
525;528;2.884
525;529;3.493
525;560;2.828
525;561;3.792
525;564;3.804
525;565;4.029
525;580;4.024
526;522;2.987
526;523;3.054
526;529;2.817
526;530;3.407
527;492;4.008
527;523;3.047
527;524;2.998
527;530;3.168
527;531;3.095
528;496;3.293
528;524;3.344
528;525;2.884
528;532;2.972
528;557;3.589
528;561;3.794
528;583;3.453
529;525;3.493
529;526;2.817
529;533;3.108
529;561;3.413
530;526;3.407
530;527;3.168
530;534;2.991
531;492;3.743
531;527;3.095
531;534;3.115
531;535;3.055
531;583;2.718
531;586;2.724
532;528;2.972
532;535;3.437
532;536;3.165
532;557;3.633
533;479;3.794
533;529;3.108
533;536;2.97
534;479;3.572
534;483;3.63
534;530;2.991
534;531;3.115
535;531;3.055
535;532;3.437
535;538;3.007
535;539;3.115
535;543;2.649
535;544;3.861
535;550;2.792
536;532;3.165
536;533;2.97
536;544;3.681
536;545;4.032
537;476;3.55
537;479;3.456
538;479;3.979
538;480;3.934
538;535;3.007
539;484;4.107
539;535;3.115
539;543;3.713
540;543;2.891
540;544;2.937
541;545;2.981
542;546;3.062
543;535;2.649
543;539;3.713
543;540;2.891
543;546;3.067
543;547;2.935
544;535;3.861
544;536;3.681
544;540;2.937
544;550;3.241
544;554;2.93
545;536;4.032
545;541;2.981
546;542;3.062
546;543;3.067
547;543;2.935
547;550;2.955
547;551;3.038
548;551;3.94
548;552;3.019
549;552;4.007
549;553;2.987
549;591;2.959
549;594;3.893
550;535;2.792
550;544;3.241
550;547;2.955
550;553;3.396
550;554;2.953
551;547;3.038
551;548;3.94
551;554;3.424
551;555;2.993
552;548;3.019
552;549;4.007
552;555;3.374
552;556;3.022
552;582;3.974
553;549;2.987
553;550;3.396
553;556;3.244
553;557;2.907
553;583;2.636
553;586;3.826
554;544;2.93
554;550;2.953
554;551;3.424
554;558;2.991
555;551;2.993
555;552;3.374
555;558;3.275
555;559;3.082
556;552;3.022
556;553;3.244
556;560;3.021
557;528;3.589
557;532;3.633
557;553;2.907
557;561;2.924
557;583;3.71
558;554;2.991
558;555;3.275
558;562;2.989
559;555;3.082
559;563;3.217
559;576;3.57
560;525;2.828
560;556;3.021
560;564;3.458
560;580;3.002
561;525;3.792
561;528;3.794
561;529;3.413
561;557;2.924
561;564;3.089
561;565;2.897
562;558;2.989
562;565;3.302
562;566;3.033
563;559;3.217
563;567;2.989
563;568;3.028
563;577;3.862
564;522;3.749
564;525;3.804
564;560;3.458
564;561;3.089
564;568;3.689
564;577;3.956
565;522;3.417
565;525;4.029
565;561;2.897
565;562;3.302
566;562;3.033
567;563;2.989
567;569;2.943
568;563;3.028
568;564;3.689
568;574;2.843
569;567;2.943
569;574;3.311
570;573;2.794
571;574;3.231
571;575;2.937
572;575;3.27
572;576;2.959
572;1078;3.993
573;570;2.794
573;576;3.082
573;577;3.08
574;568;2.843
574;569;3.311
574;571;3.231
574;577;2.954
575;571;2.937
575;572;3.27
575;578;2.939
575;999;3.121
576;559;3.57
576;572;2.959
576;573;3.082
576;579;2.971
577;563;3.862
577;564;3.956
577;573;3.08
577;574;2.954
577;580;3.065
578;575;2.939
578;581;3.173
578;995;3.701
578;996;3.903
579;576;2.971
579;582;2.895
579;992;3.887
580;499;3.09
580;503;3.791
580;521;3.255
580;525;4.024
580;560;3.002
580;577;3.065
580;583;2.986
581;496;3.877
581;500;3.613
581;503;3.63
581;578;3.173
581;584;2.911
581;988;3.821
581;992;3.516
582;552;3.974
582;579;2.895
582;585;2.779
582;989;3.367
582;992;3.466
583;492;4.0
583;496;3.87
583;528;3.453
583;531;2.718
583;553;2.636
583;557;3.71
583;580;2.986
583;586;2.966
584;496;3.828
584;497;3.894
584;581;2.911
584;587;2.976
584;588;2.946
584;590;3.874
584;988;3.66
585;582;2.779
585;590;4.015
586;489;2.677
586;531;2.724
586;553;3.826
586;583;2.966
587;493;2.723
587;584;2.976
588;493;3.581
588;584;2.946
588;590;3.876
588;591;3.016
589;592;3.14
589;593;2.938
589;981;3.212
590;584;3.874
590;585;4.015
590;588;3.876
590;593;3.177
590;594;3.008
590;985;3.462
591;549;2.959
591;588;3.016
591;594;3.848
591;595;3.055
592;589;3.14
592;595;3.407
592;596;2.968
593;589;2.938
593;590;3.177
593;596;3.266
593;597;2.962
593;985;3.619
594;549;3.893
594;590;3.008
594;591;3.848
594;598;3.052
595;591;3.055
595;592;3.407
595;598;3.374
595;599;2.837
596;592;2.968
596;593;3.266
596;599;3.371
596;600;2.938
597;593;2.962
597;600;3.198
597;601;3.077
597;1092;3.58
598;594;3.052
598;595;3.374
598;601;3.014
599;595;2.837
599;596;3.371
599;602;2.98
600;596;2.938
600;597;3.198
600;603;3.097
600;604;3.077
600;704;3.741
600;1092;3.495
600;1096;3.561
601;597;3.077
601;598;3.014
601;605;2.984
601;1092;3.872
602;599;2.98
602;605;3.018
603;600;3.097
603;704;3.999
604;600;3.077
604;607;3.194
604;608;2.857
604;700;3.546
604;1092;3.852
605;601;2.984
605;602;3.018
605;609;3.034
606;106;3.419
606;110;3.346
606;609;3.17
606;610;3.249
607;110;3.421
607;604;3.194
607;610;3.128
607;611;3.098
607;703;3.451
608;604;2.857
608;612;2.918
609;605;3.034
609;606;3.17
609;612;3.296
609;613;3.066
610;107;3.721
610;606;3.249
610;607;3.128
610;614;3.054
611;607;3.098
611;614;3.449
611;615;2.959
611;662;3.906
611;696;4.023
612;608;2.918
612;609;3.296
612;616;2.977
613;100;3.496
613;609;3.066
613;616;3.271
613;617;3.008
614;610;3.054
614;611;3.449
614;617;3.295
614;618;2.944
614;692;3.716
615;611;2.959
615;618;3.485
615;619;2.924
615;655;3.506
615;658;3.791
616;19;3.506
616;23;3.734
616;612;2.977
616;613;3.271
616;619;3.293
616;620;3.009
616;651;3.481
617;94;3.964
617;98;3.945
617;613;3.008
617;614;3.295
617;620;3.247
617;621;2.992
618;614;2.944
618;615;3.485
618;622;2.956
618;658;3.815
618;688;4.033
618;689;3.554
618;692;3.903
619;615;2.924
619;616;3.293
619;622;3.229
619;623;2.99
619;651;3.827
619;654;3.978
619;655;4.008
620;94;3.648
620;616;3.009
620;617;3.247
620;624;3.319
621;94;3.702
621;617;2.992
621;624;3.307
621;625;3.022
622;618;2.956
622;619;3.229
622;626;2.995
622;627;2.819
622;648;3.84
623;25;3.244
623;619;2.99
623;627;3.047
623;628;3.144
623;650;3.984
624;91;3.377
624;620;3.319
624;621;3.307
625;87;3.921
625;91;3.816
625;621;3.022
625;628;2.798
626;622;2.995
626;629;3.008
626;630;3.554
626;644;3.509
626;648;4.097
626;682;3.354
627;622;2.819
627;623;3.047
627;644;3.761
628;623;3.144
628;625;2.798
629;626;3.008
629;641;4.138
629;644;2.992
630;626;3.554
630;642;3.071
630;644;2.974
630;670;3.8
630;671;3.442
630;678;2.779
630;682;3.617
631;640;2.656
631;641;3.652
631;671;3.557
631;672;2.923
632;635;3.016
632;636;2.852
632;637;2.815
632;638;2.752
633;671;4.138
633;672;2.77
633;674;3.616
634;637;3.837
635;632;3.016
635;640;4.015
636;632;2.852
637;632;2.815
637;634;3.837
637;1026;3.939
638;632;2.752
639;645;3.575
639;646;3.078
640;631;2.656
640;635;4.015
641;629;4.138
641;631;3.652
641;645;3.487
642;630;3.071
642;645;3.143
642;646;3.132
642;669;2.85
642;670;3.573
643;646;3.03
643;647;2.846
643;668;3.927
644;626;3.509
644;627;3.761
644;629;2.992
644;630;2.974
644;648;3.661
644;670;3.599
645;639;3.575
645;641;3.487
645;642;3.143
645;649;3.519
646;639;3.078
646;642;3.132
646;643;3.03
646;653;3.994
646;1066;3.88
647;643;2.846
647;653;3.982
647;656;3.952
647;657;3.931
647;1057;3.328
647;1061;3.851
648;622;3.84
648;626;4.097
648;644;3.661
648;653;3.16
648;657;3.633
648;670;4.05
649;645;3.519
649;1070;2.727
650;25;3.698
650;623;3.984
650;653;2.879
650;654;2.943
650;1073;2.866
651;25;3.267
651;616;3.481
651;619;3.827
651;654;3.42
651;655;2.942
652;655;3.229
652;656;2.992
652;1073;3.644
652;1076;3.875
652;1077;3.64
652;1080;4.006
653;646;3.994
653;647;3.982
653;648;3.16
653;650;2.879
653;656;3.283
653;657;2.991
653;1076;3.081
654;619;3.978
654;650;2.943
654;651;3.42
654;658;2.966
655;615;3.506
655;619;4.008
655;651;2.942
655;652;3.229
655;658;3.478
655;659;2.974
656;647;3.952
656;652;2.992
656;653;3.283
656;659;3.274
656;660;3.031
656;1061;3.924
656;1080;3.539
657;647;3.931
657;648;3.633
657;653;2.991
657;660;3.154
657;661;3.03
657;667;3.872
658;615;3.791
658;618;3.815
658;654;2.966
658;655;3.478
658;661;3.228
658;662;2.968
659;655;2.974
659;656;3.274
659;662;3.058
659;663;3.218
659;1053;3.937
659;1056;3.491
659;1080;3.692
659;1087;3.902
660;656;3.031
660;657;3.154
660;666;2.885
660;1057;3.501
661;657;3.03
661;658;3.228
661;664;3.095
661;667;3.766
661;686;3.487
661;689;3.608
661;690;4.003
662;611;3.906
662;658;2.968
662;659;3.058
662;693;3.76
663;659;3.218
663;1053;3.514
664;661;3.095
665;217;3.742
665;1054;3.478
666;212;3.564
666;217;3.405
666;218;3.63
666;660;2.885
666;1058;3.843
667;657;3.872
667;661;3.766
667;670;3.51
667;686;3.357
668;643;3.927
668;1012;4.033
668;1058;3.492
669;642;2.85
669;1012;3.891
670;630;3.8
670;642;3.573
670;644;3.599
670;648;4.05
670;667;3.51
670;679;3.188
670;682;3.475
671;630;3.442
671;631;3.557
671;633;4.138
671;675;3.35
671;679;3.089
672;631;2.923
672;633;2.77
672;679;3.655
673;1013;3.38
674;633;3.616
675;671;3.35
675;678;2.769
675;679;3.058
676;680;2.952
677;680;3.362
677;681;2.98
678;630;2.779
678;675;2.769
678;681;3.211
678;682;3.051
679;670;3.188
679;671;3.089
679;672;3.655
679;675;3.058
679;682;3.05
679;683;2.896
680;676;2.952
680;677;3.362
680;683;3.178
680;684;3.025
681;677;2.98
681;678;3.211
682;626;3.354
682;630;3.617
682;670;3.475
682;678;3.051
682;679;3.05
682;685;2.99
682;686;2.921
683;208;3.835
683;679;2.896
683;680;3.178
683;686;3.395
683;687;2.963
684;680;3.025
684;687;3.447
684;688;3.004
685;682;2.99
685;688;3.36
685;689;2.956
686;661;3.487
686;667;3.357
686;682;2.921
686;683;3.395
686;689;3.346
686;690;2.993
687;211;3.525
687;683;2.963
687;684;3.447
687;690;3.39
687;691;2.997
688;618;4.033
688;684;3.004
688;685;3.36
688;691;3.46
688;692;2.997
689;618;3.554
689;661;3.608
689;685;2.956
689;686;3.346
689;693;2.954
690;211;4.139
690;215;3.617
690;661;4.003
690;686;2.993
690;687;3.39
690;694;2.931
691;211;3.858
691;687;2.997
691;688;3.46
691;694;3.44
691;695;3.042
692;614;3.716
692;618;3.903
692;688;2.997
692;695;3.418
692;696;2.983
693;662;3.76
693;689;2.954
693;696;3.228
693;697;2.935
694;690;2.931
694;691;3.44
694;697;3.231
694;698;2.98
695;114;3.744
695;691;3.042
695;692;3.418
695;699;3.017
696;611;4.023
696;692;2.983
696;693;3.228
696;699;3.381
696;700;2.917
697;693;2.935
697;694;3.231
697;700;3.242
697;701;3.049
698;251;3.636
698;252;3.745
698;694;2.98
698;702;3.003
699;695;3.017
699;696;3.381
699;703;2.926
700;604;3.546
700;696;2.917
700;697;3.242
700;703;3.299
700;704;3.111
700;1095;3.414
701;252;3.686
701;256;3.718
701;697;3.049
701;704;3.348
701;705;2.941
701;1095;3.552
701;1098;3.778
701;1381;6.452
702;255;3.803
702;256;3.961
702;259;3.674
702;698;3.003
702;705;3.487
702;706;2.952
703;607;3.451
703;699;2.926
703;700;3.299
703;707;3.045
704;600;3.741
704;603;3.999
704;700;3.111
704;701;3.348
704;707;3.373
704;708;3.005
704;1095;3.609
704;1096;3.713
704;1099;3.546
705;256;3.428
705;701;2.941
705;702;3.487
705;708;3.407
705;709;2.99
705;1102;3.47
706;260;3.999
706;702;2.952
706;709;3.305
706;710;3.037
707;703;3.045
707;704;3.373
707;710;3.046
707;711;3.075
708;704;3.005
708;705;3.407
708;711;2.971
708;712;3.068
708;1099;3.474
708;1103;3.638
709;260;3.767
709;705;2.99
709;706;3.305
709;1103;3.784
709;1106;3.356
710;706;3.037
710;707;3.046
711;707;3.075
711;708;2.971
712;708;3.068
712;1103;3.921
713;1106;3.588
713;1110;2.821
714;1110;3.655
715;1111;2.842
716;1111;2.817
717;1111;2.706
718;722;2.931
718;723;3.244
719;720;3.715
719;721;3.838
720;719;3.715
721;719;3.838
722;718;2.931
722;725;3.913
723;718;3.244
724;726;3.285
725;722;3.913
725;728;2.825
726;724;3.285
727;729;2.879
728;725;2.825
729;727;2.879
730;739;2.814
731;739;2.944
732;739;3.933
732;741;3.589
733;736;3.524
734;737;3.102
734;738;3.536
734;741;3.677
735;741;3.431
736;733;3.524
737;734;3.102
737;745;2.66
738;734;3.536
738;739;2.986
739;730;2.814
739;731;2.944
739;732;3.933
739;738;2.986
740;743;2.796
741;732;3.589
741;734;3.677
741;735;3.431
742;744;3.931
743;740;2.796
744;742;3.931
745;737;2.66
746;749;2.936
746;760;3.933
747;762;3.375
748;750;2.72
748;751;3.913
749;746;2.936
749;759;3.756
750;748;2.72
751;748;3.913
751;757;3.885
751;758;2.702
752;754;2.97
752;757;3.734
753;757;2.826
754;752;2.97
754;757;3.12
755;1136;2.983
756;1138;3.632
757;751;3.885
757;752;3.734
757;753;2.826
757;754;3.12
758;751;2.702
758;761;3.451
758;1138;2.817
759;749;3.756
760;746;3.933
760;763;2.948
761;758;3.451
761;764;2.713
762;747;3.375
763;760;2.948
763;765;3.64
764;761;2.713
765;763;3.64
765;769;2.813
765;777;2.958
765;779;3.437
765;782;3.228
766;769;2.887
767;784;3.782
767;785;2.971
768;783;3.586
769;765;2.813
769;766;2.887
769;778;3.279
769;779;3.411
769;783;2.9
769;785;3.647
770;773;2.703
770;779;4.008
770;780;2.71
770;781;2.72
771;785;2.667
772;781;2.743
773;770;2.703
773;780;2.847
774;778;3.933
775;780;2.887
776;1134;3.83
777;765;2.958
778;769;3.279
778;774;3.933
779;765;3.437
779;769;3.411
779;770;4.008
780;770;2.71
780;773;2.847
780;775;2.887
781;770;2.72
781;772;2.743
782;765;3.228
783;768;3.586
783;769;2.9
784;767;3.782
784;787;4.005
785;767;2.971
785;769;3.647
785;771;2.667
786;788;3.319
787;784;4.005
788;786;3.319
789;790;4.012
790;789;4.012
791;801;3.832
792;797;3.679
793;796;3.001
793;797;2.894
794;803;3.668
795;798;3.013
796;793;3.001
797;792;3.679
797;793;2.894
798;795;3.013
798;800;3.01
799;802;2.856
800;798;3.01
801;791;3.832
802;799;2.856
803;794;3.668
804;807;3.837
804;808;3.17
805;807;2.81
805;808;3.086
806;808;3.017
806;809;2.913
806;810;3.049
807;804;3.837
807;805;2.81
808;804;3.17
808;805;3.086
808;806;3.017
809;806;2.913
810;806;3.049
811;812;3.218
811;814;3.822
812;811;3.218
813;1128;2.769
814;811;3.822
814;1130;3.597
815;817;3.029
815;1128;2.641
815;1130;3.884
815;1131;3.712
816;829;3.546
817;815;3.029
818;826;3.731
818;829;2.795
819;822;3.268
819;826;3.696
820;822;2.843
821;826;3.425
821;829;3.906
821;830;2.81
822;819;3.268
822;820;2.843
822;825;4.012
822;826;3.082
823;825;3.62
824;825;3.022
825;822;4.012
825;823;3.62
825;824;3.022
826;818;3.731
826;819;3.696
826;821;3.425
826;822;3.082
826;829;3.53
827;832;3.591
828;831;2.953
829;816;3.546
829;818;2.795
829;821;3.906
829;826;3.53
830;821;2.81
831;828;2.953
831;834;3.526
832;827;3.591
833;834;3.188
834;831;3.526
834;833;3.188
835;836;2.614
836;835;2.614
837;839;2.994
838;844;2.736
838;849;3.641
839;837;2.994
840;843;3.509
840;844;3.969
840;845;3.885
841;843;3.575
842;844;3.01
842;905;2.752
842;906;2.915
843;840;3.509
843;841;3.575
844;838;2.736
844;840;3.969
844;842;3.01
844;848;3.716
845;840;3.885
845;848;2.763
845;904;2.856
846;849;3.055
846;901;3.891
847;852;3.805
847;898;3.772
847;901;3.395
847;902;3.533
848;844;3.716
848;845;2.763
848;905;4.035
849;838;3.641
849;846;3.055
849;852;2.804
849;853;2.942
850;854;3.033
851;855;2.908
852;847;3.805
852;849;2.804
852;855;3.24
852;856;2.96
853;849;2.942
853;856;3.327
853;857;3.122
853;961;3.344
854;850;3.033
854;857;3.473
854;858;2.998
855;851;2.908
855;852;3.24
855;858;3.384
855;859;2.924
856;852;2.96
856;853;3.327
856;859;3.413
856;860;2.954
856;895;3.803
856;898;3.765
857;853;3.122
857;854;3.473
857;860;3.394
857;861;2.953
857;961;3.683
858;854;2.998
858;855;3.384
858;861;3.219
858;862;2.969
859;855;2.924
859;856;3.413
859;863;2.955
859;895;4.008
860;856;2.954
860;857;3.394
860;864;2.904
860;891;3.944
860;895;3.45
860;954;3.708
860;958;3.754
861;857;2.953
861;858;3.219
861;864;3.144
861;865;2.978
862;858;2.969
862;865;3.126
862;866;3.01
863;859;2.955
863;866;3.42
863;867;2.945
863;954;3.671
864;860;2.904
864;861;3.144
864;868;2.989
865;861;2.978
865;862;3.126
865;868;3.383
865;869;2.955
866;862;3.01
866;863;3.42
866;869;3.059
866;870;3.295
867;863;2.945
867;952;3.94
868;864;2.989
868;865;3.383
868;872;3.418
868;1289;3.847
869;865;2.955
869;866;3.059
869;872;3.053
869;873;3.022
869;876;3.566
869;880;3.726
869;884;3.893
870;866;3.295
870;877;2.775
870;945;2.79
871;874;3.37
871;877;2.677
871;1292;3.354
871;1346;3.009
872;868;3.418
872;869;3.053
872;1312;3.767
873;869;3.022
873;876;2.963
873;877;3.025
874;871;3.37
874;877;3.217
874;878;3.015
874;1347;4.008
875;878;2.64
876;869;3.566
876;873;2.963
876;879;3.273
876;880;2.963
877;870;2.775
877;871;2.677
877;873;3.025
877;874;3.217
877;881;3.028
877;1345;3.859
878;874;3.015
878;875;2.64
878;1347;3.386
879;876;3.273
880;869;3.726
880;876;2.963
880;883;3.097
880;884;3.027
881;877;3.028
881;885;2.764
882;886;3.023
883;880;3.097
883;886;3.379
883;887;2.995
884;869;3.893
884;880;3.027
884;887;2.997
884;888;3.272
885;881;2.764
885;888;2.995
885;889;3.036
885;945;2.863
885;948;3.804
886;882;3.023
886;883;3.379
886;889;2.915
886;890;2.945
887;883;2.995
887;884;2.997
887;891;2.927
888;884;3.272
888;885;2.995
888;892;3.0
888;951;3.781
889;885;3.036
889;886;2.915
889;892;3.37
889;893;3.037
890;886;2.945
890;894;2.988
891;860;3.944
891;887;2.927
891;894;3.207
891;895;2.933
891;951;4.03
891;954;3.63
892;888;3.0
892;889;3.37
892;896;2.976
892;951;3.861
893;889;3.037
893;897;3.028
894;890;2.988
894;891;3.207
894;897;4.022
894;898;2.942
895;856;3.803
895;859;4.008
895;860;3.45
895;891;2.933
895;899;3.009
895;957;3.681
896;892;2.976
896;899;3.351
896;900;2.958
896;924;3.882
896;928;3.639
897;893;3.028
897;894;4.022
897;900;3.345
897;901;2.945
898;847;3.772
898;856;3.765
898;894;2.942
898;902;2.754
898;957;3.58
899;895;3.009
899;896;3.351
899;902;3.434
899;903;2.929
899;921;3.841
900;896;2.958
900;897;3.345
900;904;3.01
901;846;3.891
901;847;3.395
901;897;2.945
901;905;2.979
902;847;3.533
902;898;2.754
902;899;3.434
902;905;3.223
902;906;3.009
902;911;3.889
902;917;3.992
902;920;2.669
903;899;2.929
903;906;2.989
903;907;2.921
903;908;3.828
903;911;6.442
903;912;3.682
904;845;2.856
904;900;3.01
905;842;2.752
905;848;4.035
905;901;2.979
905;902;3.223
906;842;2.915
906;902;3.009
906;903;2.989
906;910;2.852
906;911;4.004
906;914;3.775
906;917;3.649
907;903;2.921
907;911;3.011
908;903;3.828
908;911;3.396
908;912;2.988
909;912;2.798
909;913;2.855
910;906;2.852
911;902;3.889
911;903;6.442
911;906;4.004
911;907;3.011
911;908;3.396
911;914;3.047
911;917;3.643
911;921;3.724
912;903;3.682
912;908;2.988
912;909;2.798
912;918;3.594
912;921;3.683
913;909;2.855
914;906;3.775
914;911;3.047
914;917;3.105
914;918;2.942
915;918;3.436
915;919;2.961
916;919;3.362
916;920;3.0
916;960;3.11
916;969;3.83
917;902;3.992
917;906;3.649
917;911;3.643
917;914;3.105
917;920;3.127
917;921;2.989
918;912;3.594
918;914;2.942
918;915;3.436
918;921;3.991
918;922;2.99
919;915;2.961
919;916;3.362
919;922;3.211
920;902;2.669
920;916;3.0
920;917;3.127
920;957;2.929
920;960;2.808
921;899;3.841
921;911;3.724
921;912;3.683
921;917;2.989
921;918;3.991
921;924;3.019
921;925;2.962
922;918;2.99
922;919;3.211
922;926;3.034
923;957;3.756
924;896;3.882
924;921;3.019
924;927;3.283
924;928;3.099
925;921;2.962
925;928;2.844
925;929;2.906
926;922;3.034
926;930;2.967
926;950;3.709
927;924;3.283
927;930;3.875
927;931;3.062
927;951;2.846
928;896;3.639
928;924;3.099
928;925;2.844
928;931;3.352
928;932;2.988
929;925;2.906
929;932;3.164
929;933;2.998
930;926;2.967
930;927;3.875
930;933;3.342
930;934;2.966
931;927;3.062
931;928;3.352
931;934;3.326
931;935;2.99
931;944;3.749
932;928;2.988
932;929;3.164
932;935;3.233
932;936;2.941
933;929;2.998
933;930;3.342
933;936;3.243
933;937;2.987
934;930;2.966
934;931;3.326
934;939;3.033
934;943;3.286
934;944;3.346
934;947;3.637
935;931;2.99
935;932;3.233
935;938;2.995
936;932;2.941
936;933;3.243
937;933;2.987
938;935;2.995
939;934;3.033
940;943;3.81
940;944;3.174
941;944;3.47
941;945;3.008
942;945;2.732
942;946;3.211
943;934;3.286
943;940;3.81
943;947;2.997
944;931;3.749
944;934;3.346
944;940;3.174
944;941;3.47
944;948;2.978
945;870;2.79
945;885;2.863
945;941;3.008
945;942;2.732
945;948;3.872
945;1344;3.966
946;942;3.211
946;949;3.054
946;1294;3.903
946;1341;2.976
946;1342;3.642
946;1343;3.138
947;934;3.637
947;943;2.997
948;885;3.804
948;944;2.978
948;945;3.872
948;951;2.74
949;946;3.054
949;952;2.754
949;953;3.325
949;1290;3.623
950;926;3.709
950;953;2.973
951;888;3.781
951;891;4.03
951;892;3.861
951;927;2.846
951;948;2.74
951;954;2.837
952;867;3.94
952;949;2.754
953;949;3.325
953;950;2.973
953;956;2.978
953;957;3.003
953;1286;3.815
954;860;3.708
954;863;3.671
954;891;3.63
954;951;2.837
954;957;2.976
954;958;3.18
955;958;2.98
955;1286;3.615
