source;destination;distance
0;3;2.796
1;47;3.62
2;7;3.586
2;48;3.667
3;0;2.796
4;7;3.19
4;8;2.97
5;9;2.975
6;10;2.975
7;2;3.586
7;4;3.19
7;10;3.126
7;11;2.966
7;43;3.939
7;47;3.737
8;4;2.97
8;11;3.49
8;12;2.981
9;5;2.975
9;13;2.932
10;6;2.975
10;7;3.126
10;13;3.473
10;14;2.945
11;7;2.966
11;8;3.49
11;14;3.44
11;15;3.022
11;44;3.611
12;8;2.981
12;16;2.974
12;104;3.837
13;9;2.932
13;10;3.473
13;16;3.401
13;17;2.945
14;10;2.945
14;11;3.44
14;18;3.011
14;37;3.622
15;11;3.022
15;19;2.99
15;37;3.824
15;99;3.95
15;100;3.648
16;12;2.974
16;13;3.401
16;19;3.138
16;20;3.084
17;13;2.945
17;20;3.302
17;21;2.982
18;14;3.011
18;22;2.956
18;37;3.16
18;96;3.634
19;15;2.99
19;16;3.138
19;22;3.21
19;97;3.53
19;596;3.554
20;16;3.084
20;17;3.302
21;17;2.982
21;24;2.98
21;30;3.643
21;33;3.384
22;18;2.956
22;19;3.21
22;93;4.021
22;97;4.002
23;596;3.798
24;21;2.98
25;603;3.515
25;630;3.682
25;631;3.726
26;30;3.79
27;30;2.855
28;31;2.732
28;32;3.027
29;32;3.24
29;33;2.959
30;21;3.643
30;26;3.79
30;27;2.855
30;33;3.438
30;34;3.001
31;28;2.732
31;34;3.476
31;35;3.006
32;28;3.027
32;29;3.24
32;36;2.985
33;21;3.384
33;29;2.959
33;30;3.438
33;36;3.251
33;37;2.942
34;30;3.001
34;31;3.476
34;37;3.35
34;38;2.939
34;93;2.807
34;96;3.174
35;31;3.006
35;38;3.387
35;39;2.969
35;81;3.589
36;32;2.985
36;33;3.251
36;39;3.354
36;40;2.998
37;14;3.622
37;15;3.824
37;18;3.16
37;33;2.942
37;34;3.35
37;40;2.989
37;41;2.864
37;96;3.464
38;34;2.939
38;35;3.387
38;41;4.005
38;42;2.986
38;80;2.775
39;35;2.969
39;36;3.354
39;42;3.171
39;43;2.984
40;36;2.998
40;37;2.989
40;43;3.472
40;44;2.906
41;37;2.864
41;38;4.005
41;45;2.953
41;73;3.468
41;99;3.506
42;38;2.986
42;39;3.171
42;45;3.289
42;46;2.965
43;7;3.939
43;39;2.984
43;40;3.472
43;46;3.381
43;47;3.053
44;11;3.611
44;40;2.906
44;47;3.271
44;48;2.834
44;99;2.648
45;41;2.953
45;42;3.289
45;49;2.988
45;56;3.963
45;73;3.929
46;42;2.965
46;43;3.381
46;50;3.065
46;51;4.017
47;1;3.62
47;7;3.737
47;43;3.053
47;44;3.271
48;2;3.667
48;44;2.834
48;66;3.214
48;69;2.662
49;45;2.988
49;56;4.032
49;59;3.857
49;66;3.656
50;46;3.065
50;53;3.063
50;55;3.669
51;46;4.017
52;55;3.684
52;58;3.469
53;50;3.063
53;56;2.984
54;57;2.99
55;50;3.669
55;52;3.684
55;58;2.999
56;45;3.963
56;49;4.032
56;53;2.984
56;59;3.047
56;70;3.907
57;54;2.99
57;60;3.019
58;52;3.469
58;55;2.999
58;61;3.03
59;49;3.857
59;56;3.047
59;62;2.982
59;63;3.779
59;66;3.508
59;67;3.998
59;70;3.774
60;57;3.019
61;58;3.03
62;59;2.982
63;59;3.779
63;66;3.465
63;67;2.927
64;67;3.448
64;68;3.036
65;68;3.018
65;69;3.051
65;102;3.431
65;108;3.239
65;111;3.792
66;48;3.214
66;49;3.656
66;59;3.508
66;63;3.465
66;69;3.826
66;70;2.991
67;59;3.998
67;63;2.927
67;64;3.448
67;70;3.394
67;71;2.943
68;64;3.036
68;65;3.018
68;72;3.001
68;101;3.942
69;48;2.662
69;65;3.051
69;66;3.826
69;72;3.43
69;73;2.928
69;99;3.173
69;102;2.734
70;56;3.907
70;59;3.774
70;66;2.991
70;67;3.394
70;73;3.221
70;74;2.985
71;67;2.943
71;74;3.416
71;75;2.986
72;68;3.001
72;69;3.43
72;76;2.933
72;95;3.512
73;41;3.468
73;45;3.929
73;69;2.928
73;70;3.221
73;76;3.455
73;77;2.901
74;70;2.985
74;71;3.416
74;77;3.369
74;78;3.012
75;71;2.986
75;78;3.444
75;79;2.979
75;89;3.577
75;92;3.333
76;72;2.933
76;73;3.455
76;79;3.001
76;80;2.865
77;73;2.901
77;74;3.369
77;81;2.958
78;74;3.012
78;75;3.444
78;82;3.009
79;75;2.979
79;76;3.001
79;83;3.964
79;89;2.75
80;38;2.775
80;76;2.865
80;83;3.19
80;96;3.601
81;35;3.589
81;77;2.958
82;78;3.009
82;84;2.989
83;79;3.964
83;80;3.19
83;90;2.944
83;93;3.582
84;82;2.989
85;89;3.513
86;89;3.131
87;90;2.914
87;91;3.19
87;605;3.909
88;91;3.113
89;75;3.577
89;79;2.75
89;85;3.513
89;86;3.131
89;92;3.005
90;83;2.944
90;87;2.914
91;87;3.19
91;88;3.113
91;94;3.017
91;604;3.443
91;605;3.864
92;75;3.333
92;89;3.005
92;95;2.865
93;22;4.021
93;34;2.807
93;83;3.582
93;96;2.916
94;91;3.017
94;97;2.864
94;98;3.469
94;597;3.96
94;600;3.64
94;601;3.689
95;72;3.512
95;92;2.865
95;98;3.845
95;99;3.005
96;18;3.634
96;34;3.174
96;37;3.464
96;80;3.601
96;93;2.916
96;99;3.225
97;19;3.53
97;22;4.002
97;94;2.864
97;100;3.054
98;94;3.469
98;95;3.845
98;101;2.929
98;597;3.933
99;15;3.95
99;41;3.506
99;44;2.648
99;69;3.173
99;95;3.005
99;96;3.225
99;102;2.951
100;15;3.648
100;97;3.054
100;103;2.989
100;104;2.974
100;107;3.763
100;593;3.825
101;68;3.942
101;98;2.929
101;111;3.869
102;65;3.431
102;69;2.734
102;99;2.951
102;108;2.823
103;100;2.989
104;12;3.837
104;100;2.974
104;108;2.982
105;108;3.307
105;109;2.953
106;110;3.104
106;586;3.375
107;100;3.763
107;110;3.353
107;111;2.999
107;590;3.723
108;65;3.239
108;102;2.823
108;104;2.982
108;105;3.307
108;111;3.497
108;112;2.973
109;105;2.953
109;112;3.225
109;113;3.035
110;106;3.104
110;107;3.353
110;113;3.104
110;114;3.001
110;586;3.288
110;587;3.981
111;65;3.792
111;101;3.869
111;107;2.999
111;108;3.497
111;114;3.252
111;115;3.051
112;108;2.973
112;109;3.225
112;115;3.381
112;116;3.005
113;109;3.035
113;110;3.104
113;116;3.213
113;117;3.041
114;110;3.001
114;111;3.252
114;117;3.056
114;118;3.227
114;675;3.801
115;111;3.051
115;112;3.381
115;118;2.975
116;112;3.005
116;113;3.213
116;119;2.798
116;256;4.012
117;113;3.041
117;114;3.056
117;120;3.107
117;121;3.016
118;114;3.227
118;115;2.975
118;122;3.005
119;116;2.798
119;260;2.76
120;117;3.107
120;123;3.442
120;256;3.825
120;259;2.658
120;260;2.832
121;117;3.016
121;124;3.334
121;125;2.93
121;253;3.987
122;118;3.005
122;126;2.981
123;120;3.442
123;126;3.172
123;127;3.092
123;1260;3.44
123;1261;2.927
124;121;3.334
124;127;3.435
124;128;3.168
124;245;3.607
124;1264;3.976
125;121;2.93
125;128;3.4
125;129;2.924
126;122;2.981
126;123;3.172
126;129;3.344
126;130;2.984
127;123;3.092
127;124;3.435
127;131;2.963
127;1255;4.022
127;1261;3.959
127;1264;3.764
128;124;3.168
128;125;3.4
128;131;3.333
128;132;2.891
128;245;3.417
129;125;2.924
129;126;3.344
129;132;3.466
129;133;3.018
130;126;2.984
130;133;3.427
130;134;2.932
130;1163;4.143
130;1251;3.673
130;1254;3.411
130;1255;3.803
131;127;2.963
131;128;3.333
131;134;3.494
131;135;2.874
132;128;2.891
132;129;3.466
132;136;2.97
132;205;3.744
132;208;4.015
132;212;3.961
133;129;3.018
133;130;3.427
133;136;3.176
133;137;3.012
134;130;2.932
134;131;3.494
134;137;3.305
134;138;2.973
134;1163;3.757
134;1251;3.746
135;131;2.874
135;139;2.948
135;208;3.584
135;234;3.698
135;238;3.822
135;241;3.663
136;132;2.97
136;133;3.176
136;140;2.928
136;201;3.744
136;205;3.925
137;133;3.012
137;134;3.305
137;140;3.16
137;141;3.106
137;201;3.769
137;1248;3.875
138;134;2.973
138;141;3.073
138;234;3.524
138;1245;3.56
138;1248;3.843
139;135;2.948
139;142;3.443
139;143;2.959
139;198;3.528
140;136;2.928
140;137;3.16
140;144;3.696
140;199;3.965
140;200;3.535
140;201;3.804
141;137;3.106
141;138;3.073
141;1245;3.625
141;1248;3.511
142;139;3.443
142;1241;3.653
142;1245;3.86
143;139;2.959
143;221;3.044
143;231;3.443
143;234;3.618
143;235;3.774
144;140;3.696
144;199;3.876
145;150;2.737
145;194;3.0
146;188;3.11
146;192;3.904
146;194;3.071
147;150;2.954
147;151;3.799
147;192;2.769
148;192;2.914
148;195;3.652
148;199;2.652
149;153;2.752
149;155;3.828
150;145;2.737
150;147;2.954
150;154;3.142
150;189;2.806
151;147;3.799
151;185;3.777
151;189;3.781
152;185;3.592
153;149;2.752
153;183;2.75
154;150;3.142
155;149;3.828
156;159;3.584
157;159;3.699
158;161;3.892
158;180;3.896
159;156;3.584
159;157;3.699
160;169;3.054
160;179;2.773
161;158;3.892
162;168;3.043
162;169;3.525
163;166;2.765
163;167;3.854
164;168;3.535
165;168;2.96
165;176;2.83
166;163;2.765
167;163;3.854
168;162;3.043
168;164;3.535
168;165;2.96
168;170;2.851
168;180;2.774
169;160;3.054
169;162;3.525
170;168;2.851
170;176;3.729
170;178;2.81
171;173;3.309
172;174;3.832
173;171;3.309
174;172;3.832
175;177;3.067
176;165;2.83
176;170;3.729
177;175;3.067
177;181;4.009
177;182;3.952
178;170;2.81
179;160;2.773
180;158;3.896
180;168;2.774
181;177;4.009
182;177;3.952
183;153;2.75
184;1015;4.005
184;1017;3.621
185;151;3.777
185;152;3.592
186;189;3.475
187;189;4.039
188;146;3.11
189;150;2.806
189;151;3.781
189;186;3.475
189;187;4.039
190;193;3.073
191;1014;2.822
191;1016;3.551
192;146;3.904
192;147;2.769
192;148;2.914
192;195;3.116
193;190;3.073
193;224;3.581
193;225;3.927
194;145;3.0
194;146;3.071
195;148;3.652
195;192;3.116
195;198;3.0
195;199;3.024
195;203;3.528
196;203;3.134
197;203;3.44
197;221;3.448
198;139;3.528
198;195;3.0
198;204;3.347
198;207;3.573
198;221;3.166
198;235;6.081
199;140;3.965
199;144;3.876
199;148;2.652
199;195;3.024
200;140;3.535
200;203;2.793
200;204;2.97
201;136;3.744
201;137;3.769
201;140;3.804
201;205;2.956
202;206;2.997
203;195;3.528
203;196;3.134
203;197;3.44
203;200;2.793
203;206;3.292
203;207;2.957
204;198;3.347
204;200;2.97
204;207;3.267
204;208;2.954
205;132;3.744
205;136;3.925
205;201;2.956
205;209;2.93
206;202;2.997
206;203;3.292
206;209;3.091
206;210;2.974
206;663;3.8
207;198;3.573
207;203;2.957
207;204;3.267
207;210;3.286
207;211;2.933
208;132;4.015
208;135;3.584
208;204;2.954
208;211;3.495
208;212;2.956
209;205;2.93
209;206;3.091
209;212;3.279
209;213;2.947
209;667;3.861
209;671;3.779
210;206;2.974
210;207;3.286
210;214;2.967
210;215;2.806
210;216;3.979
210;646;3.422
211;207;2.933
211;208;3.495
211;214;3.087
211;217;3.656
211;235;3.882
211;238;3.756
211;239;3.718
212;132;3.961
212;208;2.956
212;209;3.279
213;209;2.947
213;670;3.641
214;210;2.967
214;211;3.087
214;1326;3.144
214;1328;3.022
215;210;2.806
215;645;3.779
215;646;3.415
216;210;3.979
216;219;3.679
216;220;3.023
216;646;3.637
216;1323;3.606
216;1333;3.834
217;211;3.656
217;221;3.062
217;222;3.158
217;236;3.907
217;239;3.291
217;1319;3.769
217;1322;3.566
217;1323;3.275
218;222;3.12
218;223;3.004
218;1319;3.717
218;1323;3.654
218;1357;3.441
218;1358;2.797
218;1359;3.168
219;216;3.679
219;1333;3.559
219;1359;3.21
220;216;3.023
220;223;3.084
221;143;3.044
221;197;3.448
221;198;3.166
221;217;3.062
221;231;2.85
222;217;3.158
222;218;3.12
222;225;2.953
222;232;3.37
222;1319;3.172
222;1357;3.481
223;218;3.004
223;220;3.084
223;1357;3.466
224;193;3.581
225;193;3.927
225;222;2.953
225;227;2.936
225;228;3.107
225;231;3.594
226;228;3.066
226;1316;3.678
226;1352;3.457
226;1353;2.87
226;1356;3.468
227;225;2.936
227;231;3.017
228;225;3.107
228;226;3.066
228;231;2.971
228;232;2.95
228;1354;3.793
228;1355;3.748
229;232;3.671
229;233;2.922
229;1352;2.832
229;1354;2.77
230;1238;3.724
230;1241;3.875
230;1242;3.277
230;1354;2.96
231;143;3.443
231;221;2.85
231;225;3.594
231;227;3.017
231;228;2.971
231;234;3.025
231;235;3.388
232;222;3.37
232;228;2.95
232;229;3.671
232;235;3.381
232;236;2.94
232;1319;3.476
232;1355;3.957
232;1356;3.973
233;229;2.922
233;237;2.977
234;135;3.698
234;138;3.524
234;143;3.618
234;231;3.025
234;237;3.129
234;238;2.971
235;143;3.774
235;198;6.081
235;211;3.882
235;231;3.388
235;232;3.381
235;238;3.146
235;239;2.973
236;217;3.907
236;232;2.94
236;239;3.16
236;240;2.977
236;1322;3.998
237;233;2.977
237;234;3.129
237;241;2.938
238;135;3.822
238;211;3.756
238;234;2.971
238;235;3.146
238;242;2.902
239;211;3.718
239;217;3.291
239;235;2.973
239;236;3.16
239;243;2.957
239;1322;3.402
240;236;2.977
240;244;2.963
240;1322;3.356
241;135;3.663
241;237;2.938
241;245;2.905
242;238;2.902
242;246;2.941
243;239;2.957
243;246;3.319
243;247;2.95
244;240;2.963
244;247;3.417
244;248;2.943
244;1268;3.675
244;1275;3.595
245;124;3.607
245;128;3.417
245;241;2.905
245;248;3.194
245;249;2.887
246;242;2.941
246;243;3.319
246;249;3.346
246;250;2.951
247;243;2.95
247;244;3.417
247;250;3.803
247;251;2.996
247;1385;3.78
248;244;2.943
248;245;3.194
248;251;3.622
248;252;2.908
248;1264;3.139
248;1267;3.785
249;245;2.887
249;246;3.346
249;252;3.115
249;253;2.951
249;678;3.611
250;246;2.951
250;247;3.803
250;254;3.083
250;678;3.759
250;681;3.654
250;1382;3.531
251;247;2.996
251;248;3.622
251;255;2.923
251;1385;3.968
251;1386;3.941
251;1389;3.494
252;248;2.908
252;249;3.115
252;256;2.945
253;121;3.987
253;249;2.951
253;256;3.258
253;257;3.085
253;682;3.807
254;250;3.083
254;257;3.294
254;258;3.087
254;681;3.676
254;682;3.931
254;685;3.566
254;1386;3.51
255;251;2.923
255;259;2.885
255;1390;3.782
256;116;4.012
256;120;3.825
256;252;2.945
256;253;3.258
256;259;3.478
256;260;3.009
257;253;3.085
257;254;3.294
257;260;3.414
257;261;3.047
257;682;3.699
258;254;3.087
258;262;2.883
258;686;3.497
258;689;3.415
259;120;2.658
259;255;2.885
259;256;3.478
259;262;2.996
259;263;3.228
260;119;2.76
260;120;2.832
260;256;3.009
260;257;3.414
260;270;2.936
261;257;3.047
261;269;3.992
261;270;3.248
261;271;2.984
262;258;2.883
262;259;2.996
262;269;3.402
262;273;3.144
263;259;3.228
263;268;2.776
263;269;2.899
264;273;3.738
264;696;3.774
265;267;3.157
266;273;3.552
266;275;3.779
266;699;4.028
267;265;3.157
268;263;2.776
269;261;3.992
269;262;3.402
269;263;2.899
270;260;2.936
270;261;3.248
271;261;2.984
271;273;3.895
272;274;3.051
273;262;3.144
273;264;3.738
273;266;3.552
273;271;3.895
273;275;2.986
274;272;3.051
274;277;2.986
275;266;3.779
275;273;2.986
275;695;3.587
275;700;3.832
276;279;2.942
276;281;3.43
276;282;3.698
276;285;3.607
277;274;2.986
278;282;3.526
279;276;2.942
279;282;3.007
279;296;3.979
280;283;3.032
280;290;2.764
280;291;2.749
280;292;3.622
280;295;3.664
280;703;2.837
281;276;3.43
281;284;2.971
281;285;2.694
281;700;2.711
281;701;3.289
282;276;3.698
282;278;3.526
282;279;3.007
282;285;3.011
283;280;3.032
283;294;3.366
284;281;2.971
284;292;2.91
285;276;3.607
285;281;2.694
285;282;3.011
285;701;2.759
286;289;3.593
287;720;3.854
288;728;2.752
289;286;3.593
289;728;3.271
290;280;2.764
290;701;3.796
290;703;3.593
290;704;2.97
291;280;2.749
291;704;3.059
292;280;3.622
292;284;2.91
293;309;2.727
294;283;3.366
295;280;3.664
296;279;3.979
297;692;2.817
297;1103;3.699
298;1104;3.352
298;1107;3.526
298;1108;3.993
299;307;3.215
299;309;3.738
300;302;4.038
300;307;3.81
301;306;2.719
302;300;4.038
302;977;3.739
303;973;3.46
304;306;3.394
305;306;3.375
306;301;2.719
306;304;3.394
306;305;3.375
307;299;3.215
307;300;3.81
307;310;3.174
308;312;3.994
309;293;2.727
309;299;3.738
310;307;3.174
310;316;2.836
311;313;2.995
312;308;3.994
313;311;2.995
313;316;3.783
314;318;3.913
314;323;2.894
314;324;3.829
315;317;3.013
316;310;2.836
316;313;3.783
317;315;3.013
318;314;3.913
318;322;2.83
318;324;2.807
318;326;2.674
319;322;2.937
320;327;3.406
321;324;2.964
321;325;2.826
321;327;2.692
322;318;2.83
322;319;2.937
323;314;2.894
324;314;3.829
324;318;2.807
324;321;2.964
325;321;2.826
326;318;2.674
326;329;3.055
327;320;3.406
327;321;2.692
328;330;2.75
328;331;3.964
329;326;3.055
330;328;2.75
331;328;3.964
332;439;3.659
332;440;2.812
332;441;3.803
333;435;3.098
333;438;3.749
334;435;2.98
335;435;2.768
336;435;2.623
337;342;2.833
338;340;2.953
338;341;3.389
338;342;4.027
338;347;3.82
339;343;3.605
340;338;2.953
341;338;3.389
341;348;3.417
342;337;2.833
342;338;4.027
342;346;3.65
342;347;3.636
343;339;3.605
343;348;3.836
344;346;3.025
344;348;4.033
345;431;3.971
346;342;3.65
346;344;3.025
346;432;3.622
346;433;2.86
346;434;2.922
346;436;2.763
347;338;3.82
347;342;3.636
348;341;3.417
348;343;3.836
348;344;4.033
349;355;3.807
350;355;3.617
350;356;2.855
351;354;3.062
351;356;3.019
352;356;4.033
352;357;2.953
353;366;3.823
354;351;3.062
355;349;3.807
355;350;3.617
356;350;2.855
356;351;3.019
356;352;4.033
357;352;2.953
357;359;2.932
358;362;3.721
359;357;2.932
359;362;3.008
360;363;3.005
361;364;3.003
361;365;3.004
361;366;4.01
361;368;3.737
362;358;3.721
362;359;3.008
363;360;3.005
364;361;3.003
365;361;3.004
365;367;3.474
366;353;3.823
366;361;4.01
367;365;3.474
368;361;3.737
369;371;3.458
370;373;2.741
370;376;3.581
370;388;3.898
371;369;3.458
372;389;2.996
373;370;2.741
373;388;3.932
373;389;4.018
374;390;2.904
374;395;3.297
375;378;2.961
376;370;3.581
377;379;3.02
377;380;3.164
377;381;3.251
377;382;2.734
378;375;2.961
379;377;3.02
380;377;3.164
381;377;3.251
382;377;2.734
382;385;2.873
383;385;3.381
384;386;2.987
385;382;2.873
385;383;3.381
386;384;2.987
387;391;3.627
387;392;3.478
388;370;3.898
388;373;3.932
388;391;2.912
389;372;2.996
389;373;4.018
390;374;2.904
390;393;2.922
390;394;3.096
390;395;3.79
391;387;3.627
391;388;2.912
392;387;3.478
393;390;2.922
394;390;3.096
395;374;3.297
395;390;3.79
396;397;2.804
397;396;2.804
398;399;2.829
398;405;3.651
399;398;2.829
399;404;3.054
400;403;2.803
400;404;3.802
401;404;3.769
402;404;2.976
403;400;2.803
404;399;3.054
404;400;3.802
404;401;3.769
404;402;2.976
405;398;3.651
405;406;3.068
406;405;3.068
407;409;3.179
408;410;2.947
409;407;3.179
410;408;2.947
410;411;3.018
411;410;3.018
412;414;3.963
413;438;2.959
414;412;3.963
415;416;3.321
416;415;3.321
416;417;3.277
417;416;3.277
417;419;3.055
418;420;2.949
418;424;3.62
419;417;3.055
420;418;2.949
420;424;3.599
421;422;3.373
422;421;3.373
423;426;3.943
423;430;3.155
424;418;3.62
424;420;3.599
424;426;2.976
425;428;2.861
426;423;3.943
426;424;2.976
426;429;2.986
426;430;3.08
427;430;2.893
428;425;2.861
428;431;3.624
429;426;2.986
430;423;3.155
430;426;3.08
430;427;2.893
431;345;3.971
431;428;3.624
432;346;3.622
432;436;3.801
433;346;2.86
434;346;2.922
435;333;3.098
435;334;2.98
435;335;2.768
435;336;2.623
436;346;2.763
436;432;3.801
437;439;3.83
438;333;3.749
438;413;2.959
438;439;3.088
439;332;3.659
439;437;3.83
439;438;3.088
440;332;2.812
441;332;3.803
442;445;3.018
443;446;3.083
443;447;3.266
444;448;3.928
444;449;2.797
444;450;3.335
445;442;3.018
446;443;3.083
447;443;3.266
448;444;3.928
449;444;2.797
450;444;3.335
451;452;3.45
452;451;3.45
453;455;2.722
454;456;3.102
455;453;2.722
456;454;3.102
456;458;2.952
456;460;3.367
456;461;3.897
456;464;2.698
457;459;3.954
457;460;3.749
457;518;2.769
458;456;2.952
459;457;3.954
459;517;3.65
459;518;3.925
460;456;3.367
460;457;3.749
460;463;2.964
460;464;3.1
461;456;3.897
461;464;3.016
462;514;3.634
463;460;2.964
463;519;3.321
464;456;2.698
464;460;3.1
464;461;3.016
464;467;2.957
464;468;3.195
465;469;2.958
466;470;2.96
467;464;2.957
467;470;3.205
467;471;3.014
468;464;3.195
468;471;3.431
468;472;2.932
468;566;2.677
469;465;2.958
469;472;3.2
469;473;2.973
470;466;2.96
470;467;3.205
470;474;3.047
471;467;3.014
471;468;3.431
471;474;3.32
471;475;2.979
471;507;3.993
471;511;3.805
471;563;3.956
472;468;2.932
472;469;3.2
472;475;3.0
472;476;3.084
472;567;2.738
472;568;3.622
473;469;2.973
473;476;3.478
473;477;3.006
474;470;3.047
474;471;3.32
474;478;2.981
474;504;3.66
475;471;2.979
475;472;3.0
475;478;3.079
475;479;3.071
475;508;3.311
475;561;3.868
475;563;3.889
475;564;3.844
476;472;3.084
476;473;3.478
476;479;3.122
476;480;3.45
476;564;3.828
477;473;3.006
477;480;3.289
477;481;3.017
478;474;2.981
478;475;3.079
478;481;3.277
478;482;2.988
478;504;3.247
478;560;3.141
479;475;3.071
479;476;3.122
479;483;3.055
479;561;3.648
479;991;3.9
480;476;3.45
480;477;3.289
480;483;3.308
480;484;3.0
481;477;3.017
481;478;3.277
481;484;3.043
481;485;2.951
481;497;3.522
482;478;2.988
482;485;3.031
482;560;3.781
482;561;3.663
482;995;4.005
483;479;3.055
483;480;3.308
484;480;3.0
484;481;3.043
485;481;2.951
485;482;3.031
485;490;2.903
485;497;3.989
485;501;3.431
486;490;2.976
486;1038;3.194
486;1039;3.023
487;490;3.935
487;491;2.831
488;491;2.974
488;492;3.026
489;493;3.01
490;485;2.903
490;486;2.976
490;487;3.935
490;494;2.804
491;487;2.831
491;488;2.974
491;494;2.753
492;488;3.026
493;489;3.01
493;496;3.032
493;497;2.938
494;490;2.804
494;491;2.753
494;498;2.948
495;498;3.468
495;499;3.054
496;493;3.032
496;499;3.969
496;500;2.96
497;481;3.522
497;485;3.989
497;493;2.938
497;500;3.325
497;501;2.919
498;494;2.948
498;495;3.468
498;501;3.354
498;502;3.038
499;495;3.054
499;496;3.969
499;503;2.964
500;496;2.96
500;497;3.325
500;504;2.962
501;485;3.431
501;497;2.919
501;498;3.354
501;504;3.396
501;505;3.09
501;560;3.275
502;498;3.038
502;505;3.339
502;506;3.012
502;544;3.797
502;545;3.422
503;499;2.964
503;506;3.02
503;507;3.087
504;474;3.66
504;478;3.247
504;500;2.962
504;501;3.396
504;507;3.067
504;508;3.379
505;501;3.09
505;502;3.339
505;508;2.946
505;540;2.829
505;541;3.746
505;544;3.816
506;502;3.012
506;503;3.02
506;509;2.869
507;471;3.993
507;503;3.087
507;504;3.067
507;510;3.069
507;511;3.231
508;475;3.311
508;504;3.379
508;505;2.946
508;512;2.984
508;537;3.698
508;541;3.914
508;563;3.401
509;506;2.869
509;512;3.411
509;513;3.034
509;541;3.499
510;507;3.069
510;514;3.061
511;471;3.805
511;507;3.231
511;514;3.417
511;515;2.948
511;563;2.746
511;566;2.733
512;508;2.984
512;509;3.411
512;516;2.983
512;537;3.713
513;509;3.034
513;516;3.277
513;517;3.088
514;462;3.634
514;510;3.061
514;511;3.417
514;518;2.987
515;511;2.948
515;518;3.002
515;519;3.041
515;523;2.67
515;524;3.65
515;530;2.774
516;512;2.983
516;513;3.277
516;524;3.694
516;525;3.989
517;459;3.65
517;513;3.088
518;457;2.769
518;459;3.925
518;514;2.987
518;515;3.002
519;463;3.321
519;515;3.041
519;523;3.599
520;523;2.919
520;524;2.922
521;525;2.981
522;526;2.842
523;515;2.67
523;519;3.599
523;520;2.919
523;526;3.074
523;527;2.915
524;515;3.65
524;516;3.694
524;520;2.922
524;530;3.196
524;534;3.214
525;516;3.989
525;521;2.981
526;522;2.842
526;523;3.074
527;523;2.915
527;530;2.965
527;531;3.043
528;531;3.945
528;532;3.009
529;533;2.995
529;571;2.947
529;574;3.952
530;515;2.774
530;524;3.196
530;527;2.965
530;534;2.956
531;527;3.043
531;528;3.945
531;534;3.406
531;535;2.992
532;528;3.009
532;535;3.427
532;536;3.015
533;529;2.995
533;536;3.208
533;537;2.905
533;563;2.645
533;566;3.849
534;524;3.214
534;530;2.956
534;531;3.406
534;538;3.009
535;531;2.992
535;532;3.427
535;538;3.188
535;539;3.087
536;532;3.015
536;533;3.208
536;540;3.008
537;508;3.698
537;512;3.713
537;533;2.905
537;541;2.934
537;563;3.751
538;534;3.009
538;535;3.188
538;542;2.994
539;535;3.087
539;543;3.213
539;556;3.574
540;505;2.829
540;536;3.008
540;544;3.412
540;560;3.085
541;505;3.746
541;508;3.914
541;509;3.499
541;537;2.934
541;544;3.145
541;545;2.91
542;538;2.994
542;545;3.307
542;546;3.034
543;539;3.213
543;547;2.997
543;548;3.057
543;557;3.79
544;502;3.797
544;505;3.816
544;540;3.412
544;541;3.145
544;548;3.738
544;557;3.951
545;502;3.422
545;541;2.91
545;542;3.307
546;542;3.034
547;543;2.997
547;549;2.943
548;543;3.057
548;544;3.738
548;554;2.839
549;547;2.943
549;554;3.255
550;553;2.788
551;554;3.215
551;555;2.93
552;555;3.295
552;556;2.956
552;1078;3.98
553;550;2.788
553;556;3.088
553;557;3.082
554;548;2.839
554;549;3.255
554;551;3.215
554;557;2.936
555;551;2.93
555;552;3.295
555;558;2.996
555;999;3.131
556;539;3.574
556;552;2.956
556;553;3.088
556;559;2.979
557;543;3.79
557;544;3.951
557;553;3.082
557;554;2.936
557;560;3.052
558;555;2.996
558;561;3.182
558;995;3.718
558;996;3.906
559;556;2.979
559;562;2.899
559;992;3.874
560;478;3.141
560;482;3.781
560;501;3.275
560;540;3.085
560;557;3.052
560;563;2.962
561;475;3.868
561;479;3.648
561;482;3.663
561;558;3.182
561;564;2.923
561;988;3.807
561;992;3.526
562;559;2.899
562;565;2.79
562;989;3.353
562;992;3.487
563;471;3.956
563;475;3.889
563;508;3.401
563;511;2.746
563;533;2.645
563;537;3.751
563;560;2.962
563;566;2.988
564;475;3.844
564;476;3.828
564;561;2.923
564;567;2.971
564;568;2.953
564;570;3.873
564;988;3.564
565;562;2.79
565;570;4.032
566;468;2.677
566;511;2.733
566;533;3.849
566;563;2.988
567;472;2.738
567;564;2.971
568;472;3.622
568;564;2.953
568;570;3.894
568;571;3.015
569;572;3.102
569;573;2.926
569;981;3.325
570;564;3.873
570;565;4.032
570;568;3.894
570;573;3.206
570;574;3.014
570;985;3.495
571;529;2.947
571;568;3.015
571;574;3.879
571;575;3.055
572;569;3.102
572;575;3.385
572;576;2.973
573;569;2.926
573;570;3.206
573;576;3.286
573;577;2.935
573;982;4.019
573;985;3.638
574;529;3.952
574;570;3.014
574;571;3.879
574;578;3.052
575;571;3.055
575;572;3.385
575;578;3.412
575;579;2.772
576;572;2.973
576;573;3.286
576;579;3.211
576;580;2.924
576;1096;3.526
577;573;2.935
577;580;3.206
577;581;3.077
577;1092;3.588
578;574;3.052
578;575;3.412
578;581;3.01
579;575;2.772
579;576;3.211
579;582;2.978
580;576;2.924
580;577;3.206
580;583;3.089
580;584;3.087
580;684;3.794
580;1092;3.486
580;1096;3.432
581;577;3.077
581;578;3.01
581;585;2.972
581;1092;3.86
582;579;2.978
582;585;3.044
583;580;3.089
583;684;3.877
584;580;3.087
584;587;3.279
584;588;2.871
584;680;3.558
584;1092;3.859
585;581;2.972
585;582;3.044
585;589;3.05
586;106;3.375
586;110;3.288
586;589;3.211
586;590;3.289
587;110;3.981
587;584;3.279
587;590;3.052
587;591;3.025
587;679;3.506
587;680;3.79
588;584;2.871
588;592;2.925
589;585;3.05
589;586;3.211
589;592;3.319
589;593;3.069
590;107;3.723
590;586;3.289
590;587;3.052
590;593;3.389
590;594;3.022
591;587;3.025
591;595;2.964
591;642;3.96
592;588;2.925
592;589;3.319
592;596;2.972
593;100;3.825
593;589;3.069
593;590;3.389
593;596;3.394
593;597;3.027
594;590;3.022
594;597;3.27
594;598;2.945
594;672;3.703
595;591;2.964
595;598;3.486
595;599;2.93
595;635;3.499
595;638;3.806
596;19;3.554
596;23;3.798
596;592;2.972
596;593;3.394
596;599;3.27
596;600;3.003
596;631;3.525
597;94;3.96
597;98;3.933
597;593;3.027
597;594;3.27
597;600;3.251
597;601;2.993
598;594;2.945
598;595;3.486
598;602;2.957
598;638;3.768
598;668;4.05
598;669;3.512
598;672;3.899
599;595;2.93
599;596;3.27
599;602;3.257
599;603;2.993
599;631;3.759
599;634;3.986
599;635;4.034
600;94;3.64
600;596;3.003
600;597;3.251
600;604;3.321
601;94;3.689
601;597;2.993
601;604;3.322
601;605;3.016
602;598;2.957
602;599;3.257
602;606;2.983
602;607;2.818
602;628;3.832
603;25;3.515
603;599;2.993
603;607;3.063
603;608;3.147
603;630;3.747
604;91;3.443
604;600;3.321
604;601;3.322
605;87;3.909
605;91;3.864
605;601;3.016
605;608;2.803
606;602;2.983
606;609;3.009
606;610;3.548
606;624;3.513
606;628;4.111
606;662;3.336
607;602;2.818
607;603;3.063
607;624;3.774
608;603;3.147
608;605;2.803
609;606;3.009
609;621;4.115
609;624;2.976
610;606;3.548
610;622;3.085
610;624;2.965
610;650;3.795
610;651;3.342
610;658;2.788
610;662;3.57
611;615;3.838
611;620;2.658
611;621;3.326
611;651;3.739
611;652;2.925
612;615;3.017
612;616;2.867
612;617;2.854
612;618;2.738
613;651;4.124
613;652;2.776
613;654;3.774
614;617;3.862
615;611;3.838
615;612;3.017
616;612;2.867
617;612;2.854
617;614;3.862
617;1026;3.886
618;612;2.738
619;625;3.572
619;626;3.17
620;611;2.658
621;609;4.115
621;611;3.326
621;625;3.5
622;610;3.085
622;625;3.15
622;626;3.131
622;649;2.851
622;650;3.565
623;626;3.033
623;627;2.843
623;648;3.847
624;606;3.513
624;607;3.774
624;609;2.976
624;610;2.965
624;628;3.706
624;650;3.597
625;619;3.572
625;621;3.5
625;622;3.15
625;629;3.605
626;619;3.17
626;622;3.131
626;623;3.033
626;633;3.813
626;1066;3.665
627;623;2.843
627;633;3.334
627;636;4.031
627;637;3.848
627;1057;3.407
627;1061;3.885
628;602;3.832
628;606;4.111
628;624;3.706
628;633;3.785
628;637;3.636
628;650;4.07
629;625;3.605
629;1070;2.723
630;25;3.682
630;603;3.747
630;633;2.835
630;634;2.95
630;1073;2.879
631;25;3.726
631;596;3.525
631;599;3.759
631;634;3.488
631;635;2.937
632;635;3.169
632;636;2.984
632;1073;3.862
632;1076;3.997
632;1077;3.62
632;1080;3.807
633;626;3.813
633;627;3.334
633;628;3.785
633;630;2.835
633;636;3.353
633;637;2.99
633;1061;2.931
634;599;3.986
634;630;2.95
634;631;3.488
634;638;2.963
635;595;3.499
635;599;4.034
635;631;2.937
635;632;3.169
635;638;3.476
635;639;2.977
636;627;4.031
636;632;2.984
636;633;3.353
636;639;3.183
636;640;3.019
636;1061;3.943
636;1080;3.676
637;627;3.848
637;628;3.636
637;633;2.99
637;640;3.14
637;641;3.017
637;647;3.798
638;595;3.806
638;598;3.768
638;634;2.963
638;635;3.476
638;641;3.376
638;642;2.993
638;669;4.036
639;635;2.977
639;636;3.183
639;642;3.071
639;643;3.216
639;1053;3.941
639;1056;3.513
639;1080;3.698
639;1087;3.91
640;636;3.019
640;637;3.14
640;646;2.856
640;1057;3.532
641;637;3.017
641;638;3.376
641;644;2.972
641;666;3.416
641;669;3.561
641;670;3.972
642;591;3.96
642;638;2.993
642;639;3.071
642;673;3.77
643;639;3.216
643;1053;3.466
644;641;2.972
644;666;2.867
644;670;3.997
645;215;3.779
645;1053;3.802
645;1054;2.753
645;1055;2.843
646;210;3.422
646;215;3.415
646;216;3.637
646;640;2.856
646;666;3.839
646;1058;3.885
647;637;3.798
647;650;3.504
647;666;3.269
648;623;3.847
648;1058;3.537
649;622;2.851
649;1012;3.822
650;610;3.795
650;622;3.565
650;624;3.597
650;628;4.07
650;647;3.504
650;659;3.16
650;662;3.469
651;610;3.342
651;611;3.739
651;613;4.124
651;655;3.37
651;659;3.076
652;611;2.925
652;613;2.776
652;659;3.658
653;1013;3.38
654;613;3.774
655;651;3.37
655;658;2.777
655;659;3.067
656;660;2.95
657;660;3.402
657;661;2.984
658;610;2.788
658;655;2.777
658;661;3.226
658;662;3.054
659;650;3.16
659;651;3.076
659;652;3.658
659;655;3.067
659;662;3.053
659;663;2.895
660;656;2.95
660;657;3.402
660;663;3.167
660;664;3.023
661;657;2.984
661;658;3.226
662;606;3.336
662;610;3.57
662;650;3.469
662;658;3.054
662;659;3.053
662;665;2.989
662;666;2.92
663;206;3.8
663;659;2.895
663;660;3.167
663;666;3.367
663;667;2.97
664;660;3.023
664;667;3.454
664;668;2.997
665;662;2.989
665;668;3.395
665;669;2.969
666;641;3.416
666;644;2.867
666;646;3.839
666;647;3.269
666;662;2.92
666;663;3.367
666;669;3.319
666;670;2.976
667;209;3.861
667;663;2.97
667;664;3.454
667;670;3.319
667;671;2.97
668;598;4.05
668;664;2.997
668;665;3.395
668;671;3.463
668;672;3.003
669;598;3.512
669;638;4.036
669;641;3.561
669;665;2.969
669;666;3.319
669;673;2.958
670;213;3.641
670;641;3.972
670;644;3.997
670;666;2.976
670;667;3.319
670;674;2.93
671;209;3.779
671;667;2.97
671;668;3.463
671;674;3.432
671;675;3.032
672;594;3.703
672;598;3.899
672;668;3.003
672;675;3.439
672;676;2.995
673;642;3.77
673;669;2.958
673;676;3.173
673;677;2.926
674;670;2.93
674;671;3.432
674;677;3.254
674;678;2.978
675;114;3.801
675;671;3.032
675;672;3.439
675;679;3.031
676;672;2.995
676;673;3.173
676;679;3.354
676;680;2.918
677;673;2.926
677;674;3.254
677;680;3.137
677;681;3.078
678;249;3.611
678;250;3.759
678;674;2.978
678;681;3.457
678;682;3.016
679;587;3.506
679;675;3.031
679;676;3.354
679;683;2.91
680;584;3.558
680;587;3.79
680;676;2.918
680;677;3.137
680;683;3.376
680;684;3.123
680;1095;3.369
681;250;3.654
681;254;3.676
681;677;3.078
681;678;3.457
681;684;3.478
681;685;2.954
681;1095;3.564
681;1098;3.737
681;1382;6.357
682;253;3.807
682;254;3.931
682;257;3.699
682;678;3.016
682;685;3.358
682;686;2.957
683;679;2.91
683;680;3.376
683;687;3.075
684;580;3.794
684;583;3.877
684;680;3.123
684;681;3.478
684;687;3.26
684;688;2.986
684;1095;3.653
684;1096;3.781
684;1099;3.566
685;254;3.566
685;681;2.954
685;682;3.358
685;689;2.985
685;1099;3.926
685;1102;3.453
686;258;3.497
686;682;2.957
686;689;3.189
686;690;3.05
687;683;3.075
687;684;3.26
687;690;3.188
687;691;3.104
688;684;2.986
688;691;2.97
688;1099;3.447
688;1103;3.489
689;258;3.415
689;685;2.985
689;686;3.189
689;1103;3.573
689;1106;3.219
690;686;3.05
690;687;3.188
691;687;3.104
691;688;2.97
692;297;2.817
692;1103;3.481
693;1106;3.763
694;1110;2.771
694;1111;2.775
695;275;3.587
695;702;3.487
695;1110;2.754
696;264;3.774
696;1113;3.825
697;702;3.803
697;703;3.545
697;1113;3.448
698;717;2.641
698;1121;2.967
699;266;4.028
700;275;3.832
700;281;2.711
701;281;3.289
701;285;2.759
701;290;3.796
702;695;3.487
702;697;3.803
703;280;2.837
703;290;3.593
703;697;3.545
704;290;2.97
704;291;3.059
705;719;2.848
706;717;3.625
706;718;3.947
706;1119;3.797
707;710;3.657
708;1115;3.898
708;1116;3.691
708;1117;2.877
708;1119;3.799
709;712;2.965
709;1116;3.185
709;1117;2.806
710;707;3.657
710;825;3.587
711;827;2.927
711;828;2.781
712;709;2.965
712;715;2.81
712;716;3.882
713;796;3.825
714;803;3.369
715;712;2.81
715;796;3.803
715;798;3.974
716;712;3.882
717;698;2.641
717;706;3.625
717;1119;3.354
717;1120;3.743
718;706;3.947
718;721;3.397
718;802;3.62
719;705;2.848
720;287;3.854
720;728;2.834
721;718;3.397
721;728;3.965
722;728;3.812
723;729;3.818
723;806;3.64
723;808;3.61
723;810;3.754
724;726;2.951
725;808;2.72
726;724;2.951
727;729;2.994
727;731;3.525
728;288;2.752
728;289;3.271
728;720;2.834
728;721;3.965
728;722;3.812
729;723;3.818
729;727;2.994
729;810;2.631
730;732;2.927
730;733;2.949
730;746;2.911
730;747;3.088
730;748;2.963
731;727;3.525
732;730;2.927
732;757;3.527
733;730;2.949
734;736;2.839
735;744;3.709
735;746;3.033
736;734;2.839
737;742;3.885
738;741;2.824
739;744;2.784
740;743;3.56
741;738;2.824
742;737;3.885
742;747;3.713
743;740;3.56
744;735;3.709
744;739;2.784
744;747;2.949
744;762;3.993
745;758;2.772
745;762;3.999
746;730;2.911
746;735;3.033
747;730;3.088
747;742;3.713
747;744;2.949
748;730;2.963
748;753;3.475
748;754;4.02
748;758;2.756
748;760;3.943
749;753;2.921
750;770;2.728
751;766;3.864
752;766;2.997
752;769;2.818
753;748;3.475
753;749;2.921
754;748;4.02
754;757;3.94
755;757;3.046
756;763;2.76
757;732;3.527
757;754;3.94
757;755;3.046
758;745;2.772
758;748;2.756
759;764;3.864
759;766;2.991
760;748;3.943
761;765;2.874
762;744;3.993
762;745;3.999
763;756;2.76
764;759;3.864
765;761;2.874
765;768;3.014
766;751;3.864
766;752;2.997
766;759;2.991
766;769;2.81
767;771;2.897
768;765;3.014
769;752;2.818
769;766;2.81
770;750;2.728
771;767;2.897
771;775;3.79
772;775;3.629
772;776;3.556
772;777;3.926
773;774;2.987
774;773;2.987
775;771;3.79
775;772;3.629
776;772;3.556
777;772;3.926
778;782;2.797
779;786;2.888
780;785;2.946
781;784;3.202
782;778;2.797
783;788;2.878
784;781;3.202
784;787;2.947
785;780;2.946
785;791;2.793
785;1126;2.634
786;779;2.888
787;784;2.947
788;783;2.878
789;798;3.335
790;793;2.79
790;1126;3.777
790;1127;3.371
791;785;2.793
791;1126;3.196
792;794;2.694
793;790;2.79
793;796;3.496
794;792;2.694
795;802;3.858
796;713;3.825
796;715;3.803
796;793;3.496
797;799;3.223
797;800;3.097
797;801;3.61
798;715;3.974
798;789;3.335
799;797;3.223
800;797;3.097
801;797;3.61
801;805;3.535
802;718;3.62
802;795;3.858
803;714;3.369
803;806;2.906
804;807;3.277
805;801;3.535
806;723;3.64
806;803;2.906
807;804;3.277
807;810;3.872
808;723;3.61
808;725;2.72
808;810;3.754
809;811;2.856
810;723;3.754
810;729;2.631
810;807;3.872
810;808;3.754
811;809;2.856
812;813;3.922
813;812;3.922
814;816;3.736
814;821;3.313
815;820;3.919
816;814;3.736
816;821;3.345
817;820;3.465
818;820;3.017
819;822;3.022
820;815;3.919
820;817;3.465
820;818;3.017
821;814;3.313
821;816;3.345
822;819;3.022
822;823;2.913
822;824;2.853
823;822;2.913
824;822;2.853
825;710;3.587
825;827;3.032
826;835;4.087
826;838;3.878
827;711;2.927
827;825;3.032
827;830;3.891
828;711;2.781
829;833;3.737
830;827;3.891
831;834;2.947
832;836;2.672
832;909;2.696
833;829;3.737
834;831;2.947
835;826;4.087
835;837;3.012
835;839;2.818
835;840;2.84
836;832;2.672
837;835;3.012
837;839;3.75
838;826;3.878
839;835;2.818
839;837;3.75
840;835;2.84
841;843;3.883
841;844;3.382
842;845;2.792
843;841;3.883
844;841;3.382
844;848;3.38
845;842;2.792
845;848;2.724
845;904;2.869
845;905;2.816
846;849;3.049
847;852;3.831
847;898;3.965
847;901;3.406
847;902;3.607
848;844;3.38
848;845;2.724
849;846;3.049
849;852;2.92
849;853;2.972
850;854;3.024
851;855;2.95
852;847;3.831
852;849;2.92
852;855;3.231
852;856;2.965
853;849;2.972
853;856;3.423
853;857;3.192
853;961;3.143
854;850;3.024
854;857;3.441
854;858;3.022
855;851;2.95
855;852;3.231
855;858;3.192
855;859;2.909
856;852;2.965
856;853;3.423
856;859;3.386
856;860;2.969
856;895;3.737
856;898;3.774
857;853;3.192
857;854;3.441
857;860;3.336
857;861;2.953
857;961;3.437
858;854;3.022
858;855;3.192
858;861;3.286
858;862;2.98
859;855;2.909
859;856;3.386
859;863;2.951
859;895;3.953
860;856;2.969
860;857;3.336
860;864;2.894
860;891;3.99
860;895;3.431
860;954;3.695
860;958;3.777
861;857;2.953
861;858;3.286
861;864;3.172
861;865;2.979
862;858;2.98
862;865;3.11
862;866;3.008
863;859;2.951
863;866;3.438
863;867;2.956
863;954;3.634
864;860;2.894
864;861;3.172
864;868;3.002
865;861;2.979
865;862;3.11
865;868;3.384
865;869;2.953
866;862;3.008
866;863;3.438
866;869;2.978
866;870;3.239
867;863;2.956
867;952;3.904
867;955;4.037
868;864;3.002
868;865;3.384
868;872;3.672
868;1291;3.868
869;865;2.953
869;866;2.978
869;872;3.075
869;873;3.026
869;876;3.482
869;880;3.893
870;866;3.239
870;877;2.756
870;945;2.696
871;874;3.287
871;877;2.665
871;1294;3.348
871;1347;3.022
872;868;3.672
872;869;3.075
872;1314;3.782
873;869;3.026
873;876;2.968
873;877;3.023
874;871;3.287
874;877;3.152
874;878;2.994
874;1348;3.949
875;878;2.645
876;869;3.482
876;873;2.968
876;879;3.282
876;880;2.965
877;870;2.756
877;871;2.665
877;873;3.023
877;874;3.152
877;881;3.015
878;874;2.994
878;875;2.645
878;1348;3.44
879;876;3.282
880;869;3.893
880;876;2.965
880;883;3.112
880;884;3.026
881;877;3.015
881;885;2.739
882;886;3.023
883;880;3.112
883;886;3.374
883;887;2.982
884;880;3.026
884;887;2.985
884;888;3.262
885;881;2.739
885;888;3.002
885;889;3.03
885;945;2.856
885;948;3.772
886;882;3.023
886;883;3.374
886;889;2.898
886;890;2.951
887;883;2.982
887;884;2.985
887;890;3.485
887;891;2.921
888;884;3.262
888;885;3.002
888;892;3.004
888;951;3.783
889;885;3.03
889;886;2.898
889;892;3.322
889;893;3.027
890;886;2.951
890;887;3.485
890;894;2.989
891;860;3.99
891;887;2.921
891;894;3.226
891;895;2.933
891;954;3.617
892;888;3.004
892;889;3.322
892;896;2.975
892;951;3.897
893;889;3.027
893;897;3.024
894;890;2.989
894;891;3.226
894;897;4.015
894;898;2.944
895;856;3.737
895;859;3.953
895;860;3.431
895;891;2.933
895;899;3.008
895;957;3.657
896;892;2.975
896;899;3.367
896;900;2.96
896;924;3.885
896;928;3.649
897;893;3.024
897;894;4.015
897;900;3.33
897;901;2.941
898;847;3.965
898;856;3.774
898;894;2.944
898;902;2.733
898;957;3.638
899;895;3.008
899;896;3.367
899;902;3.441
899;903;2.935
899;921;3.814
900;896;2.96
900;897;3.33
900;904;3.009
901;847;3.406
901;897;2.941
901;904;4.018
901;905;2.978
902;847;3.607
902;898;2.733
902;899;3.441
902;905;3.423
902;906;3.05
902;911;4.016
902;917;4.047
902;920;2.688
903;899;2.935
903;906;3.016
903;907;2.92
903;911;3.631
903;912;3.566
904;845;2.869
904;900;3.009
904;901;4.018
905;845;2.816
905;901;2.978
905;902;3.423
906;902;3.05
906;903;3.016
906;910;2.924
906;914;3.738
906;917;3.664
907;903;2.92
907;910;2.943
907;911;2.962
908;911;3.495
908;912;3.046
909;832;2.696
909;912;3.09
909;913;2.893
910;906;2.924
910;907;2.943
911;902;4.016
911;903;3.631
911;907;2.962
911;908;3.495
911;914;3.041
911;917;3.698
911;921;3.781
912;903;3.566
912;908;3.046
912;909;3.09
912;918;3.546
912;921;5.585
913;909;2.893
914;906;3.738
914;911;3.041
914;917;3.029
914;918;2.925
915;919;2.973
916;919;3.392
916;920;2.991
916;966;4.037
916;969;3.958
917;902;4.047
917;906;3.664
917;911;3.698
917;914;3.029
917;920;3.149
917;921;2.984
918;912;3.546
918;914;2.925
918;921;3.845
918;922;2.975
919;915;2.973
919;916;3.392
919;922;3.278
920;902;2.688
920;916;2.991
920;917;3.149
920;957;2.969
920;960;2.791
921;899;3.814
921;911;3.781
921;912;5.585
921;917;2.984
921;918;3.845
921;924;3.04
921;925;2.96
922;918;2.975
922;919;3.278
922;926;3.028
923;953;3.993
923;957;3.726
924;896;3.885
924;921;3.04
924;927;3.049
924;928;3.086
925;921;2.96
925;928;2.966
925;929;2.918
926;922;3.028
926;930;2.973
926;950;3.679
927;924;3.049
927;930;3.866
927;931;3.063
927;951;2.871
928;896;3.649
928;924;3.086
928;925;2.966
928;931;3.284
928;932;2.958
929;925;2.918
929;932;3.251
929;933;2.998
930;926;2.973
930;927;3.866
930;933;3.368
930;934;2.974
931;927;3.063
931;928;3.284
931;934;3.296
931;935;2.983
931;944;3.656
932;928;2.958
932;929;3.251
932;935;3.206
932;936;2.925
933;929;2.998
933;930;3.368
933;936;3.169
933;937;2.979
934;930;2.974
934;931;3.296
934;939;3.049
934;943;3.751
934;944;3.453
934;947;3.583
935;931;2.983
935;932;3.206
935;938;3.001
936;932;2.925
936;933;3.169
937;933;2.979
938;935;3.001
939;934;3.049
940;943;3.808
940;944;3.168
941;944;3.471
941;945;2.999
942;945;2.732
942;946;3.276
943;934;3.751
943;940;3.808
943;947;3.004
944;931;3.656
944;934;3.453
944;940;3.168
944;941;3.471
944;948;2.995
945;870;2.696
945;885;2.856
945;941;2.999
945;942;2.732
945;1346;3.794
946;942;3.276
946;949;3.051
946;1296;3.874
946;1343;2.997
946;1344;3.659
946;1345;3.153
947;934;3.583
947;943;3.004
948;885;3.772
948;944;2.995
948;951;2.739
949;946;3.051
949;952;2.756
949;953;3.352
949;1292;3.613
950;926;3.679
950;953;2.98
951;888;3.783
951;892;3.897
951;927;2.871
951;948;2.739
951;954;2.859
952;867;3.904
952;949;2.756
953;923;3.993
953;949;3.352
953;950;2.98
953;956;2.93
953;957;2.999
953;1288;3.824
954;860;3.695
954;863;3.634
954;891;3.617
954;951;2.859
954;957;2.978
954;958;3.172
955;867;4.037
955;958;2.962
955;1288;3.634
956;953;2.93
956;959;2.767
956;1288;3.803
957;895;3.657
957;898;3.638
957;920;2.969
957;923;3.726
957;953;2.999
957;954;2.978
957;960;2.913
958;860;3.777
