source;destination;distance
0;3;2.785
1;47;3.595
2;7;3.661
2;48;3.678
3;0;2.785
4;7;3.251
4;8;2.969
5;9;2.973
6;10;2.972
7;2;3.661
7;4;3.251
7;10;3.127
7;11;2.969
7;43;3.901
7;47;3.727
8;4;2.969
8;11;3.457
8;12;2.974
9;5;2.973
9;13;2.937
10;6;2.972
10;7;3.127
10;13;3.498
10;14;2.95
11;7;2.969
11;8;3.457
11;14;3.421
11;15;3.008
11;44;3.611
12;8;2.974
12;16;2.976
12;104;3.998
13;9;2.937
13;10;3.498
13;16;3.39
13;17;2.944
14;10;2.95
14;11;3.421
14;18;3.009
14;37;3.636
15;11;3.008
15;19;2.985
15;37;3.744
15;99;3.94
15;100;3.57
16;12;2.976
16;13;3.39
16;19;3.137
16;20;3.086
17;13;2.944
17;20;3.289
17;21;2.976
18;14;3.009
18;22;2.966
18;37;3.138
18;96;3.609
19;15;2.985
19;16;3.137
19;22;3.166
19;97;3.509
19;600;3.498
20;16;3.086
20;17;3.289
21;17;2.976
21;24;2.985
21;30;3.62
21;33;3.401
22;18;2.966
22;19;3.166
22;93;4.011
23;600;3.77
24;21;2.985
24;27;4.048
25;607;3.244
25;634;3.71
25;635;3.265
26;30;3.834
27;24;4.048
27;30;2.852
28;31;2.725
28;32;3.02
29;32;3.308
29;33;2.978
30;21;3.62
30;26;3.834
30;27;2.852
30;33;3.439
30;34;3.001
31;28;2.725
31;34;3.466
31;35;3.0
32;28;3.02
32;29;3.308
32;36;2.989
33;21;3.401
33;29;2.978
33;30;3.439
33;36;3.248
33;37;2.944
34;30;3.001
34;31;3.466
34;37;3.336
34;38;2.933
34;93;2.814
34;96;3.157
35;31;3.0
35;38;3.366
35;39;2.969
35;81;3.54
36;32;2.989
36;33;3.248
36;39;3.347
36;40;3.0
37;14;3.636
37;15;3.744
37;18;3.138
37;33;2.944
37;34;3.336
37;40;2.991
37;41;2.86
37;96;3.449
38;34;2.933
38;35;3.366
38;41;3.995
38;42;2.986
38;80;2.771
39;35;2.969
39;36;3.347
39;42;3.178
39;43;2.983
40;36;3.0
40;37;2.991
40;43;3.484
40;44;2.907
41;37;2.86
41;38;3.995
41;45;2.952
41;73;3.467
41;99;3.518
42;38;2.986
42;39;3.178
42;45;3.285
42;46;2.97
43;7;3.901
43;39;2.983
43;40;3.484
43;46;3.412
43;47;3.057
44;11;3.611
44;40;2.907
44;47;3.267
44;48;2.823
44;99;2.654
45;41;2.952
45;42;3.285
45;49;2.988
45;56;3.955
45;73;3.921
46;42;2.97
46;43;3.412
46;50;3.077
46;51;3.943
47;1;3.595
47;7;3.727
47;43;3.057
47;44;3.267
48;2;3.678
48;44;2.823
48;66;3.216
48;69;2.659
49;45;2.988
49;56;4.015
49;59;3.862
49;66;3.697
50;46;3.077
50;55;3.676
51;46;3.943
52;55;3.119
52;58;3.472
53;56;2.98
54;57;2.993
55;50;3.676
55;52;3.119
55;58;2.996
56;45;3.955
56;49;4.015
56;53;2.98
56;59;3.05
56;70;3.916
57;54;2.993
57;60;3.021
58;52;3.472
58;55;2.996
58;61;3.035
59;49;3.862
59;56;3.05
59;62;2.982
59;63;3.782
59;66;3.52
59;67;3.992
59;70;3.779
60;57;3.021
61;58;3.035
62;59;2.982
63;59;3.782
63;66;3.469
63;67;2.924
64;67;3.461
64;68;3.037
65;68;3.028
65;69;3.051
65;102;3.403
65;108;3.205
65;111;3.821
66;48;3.216
66;49;3.697
66;59;3.52
66;63;3.469
66;69;3.795
66;70;2.98
67;59;3.992
67;63;2.924
67;64;3.461
67;70;3.393
67;71;2.946
68;64;3.037
68;65;3.028
68;72;3.008
68;101;3.908
69;48;2.659
69;65;3.051
69;66;3.795
69;72;3.352
69;73;2.923
69;99;3.217
69;102;2.746
70;56;3.916
70;59;3.779
70;66;2.98
70;67;3.393
70;73;3.224
70;74;2.986
71;67;2.946
71;74;3.422
71;75;2.985
72;68;3.008
72;69;3.352
72;76;2.932
72;95;3.54
73;41;3.467
73;45;3.921
73;69;2.923
73;70;3.224
73;76;3.469
73;77;2.896
74;70;2.986
74;71;3.422
74;77;3.429
74;78;3.014
75;71;2.985
75;78;3.405
75;79;2.976
75;89;3.582
75;92;3.327
76;72;2.932
76;73;3.469
76;79;2.999
76;80;2.868
77;73;2.896
77;74;3.429
77;81;2.952
78;74;3.014
78;75;3.405
78;82;3.014
79;75;2.976
79;76;2.999
79;83;3.964
79;89;2.746
80;38;2.771
80;76;2.868
80;83;3.249
80;96;3.596
81;35;3.54
81;77;2.952
82;78;3.014
82;84;2.989
83;79;3.964
83;80;3.249
83;90;2.944
83;93;3.573
84;82;2.989
85;89;3.49
86;89;3.125
87;90;2.929
87;91;3.198
87;609;3.914
88;91;3.109
89;75;3.582
89;79;2.746
89;85;3.49
89;86;3.125
89;92;3.005
90;83;2.944
90;87;2.929
91;87;3.198
91;88;3.109
91;94;3.005
91;608;3.435
91;609;3.881
92;75;3.327
92;89;3.005
92;95;2.863
93;22;4.011
93;34;2.814
93;83;3.573
93;96;2.913
94;91;3.005
94;97;2.873
94;601;3.967
94;604;3.639
94;605;3.704
95;72;3.54
95;92;2.863
95;98;3.127
95;99;3.033
96;18;3.609
96;34;3.157
96;37;3.449
96;80;3.596
96;93;2.913
96;99;3.171
97;19;3.509
97;94;2.873
97;100;3.017
98;95;3.127
98;101;2.727
98;601;3.964
99;15;3.94
99;41;3.518
99;44;2.654
99;69;3.217
99;95;3.033
99;96;3.171
99;102;2.782
99;103;3.474
100;15;3.57
100;97;3.017
100;103;2.978
100;104;2.989
100;107;3.644
100;597;3.514
101;68;3.908
101;98;2.727
101;111;3.81
102;65;3.403
102;69;2.746
102;99;2.782
102;108;2.78
103;99;3.474
103;100;2.978
104;12;3.998
104;100;2.989
104;107;3.092
104;108;2.981
105;108;3.364
105;109;2.95
106;110;3.128
106;590;3.439
107;100;3.644
107;104;3.092
107;110;3.441
107;111;3.008
107;594;3.691
108;65;3.205
108;102;2.78
108;104;2.981
108;105;3.364
108;111;3.437
108;112;2.974
109;105;2.95
109;112;3.311
109;113;3.034
110;106;3.128
110;107;3.441
110;113;3.122
110;114;2.998
110;590;3.34
110;591;4.028
111;65;3.821
111;101;3.81
111;107;3.008
111;108;3.437
111;114;3.214
111;115;3.014
112;108;2.974
112;109;3.311
112;115;3.446
112;116;3.002
113;109;3.034
113;110;3.122
113;116;3.22
113;117;3.046
114;110;2.998
114;111;3.214
114;117;3.085
114;118;3.286
114;679;3.752
115;111;3.014
115;112;3.446
115;118;2.981
116;112;3.002
116;113;3.22
116;119;2.795
116;259;3.819
117;113;3.046
117;114;3.085
117;120;3.109
117;121;3.011
118;114;3.286
118;115;2.981
118;122;3.02
119;116;2.795
119;122;3.436
119;263;2.704
120;117;3.109
120;259;3.821
120;262;2.655
120;263;2.766
121;117;3.011
121;124;3.336
121;125;2.936
122;118;3.02
122;119;3.436
122;126;2.981
123;126;3.222
123;127;3.111
123;1245;3.466
123;1246;2.9
124;121;3.336
124;127;3.42
124;128;3.168
124;248;3.595
124;1249;3.992
125;121;2.936
125;128;3.369
125;129;2.92
126;122;2.981
126;123;3.222
126;129;3.347
126;130;2.99
127;123;3.111
127;124;3.42
127;131;2.961
127;1240;4.011
127;1246;3.988
127;1249;3.797
128;124;3.168
128;125;3.369
128;131;3.34
128;132;2.892
128;248;3.425
129;125;2.92
129;126;3.347
129;132;3.493
129;133;3.022
130;126;2.99
130;133;3.397
130;134;2.932
130;1236;3.7
130;1239;3.406
130;1240;3.796
131;127;2.961
131;128;3.34
131;134;3.477
131;135;2.869
132;128;2.892
132;129;3.493
132;136;2.97
132;208;3.709
132;211;4.024
133;129;3.022
133;130;3.397
133;136;3.18
133;137;3.001
134;130;2.932
134;131;3.477
134;137;3.286
134;138;2.979
134;1147;3.747
134;1236;3.75
135;131;2.869
135;139;2.951
135;211;3.599
135;237;3.71
135;241;3.765
135;244;3.679
136;132;2.97
136;133;3.18
136;140;2.922
136;204;3.816
136;208;3.923
137;133;3.001
137;134;3.286
137;140;3.208
137;141;3.124
137;204;3.844
137;1233;3.901
138;134;2.979
138;141;3.146
138;142;3.45
138;237;3.577
138;1230;3.66
138;1233;3.916
139;135;2.951
139;142;3.426
139;143;2.955
139;201;3.626
140;136;2.922
140;137;3.208
140;144;3.54
140;203;3.5
140;204;3.935
141;137;3.124
141;138;3.146
141;1230;3.635
141;1233;3.4
142;138;3.45
142;139;3.426
142;1226;3.679
142;1230;3.506
143;139;2.955
143;224;2.993
143;234;3.474
143;237;3.622
143;238;3.883
144;140;3.54
144;202;3.972
145;150;2.759
146;191;3.061
146;195;3.595
146;196;3.934
146;197;3.748
147;150;2.958
147;151;3.838
147;187;3.998
147;192;3.902
147;195;2.888
148;195;2.951
148;198;3.49
148;202;2.645
149;154;2.874
149;155;3.893
150;145;2.759
150;147;2.958
150;154;3.339
150;192;2.825
150;202;2.77
151;147;3.838
151;187;3.96
151;188;3.486
151;190;2.925
152;188;3.758
153;186;2.738
154;149;2.874
154;150;3.339
155;149;3.893
156;159;3.882
157;159;3.646
158;161;3.557
158;182;3.701
159;156;3.882
159;157;3.646
160;181;3.452
160;182;2.959
161;158;3.557
162;170;2.999
163;165;3.442
164;166;3.5
165;163;3.442
165;170;2.838
166;164;3.5
166;170;3.158
167;172;2.614
168;172;3.882
169;171;3.211
169;172;2.944
169;180;3.39
169;182;3.633
170;162;2.999
170;165;2.838
170;166;3.158
171;169;3.211
171;174;3.741
172;167;2.614
172;168;3.882
172;169;2.944
172;178;3.213
173;175;2.976
173;176;3.135
174;171;3.741
174;176;4.039
175;173;2.976
176;173;3.135
176;174;4.039
177;179;3.05
178;172;3.213
178;180;3.036
179;177;3.05
179;184;3.821
179;185;3.789
180;169;3.39
180;178;3.036
180;183;3.227
181;160;3.452
182;158;3.701
182;160;2.959
182;169;3.633
183;180;3.227
184;179;3.821
185;179;3.789
186;153;2.738
187;147;3.998
187;151;3.96
188;151;3.486
188;152;3.758
189;192;3.83
189;1004;3.607
190;151;2.925
190;192;2.989
191;146;3.061
192;147;3.902
192;150;2.825
192;189;3.83
192;190;2.989
193;196;3.303
193;1004;3.807
194;1002;2.695
194;1004;3.399
195;146;3.595
195;147;2.888
195;148;2.951
195;198;3.124
196;146;3.934
196;193;3.303
196;227;3.415
196;228;3.871
197;146;3.748
198;148;3.49
198;195;3.124
198;201;3.002
198;202;3.022
198;206;3.824
199;206;3.122
200;206;3.34
200;224;3.489
201;139;3.626
201;198;3.002
201;207;3.443
201;210;3.529
201;224;3.139
201;238;3.964
202;144;3.972
202;148;2.645
202;150;2.77
202;198;3.022
203;140;3.5
203;206;2.798
203;207;2.973
204;136;3.816
204;137;3.844
204;140;3.935
204;208;2.953
205;209;2.992
206;198;3.824
206;199;3.122
206;200;3.34
206;203;2.798
206;209;3.309
206;210;2.964
207;201;3.443
207;203;2.973
207;210;3.278
207;211;2.953
208;132;3.709
208;136;3.923
208;204;2.953
208;212;2.932
209;205;2.992
209;206;3.309
209;212;3.097
209;213;2.968
209;667;3.807
210;201;3.529
210;206;2.964
210;207;3.278
210;213;3.29
210;214;2.933
211;132;4.024
211;135;3.599
211;207;2.953
211;214;3.923
211;215;2.959
212;208;2.932
212;209;3.097
212;215;3.229
212;216;2.945
212;671;3.48
212;675;3.94
213;209;2.968
213;210;3.29
213;217;2.977
213;218;2.808
213;219;3.883
213;650;3.593
214;210;2.933
214;211;3.923
214;217;3.078
214;220;3.647
214;238;3.894
214;241;3.752
214;242;3.735
215;211;2.959
215;212;3.229
216;212;2.945
216;674;3.646
217;213;2.977
217;214;3.078
217;1311;3.141
217;1313;3.022
218;213;2.808
218;649;3.792
218;650;3.413
219;213;3.883
219;222;2.931
219;223;3.046
219;650;5.606
219;1318;4.001
220;214;3.647
220;224;3.08
220;225;3.17
220;239;3.893
220;242;3.326
220;1304;3.789
220;1307;3.606
220;1308;3.634
221;225;3.133
221;226;2.872
221;1304;3.729
221;1308;3.542
221;1343;3.403
221;1344;2.76
221;1345;3.319
222;219;2.931
222;226;3.757
222;1318;3.58
222;1345;3.361
223;219;3.046
223;226;3.18
224;143;2.993
224;200;3.489
224;201;3.139
224;220;3.08
224;234;3.017
224;238;6.219
225;220;3.17
225;221;3.133
225;228;2.944
225;235;3.421
225;1304;3.135
225;1343;3.493
226;221;2.872
226;222;3.757
226;223;3.18
226;1342;3.77
226;1343;3.374
227;196;3.415
228;196;3.871
228;225;2.944
228;230;2.953
228;231;3.149
228;234;3.468
229;231;3.057
229;1294;3.812
229;1301;3.715
229;1339;2.829
229;1342;3.584
230;228;2.953
230;234;3.025
231;228;3.149
231;229;3.057
231;234;2.976
231;235;2.947
231;1340;3.774
231;1341;3.737
232;235;3.655
232;236;2.917
232;1338;2.847
232;1340;2.794
233;1223;3.751
233;1226;3.816
233;1227;3.286
233;1340;2.96
234;143;3.474
234;224;3.017
234;228;3.468
234;230;3.025
234;231;2.976
234;237;3.045
234;238;3.425
235;225;3.421
235;231;2.947
235;232;3.655
235;238;3.362
235;239;2.947
235;1304;3.516
235;1341;3.973
235;1342;4.019
236;232;2.917
236;240;2.978
237;135;3.71
237;138;3.577
237;143;3.622
237;234;3.045
237;240;3.158
237;241;2.969
238;143;3.883
238;201;3.964
238;214;3.894
238;224;6.219
238;234;3.425
238;235;3.362
238;241;3.146
238;242;2.961
239;220;3.893
239;235;2.947
239;242;3.206
239;243;2.973
239;1307;3.977
240;236;2.978
240;237;3.158
240;244;2.934
241;135;3.765
241;214;3.752
241;237;2.969
241;238;3.146
241;245;2.905
242;214;3.735
242;220;3.326
242;238;2.961
242;239;3.206
242;245;3.481
242;246;2.94
242;1307;3.38
243;239;2.973
243;247;2.961
243;1307;3.357
244;135;3.679
244;240;2.934
244;248;2.909
245;241;2.905
245;242;3.481
245;249;2.932
246;242;2.94
246;249;3.347
246;250;2.962
247;243;2.961
247;250;3.45
247;251;2.937
247;1253;3.626
247;1260;3.577
248;124;3.595
248;128;3.425
248;244;2.909
248;251;3.169
248;252;2.871
249;245;2.932
249;246;3.347
249;252;3.378
249;253;2.965
250;246;2.962
250;247;3.45
250;253;3.915
250;254;2.989
250;1371;3.742
251;247;2.937
251;248;3.169
251;254;3.578
251;255;2.897
251;1249;3.132
251;1252;3.78
252;248;2.871
252;249;3.378
252;255;3.136
252;256;2.941
252;682;3.588
253;249;2.965
253;250;3.915
253;257;3.115
253;682;3.668
253;685;3.708
253;1368;3.519
254;250;2.989
254;251;3.578
254;258;2.925
254;1371;3.928
254;1372;3.938
254;1375;3.51
255;251;2.897
255;252;3.136
255;259;2.931
256;252;2.941
256;259;3.294
256;260;3.08
256;686;3.809
257;253;3.115
257;260;3.231
257;261;3.078
257;685;3.608
257;686;3.961
257;689;3.429
257;1372;3.473
258;254;2.925
258;262;2.88
258;1376;3.807
259;116;3.819
259;120;3.821
259;255;2.931
259;256;3.294
259;263;2.983
260;256;3.08
260;257;3.231
260;264;3.091
260;686;3.656
261;257;3.078
261;264;2.99
261;265;2.914
261;693;3.885
261;1376;3.965
262;120;2.655
262;258;2.88
262;265;3.088
262;266;3.498
263;119;2.704
263;120;2.766
263;259;2.983
263;272;2.851
264;260;3.091
264;261;2.99
264;272;2.715
264;273;3.089
265;261;2.914
265;262;3.088
265;271;3.544
265;275;3.863
265;278;3.8
266;262;3.498
266;270;2.726
266;271;2.768
267;269;3.553
267;702;3.314
268;275;3.706
268;716;3.822
269;267;3.553
269;271;3.561
270;266;2.726
271;265;3.544
271;266;2.768
271;269;3.561
271;275;3.165
272;263;2.851
272;264;2.715
273;264;3.089
273;275;3.186
273;278;3.952
274;277;2.756
275;265;3.863
275;268;3.706
275;271;3.165
275;273;3.186
275;278;3.024
276;716;3.309
277;274;2.756
277;280;3.065
277;285;3.773
278;265;3.8
278;273;3.952
278;275;3.024
278;700;4.031
279;282;2.91
279;285;3.82
279;288;3.758
279;700;3.853
279;716;3.485
280;277;3.065
281;297;3.998
282;279;2.91
282;285;2.91
282;297;3.746
282;700;3.798
283;286;3.043
283;293;2.859
283;294;2.788
283;295;2.845
283;296;2.69
284;287;2.9
284;288;2.603
284;716;3.09
284;717;3.776
285;277;3.773
285;279;3.82
285;282;2.91
286;283;3.043
287;284;2.9
287;290;3.917
287;292;3.314
287;293;2.832
287;294;2.831
288;279;3.758
288;284;2.603
288;292;3.5
289;290;3.78
290;287;3.917
290;289;3.78
291;724;3.726
292;287;3.314
292;288;3.5
292;722;3.362
293;283;2.859
293;287;2.832
293;724;3.694
294;283;2.788
294;287;2.831
295;283;2.845
296;283;2.69
297;281;3.998
297;282;3.746
298;696;2.825
298;697;3.257
298;1092;3.913
298;1095;3.771
299;1092;3.667
299;1095;3.787
299;1096;3.648
300;309;3.342
300;310;2.712
301;310;3.064
302;304;2.783
302;309;3.706
303;308;2.687
304;302;2.783
304;965;3.758
305;961;3.43
306;308;2.763
307;308;3.462
308;303;2.687
308;306;2.763
308;307;3.462
309;300;3.342
309;302;3.706
309;311;3.137
310;300;2.712
310;301;3.064
310;317;3.236
311;309;3.137
311;317;2.894
312;314;2.945
313;729;2.759
314;312;2.945
314;317;3.857
314;323;3.826
315;323;2.999
315;324;3.909
316;318;2.999
317;310;3.236
317;311;2.894
317;314;3.857
318;316;2.999
319;323;4.008
319;735;2.723
320;327;3.541
321;733;2.754
322;325;2.705
322;327;2.651
323;314;3.826
323;315;2.999
323;319;4.008
323;733;2.84
323;735;2.646
324;315;3.909
325;322;2.705
326;329;2.991
327;320;3.541
327;322;2.651
328;330;3.931
328;332;3.989
329;326;2.991
330;328;3.931
331;333;3.035
332;328;3.989
333;331;3.035
334;444;3.977
334;445;2.876
335;444;3.306
336;439;3.722
337;439;3.068
337;440;3.6
338;439;2.89
339;439;2.645
340;343;3.952
341;351;3.807
341;439;4.023
342;345;2.939
342;346;3.754
342;352;3.616
343;340;3.952
344;348;3.602
345;342;2.939
346;342;3.754
346;353;3.789
347;350;2.673
347;436;3.838
348;344;3.602
349;353;3.734
350;347;2.673
350;436;2.93
351;341;3.807
351;437;3.492
351;438;3.411
351;440;2.83
352;342;3.616
353;346;3.789
353;349;3.734
354;359;3.455
355;358;3.211
355;360;3.048
356;361;2.945
357;370;3.888
357;371;3.593
358;355;3.211
359;354;3.455
360;355;3.048
361;356;2.945
361;363;2.925
362;366;3.645
363;361;2.925
363;366;2.981
363;371;3.919
364;367;2.986
365;368;3.03
365;369;2.987
365;371;3.72
366;362;3.645
366;363;2.981
366;369;3.331
367;364;2.986
368;365;3.03
368;373;2.767
369;365;2.987
369;366;3.331
369;372;3.734
370;357;3.888
371;357;3.593
371;363;3.919
371;365;3.72
372;369;3.734
373;368;2.767
374;376;3.345
375;378;3.579
375;381;3.583
376;374;3.345
377;395;3.566
378;375;3.579
378;395;2.887
379;396;2.836
379;400;3.339
380;383;2.978
381;375;3.583
381;385;3.958
382;384;2.979
382;385;3.307
382;387;2.821
382;390;3.764
383;380;2.978
384;382;2.979
384;386;3.252
385;381;3.958
385;382;3.307
386;384;3.252
387;382;2.821
387;390;2.764
387;391;2.959
388;390;2.906
389;392;2.954
390;382;3.764
390;387;2.764
390;388;2.906
391;387;2.959
392;389;2.954
393;397;2.77
394;397;2.995
395;377;3.566
395;378;2.887
396;379;2.836
396;398;2.945
396;399;3.05
396;400;3.6
397;393;2.77
397;394;2.995
398;396;2.945
399;396;3.05
400;379;3.339
400;396;3.6
401;402;3.008
402;401;3.008
403;404;2.748
404;403;2.748
405;408;2.84
406;408;2.793
406;413;3.453
406;415;3.895
407;414;3.193
407;415;4.039
408;405;2.84
408;406;2.793
408;413;2.804
409;412;2.826
410;413;3.975
411;413;2.979
412;409;2.826
413;406;3.453
413;408;2.804
413;410;3.975
413;411;2.979
414;407;3.193
415;406;3.895
415;407;4.039
415;416;2.994
416;415;2.994
417;419;3.862
418;420;2.959
419;417;3.862
420;418;2.959
420;421;3.052
421;420;3.052
422;423;3.458
423;422;3.458
424;426;4.011
425;427;3.151
426;424;4.011
427;425;3.151
428;429;3.052
429;428;3.052
430;431;2.861
430;434;3.6
431;430;2.861
431;433;2.991
431;434;3.012
432;435;3.722
433;431;2.991
434;430;3.6
434;431;3.012
435;432;3.722
436;347;3.838
436;350;2.93
436;440;2.906
436;441;3.501
437;351;3.492
438;351;3.411
439;336;3.722
439;337;3.068
439;338;2.89
439;339;2.645
439;341;4.023
440;337;3.6
440;351;2.83
440;436;2.906
441;436;3.501
442;444;3.042
443;452;3.917
444;334;3.977
444;335;3.306
444;442;3.042
445;334;2.876
445;450;3.129
446;449;3.04
447;450;2.99
447;451;3.177
447;452;3.911
448;453;3.771
448;454;2.903
448;455;3.72
449;446;3.04
450;445;3.129
450;447;2.99
451;447;3.177
452;443;3.917
452;447;3.911
453;448;3.771
454;448;2.903
455;448;3.72
455;456;3.359
456;455;3.359
457;460;2.74
458;461;3.607
459;462;3.067
460;457;2.74
461;458;3.607
462;459;3.067
462;465;3.119
462;468;3.152
462;469;2.755
463;464;4.013
463;465;3.823
463;521;3.317
463;522;2.765
464;463;4.013
464;521;3.645
464;522;4.03
465;462;3.119
465;463;3.823
465;468;2.938
465;469;3.086
466;469;2.993
467;518;3.644
467;519;4.021
468;462;3.152
468;465;2.938
468;523;3.493
469;462;2.755
469;465;3.086
469;466;2.993
469;472;2.981
469;473;3.171
470;474;2.962
471;475;2.965
472;469;2.981
472;475;3.215
472;476;3.015
473;469;3.171
473;476;3.413
473;477;2.936
473;570;2.694
474;470;2.962
474;477;3.204
474;478;2.974
475;471;2.965
475;472;3.215
475;479;3.052
476;472;3.015
476;473;3.413
476;479;3.313
476;480;2.976
476;515;3.842
476;567;3.916
477;473;2.936
477;474;3.204
477;480;3.016
477;481;3.088
477;571;2.735
477;572;3.567
478;474;2.974
478;481;3.486
478;482;3.011
479;475;3.052
479;476;3.313
479;483;2.982
479;508;3.679
480;476;2.976
480;477;3.016
480;483;3.082
480;484;3.071
480;512;3.325
480;565;3.87
480;567;3.877
480;568;3.834
481;477;3.088
481;478;3.486
481;484;3.117
481;485;3.439
481;568;3.874
482;478;3.011
482;485;3.311
482;486;3.02
483;479;2.982
483;480;3.082
483;486;3.291
483;487;2.993
483;508;3.226
483;564;3.163
484;480;3.071
484;481;3.117
484;488;3.054
484;565;3.649
484;979;3.878
485;481;3.439
485;482;3.311
485;488;3.304
485;489;2.982
486;482;3.02
486;483;3.291
486;489;3.066
486;490;2.949
486;501;3.509
487;483;2.993
487;490;3.028
487;564;3.789
487;565;3.66
487;983;4.018
488;484;3.054
488;485;3.304
489;485;2.982
489;486;3.066
489;493;3.617
490;486;2.949
490;487;3.028
490;494;2.903
490;501;4.0
490;505;3.441
491;494;2.971
491;1026;3.174
491;1027;3.005
492;495;2.958
492;496;3.016
493;489;3.617
493;497;3.016
494;490;2.903
494;491;2.971
494;498;2.802
495;492;2.958
495;498;2.76
496;492;3.016
497;493;3.016
497;500;3.022
497;501;2.929
498;494;2.802
498;495;2.76
498;502;2.972
499;502;3.345
499;503;3.041
500;497;3.022
500;503;3.931
500;504;2.963
501;486;3.509
501;490;4.0
501;497;2.929
501;504;3.312
501;505;2.919
502;498;2.972
502;499;3.345
502;505;3.377
502;506;3.036
503;499;3.041
503;500;3.931
503;507;2.964
504;500;2.963
504;501;3.312
504;508;2.963
505;490;3.441
505;501;2.919
505;502;3.377
505;508;3.399
505;509;3.091
505;564;3.264
506;502;3.036
506;509;3.319
506;510;3.009
506;548;3.83
506;549;3.376
507;503;2.964
507;510;3.014
507;511;3.088
508;479;3.679
508;483;3.226
508;504;2.963
508;505;3.399
508;511;3.071
508;512;3.365
509;505;3.091
509;506;3.319
509;512;2.958
509;544;2.832
509;545;3.759
509;548;3.805
510;506;3.009
510;507;3.014
510;513;2.863
511;507;3.088
511;508;3.071
511;514;3.062
511;515;3.251
512;480;3.325
512;508;3.365
512;509;2.958
512;516;2.985
512;541;3.669
512;545;3.922
512;567;3.453
513;510;2.863
513;516;3.414
513;517;3.029
513;545;3.488
514;511;3.062
514;518;3.058
515;476;3.842
515;511;3.251
515;518;3.376
515;519;2.943
515;567;2.746
515;570;2.724
516;512;2.985
516;513;3.414
516;520;3.001
516;541;3.656
517;513;3.029
517;520;3.16
517;521;3.083
518;467;3.644
518;514;3.058
518;515;3.376
518;522;2.984
519;467;4.021
519;515;2.943
519;522;3.035
519;523;3.023
519;527;2.689
519;528;3.614
519;534;2.777
520;516;3.001
520;517;3.16
520;528;3.733
520;529;3.968
521;463;3.317
521;464;3.645
521;517;3.083
522;463;2.765
522;464;4.03
522;518;2.984
522;519;3.035
523;468;3.493
523;519;3.023
523;527;3.501
524;527;2.915
524;528;2.93
525;529;2.986
526;530;2.842
527;519;2.689
527;523;3.501
527;524;2.915
527;530;3.07
527;531;2.921
528;519;3.614
528;520;3.733
528;524;2.93
528;534;3.201
528;538;2.961
529;520;3.968
529;525;2.986
530;526;2.842
530;527;3.07
531;527;2.921
531;534;2.968
531;535;3.039
532;535;3.95
532;536;3.013
533;537;2.997
533;575;2.929
533;578;3.892
534;519;2.777
534;528;3.201
534;531;2.968
534;538;2.957
535;531;3.039
535;532;3.95
535;538;3.409
535;539;2.99
536;532;3.013
536;539;3.442
536;540;3.02
537;533;2.997
537;540;3.223
537;541;2.905
537;567;2.644
537;570;3.866
538;528;2.961
538;534;2.957
538;535;3.409
538;542;3.008
539;535;2.99
539;536;3.442
539;542;3.191
539;543;3.088
540;536;3.02
540;537;3.223
540;544;3.01
541;512;3.669
541;516;3.656
541;537;2.905
541;545;2.936
541;567;3.756
542;538;3.008
542;539;3.191
542;546;2.996
543;539;3.088
543;547;3.201
543;560;3.549
544;509;2.832
544;540;3.01
544;548;3.421
544;564;3.077
545;509;3.759
545;512;3.922
545;513;3.488
545;541;2.936
545;548;3.141
545;549;2.912
546;542;2.996
546;549;3.329
546;550;3.038
547;543;3.201
547;551;2.997
547;552;3.057
547;561;3.793
548;506;3.83
548;509;3.805
548;544;3.421
548;545;3.141
548;552;3.743
548;561;3.953
549;506;3.376
549;545;2.912
549;546;3.329
550;546;3.038
551;547;2.997
551;553;2.947
552;547;3.057
552;548;3.743
552;558;2.842
553;551;2.947
553;558;3.261
554;557;2.784
555;558;3.241
555;559;2.93
556;559;3.274
556;560;2.959
556;1066;3.94
557;554;2.784
557;560;3.083
557;561;3.079
558;552;2.842
558;553;3.261
558;555;3.241
558;561;2.939
559;555;2.93
559;556;3.274
559;562;3.005
559;987;3.129
560;543;3.549
560;556;2.959
560;557;3.083
560;563;2.982
561;547;3.793
561;548;3.953
561;557;3.079
561;558;2.939
561;564;3.065
562;559;3.005
562;565;3.185
562;983;3.713
562;984;3.916
563;560;2.982
563;566;2.903
563;980;3.884
564;483;3.163
564;487;3.789
564;505;3.264
564;544;3.077
564;561;3.065
564;567;2.974
565;480;3.87
565;484;3.649
565;487;3.66
565;562;3.185
565;568;2.936
565;976;3.816
565;980;3.521
566;563;2.903
566;569;2.781
566;977;3.389
566;980;3.492
567;476;3.916
567;480;3.877
567;512;3.453
567;515;2.746
567;537;2.644
567;541;3.756
567;564;2.974
567;570;2.978
568;480;3.834
568;481;3.874
568;565;2.936
568;571;2.974
568;572;2.944
568;574;3.865
568;976;3.583
569;566;2.781
570;473;2.694
570;515;2.724
570;537;3.866
570;567;2.978
571;477;2.735
571;568;2.974
572;477;3.567
572;568;2.944
572;574;3.957
572;575;3.022
573;576;3.079
573;577;2.918
573;969;3.161
574;568;3.865
574;572;3.957
574;577;3.192
574;578;3.009
574;973;3.502
575;533;2.929
575;572;3.022
575;578;3.849
575;579;3.055
576;573;3.079
576;580;2.982
577;573;2.918
577;574;3.192
577;580;3.263
577;581;2.956
577;973;3.638
578;533;3.892
578;574;3.009
578;575;3.849
578;582;3.055
579;575;3.055
579;582;3.356
579;583;2.794
580;576;2.982
580;577;3.263
580;583;3.298
580;584;2.927
581;577;2.956
581;584;3.209
581;585;3.078
581;1080;3.598
582;578;3.055
582;579;3.356
582;585;2.996
583;579;2.794
583;580;3.298
583;586;2.968
584;580;2.927
584;581;3.209
584;587;3.089
584;588;3.085
584;688;3.756
584;1080;3.488
584;1084;3.473
585;581;3.078
585;582;2.996
585;589;2.973
585;1080;3.918
586;583;2.968
586;589;3.028
587;584;3.089
587;688;3.889
588;584;3.085
588;591;3.254
588;592;2.869
588;684;3.572
588;1080;3.843
589;585;2.973
589;586;3.028
589;593;3.055
590;106;3.439
590;110;3.34
590;593;3.22
590;594;3.299
591;110;4.028
591;588;3.254
591;594;3.062
591;595;3.022
591;683;3.472
591;684;3.838
592;588;2.869
592;596;2.929
593;589;3.055
593;590;3.22
593;596;3.296
593;597;3.053
594;107;3.691
594;590;3.299
594;591;3.062
594;597;3.455
594;598;3.03
595;591;3.022
595;598;3.487
595;599;2.965
595;646;3.912
595;680;4.02
596;592;2.929
596;593;3.296
596;600;2.97
597;100;3.514
597;593;3.053
597;594;3.455
597;600;3.295
597;601;2.996
598;594;3.03
598;595;3.487
598;601;3.361
598;602;2.961
598;676;3.712
599;595;2.965
599;602;3.468
599;603;2.92
599;639;3.484
599;642;3.817
600;19;3.498
600;23;3.77
600;596;2.97
600;597;3.295
600;603;3.313
600;604;3.002
600;635;3.479
601;94;3.967
601;98;3.964
601;597;2.996
601;598;3.361
601;604;3.256
601;605;2.996
602;598;2.961
602;599;3.468
602;606;2.961
602;642;3.884
602;669;3.992
602;672;3.927
602;673;3.438
603;599;2.92
603;600;3.313
603;606;3.252
603;607;2.993
603;635;3.725
603;638;3.971
603;639;4.002
604;94;3.639
604;600;3.002
604;601;3.256
604;608;3.315
605;94;3.704
605;601;2.996
605;608;3.336
605;609;3.022
606;602;2.961
606;603;3.252
606;610;2.999
606;611;2.822
606;632;3.811
607;25;3.244
607;603;2.993
607;611;3.052
607;612;3.146
607;634;3.946
608;91;3.435
608;604;3.315
608;605;3.336
609;87;3.914
609;91;3.881
609;605;3.022
609;612;2.805
610;606;2.999
610;613;3.01
610;614;3.576
610;628;3.509
610;632;4.098
610;666;3.405
610;669;3.993
611;606;2.822
611;607;3.052
611;628;3.764
612;607;3.146
612;609;2.805
613;610;3.01
613;625;4.121
613;628;2.974
614;610;3.576
614;626;3.086
614;628;2.971
614;654;3.799
614;655;3.386
614;662;2.779
614;666;3.514
615;624;2.652
615;625;3.347
615;655;3.7
615;656;2.919
616;619;3.009
616;620;2.863
616;621;2.82
616;622;2.752
617;655;4.155
617;656;2.772
617;658;3.683
618;621;3.851
619;616;3.009
619;624;4.027
620;616;2.863
621;616;2.82
621;618;3.851
621;1014;3.978
622;616;2.752
623;629;3.569
623;630;3.152
624;615;2.652
624;619;4.027
625;613;4.121
625;615;3.347
625;629;3.528
626;614;3.086
626;629;3.173
626;630;3.134
626;653;2.855
626;654;3.556
627;630;3.024
627;631;2.848
627;652;3.888
628;610;3.509
628;611;3.764
628;613;2.974
628;614;2.971
628;632;3.679
628;654;3.609
629;623;3.569
629;625;3.528
629;626;3.173
629;633;3.488
630;623;3.152
630;626;3.134
630;627;3.024
630;1054;3.87
630;1060;4.006
631;627;2.848
631;640;3.867
631;641;3.766
631;1049;3.762
632;606;3.811
632;610;4.098
632;628;3.679
632;637;3.638
632;641;3.66
632;654;4.051
633;629;3.488
633;1058;2.727
634;25;3.71
634;607;3.946
634;637;2.889
634;638;2.945
634;1061;2.872
635;25;3.265
635;600;3.479
635;603;3.725
635;638;3.425
635;639;2.941
636;639;3.212
636;640;2.994
636;1061;3.667
636;1064;3.879
636;1065;3.597
636;1068;3.909
637;632;3.638
637;634;2.889
637;640;3.266
637;641;2.983
637;1064;3.132
638;603;3.971
638;634;2.945
638;635;3.425
638;641;4.036
638;642;2.973
639;599;3.484
639;603;4.002
639;635;2.941
639;636;3.212
639;642;3.48
639;643;2.974
640;631;3.867
640;636;2.994
640;637;3.266
640;643;3.275
640;644;3.042
640;1049;3.988
640;1068;3.601
641;631;3.766
641;632;3.66
641;637;2.983
641;638;4.036
641;644;3.125
641;645;3.016
641;651;3.789
642;599;3.817
642;602;3.884
642;638;2.973
642;639;3.48
642;645;3.408
642;646;2.999
642;673;4.036
643;639;2.974
643;640;3.275
643;646;3.057
643;647;3.218
643;1041;3.96
643;1044;3.481
643;1068;3.706
643;1075;3.884
644;640;3.042
644;641;3.125
644;650;2.855
644;1045;3.538
645;641;3.016
645;642;3.408
645;648;2.973
645;670;3.423
645;673;3.562
645;674;3.968
646;595;3.912
646;642;2.999
646;643;3.057
646;677;3.779
647;643;3.218
647;1041;3.461
648;645;2.973
648;670;2.859
648;674;3.989
649;218;3.792
649;1041;3.782
649;1042;2.755
649;1043;2.837
650;213;3.593
650;218;3.413
650;219;5.606
650;644;2.855
650;670;3.869
650;1046;3.869
651;641;3.789
651;654;3.503
651;670;3.262
652;627;3.888
652;1046;3.535
653;626;2.855
653;1000;3.843
654;614;3.799
654;626;3.556
654;628;3.609
654;632;4.051
654;651;3.503
654;663;3.306
654;666;3.438
655;614;3.386
655;615;3.7
655;617;4.155
655;659;3.364
655;663;2.92
656;615;2.919
656;617;2.772
656;663;3.673
657;1001;3.398
658;617;3.683
659;655;3.364
659;662;2.783
659;663;3.07
660;664;2.948
661;664;3.315
661;665;3.007
662;614;2.779
662;659;2.783
662;665;3.233
662;666;3.09
663;654;3.306
663;655;2.92
663;656;3.673
663;659;3.07
663;666;3.397
663;667;2.918
664;660;2.948
664;661;3.315
664;667;3.286
664;668;3.014
665;661;3.007
665;662;3.233
665;668;3.484
665;669;3.37
666;610;3.405
666;614;3.514
666;654;3.438
666;662;3.09
666;663;3.397
666;669;3.424
666;670;2.94
667;209;3.807
667;663;2.918
667;664;3.286
667;670;3.274
667;671;2.966
668;664;3.014
668;665;3.484
668;671;3.417
668;672;3.017
669;602;3.992
669;610;3.993
669;665;3.37
669;666;3.424
669;672;3.319
669;673;2.987
670;645;3.423
670;648;2.859
670;650;3.869
670;651;3.262
670;666;2.94
670;667;3.274
670;673;3.301
670;674;2.98
671;212;3.48
671;667;2.966
671;668;3.417
671;674;3.441
671;675;3.0
672;602;3.927
672;668;3.017
672;669;3.319
672;675;3.497
672;676;3.005
673;602;3.438
673;642;4.036
673;645;3.562
673;669;2.987
673;670;3.301
673;677;2.955
674;216;3.646
674;645;3.968
674;648;3.989
674;670;2.98
674;671;3.441
674;678;2.931
675;212;3.94
675;671;3.0
675;672;3.497
675;678;3.416
675;679;3.036
676;598;3.712
676;672;3.005
676;679;3.415
676;680;2.985
677;646;3.779
677;673;2.955
677;680;3.201
677;681;2.928
678;674;2.931
678;675;3.416
678;681;3.279
678;682;2.979
679;114;3.752
679;675;3.036
679;676;3.415
679;683;3.023
680;595;4.02
680;676;2.985
680;677;3.201
680;683;3.411
680;684;2.932
681;677;2.928
681;678;3.279
681;684;3.101
681;685;3.072
682;252;3.588
682;253;3.668
682;678;2.979
682;685;3.48
682;686;3.016
683;591;3.472
683;679;3.023
683;680;3.411
683;687;2.927
684;588;3.572
684;591;3.838
684;680;2.932
684;681;3.101
684;687;3.364
684;688;3.127
684;1083;3.381
685;253;3.708
685;257;3.608
685;681;3.072
685;682;3.48
685;688;3.467
685;689;2.943
685;1083;3.616
685;1086;3.76
686;256;3.809
686;257;3.961
686;260;3.656
686;682;3.016
686;690;2.966
687;683;2.927
687;684;3.364
687;691;3.07
688;584;3.756
688;587;3.889
688;684;3.127
688;685;3.467
688;691;3.216
688;692;3.004
688;1083;3.662
688;1084;3.833
688;1087;3.522
689;257;3.429
689;685;2.943
689;692;3.442
689;693;2.961
689;1090;3.49
690;686;2.966
690;693;3.307
690;694;3.041
691;687;3.07
691;688;3.216
691;694;3.065
691;695;3.102
692;688;3.004
692;689;3.442
692;695;2.971
692;696;2.99
692;1087;3.48
692;1091;3.529
693;261;3.885
693;689;2.961
693;690;3.307
693;698;3.513
693;1091;3.601
693;1094;3.405
694;690;3.041
694;691;3.065
694;698;3.807
695;691;3.102
695;692;2.971
696;298;2.825
696;692;2.99
696;1091;3.616
697;298;3.257
697;1099;3.319
698;693;3.513
698;694;3.807
698;1099;3.151
699;1094;3.692
699;1098;3.37
699;1099;3.01
700;278;4.031
700;279;3.853
700;282;3.798
701;717;3.645
701;1101;3.768
702;267;3.314
703;1098;2.69
703;1100;2.729
703;1101;3.831
704;719;3.608
704;1101;3.896
705;709;3.626
705;710;3.909
706;1111;3.63
707;1111;3.663
707;1114;3.606
707;1115;2.743
708;1114;3.746
708;1381;3.855
709;705;3.626
709;1381;2.934
710;705;3.909
710;1110;3.825
710;1111;3.709
711;712;3.618
712;711;3.618
713;1111;2.758
714;1106;2.703
715;718;3.595
715;719;3.508
716;268;3.822
716;276;3.309
716;279;3.485
716;284;3.09
716;722;3.937
717;284;3.776
717;701;3.645
718;715;3.595
718;722;3.554
718;1106;2.882
719;704;3.608
719;715;3.508
719;1107;3.962
719;1110;3.571
720;1105;2.866
720;1107;3.953
721;730;3.952
721;731;3.674
722;292;3.362
722;716;3.937
722;718;3.554
722;731;2.852
723;731;2.716
724;291;3.726
724;293;3.694
725;734;3.903
725;740;3.975
726;1104;3.836
727;1104;2.95
727;1105;2.695
728;730;3.767
728;1104;3.844
729;313;2.759
729;732;3.835
730;721;3.952
730;728;3.767
730;1104;3.892
731;721;3.674
731;722;2.852
731;723;2.716
732;729;3.835
733;321;2.754
733;323;2.84
734;725;3.903
735;319;2.723
735;323;2.646
736;738;4.007
737;739;2.939
738;736;4.007
739;737;2.939
740;725;3.975
741;743;2.892
742;744;3.016
743;741;2.892
744;742;3.016
744;746;3.857
744;747;3.545
745;748;2.973
746;744;3.857
746;749;2.789
747;744;3.545
748;745;2.973
749;746;2.789
750;753;2.98
751;752;2.955
751;753;2.862
752;751;2.955
752;754;2.703
752;755;2.913
753;750;2.98
753;751;2.862
754;752;2.703
755;752;2.913
756;759;2.966
756;760;2.959
757;761;2.697
758;761;2.836
758;762;2.875
759;756;2.966
760;756;2.959
761;757;2.697
761;758;2.836
762;758;2.875
762;763;3.0
762;764;3.412
763;762;3.0
764;762;3.412
764;768;3.434
765;767;3.232
766;768;2.991
767;765;3.232
768;764;3.434
768;766;2.991
768;769;3.095
769;768;3.095
769;772;4.026
770;771;2.948
771;770;2.948
772;769;4.026
773;774;3.67
774;773;3.67
775;778;2.892
776;796;3.691
777;793;3.211
777;796;3.892
778;775;2.892
779;795;3.917
780;794;3.433
781;786;3.044
781;794;3.634
782;784;2.958
782;785;2.965
782;794;3.579
783;787;2.952
784;782;2.958
784;787;3.579
785;782;2.965
785;787;4.017
786;781;3.044
786;787;2.885
786;788;3.631
787;783;2.952
787;784;3.579
787;785;4.017
787;786;2.885
788;786;3.631
788;790;3.645
788;791;4.026
789;790;2.981
790;788;3.645
790;789;2.981
790;792;3.847
791;788;4.026
792;790;3.847
793;777;3.211
793;796;2.765
794;780;3.433
794;781;3.634
794;782;3.579
794;797;3.435
795;779;3.917
796;776;3.691
796;777;3.892
796;793;2.765
797;794;3.435
798;799;3.115
799;798;3.115
800;802;3.867
800;805;3.816
800;806;3.057
801;804;2.949
801;805;3.368
802;800;3.867
803;806;2.933
804;801;2.949
804;807;3.298
805;800;3.816
805;801;3.368
806;800;3.057
806;803;2.933
807;804;3.298
807;810;3.937
808;813;3.455
809;812;3.024
809;813;2.954
810;807;3.937
811;817;3.942
812;809;3.024
812;815;4.031
812;817;3.652
813;808;3.455
813;809;2.954
813;818;4.039
814;818;3.75
815;812;4.031
815;818;3.043
816;819;3.041
816;822;2.964
817;811;3.942
817;812;3.652
818;813;4.039
818;814;3.75
818;815;3.043
818;821;2.942
819;816;3.041
819;822;3.733
820;825;3.093
821;818;2.942
822;816;2.964
822;819;3.733
822;825;2.94
823;824;3.14
823;825;3.105
824;823;3.14
824;826;3.637
824;827;3.075
825;820;3.093
825;822;2.94
825;823;3.105
825;829;3.428
826;824;3.637
827;824;3.075
827;830;3.072
827;831;3.069
828;833;3.47
829;825;3.428
830;827;3.072
831;827;3.069
832;836;3.873
833;828;3.47
833;836;2.743
833;892;2.788
833;893;2.901
834;837;3.062
834;840;4.019
834;889;3.951
835;840;3.85
835;886;3.787
835;889;3.405
835;890;3.713
836;832;3.873
836;833;2.743
837;834;3.062
837;840;2.828
837;841;2.932
838;842;3.054
839;843;2.903
840;834;4.019
840;835;3.85
840;837;2.828
840;843;3.2
840;844;2.95
841;837;2.932
841;844;3.451
841;845;3.207
841;949;3.158
842;838;3.054
842;845;3.422
842;846;3.017
843;839;2.903
843;840;3.2
843;846;3.2
843;847;2.897
844;840;2.95
844;841;3.451
844;847;3.399
844;848;2.964
844;883;3.89
844;886;3.746
845;841;3.207
845;842;3.422
845;848;3.389
845;849;2.947
845;949;3.456
846;842;3.017
846;843;3.2
846;849;3.303
846;850;2.976
847;843;2.897
847;844;3.399
847;851;2.949
847;883;3.958
848;844;2.964
848;845;3.389
848;852;2.895
848;879;3.983
848;883;3.451
848;942;3.701
848;946;3.781
849;845;2.947
849;846;3.303
849;852;3.169
849;853;2.983
850;846;2.976
850;853;3.108
850;854;3.005
851;847;2.949
851;854;3.423
851;855;2.955
851;942;3.634
852;848;2.895
852;849;3.169
852;856;3.005
853;849;2.983
853;850;3.108
853;856;3.397
853;857;2.95
854;850;3.005
854;851;3.423
854;857;2.973
854;858;3.243
855;851;2.955
855;940;3.906
856;852;3.005
856;853;3.397
856;860;3.695
856;1276;3.879
857;853;2.95
857;854;2.973
857;860;3.075
857;861;3.031
857;864;3.533
857;868;3.844
857;872;3.975
858;854;3.243
858;865;2.768
858;933;2.69
859;862;3.393
859;865;2.672
859;1279;3.338
859;1333;2.987
860;856;3.695
860;857;3.075
860;1299;3.769
861;857;3.031
861;864;2.968
861;865;3.022
862;859;3.393
862;865;3.208
862;866;3.015
862;1334;3.914
863;866;2.642
864;857;3.533
864;861;2.968
864;867;3.39
864;868;2.965
865;858;2.768
865;859;2.672
865;861;3.022
865;862;3.208
865;869;3.031
865;1332;3.927
866;862;3.015
866;863;2.642
866;1334;3.445
867;864;3.39
868;857;3.844
868;864;2.965
868;871;3.107
868;872;3.034
869;865;3.031
869;873;2.754
870;874;3.025
871;868;3.107
871;874;3.355
871;875;2.992
872;857;3.975
872;868;3.034
872;875;2.978
872;876;3.279
873;869;2.754
873;876;2.996
873;877;3.03
873;933;2.864
873;936;3.755
874;870;3.025
874;871;3.355
874;877;2.918
874;878;2.96
875;871;2.992
875;872;2.978
875;878;3.488
875;879;2.921
876;872;3.279
876;873;2.996
876;880;3.008
876;939;3.801
877;873;3.03
877;874;2.918
877;880;3.359
877;881;3.047
878;874;2.96
878;875;3.488
878;882;2.986
879;848;3.983
879;875;2.921
879;882;3.26
879;883;2.935
879;942;3.609
880;876;3.008
880;877;3.359
880;884;2.981
880;939;3.703
881;877;3.047
881;885;3.024
882;878;2.986
882;879;3.26
882;885;4.039
882;886;2.941
883;844;3.89
883;847;3.958
883;848;3.451
883;879;2.935
883;887;3.006
883;945;3.647
884;880;2.981
884;887;3.347
884;888;2.96
884;912;3.862
884;916;3.664
885;881;3.024
885;882;4.039
885;888;3.383
885;889;2.954
886;835;3.787
886;844;3.746
886;882;2.941
886;889;3.468
886;890;2.675
886;945;3.594
887;883;3.006
887;884;3.347
887;890;3.454
887;891;2.95
887;909;3.752
888;884;2.96
888;885;3.383
888;891;4.03
888;892;3.005
889;834;3.951
889;835;3.405
889;885;2.954
889;886;3.468
889;893;2.984
890;835;3.713
890;886;2.675
890;887;3.454
890;893;3.424
890;894;3.065
890;899;3.824
890;905;3.984
890;908;2.682
891;887;2.95
891;888;4.03
891;894;2.993
891;895;2.937
891;896;3.779
891;899;6.447
891;900;3.687
892;833;2.788
892;888;3.005
893;833;2.901
893;889;2.984
893;890;3.424
894;890;3.065
894;891;2.993
894;898;2.817
894;899;4.023
894;902;3.825
894;905;3.659
895;891;2.937
895;899;2.991
896;891;3.779
896;899;3.418
896;900;2.998
897;900;2.837
897;901;2.861
898;894;2.817
899;890;3.824
899;891;6.447
899;894;4.023
899;895;2.991
899;896;3.418
899;902;3.042
899;905;3.613
899;909;3.751
900;891;3.687
900;896;2.998
900;897;2.837
900;906;3.607
900;909;3.713
901;897;2.861
902;894;3.825
902;899;3.042
902;905;3.122
902;906;2.958
903;906;3.427
903;907;2.958
904;907;3.411
904;908;3.006
904;948;3.328
904;957;3.942
905;890;3.984
905;894;3.659
905;899;3.613
905;902;3.122
905;908;3.115
905;909;2.984
906;900;3.607
906;902;2.958
906;903;3.427
906;909;6.291
906;910;2.978
907;903;2.958
907;904;3.411
907;910;3.234
908;890;2.682
908;904;3.006
908;905;3.115
908;945;2.938
908;948;2.782
909;887;3.752
909;899;3.751
909;900;3.713
909;905;2.984
909;906;6.291
909;912;3.019
909;913;2.957
910;906;2.978
910;907;3.234
910;914;3.031
911;938;4.035
911;941;4.026
911;945;3.756
912;884;3.862
912;909;3.019
912;915;3.301
912;916;3.103
913;909;2.957
913;916;2.849
913;917;2.903
914;910;3.031
914;918;2.966
914;938;3.708
915;912;3.301
915;918;3.986
915;919;3.054
915;939;2.877
916;884;3.664
916;912;3.103
916;913;2.849
916;919;3.323
916;920;2.986
917;913;2.903
917;920;3.193
917;921;2.995
918;914;2.966
918;915;3.986
918;921;3.459
918;922;2.996
919;915;3.054
919;916;3.323
919;922;3.298
919;923;2.989
919;932;3.797
920;916;2.986
920;917;3.193
920;923;3.237
920;924;2.935
921;917;2.995
921;918;3.459
921;924;3.179
921;925;2.968
922;918;2.996
922;919;3.298
922;927;3.041
922;931;3.315
922;932;3.281
922;935;3.652
923;919;2.989
923;920;3.237
923;926;3.004
924;920;2.935
924;921;3.179
925;921;2.968
926;923;3.004
927;922;3.041
928;931;3.858
929;932;3.479
929;933;3.01
930;933;2.744
930;934;3.226
931;922;3.315
931;928;3.858
931;935;2.983
932;919;3.797
932;922;3.281
932;929;3.479
932;936;2.962
933;858;2.69
933;873;2.864
933;929;3.01
933;930;2.744
933;1331;3.801
934;930;3.226
934;937;3.053
934;1281;3.905
934;1328;2.976
934;1329;3.635
934;1330;3.14
935;922;3.652
935;931;2.983
936;873;3.755
936;932;2.962
936;939;2.742
937;934;3.053
937;940;2.745
937;941;3.326
937;1277;3.621
938;911;4.035
938;914;3.708
938;941;2.985
939;876;3.801
939;880;3.703
939;915;2.877
939;936;2.742
939;942;2.849
940;855;3.906
940;937;2.745
941;911;4.026
941;937;3.326
941;938;2.985
941;944;2.939
941;945;3.004
941;1273;3.812
942;848;3.701
942;851;3.634
942;879;3.609
942;939;2.849
942;945;2.973
942;946;3.176
943;946;2.967
943;1273;3.639
944;941;2.939
944;947;2.777
944;1273;3.815
945;883;3.647
945;886;3.594
945;908;2.938
945;911;3.756
945;941;3.004
