source;destination;distance
0;3;2.779
1;47;3.645
2;7;3.59
2;48;3.699
3;0;2.779
4;7;3.24
4;8;2.966
5;9;2.99
6;9;3.7
6;10;2.966
7;2;3.59
7;4;3.24
7;10;3.047
7;11;2.947
7;43;6.229
7;47;3.762
8;4;2.966
8;12;2.992
9;5;2.99
9;6;3.7
9;13;2.961
9;297;3.972
10;6;2.966
10;7;3.047
10;13;3.327
10;14;2.941
11;7;2.947
11;14;3.339
11;15;3.027
11;44;3.593
12;8;2.992
12;16;2.971
13;9;2.961
13;10;3.327
13;17;2.972
13;297;3.99
14;10;2.941
14;11;3.339
14;18;2.997
14;37;3.669
14;40;4.019
15;11;3.027
15;19;2.977
15;37;3.791
15;99;3.866
15;100;3.613
16;12;2.971
16;19;3.124
16;20;3.088
17;13;2.972
17;20;3.362
17;21;2.989
18;14;2.997
18;22;2.975
18;37;3.345
18;96;3.553
19;15;2.977
19;16;3.124
19;22;3.22
19;97;3.551
19;611;3.568
20;16;3.088
20;17;3.362
21;17;2.989
21;24;2.984
21;30;3.612
21;33;3.411
22;18;2.975
22;19;3.22
22;93;4.005
23;611;3.731
24;21;2.984
24;27;3.981
25;618;3.215
25;645;3.705
25;646;3.312
26;30;3.844
27;24;3.981
27;30;2.844
28;31;2.713
28;32;3.037
29;32;3.332
29;33;2.97
30;21;3.612
30;26;3.844
30;27;2.844
30;33;3.436
30;34;3.001
31;28;2.713
31;34;3.465
31;35;2.997
32;28;3.037
32;29;3.332
32;36;3.002
33;21;3.411
33;29;2.97
33;30;3.436
33;36;3.206
33;37;2.94
34;30;3.001
34;31;3.465
34;37;3.376
34;38;2.936
34;93;2.81
34;96;2.914
35;31;2.997
35;38;3.304
35;39;2.96
35;81;3.952
36;32;3.002
36;33;3.206
36;39;3.371
36;40;3.011
37;14;3.669
37;15;3.791
37;18;3.345
37;33;2.94
37;34;3.376
37;40;3.027
37;41;2.861
37;96;3.416
38;34;2.936
38;35;3.304
38;41;4.013
38;42;2.978
38;80;2.754
39;35;2.96
39;36;3.371
39;42;3.235
39;43;2.985
40;14;4.019
40;36;3.011
40;37;3.027
40;43;3.482
40;44;2.91
41;37;2.861
41;38;4.013
41;45;2.948
41;73;3.454
41;99;3.51
42;38;2.978
42;39;3.235
42;45;3.281
42;46;2.971
43;7;6.229
43;39;2.985
43;40;3.482
43;46;3.4
43;47;3.057
44;11;3.593
44;40;2.91
44;47;3.303
44;48;2.842
44;99;2.662
45;41;2.948
45;42;3.281
45;49;2.984
45;56;3.968
45;73;3.93
46;42;2.971
46;43;3.4
46;50;3.081
46;51;3.929
47;1;3.645
47;7;3.762
47;43;3.057
47;44;3.303
48;2;3.699
48;44;2.842
48;66;3.223
48;69;2.666
49;45;2.984
49;56;3.998
49;59;3.859
49;66;3.69
50;46;3.081
50;55;3.647
51;46;3.929
52;55;3.118
52;58;3.469
53;56;2.985
54;57;2.993
55;50;3.647
55;52;3.118
55;58;2.999
56;45;3.968
56;49;3.998
56;53;2.985
56;59;3.045
56;70;3.935
57;54;2.993
57;60;3.013
58;52;3.469
58;55;2.999
58;61;3.038
59;49;3.859
59;56;3.045
59;62;2.977
59;63;3.78
59;66;3.517
59;67;3.979
59;70;3.75
60;57;3.013
61;58;3.038
62;59;2.977
63;59;3.78
63;67;2.933
64;67;3.424
64;68;3.037
65;68;3.035
65;69;3.057
65;102;3.389
65;108;3.331
65;111;3.792
66;48;3.223
66;49;3.69
66;59;3.517
66;69;3.841
66;70;2.981
67;59;3.979
67;63;2.933
67;64;3.424
67;70;3.432
67;71;2.947
68;64;3.037
68;65;3.035
68;72;2.998
68;101;3.866
69;48;2.666
69;65;3.057
69;66;3.841
69;72;3.467
69;73;2.937
69;99;3.166
69;102;2.777
70;56;3.935
70;59;3.75
70;66;2.981
70;67;3.432
70;73;3.198
70;74;2.978
71;67;2.947
71;74;3.429
71;75;2.988
72;68;2.998
72;69;3.467
72;76;2.933
72;95;3.558
73;41;3.454
73;45;3.93
73;69;2.937
73;70;3.198
73;76;3.463
73;77;2.908
74;70;2.978
74;71;3.429
74;77;3.351
74;78;3.009
75;71;2.988
75;79;2.989
75;89;3.558
75;92;3.295
76;72;2.933
76;73;3.463
76;79;2.998
76;80;2.863
77;73;2.908
77;74;3.351
77;81;2.978
78;74;3.009
78;82;3.002
79;75;2.989
79;76;2.998
79;83;3.971
79;89;2.747
80;38;2.754
80;76;2.863
80;96;3.562
81;35;3.952
81;77;2.978
82;78;3.002
82;84;2.986
83;79;3.971
83;90;2.901
83;93;3.603
84;82;2.986
85;89;3.717
86;89;3.124
87;90;2.87
87;91;3.169
87;620;3.96
88;91;3.165
89;75;3.558
89;79;2.747
89;85;3.717
89;86;3.124
89;92;2.993
90;83;2.901
90;87;2.87
91;87;3.169
91;88;3.165
91;94;2.994
91;619;3.424
91;620;3.875
92;75;3.295
92;89;2.993
92;95;2.866
93;22;4.005
93;34;2.81
93;83;3.603
93;96;2.886
94;91;2.994
94;97;2.956
94;612;4.037
94;615;3.602
94;616;3.68
95;72;3.558
95;92;2.866
95;98;3.062
95;99;3.033
96;18;3.553
96;34;2.914
96;37;3.416
96;80;3.562
96;93;2.886
97;19;3.551
97;94;2.956
97;100;3.043
98;95;3.062
98;101;2.926
98;612;3.898
99;15;3.866
99;41;3.51
99;44;2.662
99;69;3.166
99;95;3.033
99;102;2.944
100;15;3.613
100;97;3.043
100;103;2.985
100;104;2.973
100;107;3.547
100;608;3.557
101;68;3.866
101;98;2.926
101;111;3.889
102;65;3.389
102;69;2.777
102;99;2.944
102;108;2.837
103;100;2.985
104;100;2.973
104;107;3.087
104;108;2.999
105;108;3.451
105;109;2.958
106;110;3.128
106;601;3.475
107;100;3.547
107;104;3.087
107;110;3.391
107;111;3.003
107;605;3.709
108;65;3.331
108;102;2.837
108;104;2.999
108;105;3.451
108;111;3.433
108;112;2.979
109;105;2.958
109;112;3.283
109;113;3.038
110;106;3.128
110;107;3.391
110;113;3.131
110;114;2.998
110;601;3.312
111;65;3.792
111;101;3.889
111;107;3.003
111;108;3.433
111;114;3.255
111;115;3.024
112;108;2.979
112;109;3.283
112;115;3.361
112;116;3.0
113;109;3.038
113;110;3.131
113;116;3.271
113;117;3.045
114;110;2.998
114;111;3.255
114;117;3.004
114;118;3.223
114;690;3.823
115;111;3.024
115;112;3.361
115;118;2.952
116;112;3.0
116;113;3.271
116;119;3.123
116;264;3.815
117;113;3.045
117;114;3.004
117;120;3.119
117;121;3.021
118;114;3.223
118;115;2.952
118;122;2.997
119;116;3.123
119;122;3.478
119;268;2.744
120;117;3.119
120;264;3.827
120;267;2.664
120;268;2.8
121;117;3.021
121;124;3.353
121;125;2.947
121;257;3.893
122;118;2.997
122;119;3.478
122;126;2.999
123;126;3.114
123;127;3.083
123;1244;3.476
123;1245;2.914
124;121;3.353
124;127;3.43
124;128;3.171
124;253;3.558
124;257;4.011
124;1248;3.961
125;121;2.947
125;128;3.386
125;129;2.937
126;122;2.999
126;123;3.114
126;129;3.306
126;130;2.983
127;123;3.083
127;124;3.43
127;131;2.961
127;1239;4.022
127;1245;3.955
127;1248;3.835
128;124;3.171
128;125;3.386
128;131;3.315
128;132;2.892
128;253;3.323
129;125;2.937
129;126;3.306
129;132;3.488
129;133;3.021
130;126;2.983
130;133;3.403
130;134;2.931
130;1235;3.671
130;1238;3.383
130;1239;3.824
131;127;2.961
131;128;3.315
131;134;3.49
131;135;2.873
132;128;2.892
132;129;3.488
132;136;2.97
132;213;3.722
132;216;4.026
133;129;3.021
133;130;3.403
133;136;3.201
133;137;3.005
134;130;2.931
134;131;3.49
134;137;3.291
134;138;2.979
134;1146;3.764
134;1235;3.773
135;131;2.873
135;139;2.944
135;216;3.59
135;242;3.694
135;246;3.732
135;249;3.663
136;132;2.97
136;133;3.201
136;140;2.932
136;209;3.831
136;213;3.923
137;133;3.005
137;134;3.291
137;140;3.216
137;141;3.134
137;209;3.805
137;1232;3.893
138;134;2.979
138;141;3.155
138;142;3.483
138;242;3.564
138;1229;3.658
138;1232;3.906
139;135;2.944
139;142;3.479
139;143;2.963
139;206;3.655
140;136;2.932
140;137;3.216
140;144;3.786
140;207;3.882
140;208;3.611
140;209;3.965
141;137;3.134
141;138;3.155
141;1229;3.637
141;1232;3.415
142;138;3.483
142;139;3.479
142;1225;3.662
142;1229;3.522
143;139;2.963
143;229;3.049
143;239;3.424
143;242;3.627
143;243;3.7
144;140;3.786
144;207;3.953
145;150;2.75
145;202;3.337
146;196;3.34
146;201;3.817
147;150;2.948
147;151;3.826
147;197;3.879
147;200;2.943
148;200;2.727
148;203;3.914
148;207;2.656
149;154;2.888
149;155;3.732
150;145;2.75
150;147;2.948
150;154;3.427
150;197;2.88
151;147;3.826
151;191;3.671
151;192;3.333
151;195;2.862
152;192;3.602
152;195;3.201
153;190;2.742
154;149;2.888
154;150;3.427
155;149;3.732
156;160;3.963
157;160;3.955
158;160;3.758
159;162;3.779
159;186;3.857
160;156;3.963
160;157;3.955
160;158;3.758
160;186;2.901
161;173;3.555
161;185;3.307
161;186;2.684
162;159;3.779
163;172;3.035
164;166;2.79
164;167;3.449
164;172;4.018
165;168;3.549
166;164;2.79
167;164;3.449
167;172;2.852
168;165;3.549
169;175;2.632
170;173;2.874
170;175;3.773
171;175;2.803
171;184;3.868
171;186;3.421
172;163;3.035
172;164;4.018
172;167;2.852
173;161;3.555
173;170;2.874
174;177;3.079
175;169;2.632
175;170;3.773
175;171;2.803
175;182;3.813
176;179;2.919
176;180;3.386
177;174;3.079
178;180;3.612
179;176;2.919
180;176;3.386
180;178;3.612
181;183;3.085
182;175;3.813
182;184;3.018
183;181;3.085
183;188;3.776
183;189;3.794
184;171;3.868
184;182;3.018
184;187;3.287
185;161;3.307
186;159;3.857
186;160;2.901
186;161;2.684
186;171;3.421
187;184;3.287
188;183;3.776
189;183;3.794
190;153;2.742
191;151;3.671
191;1006;3.666
192;151;3.333
192;152;3.602
192;195;3.068
193;1008;4.055
194;1005;3.65
195;151;2.862
195;152;3.201
195;192;3.068
195;197;2.988
196;146;3.34
197;147;3.879
197;150;2.88
197;195;2.988
198;201;3.238
198;1005;3.823
199;1003;2.928
199;1005;3.555
200;147;2.943
200;148;2.727
200;203;2.939
201;146;3.817
201;198;3.238
201;232;3.501
202;145;3.337
203;148;3.914
203;200;2.939
203;206;3.015
203;207;3.018
203;211;3.716
204;211;3.129
205;211;3.277
205;229;3.456
206;139;3.655
206;203;3.015
206;212;3.576
206;215;3.506
206;229;3.111
206;243;3.934
207;140;3.882
207;144;3.953
207;148;2.656
207;203;3.018
208;140;3.611
208;211;2.793
208;212;2.972
209;136;3.831
209;137;3.805
209;140;3.965
209;213;2.95
210;214;2.991
211;203;3.716
211;204;3.129
211;205;3.277
211;208;2.793
211;214;3.299
211;215;2.96
212;206;3.576
212;208;2.972
212;215;3.243
212;216;2.945
213;132;3.722
213;136;3.923
213;209;2.95
213;217;2.937
214;210;2.991
214;211;3.299
214;217;3.058
214;218;2.964
214;678;3.822
215;206;3.506
215;211;2.96
215;212;3.243
215;218;3.306
215;219;2.928
216;132;4.026
216;135;3.59
216;212;2.945
216;219;3.882
216;220;2.961
217;213;2.937
217;214;3.058
217;220;3.248
217;221;2.949
217;682;3.465
217;685;4.159
217;686;3.897
218;214;2.964
218;215;3.306
218;222;2.969
218;223;2.873
218;224;3.929
218;661;3.635
219;215;2.928
219;216;3.882
219;222;3.091
219;225;3.633
219;243;3.94
219;246;3.774
219;247;3.737
220;216;2.961
220;217;3.248
221;217;2.949
221;685;3.655
222;218;2.969
222;219;3.091
222;1310;3.154
222;1312;2.993
223;218;2.873
223;660;3.776
223;661;3.423
224;218;3.929
224;227;3.264
224;228;2.997
224;661;6.015
224;1317;3.645
225;219;3.633
225;229;3.048
225;230;3.167
225;244;3.882
225;247;3.289
225;1303;3.767
225;1306;3.534
225;1307;3.273
226;230;3.121
226;231;2.988
226;1303;3.681
226;1307;3.593
226;1342;3.618
226;1343;2.804
226;1344;3.202
227;224;3.264
227;1317;3.409
227;1344;3.065
228;224;2.997
228;231;3.07
229;143;3.049
229;205;3.456
229;206;3.111
229;225;3.048
229;239;2.802
229;243;6.494
230;225;3.167
230;226;3.121
230;233;2.973
230;240;3.427
230;1303;3.147
230;1342;3.49
231;226;2.988
231;228;3.07
231;1293;3.73
231;1342;3.406
232;201;3.501
233;230;2.973
233;235;2.928
233;236;3.354
233;239;3.707
234;236;3.031
234;1300;3.703
234;1338;2.879
234;1341;3.49
235;233;2.928
235;239;3.019
236;233;3.354
236;234;3.031
236;239;2.977
236;240;2.955
236;1339;3.799
236;1340;3.737
237;240;3.633
237;241;2.915
237;1337;2.821
237;1339;2.776
238;1222;3.739
238;1225;3.836
238;1226;3.293
238;1339;2.942
239;143;3.424
239;229;2.802
239;233;3.707
239;235;3.019
239;236;2.977
239;242;3.035
239;243;3.288
240;230;3.427
240;236;2.955
240;237;3.633
240;243;3.348
240;244;2.949
240;1303;3.466
240;1340;3.982
240;1341;3.928
241;237;2.915
241;245;2.978
242;135;3.694
242;138;3.564
242;143;3.627
242;239;3.035
242;245;3.144
242;246;2.974
243;143;3.7
243;206;3.934
243;219;3.94
243;229;6.494
243;239;3.288
243;240;3.348
243;246;3.169
243;247;2.972
244;225;3.882
244;240;2.949
244;247;3.18
244;248;2.979
244;1306;3.997
245;241;2.978
245;242;3.144
245;249;2.937
246;135;3.732
246;219;3.774
246;242;2.974
246;243;3.169
246;250;2.901
247;219;3.737
247;225;3.289
247;243;2.972
247;244;3.18
247;251;2.953
247;1306;3.388
248;244;2.979
248;252;2.954
248;1306;3.33
249;135;3.663
249;245;2.937
249;253;2.906
250;246;2.901
250;254;2.933
251;247;2.953
251;254;3.384
251;255;2.954
252;248;2.954
252;255;3.427
252;256;2.938
252;1252;3.695
252;1259;3.615
253;124;3.558
253;128;3.323
253;249;2.906
253;256;3.191
253;257;2.888
254;250;2.933
254;251;3.384
254;257;3.295
254;258;2.943
255;251;2.954
255;252;3.427
255;258;3.813
255;259;2.99
255;1370;3.786
256;252;2.938
256;253;3.191
256;259;3.502
256;260;2.917
256;1248;3.156
256;1251;3.847
257;121;3.893
257;124;4.011
257;253;2.888
257;254;3.295
257;260;3.176
257;261;2.949
257;693;3.783
258;254;2.943
258;255;3.813
258;262;3.077
258;693;3.722
258;696;3.673
258;1367;3.535
259;255;2.99
259;256;3.502
259;263;2.921
259;1370;4.013
259;1371;3.941
259;1374;3.508
260;256;2.917
260;257;3.176
260;264;2.95
261;257;2.949
261;264;3.333
261;265;3.09
261;697;3.787
262;258;3.077
262;265;3.171
262;266;3.069
262;696;3.682
262;697;3.982
262;700;3.452
262;1371;3.476
263;259;2.921
263;267;2.891
263;1375;3.627
264;116;3.815
264;120;3.827
264;260;2.95
264;261;3.333
264;268;2.971
265;261;3.09
265;262;3.171
265;269;3.042
265;697;3.661
265;701;3.809
266;262;3.069
266;269;3.446
266;270;2.884
266;704;3.867
266;1096;6.336
266;1375;3.92
267;120;2.664
267;263;2.891
267;271;3.314
268;119;2.744
268;120;2.8
268;264;2.971
268;275;2.897
269;265;3.042
269;266;3.446
269;275;2.767
269;276;2.949
270;266;2.884
270;276;3.47
271;267;3.314
271;273;2.716
271;274;3.504
272;274;3.268
273;271;2.716
274;271;3.504
274;272;3.268
274;277;3.032
275;268;2.897
275;269;2.767
276;269;2.949
276;270;3.47
277;274;3.032
277;278;2.928
278;277;2.928
278;279;3.616
279;278;3.616
280;292;2.765
280;293;2.795
280;294;3.605
281;287;3.595
281;288;3.73
281;292;3.858
282;286;3.982
283;290;3.764
283;291;3.819
284;289;3.548
284;290;3.924
285;590;2.647
285;594;3.851
286;282;3.982
287;281;3.595
288;281;3.73
289;284;3.548
289;292;2.947
290;283;3.764
290;284;3.924
291;283;3.819
291;296;3.697
292;280;2.765
292;281;3.858
292;289;2.947
293;280;2.795
294;280;3.605
295;297;2.948
295;298;3.741
296;291;3.697
297;9;3.972
297;13;3.99
297;295;2.948
298;295;3.741
299;302;3.402
300;301;3.292
301;300;3.292
302;299;3.402
302;308;2.927
303;308;3.902
304;323;2.645
305;322;3.889
306;309;2.849
307;320;3.901
308;302;2.927
308;303;3.902
309;306;2.849
309;320;4.012
310;312;3.028
311;317;3.723
312;310;3.028
312;317;3.48
313;315;2.942
313;316;2.919
314;318;2.888
315;313;2.942
316;313;2.919
317;311;3.723
317;312;3.48
318;314;2.888
319;322;2.801
320;307;3.901
320;309;4.012
321;322;2.835
322;305;3.889
322;319;2.801
322;321;2.835
323;304;2.645
324;326;3.221
324;335;2.76
324;336;2.728
324;337;2.927
325;331;2.619
326;324;3.221
326;329;3.112
326;332;2.762
327;337;2.868
327;349;2.805
328;333;2.815
329;326;3.112
329;332;3.103
330;333;2.957
330;354;3.557
331;325;2.619
331;334;3.074
332;326;2.762
332;329;3.103
332;335;3.006
333;328;2.815
333;330;2.957
333;340;2.794
333;349;3.774
334;331;3.074
335;324;2.76
335;332;3.006
336;324;2.728
336;341;2.635
336;536;3.557
337;324;2.927
337;327;2.868
337;340;2.937
337;341;2.988
338;341;3.015
338;342;2.957
339;346;3.639
340;333;2.794
340;337;2.937
340;343;3.034
340;349;3.915
341;336;2.635
341;337;2.988
341;338;3.015
341;535;2.687
342;338;2.957
342;537;4.018
343;340;3.034
344;346;3.304
345;347;3.215
345;348;3.748
346;339;3.639
346;344;3.304
347;345;3.215
348;345;3.748
349;327;2.805
349;333;3.774
349;340;3.915
350;369;3.646
351;361;3.347
351;367;3.054
352;363;3.724
353;358;3.804
354;330;3.557
354;356;3.065
354;358;3.203
355;359;3.778
355;360;3.332
356;354;3.065
357;358;2.95
357;359;3.791
358;353;3.804
358;354;3.203
358;357;2.95
359;355;3.778
359;357;3.791
360;355;3.332
361;351;3.347
362;366;3.345
362;367;2.8
363;352;3.724
364;366;3.885
365;366;3.627
366;362;3.345
366;364;3.885
366;365;3.627
367;351;3.054
367;362;2.8
368;371;3.907
368;373;3.449
369;350;3.646
369;371;3.006
369;373;3.033
370;372;3.009
371;368;3.907
371;369;3.006
372;370;3.009
373;368;3.449
373;369;3.033
374;376;3.942
375;378;2.806
376;374;3.942
376;379;2.985
376;380;3.101
377;383;3.494
378;375;2.806
379;376;2.985
380;376;3.101
380;383;2.95
380;384;3.245
381;384;3.03
381;389;3.469
382;386;3.949
383;377;3.494
383;380;2.95
384;380;3.245
384;381;3.03
384;387;2.813
385;387;3.044
386;382;3.949
387;384;2.813
387;385;3.044
388;390;2.696
388;391;3.435
389;381;3.469
390;388;2.696
391;388;3.435
392;394;3.584
393;397;3.582
394;392;3.584
394;397;3.419
395;396;2.961
396;395;2.961
397;393;3.582
397;394;3.419
398;404;3.707
399;401;3.929
400;402;2.988
401;399;3.929
401;403;2.986
401;404;2.809
402;400;2.988
402;478;3.708
402;534;3.345
402;538;2.75
403;401;2.986
404;398;3.707
404;401;2.809
405;408;3.699
406;409;2.854
407;411;3.89
408;405;3.699
408;411;3.015
409;406;2.854
410;411;3.107
410;719;3.701
411;407;3.89
411;408;3.015
411;410;3.107
412;419;3.46
412;719;3.959
413;419;3.714
413;721;3.901
414;420;4.009
415;418;3.458
416;418;3.063
417;421;3.253
418;415;3.458
418;416;3.063
419;412;3.46
419;413;3.714
420;414;4.009
421;417;3.253
421;424;3.325
422;432;3.623
423;426;2.989
423;432;3.865
423;434;3.782
424;421;3.325
425;434;3.956
426;423;2.989
426;432;2.819
427;431;3.126
428;433;2.795
429;433;2.801
429;438;3.268
429;439;3.569
430;433;3.292
431;427;3.126
432;422;3.623
432;423;3.865
432;426;2.819
433;428;2.795
433;429;2.801
433;430;3.292
434;423;3.782
434;425;3.956
435;436;3.739
436;435;3.739
437;440;2.954
438;429;3.268
439;429;3.569
440;437;2.954
441;446;3.464
441;447;3.002
442;448;3.971
443;444;2.842
444;443;2.842
445;465;3.407
446;441;3.464
446;448;3.936
447;441;3.002
448;442;3.971
448;446;3.936
449;451;3.975
450;452;2.862
451;449;3.975
451;453;3.035
452;450;2.862
452;458;4.037
453;451;3.035
453;456;3.579
454;457;3.31
454;458;2.786
455;459;3.568
455;460;2.761
456;453;3.579
457;454;3.31
457;459;3.378
458;452;4.037
458;454;2.786
459;455;3.568
459;457;3.378
460;455;2.761
461;466;3.94
462;463;2.846
462;464;2.993
462;465;2.84
462;466;4.076
463;462;2.846
464;462;2.993
464;468;3.943
464;469;3.924
465;445;3.407
465;462;2.84
466;461;3.94
466;462;4.076
466;469;2.868
467;469;3.996
468;464;3.943
469;464;3.924
469;466;2.868
469;467;3.996
470;472;4.086
470;476;3.599
471;476;3.736
471;479;2.696
472;470;4.086
472;529;3.874
473;532;3.622
474;477;3.453
474;533;3.81
475;478;2.986
475;479;3.27
476;470;3.599
476;471;3.736
476;479;3.031
477;474;3.453
477;529;3.529
477;530;3.909
478;402;3.708
478;475;2.986
478;534;3.506
479;471;2.696
479;475;3.27
479;476;3.031
479;482;2.868
479;483;3.155
480;484;2.952
481;485;2.974
482;479;2.868
482;485;3.268
482;486;3.027
483;479;3.155
483;486;3.405
483;487;2.932
483;581;2.698
484;480;2.952
484;487;3.19
484;488;2.98
485;481;2.974
485;482;3.268
485;489;3.051
486;482;3.027
486;483;3.405
486;489;3.313
486;490;2.978
486;522;3.985
486;526;3.764
486;578;3.974
487;483;2.932
487;484;3.19
487;490;3.013
487;491;3.095
487;582;2.746
487;583;3.628
488;484;2.98
488;491;3.466
488;492;3.009
489;485;3.051
489;486;3.313
489;493;2.978
489;519;3.67
490;486;2.978
490;487;3.013
490;493;3.089
490;494;3.079
490;523;3.305
490;576;3.875
490;578;3.922
490;579;3.836
491;487;3.095
491;488;3.466
491;494;3.136
491;495;3.437
491;579;3.885
492;488;3.009
492;495;3.298
492;496;3.017
493;489;2.978
493;490;3.089
493;496;3.245
493;497;2.99
493;519;3.243
493;575;3.167
494;490;3.079
494;491;3.136
494;498;3.055
494;576;3.638
494;980;3.931
495;491;3.437
495;492;3.298
495;498;3.33
495;499;2.979
496;492;3.017
496;493;3.245
496;499;3.145
496;500;2.96
496;512;3.518
497;493;2.99
497;500;3.025
497;575;3.828
497;576;3.696
497;984;4.011
498;494;3.055
498;495;3.33
499;495;2.979
499;496;3.145
499;512;3.855
500;496;2.96
500;497;3.025
500;505;2.914
500;512;3.993
500;516;3.412
501;505;2.975
501;1028;3.202
501;1029;3.064
502;506;3.529
503;506;2.939
503;507;3.024
504;508;3.02
505;500;2.914
505;501;2.975
505;509;2.808
506;502;3.529
506;503;2.939
506;509;2.789
507;503;3.024
508;504;3.02
508;511;3.038
508;512;2.933
509;505;2.808
509;506;2.789
509;513;2.971
510;513;3.326
510;514;3.033
511;508;3.038
511;514;3.945
511;515;2.97
512;496;3.518
512;499;3.855
512;500;3.993
512;508;2.933
512;515;3.309
512;516;2.914
513;509;2.971
513;510;3.326
513;516;3.368
513;517;3.032
514;510;3.033
514;511;3.945
514;518;2.956
515;511;2.97
515;512;3.309
515;519;2.961
516;500;3.412
516;512;2.914
516;513;3.368
516;519;3.39
516;520;3.08
516;575;3.281
517;513;3.032
517;520;3.329
517;521;3.003
517;559;3.81
517;560;3.414
518;514;2.956
518;521;3.017
518;522;3.075
519;489;3.67
519;493;3.243
519;515;2.961
519;516;3.39
519;522;3.034
519;523;3.401
520;516;3.08
520;517;3.329
520;523;2.948
520;555;2.819
520;556;3.78
520;559;3.797
520;560;4.024
521;517;3.003
521;518;3.017
521;524;2.843
522;486;3.985
522;518;3.075
522;519;3.034
522;525;3.101
522;526;3.145
523;490;3.305
523;519;3.401
523;520;2.948
523;527;2.979
523;552;3.635
523;556;3.851
523;578;3.426
524;521;2.843
524;528;3.068
524;556;3.399
525;522;3.101
525;528;3.408
525;529;3.01
526;486;3.764
526;522;3.145
526;529;3.451
526;530;3.027
526;578;2.742
526;581;2.752
527;523;2.979
527;531;3.041
527;552;3.771
528;524;3.068
528;525;3.408
528;531;3.052
529;472;3.874
529;477;3.529
529;525;3.01
529;526;3.451
529;533;3.111
530;477;3.909
530;526;3.027
530;533;3.269
530;534;3.025
530;538;2.662
530;539;3.601
530;545;2.748
531;527;3.041
531;528;3.052
531;539;3.771
531;540;3.873
532;473;3.622
533;474;3.81
533;529;3.111
533;530;3.269
534;402;3.345
534;478;3.506
534;530;3.025
535;341;2.687
535;538;2.783
535;539;2.883
536;336;3.557
536;540;3.034
537;342;4.018
537;541;2.802
538;402;2.75
538;530;2.662
538;535;2.783
538;541;3.112
538;542;2.918
539;530;3.601
539;531;3.771
539;535;2.883
539;545;3.317
539;549;2.916
540;531;3.873
540;536;3.034
541;537;2.802
541;538;3.112
542;538;2.918
542;545;2.971
542;546;3.059
543;546;3.967
543;547;2.999
544;548;2.986
544;586;2.973
544;589;3.872
545;530;2.748
545;539;3.317
545;542;2.971
545;549;2.974
546;542;3.059
546;543;3.967
546;549;3.391
546;550;2.989
547;543;2.999
547;550;3.403
547;551;3.016
548;544;2.986
548;551;3.235
548;552;2.902
548;578;2.643
548;581;3.943
549;539;2.916
549;545;2.974
549;546;3.391
549;553;3.003
550;546;2.989
550;547;3.403
550;553;3.216
550;554;3.085
551;547;3.016
551;548;3.235
551;555;3.018
552;523;3.635
552;527;3.771
552;548;2.902
552;556;2.946
552;578;3.764
553;549;3.003
553;550;3.216
553;557;2.97
554;550;3.085
554;558;3.331
554;571;3.61
555;520;2.819
555;551;3.018
555;559;3.453
555;575;3.016
556;520;3.78
556;523;3.851
556;524;3.399
556;552;2.946
556;559;3.11
556;560;2.909
557;553;2.97
557;560;3.278
557;561;3.022
558;554;3.331
558;562;3.001
558;563;3.012
558;572;3.869
559;517;3.81
559;520;3.797
559;555;3.453
559;556;3.11
559;563;3.66
559;572;3.972
560;517;3.414
560;520;4.024
560;556;2.909
560;557;3.278
561;557;3.022
562;558;3.001
562;564;2.957
563;558;3.012
563;559;3.66
563;569;2.826
564;562;2.957
564;569;3.233
565;568;2.794
566;569;3.261
566;570;2.927
567;570;3.352
567;571;2.961
567;1068;3.954
568;565;2.794
568;571;3.062
568;572;3.09
569;563;2.826
569;564;3.233
569;566;3.261
569;572;2.935
570;566;2.927
570;567;3.352
570;573;2.99
570;988;3.142
571;554;3.61
571;567;2.961
571;568;3.062
571;574;2.982
572;558;3.869
572;559;3.972
572;568;3.09
572;569;2.935
572;575;3.121
573;570;2.99
573;576;3.184
573;984;3.694
573;985;3.92
574;571;2.982
574;577;2.885
574;981;3.88
575;493;3.167
575;497;3.828
575;516;3.281
575;555;3.016
575;572;3.121
575;578;2.982
576;490;3.875
576;494;3.638
576;497;3.696
576;573;3.184
576;579;2.924
576;977;3.809
576;981;3.514
577;574;2.885
577;580;2.803
577;978;3.364
577;981;3.483
578;486;3.974
578;490;3.922
578;523;3.426
578;526;2.742
578;548;2.643
578;552;3.764
578;575;2.982
578;581;2.954
579;490;3.836
579;491;3.885
579;576;2.924
579;582;2.977
579;583;2.948
579;585;3.861
579;977;3.577
580;577;2.803
581;483;2.698
581;526;2.752
581;548;3.943
581;578;2.954
582;487;2.746
582;579;2.977
583;487;3.628
583;579;2.948
583;585;3.926
583;586;3.028
584;587;3.134
584;588;2.93
584;970;3.201
585;579;3.861
585;583;3.926
585;588;3.233
585;589;3.016
585;974;3.474
586;544;2.973
586;583;3.028
586;589;3.863
586;590;3.072
587;584;3.134
587;590;3.375
587;591;2.954
588;584;2.93
588;585;3.233
588;591;3.367
588;592;2.971
588;974;3.632
589;544;3.872
589;585;3.016
589;586;3.863
589;593;3.055
590;285;2.647
590;586;3.072
590;587;3.375
590;593;3.374
590;594;2.988
591;587;2.954
591;588;3.367
591;594;3.4
591;595;2.935
592;588;2.971
592;595;3.358
592;596;3.093
592;1082;3.591
593;589;3.055
593;590;3.374
593;596;2.945
594;285;3.851
594;590;2.988
594;591;3.4
594;597;2.899
595;591;2.935
595;592;3.358
595;598;3.102
595;599;3.088
595;699;3.722
595;1082;3.517
595;1086;3.463
596;592;3.093
596;593;2.945
596;599;3.428
596;600;2.963
596;1082;3.867
597;594;2.899
597;600;3.072
598;595;3.102
598;699;3.949
599;595;3.088
599;596;3.428
599;602;3.215
599;603;2.881
599;695;3.56
599;1082;3.867
600;596;2.963
600;597;3.072
600;604;3.057
601;106;3.475
601;110;3.312
601;604;3.201
601;605;3.295
602;599;3.215
602;605;3.101
602;606;3.03
602;694;3.45
602;695;3.859
603;599;2.881
603;607;2.938
604;600;3.057
604;601;3.201
604;607;3.288
604;608;3.053
605;107;3.709
605;601;3.295
605;602;3.101
605;608;3.425
605;609;3.042
606;602;3.03
606;609;3.981
606;610;2.968
606;657;3.913
607;603;2.938
607;604;3.288
607;611;2.967
608;100;3.557
608;604;3.053
608;605;3.425
608;611;3.318
608;612;2.997
609;605;3.042
609;606;3.981
609;612;3.371
609;613;2.968
609;687;3.758
610;606;2.968
610;613;3.442
610;614;2.92
610;650;3.483
610;653;3.824
611;19;3.568
611;23;3.731
611;607;2.967
611;608;3.318
611;614;3.341
611;615;3.008
611;646;3.493
612;94;4.037
612;98;3.898
612;608;2.997
612;609;3.371
612;615;3.195
612;616;2.996
613;609;2.968
613;610;3.442
613;617;2.967
613;653;3.942
613;680;3.787
613;683;3.877
613;684;3.405
614;610;2.92
614;611;3.341
614;617;3.221
614;618;2.989
614;646;3.786
614;649;3.996
614;650;4.008
615;94;3.602
615;611;3.008
615;612;3.195
615;619;3.323
616;94;3.68
616;612;2.996
616;619;3.306
616;620;3.016
617;613;2.967
617;614;3.221
617;621;2.998
617;622;2.814
617;643;3.813
618;25;3.215
618;614;2.989
618;622;3.051
618;623;3.162
618;645;4.038
619;91;3.424
619;615;3.323
619;616;3.306
620;87;3.96
620;91;3.875
620;616;3.016
620;623;2.796
621;617;2.998
621;624;3.0
621;625;3.577
621;639;3.512
621;643;4.079
621;677;3.328
622;617;2.814
622;618;3.051
622;639;3.758
623;618;3.162
623;620;2.796
624;621;3.0
624;636;4.139
624;639;2.967
625;621;3.577
625;637;3.074
625;639;2.98
625;665;3.817
625;666;3.49
625;673;2.824
625;677;3.634
626;635;2.667
626;636;3.69
626;666;3.548
626;667;2.929
627;630;3.014
627;631;2.879
627;632;2.838
627;633;2.746
628;666;4.095
628;667;2.79
628;669;3.619
629;632;3.826
630;627;3.014
630;635;4.006
631;627;2.879
632;627;2.838
632;629;3.826
632;1016;3.948
633;627;2.746
634;640;3.571
634;641;3.17
635;626;2.667
635;630;4.006
636;624;4.139
636;626;3.69
636;640;3.529
637;625;3.074
637;640;3.201
637;641;3.136
637;664;2.862
637;665;3.566
638;641;3.025
638;642;2.843
638;663;3.89
639;621;3.512
639;622;3.758
639;624;2.967
639;625;2.98
639;643;3.708
639;665;3.622
640;634;3.571
640;636;3.529
640;637;3.201
640;644;3.51
641;634;3.17
641;637;3.136
641;638;3.025
641;1056;3.634
642;638;2.843
642;648;3.979
642;651;3.909
642;652;3.813
642;1047;3.433
642;1051;3.789
643;617;3.813
643;621;4.079
643;639;3.708
643;648;3.661
643;652;3.655
643;665;4.069
644;640;3.51
644;1060;2.72
645;25;3.705
645;618;4.038
645;648;2.877
645;649;2.947
645;1063;2.875
646;25;3.312
646;611;3.493
646;614;3.786
646;649;3.423
646;650;2.942
647;650;3.215
647;651;2.993
647;1063;3.642
647;1066;3.884
647;1067;3.674
647;1070;3.974
648;642;3.979
648;643;3.661
648;645;2.877
648;651;3.258
648;652;2.981
648;1066;3.093
649;614;3.996
649;645;2.947
649;646;3.423
649;653;2.973
650;610;3.483
650;614;4.008
650;646;2.942
650;647;3.215
650;653;3.486
650;654;2.976
651;642;3.909
651;647;2.993
651;648;3.258
651;654;3.266
651;655;3.037
651;1051;3.937
651;1070;3.619
652;642;3.813
652;643;3.655
652;648;2.981
652;655;3.129
652;656;3.019
652;662;3.78
653;610;3.824
653;613;3.942
653;649;2.973
653;650;3.486
653;656;3.422
653;657;3.002
653;684;4.026
654;650;2.976
654;651;3.266
654;657;3.074
654;658;3.223
654;1043;3.91
654;1046;3.532
654;1070;3.713
654;1077;3.915
655;651;3.037
655;652;3.129
655;661;2.838
655;1047;3.558
656;652;3.019
656;653;3.422
656;659;2.962
656;681;3.445
656;684;3.588
656;685;3.983
657;606;3.913
657;653;3.002
657;654;3.074
657;688;3.809
658;654;3.223
658;1043;3.487
659;656;2.962
659;681;2.897
659;685;4.009
660;223;3.776
660;1043;3.822
660;1044;2.761
660;1045;2.831
661;218;3.635
661;223;3.423
661;224;6.015
661;655;2.838
661;681;3.848
661;1048;3.861
662;652;3.78
662;665;3.521
662;681;3.258
663;638;3.89
663;1048;3.533
664;637;2.862
664;1001;3.824
665;625;3.817
665;637;3.566
665;639;3.622
665;643;4.069
665;662;3.521
665;674;3.224
665;677;3.481
666;625;3.49
666;626;3.548
666;628;4.095
666;670;3.368
666;674;2.923
667;626;2.929
667;628;2.79
667;674;3.643
668;1002;3.482
669;628;3.619
670;666;3.368
670;673;2.772
670;674;3.096
671;675;2.961
672;675;3.265
672;676;2.991
673;625;2.824
673;670;2.772
673;676;3.258
673;677;3.06
674;665;3.224
674;666;2.923
674;667;3.643
674;670;3.096
674;677;3.049
674;678;2.897
675;671;2.961
675;672;3.265
675;678;3.208
675;679;3.024
676;672;2.991
676;673;3.258
677;621;3.328
677;625;3.634
677;665;3.481
677;673;3.06
677;674;3.049
677;680;2.973
677;681;2.932
678;214;3.822
678;674;2.897
678;675;3.208
678;681;3.355
678;682;2.967
679;675;3.024
679;682;3.422
679;683;2.995
680;613;3.787
680;677;2.973
680;683;3.458
680;684;2.984
681;656;3.445
681;659;2.897
681;661;3.848
681;662;3.258
681;677;2.932
681;678;3.355
681;684;3.333
681;685;2.972
682;217;3.465
682;678;2.967
682;679;3.422
682;685;3.439
682;686;2.993
683;613;3.877
683;679;2.995
683;680;3.458
683;686;3.457
683;687;2.993
684;613;3.405
684;653;4.026
684;656;3.588
684;680;2.984
684;681;3.333
684;688;2.967
685;217;4.159
685;221;3.655
685;656;3.983
685;659;4.009
685;681;2.972
685;682;3.439
685;689;2.927
686;217;3.897
686;682;2.993
686;683;3.457
686;689;3.422
686;690;3.022
687;609;3.758
687;683;2.993
687;690;3.473
687;691;2.998
688;657;3.809
688;684;2.967
688;691;3.166
688;692;2.932
689;685;2.927
689;686;3.422
689;692;3.282
689;693;2.978
690;114;3.823
690;686;3.022
690;687;3.473
690;693;3.487
690;694;3.028
691;687;2.998
691;688;3.166
691;694;3.309
691;695;2.914
692;688;2.932
692;689;3.282
692;695;3.129
692;696;3.068
693;257;3.783
693;258;3.722
693;689;2.978
693;690;3.487
693;697;3.019
694;602;3.45
694;690;3.028
694;691;3.309
694;698;2.919
695;599;3.56
695;602;3.859
695;691;2.914
695;692;3.129
695;698;3.376
695;699;3.12
695;1085;3.401
696;258;3.673
696;262;3.682
696;692;3.068
696;699;3.408
696;700;2.937
696;1085;3.6
696;1088;3.754
696;1367;6.383
697;261;3.787
697;262;3.982
697;265;3.661
697;693;3.019
697;700;3.47
697;701;2.951
698;694;2.919
698;695;3.376
698;702;3.056
699;595;3.722
699;598;3.949
699;695;3.12
699;696;3.408
699;702;3.343
699;703;2.992
699;1085;3.632
699;1086;3.718
699;1089;3.567
700;262;3.452
700;696;2.937
700;697;3.47
700;703;3.42
700;704;2.978
700;1092;3.502
701;265;3.809
701;697;2.951
701;704;3.262
701;705;3.04
702;698;3.056
702;699;3.343
702;705;3.159
702;706;3.029
703;699;2.992
703;700;3.42
703;706;2.992
703;707;3.028
703;1089;3.494
703;1093;3.758
704;266;3.867
704;700;2.978
704;701;3.262
704;709;3.467
704;1093;3.604
704;1096;3.532
705;701;3.04
705;702;3.159
706;702;3.029
706;703;2.992
707;703;3.028
707;1093;3.925
708;711;3.36
708;712;3.418
709;704;3.467
709;1096;3.957
709;1100;2.72
710;1100;3.29
711;708;3.36
712;708;3.418
712;1097;3.416
713;1101;2.733
714;1101;2.73
715;722;2.81
716;720;2.812
717;724;3.445
717;726;3.757
717;732;3.588
718;720;2.934
718;721;3.0
719;410;3.701
719;412;3.959
720;716;2.812
720;718;2.934
720;722;3.879
721;413;3.901
721;718;3.0
722;715;2.81
722;720;3.879
723;731;2.636
724;717;3.445
725;728;2.786
726;717;3.757
726;732;3.932
727;729;2.988
728;725;2.786
729;727;2.988
730;736;3.751
731;723;2.636
731;736;3.973
732;717;3.588
732;726;3.932
733;736;2.949
734;737;3.957
735;743;2.659
736;730;3.751
736;731;3.973
736;733;2.949
737;734;3.957
737;742;3.766
737;743;3.995
738;741;3.81
739;745;4.022
739;746;3.75
739;747;2.847
739;748;2.855
740;744;4.033
741;738;3.81
741;744;2.969
742;737;3.766
743;735;2.659
743;737;3.995
744;740;4.033
744;741;2.969
745;739;4.022
745;752;3.307
746;739;3.75
746;750;3.772
746;751;3.797
747;739;2.847
748;739;2.855
748;751;3.765
749;750;2.84
749;751;3.596
750;746;3.772
750;749;2.84
751;746;3.797
751;748;3.765
751;749;3.596
752;745;3.307
753;756;2.956
754;757;3.14
755;758;3.284
755;759;3.165
756;753;2.956
757;754;3.14
758;755;3.284
759;755;3.165
759;763;2.821
760;763;2.747
761;763;2.808
762;770;2.775
763;759;2.821
763;760;2.747
763;761;2.808
764;766;3.006
765;767;2.738
766;764;3.006
766;768;3.762
767;765;2.738
768;766;3.762
768;771;3.091
769;775;2.695
769;779;2.743
770;762;2.775
771;768;3.091
771;773;3.218
771;774;2.988
771;779;3.774
772;776;2.808
773;771;3.218
773;776;3.349
774;771;2.988
775;769;2.695
775;779;3.629
776;772;2.808
776;773;3.349
776;779;4.017
777;780;3.67
778;780;3.016
779;769;2.743
779;771;3.774
779;775;3.629
779;776;4.017
780;777;3.67
780;778;3.016
781;784;2.832
782;784;3.887
783;785;3.453
784;781;2.832
784;782;3.887
785;783;3.453
786;788;3.953
787;788;3.08
788;786;3.953
788;787;3.08
789;791;3.001
789;792;3.571
790;794;3.994
791;789;3.001
792;789;3.571
793;801;2.915
794;790;3.994
794;801;2.991
795;801;2.733
796;798;3.04
796;799;3.201
796;800;3.369
797;804;3.703
798;796;3.04
799;796;3.201
800;796;3.369
800;802;3.8
801;793;2.915
801;794;2.991
801;795;2.733
802;800;3.8
803;805;2.996
804;797;3.703
805;803;2.996
805;807;3.416
806;808;3.93
807;805;3.416
808;806;3.93
809;810;3.812
810;809;3.812
811;813;2.944
812;814;3.895
813;811;2.944
814;812;3.895
815;816;3.463
816;815;3.463
817;819;3.774
818;819;3.073
819;817;3.774
819;818;3.073
820;821;2.949
821;820;2.949
822;823;2.994
823;822;2.994
824;826;2.655
825;827;3.054
826;824;2.655
826;828;2.987
826;829;3.725
827;825;3.054
828;826;2.987
829;826;3.725
830;832;2.976
831;833;3.255
831;834;2.727
831;838;2.969
832;830;2.976
832;835;4.003
833;831;3.255
834;831;2.727
834;837;2.671
834;894;2.756
835;832;4.003
835;894;3.907
836;841;3.775
836;890;3.623
836;891;3.492
837;834;2.671
838;831;2.969
838;841;2.838
838;842;2.962
839;843;3.015
840;844;2.965
841;836;3.775
841;838;2.838
841;844;3.122
841;845;2.949
841;887;3.855
842;838;2.962
842;845;3.395
842;846;3.18
842;950;3.145
843;839;3.015
843;846;3.456
843;847;3.029
844;840;2.965
844;841;3.122
844;847;3.295
844;848;2.925
845;841;2.949
845;842;3.395
845;848;3.405
845;849;2.957
845;884;3.745
845;887;3.79
846;842;3.18
846;843;3.456
846;849;3.354
846;850;2.943
846;950;3.459
847;843;3.029
847;844;3.295
847;850;3.243
847;851;2.976
848;844;2.925
848;845;3.405
848;852;2.956
848;884;3.991
849;845;2.957
849;846;3.354
849;853;2.89
849;880;3.973
849;884;3.376
849;943;3.728
849;947;3.784
850;846;2.943
850;847;3.243
850;853;3.194
850;854;2.988
851;847;2.976
851;854;3.108
851;855;3.012
852;848;2.956
852;855;3.387
852;856;2.944
852;943;3.626
853;849;2.89
853;850;3.194
853;857;2.995
854;850;2.988
854;851;3.108
854;857;3.38
854;858;2.95
855;851;3.012
855;852;3.387
855;858;3.051
855;859;3.276
856;852;2.944
856;941;3.878
857;853;2.995
857;854;3.38
857;861;3.649
857;1275;3.825
858;854;2.95
858;855;3.051
858;861;3.065
858;862;3.019
858;865;3.6
858;869;3.711
858;873;3.848
859;855;3.276
859;866;2.763
859;934;2.691
860;863;3.365
860;866;2.669
860;1278;3.36
860;1332;3.018
861;857;3.649
861;858;3.065
861;1298;3.801
862;858;3.019
862;865;2.954
862;866;3.025
863;860;3.365
863;866;3.184
863;867;3.005
863;1333;4.011
864;867;2.639
865;858;3.6
865;862;2.954
865;868;3.288
865;869;2.962
866;859;2.763
866;860;2.669
866;862;3.025
866;863;3.184
866;870;3.022
866;1331;3.901
867;863;3.005
867;864;2.639
867;1333;3.474
868;865;3.288
869;858;3.711
869;865;2.962
869;872;3.122
869;873;3.031
870;866;3.022
870;874;2.767
871;875;3.026
872;869;3.122
872;875;3.331
872;876;2.984
873;858;3.848
873;869;3.031
873;876;3.017
873;877;3.28
874;870;2.767
874;877;3.006
874;878;3.027
874;934;2.871
874;937;3.764
875;871;3.026
875;872;3.331
875;878;2.932
875;879;2.961
876;872;2.984
876;873;3.017
876;880;2.931
877;873;3.28
877;874;3.006
877;881;3.014
877;940;3.835
878;874;3.027
878;875;2.932
878;881;3.387
878;882;3.047
879;875;2.961
879;883;2.983
880;849;3.973
880;876;2.931
880;883;3.309
880;884;2.955
880;940;3.993
880;943;3.566
881;877;3.014
881;878;3.387
881;885;2.98
881;940;3.78
882;878;3.047
882;885;3.483
882;886;3.021
883;879;2.983
883;880;3.309
883;887;2.94
884;845;3.745
884;848;3.991
884;849;3.376
884;880;2.955
884;888;3.007
884;946;3.669
885;881;2.98
885;882;3.483
885;888;3.444
885;889;2.974
885;913;3.85
885;917;3.662
886;882;3.021
886;889;3.302
886;890;2.967
887;841;3.855
887;845;3.79
887;883;2.94
887;890;3.428
887;891;2.75
887;946;3.6
888;884;3.007
888;885;3.444
888;891;3.479
888;892;2.927
888;910;3.826
889;885;2.974
889;886;3.302
889;892;4.03
889;893;2.998
890;836;3.623
890;886;2.967
890;887;3.428
890;893;3.481
890;894;3.027
891;836;3.492
891;887;2.75
891;888;3.479
891;894;3.491
891;895;3.08
891;900;3.845
891;906;3.979
891;909;2.671
892;888;2.927
892;889;4.03
892;895;3.015
892;896;2.922
892;897;3.813
892;900;6.38
892;901;3.694
893;889;2.998
893;890;3.481
894;834;2.756
894;835;3.907
894;890;3.027
894;891;3.491
895;891;3.08
895;892;3.015
895;899;2.807
895;900;3.97
895;903;3.775
895;906;3.631
896;892;2.922
896;900;2.992
897;892;3.813
897;900;3.466
897;901;2.995
898;901;2.802
898;902;2.856
899;895;2.807
900;891;3.845
900;892;6.38
900;895;3.97
900;896;2.992
900;897;3.466
900;903;3.042
900;906;3.675
900;910;3.771
901;892;3.694
901;897;2.995
901;898;2.802
901;907;3.58
901;910;3.676
902;898;2.856
903;895;3.775
903;900;3.042
903;906;3.128
903;907;2.95
904;907;3.405
904;908;2.959
905;908;3.414
905;909;3.005
905;949;3.402
905;955;4.024
905;958;3.828
906;891;3.979
906;895;3.631
906;900;3.675
906;903;3.128
906;909;3.134
906;910;2.986
907;901;3.58
907;903;2.95
907;904;3.405
907;910;4.038
907;911;2.98
908;904;2.959
908;905;3.414
908;911;3.251
909;891;2.671
909;905;3.005
909;906;3.134
909;946;2.936
909;949;2.781
910;888;3.826
910;900;3.771
910;901;3.676
910;906;2.986
910;907;4.038
910;913;3.018
910;914;2.96
911;907;2.98
911;908;3.251
911;915;3.029
912;942;4.003
912;946;3.771
913;885;3.85
913;910;3.018
913;916;3.047
913;917;3.085
914;910;2.96
914;917;2.973
914;918;2.911
915;911;3.029
915;919;2.975
915;939;3.697
916;913;3.047
916;919;4.017
916;920;3.05
916;940;2.922
917;885;3.662
917;913;3.085
917;914;2.973
917;920;3.337
917;921;2.984
918;914;2.911
918;921;3.213
918;922;2.997
919;915;2.975
919;916;4.017
919;922;3.466
919;923;2.996
920;916;3.05
920;917;3.337
920;923;3.292
920;924;2.993
920;933;3.815
921;917;2.984
921;918;3.213
921;924;3.233
921;925;2.934
922;918;2.997
922;919;3.466
922;925;3.174
922;926;2.972
923;919;2.996
923;920;3.292
923;928;3.045
923;932;3.315
923;933;3.306
923;936;3.647
924;920;2.993
924;921;3.233
924;927;3.001
925;921;2.934
925;922;3.174
926;922;2.972
927;924;3.001
928;923;3.045
929;932;3.845
930;933;3.479
930;934;3.007
931;934;2.739
931;935;3.229
932;923;3.315
932;929;3.845
932;936;2.972
933;920;3.815
933;923;3.306
933;930;3.479
933;937;2.949
934;859;2.691
934;874;2.871
934;930;3.007
934;931;2.739
934;1330;3.826
935;931;3.229
935;938;3.057
935;1280;3.902
935;1327;2.971
935;1328;3.626
935;1329;3.146
936;923;3.647
936;932;2.972
937;874;3.764
937;933;2.949
937;940;2.745
938;935;3.057
938;941;2.741
938;942;3.312
938;1276;3.625
939;915;3.697
939;942;2.983
940;877;3.835
940;880;3.993
940;881;3.78
940;916;2.922
940;937;2.745
940;943;2.864
941;856;3.878
941;938;2.741
942;912;4.003
942;938;3.312
942;939;2.983
942;945;2.946
942;946;3.008
942;1272;3.85
943;849;3.728
943;852;3.626
943;880;3.566
943;940;2.864
943;946;2.986
943;947;3.182
944;947;2.956
944;1272;3.619
945;942;2.946
945;948;2.771
945;1272;3.811
946;884;3.669
946;887;3.6
946;909;2.936
946;912;3.771
946;942;3.008
946;943;2.986
946;949;2.907
947;849;3.784
947;943;3.182
947;944;2.956
947;950;2.982
947;951;2.932
948;945;2.771
948;951;3.324
948;954;3.517
948;958;3.694
949;905;3.402
949;909;2.781
949;946;2.907
949;955;2.876
950;842;3.145
950;846;3.459
950;947;2.982
951;947;2.932
951;948;3.324
951;954;3.643
951;955;3.011
951;1264;4.009
952;955;3.73
953;956;3.071
953;957;2.928
954;948;3.517
954;951;3.643
954;957;3.32
954;958;2.984
954;1265;3.921
955;905;4.024
955;949;2.876
955;951;3.011
955;952;3.73
955;959;2.979
956;953;3.071
956;959;3.362
956;960;2.964
957;953;2.928
957;954;3.32
957;960;3.011
957;961;2.985
957;1265;3.793
958;905;3.828
958;948;3.694
958;954;2.984
958;961;3.334
958;962;3.001
959;955;2.979
959;956;3.362
959;963;2.967
960;956;2.964
960;957;3.011
960;963;3.165
960;964;3.031
961;957;2.985
961;958;3.334
961;964;3.0
961;965;3.183
961;1365;3.569
962;958;3.001
962;965;3.046
963;959;2.967
963;960;3.165
963;966;3.986
964;960;3.031
964;961;3.0
964;967;3.427
964;968;3.196
965;961;3.183
965;962;3.046
