source;destination;distance
0;3;2.766
1;47;3.592
2;7;3.631
2;48;3.668
3;0;2.766
4;7;3.249
4;8;2.966
5;9;2.972
6;10;2.969
7;2;3.631
7;4;3.249
7;10;3.139
7;11;2.965
7;43;3.975
7;47;3.729
8;4;2.966
8;11;3.445
8;12;2.969
9;5;2.972
9;13;2.933
10;6;2.969
10;7;3.139
10;14;2.944
11;7;2.965
11;8;3.445
11;14;3.386
11;15;3.013
11;44;3.604
12;8;2.969
12;16;2.991
12;104;3.958
13;9;2.933
13;16;3.317
13;17;2.926
14;10;2.944
14;11;3.386
14;18;3.017
14;37;3.799
15;11;3.013
15;19;2.988
15;37;3.74
15;99;3.962
15;100;3.604
16;12;2.991
16;13;3.317
16;19;3.182
16;20;3.076
17;13;2.926
17;20;3.284
17;21;2.966
18;14;3.017
18;21;3.56
18;22;2.996
18;37;2.867
18;96;3.16
19;15;2.988
19;16;3.182
19;22;3.141
19;23;3.495
19;97;3.509
19;603;3.513
20;16;3.076
20;17;3.284
20;23;3.498
21;17;2.966
21;18;3.56
21;24;2.977
21;30;3.679
21;33;3.447
22;18;2.996
22;19;3.141
22;96;3.916
23;19;3.495
23;20;3.498
23;603;3.737
24;21;2.977
24;27;4.01
25;610;3.247
25;637;3.681
25;638;3.261
26;30;3.843
27;24;4.01
27;30;2.843
28;31;2.72
28;32;3.034
29;32;3.32
29;33;2.98
30;21;3.679
30;26;3.843
30;27;2.843
30;33;3.338
30;34;3.002
31;28;2.72
31;35;3.015
32;28;3.034
32;29;3.32
32;36;2.992
33;21;3.447
33;29;2.98
33;30;3.338
33;36;3.191
33;37;2.936
34;30;3.002
34;37;3.407
34;38;2.928
34;80;3.99
34;96;3.036
35;31;3.015
35;38;3.32
35;39;2.957
35;81;3.832
36;32;2.992
36;33;3.191
36;39;3.39
36;40;3.013
37;14;3.799
37;15;3.74
37;18;2.867
37;33;2.936
37;34;3.407
37;40;2.967
37;41;2.849
37;96;3.875
38;34;2.928
38;35;3.32
38;42;2.989
38;80;2.804
39;35;2.957
39;36;3.39
39;42;3.129
39;43;2.982
40;36;3.013
40;37;2.967
40;43;3.47
40;44;2.905
41;37;2.849
41;45;2.966
41;73;3.47
41;99;3.482
42;38;2.989
42;39;3.129
42;45;3.285
42;46;2.973
43;7;3.975
43;39;2.982
43;40;3.47
43;46;3.402
43;47;3.052
44;11;3.604
44;40;2.905
44;47;3.257
44;48;2.762
44;99;2.64
45;41;2.966
45;42;3.285
45;49;2.99
45;56;3.962
45;73;3.942
46;42;2.973
46;43;3.402
46;50;3.073
46;51;3.92
47;1;3.592
47;7;3.729
47;43;3.052
47;44;3.257
48;2;3.668
48;44;2.762
48;66;3.224
48;69;2.659
49;45;2.99
49;56;3.994
49;59;3.842
49;66;3.68
50;46;3.073
50;55;3.685
51;46;3.92
52;55;3.109
52;58;3.432
53;56;2.978
54;57;2.994
55;50;3.685
55;52;3.109
55;58;2.998
56;45;3.962
56;49;3.994
56;53;2.978
56;59;3.043
56;70;3.911
57;54;2.994
57;60;3.019
58;52;3.432
58;55;2.998
58;61;3.026
59;49;3.842
59;56;3.043
59;62;2.976
59;63;3.788
59;66;3.512
59;67;3.987
59;70;3.756
60;57;3.019
61;58;3.026
62;59;2.976
63;59;3.788
63;66;3.453
63;67;2.925
64;67;3.322
64;68;3.001
65;68;3.021
65;69;3.045
65;102;3.47
65;108;3.2
65;111;3.839
66;48;3.224
66;49;3.68
66;59;3.512
66;63;3.453
66;69;3.779
66;70;2.982
67;59;3.987
67;63;2.925
67;64;3.322
67;70;3.397
67;71;2.943
68;64;3.001
68;65;3.021
68;72;3.008
68;101;3.91
69;48;2.659
69;65;3.045
69;66;3.779
69;72;3.35
69;73;2.931
69;99;3.266
69;102;2.611
70;56;3.911
70;59;3.756
70;66;2.982
70;67;3.397
70;73;3.204
70;74;2.971
71;67;2.943
71;74;3.398
71;75;2.981
72;68;3.008
72;69;3.35
72;76;2.927
72;95;3.546
73;41;3.47
73;45;3.942
73;69;2.931
73;70;3.204
73;76;3.389
73;77;2.876
74;70;2.971
74;71;3.398
74;77;3.467
74;78;3.007
75;71;2.981
75;79;2.998
75;89;3.547
75;92;3.257
76;72;2.927
76;73;3.389
76;79;3.022
76;80;2.831
77;73;2.876
77;74;3.467
77;81;3.001
78;74;3.007
78;82;3.003
79;75;2.998
79;76;3.022
79;89;2.693
79;93;3.82
80;34;3.99
80;38;2.804
80;76;2.831
80;93;2.951
80;96;3.997
81;35;3.832
81;77;3.001
82;78;3.003
82;84;2.991
83;85;3.35
83;90;2.768
84;82;2.991
85;83;3.35
85;89;3.677
86;89;3.066
87;90;2.969
87;91;3.139
87;612;3.859
88;91;3.152
89;75;3.547
89;79;2.693
89;85;3.677
89;86;3.066
89;92;2.942
90;83;2.768
90;87;2.969
91;87;3.139
91;88;3.152
91;94;2.99
91;611;3.335
91;612;3.794
92;75;3.257
92;89;2.942
92;95;2.98
93;79;3.82
93;80;2.951
93;96;2.901
94;91;2.99
94;97;2.948
94;604;3.996
94;607;3.606
94;608;3.697
95;72;3.546
95;92;2.98
95;98;3.156
95;99;3.028
96;18;3.16
96;22;3.916
96;34;3.036
96;37;3.875
96;80;3.997
96;93;2.901
96;99;3.066
97;19;3.509
97;94;2.948
97;100;3.001
98;95;3.156
98;101;2.726
98;604;3.964
99;15;3.962
99;41;3.482
99;44;2.64
99;69;3.266
99;95;3.028
99;96;3.066
99;102;2.776
99;103;3.478
100;15;3.604
100;97;3.001
100;103;2.975
100;104;2.987
100;107;3.63
100;600;3.515
101;68;3.91
101;98;2.726
101;111;3.813
102;65;3.47
102;69;2.611
102;99;2.776
102;108;2.771
103;99;3.478
103;100;2.975
104;12;3.958
104;100;2.987
104;107;3.091
104;108;2.971
105;108;3.377
105;109;2.947
106;110;3.123
106;593;3.442
107;100;3.63
107;104;3.091
107;110;3.427
107;111;3.015
107;597;3.683
108;65;3.2
108;102;2.771
108;104;2.971
108;105;3.377
108;111;3.465
108;112;2.965
109;105;2.947
109;112;3.25
109;113;3.032
110;106;3.123
110;107;3.427
110;113;3.072
110;114;2.995
110;593;3.328
110;594;4.0
111;65;3.839
111;101;3.813
111;107;3.015
111;108;3.465
111;114;3.256
111;115;3.048
112;108;2.965
112;109;3.25
112;115;3.458
112;116;3.004
113;109;3.032
113;110;3.072
113;116;3.234
113;117;3.053
114;110;2.995
114;111;3.256
114;117;3.002
114;118;3.235
114;682;3.794
115;111;3.048
115;112;3.458
115;118;2.978
116;112;3.004
116;113;3.234
116;119;2.775
116;257;3.991
117;113;3.053
117;114;3.002
117;120;3.062
117;121;3.016
117;257;3.933
118;114;3.235
118;115;2.978
118;122;3.004
119;116;2.775
119;261;2.715
120;117;3.062
120;123;3.388
120;257;3.435
120;260;2.617
120;261;2.834
121;117;3.016
121;124;3.346
121;125;2.922
121;254;3.967
122;118;3.004
122;126;2.968
123;120;3.388
123;126;3.221
123;127;3.113
123;1269;3.469
123;1270;2.894
124;121;3.346
124;127;3.422
124;128;3.166
124;246;3.621
124;1273;4.002
125;121;2.922
125;128;3.367
125;129;2.912
126;122;2.968
126;123;3.221
126;129;3.341
126;130;2.983
127;123;3.113
127;124;3.422
127;131;2.963
127;1264;3.968
127;1270;3.997
127;1273;3.821
128;124;3.166
128;125;3.367
128;131;3.335
128;132;2.883
128;246;3.462
129;125;2.912
129;126;3.341
129;133;3.013
130;126;2.983
130;133;3.4
130;134;2.926
130;1171;4.147
130;1260;3.669
130;1263;3.4
130;1264;3.789
131;127;2.963
131;128;3.335
131;134;3.468
131;135;2.865
132;128;2.883
132;136;2.969
132;206;3.701
132;209;3.99
133;129;3.013
133;130;3.4
133;136;3.186
133;137;3.003
134;130;2.926
134;131;3.468
134;137;3.311
134;138;2.977
134;1171;3.732
134;1260;3.773
135;131;2.865
135;139;2.94
135;209;3.594
135;235;3.726
135;239;3.788
135;242;3.66
136;132;2.969
136;133;3.186
136;140;2.923
136;202;3.807
136;206;3.932
137;133;3.003
137;134;3.311
137;140;3.189
137;141;3.124
137;202;3.811
137;1257;3.879
138;134;2.977
138;141;3.177
138;142;3.484
138;235;3.552
138;1254;3.67
138;1257;3.836
139;135;2.94
139;142;3.445
139;143;2.944
139;199;3.561
140;136;2.923
140;137;3.189
140;144;3.718
140;200;3.894
140;201;3.556
140;202;3.893
141;137;3.124
141;138;3.177
141;1254;3.603
141;1257;3.398
142;138;3.484
142;139;3.445
142;1250;3.67
142;1254;3.487
143;139;2.944
143;222;3.095
143;232;3.386
143;235;3.575
143;236;3.692
144;140;3.718
144;200;3.848
145;150;2.76
145;195;2.939
146;189;3.064
146;193;3.801
146;195;3.081
147;150;2.978
147;151;3.765
147;193;2.75
148;193;2.799
148;196;3.581
148;200;2.633
149;154;2.858
149;155;3.44
150;145;2.76
150;147;2.978
150;190;3.427
151;147;3.765
151;187;3.926
152;187;3.734
153;185;2.718
154;149;2.858
155;149;3.44
156;159;3.825
157;159;3.164
158;161;3.901
158;182;3.789
159;156;3.825
159;157;3.164
159;162;4.02
160;173;3.546
160;181;2.698
161;158;3.901
162;159;4.02
163;172;3.085
163;173;3.733
164;167;3.385
165;171;3.851
166;168;3.469
167;164;3.385
168;166;3.469
169;172;2.901
169;174;2.98
169;178;2.847
170;176;2.636
171;165;3.851
172;163;3.085
172;169;2.901
172;174;3.204
172;182;2.639
173;160;3.546
173;163;3.733
174;169;2.98
174;172;3.204
174;178;3.829
174;180;2.633
175;176;2.932
176;170;2.636
176;175;2.932
177;179;3.091
178;169;2.847
178;174;3.829
179;177;3.091
179;183;4.015
179;184;3.917
180;174;2.633
181;160;2.698
182;158;3.789
182;172;2.639
183;179;4.015
184;179;3.917
185;153;2.718
186;1025;3.995
186;1027;3.725
187;151;3.926
187;152;3.734
188;190;3.999
189;146;3.064
190;150;3.427
190;188;3.999
191;194;3.029
192;1024;2.783
192;1026;3.525
193;146;3.801
193;147;2.75
193;148;2.799
193;196;3.147
194;191;3.029
194;225;3.518
194;226;3.942
195;145;2.939
195;146;3.081
196;148;3.581
196;193;3.147
196;199;2.999
196;200;3.033
196;204;3.507
197;204;3.074
198;204;3.422
198;222;3.459
199;139;3.561
199;196;2.999
199;205;3.383
199;208;3.563
199;222;3.153
199;236;6.215
200;140;3.894
200;144;3.848
200;148;2.633
200;196;3.033
201;140;3.556
201;204;2.785
201;205;2.974
202;136;3.807
202;137;3.811
202;140;3.893
202;206;2.951
203;207;2.994
204;196;3.507
204;197;3.074
204;198;3.422
204;201;2.785
204;207;3.29
204;208;2.957
205;199;3.383
205;201;2.974
205;208;3.24
205;209;2.951
206;132;3.701
206;136;3.932
206;202;2.951
206;210;2.933
207;203;2.994
207;204;3.29
207;210;3.057
207;211;2.958
207;670;3.81
208;199;3.563
208;204;2.957
208;205;3.24
208;211;3.312
208;212;2.934
209;132;3.99
209;135;3.594
209;205;2.951
209;212;3.49
209;213;2.955
210;206;2.933
210;207;3.057
210;213;3.249
210;214;2.941
210;674;3.482
210;677;4.133
210;678;3.86
211;207;2.958
211;208;3.312
211;215;2.97
211;216;2.792
211;217;3.841
211;653;3.63
212;208;2.934
212;209;3.49
212;215;3.101
212;218;3.608
212;236;3.899
212;239;3.776
212;240;3.743
213;209;2.955
213;210;3.249
214;210;2.941
214;652;3.499
214;677;3.633
215;211;2.97
215;212;3.101
215;1335;3.118
215;1337;3.015
216;211;2.792
216;652;3.764
216;653;3.418
217;211;3.841
217;220;3.31
217;221;3.001
217;653;5.686
217;1332;3.742
217;1342;4.01
218;212;3.608
218;222;3.049
218;223;3.176
218;237;3.926
218;240;3.291
218;1328;3.722
218;1331;3.632
218;1332;3.331
219;223;3.131
219;224;2.999
219;1328;3.66
219;1332;3.587
219;1367;3.492
219;1368;2.769
219;1369;3.115
220;217;3.31
220;1342;3.484
220;1369;3.151
221;217;3.001
221;224;3.058
222;143;3.095
222;198;3.459
222;199;3.153
222;218;3.049
222;232;2.784
223;218;3.176
223;219;3.131
223;226;2.952
223;233;3.358
223;1328;3.182
223;1367;3.471
224;219;2.999
224;221;3.058
224;1318;3.885
224;1367;3.457
225;194;3.518
226;194;3.942
226;223;2.952
226;228;2.938
226;229;3.109
226;232;3.638
227;229;3.07
227;1318;4.005
227;1325;3.674
227;1363;2.815
227;1366;3.579
228;226;2.938
228;232;3.013
229;226;3.109
229;227;3.07
229;232;2.963
229;233;2.95
229;1364;3.806
229;1365;3.717
230;233;3.415
230;234;2.946
230;1362;2.885
230;1364;2.693
231;1247;3.726
231;1250;3.975
231;1251;3.286
231;1364;2.923
232;143;3.386
232;222;2.784
232;226;3.638
232;228;3.013
232;229;2.963
232;235;3.017
232;236;3.288
233;223;3.358
233;229;2.95
233;230;3.415
233;236;3.338
233;237;2.946
233;1328;3.4
233;1365;3.93
233;1366;3.876
234;230;2.946
234;238;2.975
235;135;3.726
235;138;3.552
235;143;3.575
235;232;3.017
235;238;3.12
235;239;2.969
236;143;3.692
236;199;6.215
236;212;3.899
236;232;3.288
236;233;3.338
236;239;3.136
236;240;2.959
237;218;3.926
237;233;2.946
237;240;3.148
237;241;2.974
237;1331;3.98
238;234;2.975
238;235;3.12
238;242;2.94
239;135;3.788
239;212;3.776
239;235;2.969
239;236;3.136
239;243;2.897
240;212;3.743
240;218;3.291
240;236;2.959
240;237;3.148
240;244;2.945
240;1331;3.453
241;237;2.974
241;245;2.955
241;1331;3.483
242;135;3.66
242;238;2.94
242;246;2.901
243;239;2.897
243;247;2.94
244;240;2.945
244;247;3.436
244;248;2.974
245;241;2.955
245;248;3.396
245;249;2.932
245;1277;3.668
245;1284;3.615
246;124;3.621
246;128;3.462
246;242;2.901
246;249;3.165
246;250;2.872
247;243;2.94
247;244;3.436
247;250;3.375
247;251;2.963
248;244;2.974
248;245;3.396
248;251;3.823
248;252;2.995
248;1395;3.768
249;245;2.932
249;246;3.165
249;252;3.616
249;253;2.896
249;1273;3.159
249;1276;3.761
250;246;2.872
250;247;3.375
250;253;3.129
250;254;2.943
250;685;3.617
251;247;2.963
251;248;3.823
251;255;3.076
251;685;3.732
251;688;3.676
251;1392;3.533
252;248;2.995
252;249;3.616
252;256;2.918
252;1395;3.951
252;1396;3.933
252;1399;3.481
253;249;2.896
253;250;3.129
253;257;2.936
254;121;3.967
254;250;2.943
254;257;3.358
254;258;3.081
254;689;3.805
255;251;3.076
255;258;3.176
255;259;3.071
255;688;3.666
255;689;4.001
255;692;3.426
255;1396;3.489
256;252;2.918
256;260;2.874
256;1400;3.786
257;116;3.991
257;117;3.933
257;120;3.435
257;253;2.936
257;254;3.358
257;260;4.038
257;261;2.982
258;254;3.081
258;255;3.176
258;262;3.075
258;689;3.675
258;693;3.905
259;255;3.071
259;262;3.107
259;263;2.79
259;696;3.775
259;1116;6.108
259;1400;6.335
260;120;2.617
260;256;2.874
260;257;4.038
260;263;3.02
260;264;3.549
261;119;2.715
261;120;2.834
261;257;2.982
261;271;2.836
262;258;3.075
262;259;3.107
262;270;3.994
262;271;3.147
262;272;2.975
262;693;3.183
263;259;2.79
263;260;3.02
263;270;3.467
263;272;3.669
263;274;3.25
264;260;3.549
264;269;3.063
264;270;2.748
265;274;3.713
266;268;3.225
267;274;3.579
267;275;3.917
267;277;3.856
267;707;3.849
268;266;3.225
269;264;3.063
270;262;3.994
270;263;3.467
270;264;2.748
271;261;2.836
271;262;3.147
272;262;2.975
272;263;3.669
272;274;3.901
273;276;2.994
274;263;3.25
274;265;3.713
274;267;3.579
274;272;3.901
274;277;3.02
275;267;3.917
276;273;2.994
276;279;2.986
277;267;3.856
277;274;3.02
277;703;3.495
277;708;3.822
278;280;2.934
278;282;3.392
278;283;3.593
278;286;3.615
279;276;2.986
280;278;2.934
280;283;2.75
280;295;3.973
281;284;3.284
281;290;2.772
281;291;2.781
281;292;3.234
281;294;3.824
281;711;3.171
282;278;3.392
282;285;2.995
282;286;2.647
282;708;2.657
282;709;3.003
283;278;3.593
283;280;2.75
283;286;3.044
284;281;3.284
285;282;2.995
285;291;2.828
285;292;2.818
286;278;3.615
286;282;2.647
286;283;3.044
286;709;2.784
287;289;3.589
288;735;2.764
289;287;3.589
289;735;3.296
290;281;2.772
290;709;3.745
290;711;3.206
290;712;2.981
291;281;2.781
291;285;2.828
292;281;3.234
292;285;2.818
293;307;2.677
294;281;3.824
295;280;3.973
296;699;2.843
296;700;3.851
296;1117;3.577
297;1114;3.169
297;1117;3.726
297;1118;3.98
298;306;3.164
299;301;3.918
299;306;3.941
300;304;2.662
301;299;3.918
301;987;3.739
302;983;3.419
303;304;2.932
304;300;2.662
304;303;2.932
305;310;3.877
306;298;3.164
306;299;3.941
306;308;3.052
307;293;2.677
308;306;3.052
308;314;2.848
309;311;2.976
310;305;3.877
311;309;2.976
311;314;3.731
311;321;3.802
312;316;3.914
312;320;3.064
312;321;2.862
313;315;3.052
314;308;2.848
314;311;3.731
315;313;3.052
315;325;2.702
316;312;3.914
316;320;2.788
316;322;2.78
316;323;2.857
316;325;2.674
317;320;2.885
318;326;3.177
319;322;2.969
319;324;2.722
319;326;2.683
320;312;3.064
320;316;2.788
320;317;2.885
321;311;3.802
321;312;2.862
322;316;2.78
322;319;2.969
323;316;2.857
324;319;2.722
324;329;3.151
325;315;2.702
325;316;2.674
325;328;3.003
325;329;2.888
326;318;3.177
326;319;2.683
327;330;2.796
327;331;3.882
328;325;3.003
329;324;3.151
329;325;2.888
330;327;2.796
331;327;3.882
332;333;3.892
333;332;3.892
334;446;3.74
334;447;2.851
334;448;3.813
335;441;3.107
336;441;2.946
337;441;2.765
338;441;2.661
339;342;3.842
340;346;2.784
341;344;2.934
341;345;3.616
342;339;3.842
343;347;3.479
344;341;2.934
345;341;3.616
345;352;3.661
346;340;2.784
346;350;3.737
346;351;3.697
347;343;3.479
348;350;3.057
348;352;3.917
349;438;3.94
350;346;3.737
350;348;3.057
350;440;3.46
350;442;2.612
351;346;3.697
352;345;3.661
352;348;3.917
353;359;3.722
354;359;3.533
354;360;2.837
355;358;3.015
355;360;3.014
356;361;2.959
357;370;3.756
358;355;3.015
359;353;3.722
359;354;3.533
360;354;2.837
360;355;3.014
361;356;2.959
361;363;3.15
362;366;3.623
363;361;3.15
363;366;3.002
363;370;4.018
364;367;2.976
365;368;3.015
365;369;2.995
365;370;4.461
366;362;3.623
366;363;3.002
366;369;3.336
367;364;2.976
368;365;3.015
369;365;2.995
369;366;3.336
369;371;3.421
370;357;3.756
370;363;4.018
370;365;4.461
371;369;3.421
372;394;2.85
373;380;3.564
374;376;3.782
375;397;3.014
376;374;3.782
376;397;2.901
377;396;3.603
377;398;3.551
377;403;3.788
378;396;3.41
379;382;2.936
380;373;3.564
381;383;3.002
381;384;3.042
381;386;3.173
381;387;2.749
382;379;2.936
383;381;3.002
384;381;3.042
385;388;4.028
385;389;3.932
386;381;3.173
387;381;2.749
387;391;2.7
387;392;2.926
388;385;4.028
389;385;3.932
389;391;2.952
390;393;2.998
391;387;2.7
391;389;2.952
392;387;2.926
393;390;2.998
394;372;2.85
395;399;3.859
395;400;3.574
396;377;3.603
396;378;3.41
396;399;2.824
397;375;3.014
397;376;2.901
398;377;3.551
398;401;2.958
398;402;3.035
399;395;3.859
399;396;2.824
400;395;3.574
401;398;2.958
402;398;3.035
403;377;3.788
404;405;2.724
405;404;2.724
406;407;2.679
406;413;3.689
407;406;2.679
407;412;3.041
408;411;2.689
408;412;3.845
409;412;3.781
410;412;2.977
411;408;2.689
412;407;3.041
412;408;3.845
412;409;3.781
412;410;2.977
413;406;3.689
413;414;2.972
414;413;2.972
415;418;4.029
416;418;2.884
417;419;2.918
418;415;4.029
418;416;2.884
419;417;2.918
419;420;3.051
420;419;3.051
421;444;2.705
422;423;3.315
423;422;3.315
423;424;2.907
424;423;2.907
424;426;3.088
425;427;3.422
425;431;3.583
426;424;3.088
427;425;3.422
427;431;3.613
428;429;4.007
429;428;4.007
430;433;3.711
430;437;3.31
431;425;3.583
431;427;3.613
431;433;2.957
432;433;3.472
433;430;3.711
433;431;2.957
433;432;3.472
433;436;2.979
433;437;3.068
434;437;2.899
435;438;3.639
436;433;2.979
437;430;3.31
437;433;3.068
437;434;2.899
438;349;3.94
438;435;3.639
439;442;3.867
440;350;3.46
441;335;3.107
441;336;2.946
441;337;2.765
441;338;2.661
442;350;2.612
442;439;3.867
443;446;3.647
444;421;2.705
444;446;3.038
445;453;2.78
446;334;3.74
446;443;3.647
446;444;3.038
447;334;2.851
447;453;3.694
448;334;3.813
449;452;3.005
450;453;2.961
450;454;3.217
450;455;4.026
451;456;2.8
451;457;3.171
452;449;3.005
453;445;2.78
453;447;3.694
453;450;2.961
454;450;3.217
455;450;4.026
456;451;2.8
457;451;3.171
458;459;3.798
459;458;3.798
460;462;2.773
461;463;3.192
462;460;2.773
463;461;3.192
463;465;3.042
463;467;3.144
463;470;3.139
463;471;2.717
464;466;3.913
464;467;3.612
464;524;3.411
464;525;2.738
465;463;3.042
466;464;3.913
466;524;3.651
467;463;3.144
467;464;3.612
467;470;2.949
467;471;3.142
468;471;2.994
469;521;3.621
470;463;3.139
470;467;2.949
470;526;3.327
471;463;2.717
471;467;3.142
471;468;2.994
471;474;2.917
471;475;3.138
472;476;2.955
473;477;2.957
474;471;2.917
474;477;3.257
474;478;3.013
475;471;3.138
475;478;3.414
475;479;2.929
475;573;2.658
475;574;3.994
476;472;2.955
476;479;3.195
476;480;2.96
477;473;2.957
477;474;3.257
477;481;3.046
478;474;3.013
478;475;3.414
478;481;3.319
478;482;2.972
478;518;3.799
478;570;3.935
479;475;2.929
479;476;3.195
479;482;2.993
479;483;3.086
479;574;2.64
479;575;3.521
480;476;2.96
480;483;3.476
480;484;3.001
481;477;3.046
481;478;3.319
481;485;2.987
481;511;3.676
482;478;2.972
482;479;2.993
482;485;3.074
482;486;3.066
482;515;3.32
482;568;3.859
482;570;3.888
482;571;3.81
483;479;3.086
483;480;3.476
483;486;3.127
483;487;3.446
483;571;3.857
484;480;3.001
484;487;3.302
484;488;3.017
485;481;2.987
485;482;3.074
485;488;3.283
485;489;2.992
485;511;3.211
485;567;3.09
486;482;3.066
486;483;3.127
486;490;3.05
486;568;3.648
486;1001;3.891
487;483;3.446
487;484;3.302
487;490;3.248
487;491;2.994
488;484;3.017
488;485;3.283
488;491;3.046
488;492;2.951
488;504;3.588
488;508;4.033
489;485;2.992
489;492;3.034
489;565;4.028
489;567;3.79
489;568;3.607
489;1005;3.996
490;486;3.05
490;487;3.248
491;487;2.994
491;488;3.046
491;496;3.401
492;488;2.951
492;489;3.034
492;497;2.887
492;504;4.006
492;508;3.409
493;497;2.961
493;1048;3.021
493;1049;3.029
494;497;3.937
494;498;2.801
495;498;2.971
495;499;3.056
496;491;3.401
496;500;3.003
497;492;2.887
497;493;2.961
497;494;3.937
497;501;2.783
498;494;2.801
498;495;2.971
498;501;2.745
499;495;3.056
500;496;3.003
500;503;3.112
500;504;2.921
501;497;2.783
501;498;2.745
501;505;2.966
502;505;3.247
502;506;3.032
503;500;3.112
503;506;3.948
503;507;2.959
504;488;3.588
504;492;4.006
504;500;2.921
504;507;3.342
504;508;2.925
505;501;2.966
505;502;3.247
505;508;3.357
505;509;3.032
506;502;3.032
506;503;3.948
506;510;2.954
507;503;2.959
507;504;3.342
507;511;2.961
508;488;4.033
508;492;3.409
508;504;2.925
508;505;3.357
508;511;3.405
508;512;3.094
508;567;3.246
509;505;3.032
509;512;3.338
509;513;3.01
509;551;3.833
509;552;3.383
510;506;2.954
510;513;3.017
510;514;3.081
511;481;3.676
511;485;3.211
511;507;2.961
511;508;3.405
511;514;3.062
511;515;3.384
512;508;3.094
512;509;3.338
512;515;2.95
512;547;2.76
512;548;3.752
512;551;3.761
513;509;3.01
513;510;3.017
513;516;2.85
514;510;3.081
514;511;3.062
514;517;3.062
514;518;3.246
515;482;3.32
515;511;3.384
515;512;2.95
515;519;2.987
515;544;3.692
515;548;3.9
515;570;3.442
516;513;2.85
516;519;3.414
516;520;3.026
516;548;3.495
517;514;3.062
517;521;3.054
518;478;3.799
518;514;3.246
518;521;3.451
518;522;2.943
518;570;2.732
518;573;2.729
519;515;2.987
519;516;3.414
519;523;2.988
519;544;3.684
520;516;3.026
520;523;3.232
520;524;3.09
521;469;3.621
521;517;3.054
521;518;3.451
521;525;2.982
522;518;2.943
522;525;3.036
522;526;3.035
522;530;2.656
522;531;3.618
522;537;2.752
523;519;2.988
523;520;3.232
523;531;3.739
523;532;3.982
524;464;3.411
524;466;3.651
524;520;3.09
525;464;2.738
525;521;2.982
525;522;3.036
526;470;3.327
526;522;3.035
526;530;3.523
527;530;2.918
527;531;2.917
528;532;2.987
529;533;2.793
530;522;2.656
530;526;3.523
530;527;2.918
530;533;3.073
530;534;2.919
531;522;3.618
531;523;3.739
531;527;2.917
531;537;3.215
531;541;3.059
532;523;3.982
532;528;2.987
533;529;2.793
533;530;3.073
534;530;2.919
534;537;2.969
534;538;3.041
535;538;3.985
535;539;3.017
536;539;3.978
536;540;3.007
536;578;2.938
536;581;3.885
537;522;2.752
537;531;3.215
537;534;2.969
537;540;3.415
537;541;2.948
538;534;3.041
538;535;3.985
538;541;3.422
538;542;2.984
539;535;3.017
539;536;3.978
539;542;3.416
539;543;3.02
539;569;3.971
540;536;3.007
540;537;3.415
540;543;3.212
540;544;2.902
540;570;2.632
540;573;3.879
541;531;3.059
541;537;2.948
541;538;3.422
541;545;3.004
542;538;2.984
542;539;3.416
542;545;3.189
542;546;3.083
543;539;3.02
543;540;3.212
543;547;3.009
544;515;3.692
544;519;3.684
544;540;2.902
544;548;2.936
544;570;3.761
545;541;3.004
545;542;3.189
545;549;2.993
546;542;3.083
546;550;3.209
546;563;3.552
547;512;2.76
547;543;3.009
547;551;3.397
547;567;3.079
548;512;3.752
548;515;3.9
548;516;3.495
548;544;2.936
548;551;3.147
548;552;2.911
549;545;2.993
549;552;3.303
549;553;3.036
550;546;3.209
550;554;2.998
550;555;3.055
550;564;3.775
551;509;3.833
551;512;3.761
551;547;3.397
551;548;3.147
551;555;3.754
551;564;3.988
552;509;3.383
552;548;2.911
552;549;3.303
553;549;3.036
554;550;2.998
554;556;2.943
555;550;3.055
555;551;3.754
555;561;2.787
556;554;2.943
556;561;3.292
557;560;2.79
558;561;3.219
558;562;2.925
559;562;3.304
559;563;2.962
559;1088;3.848
560;557;2.79
560;563;3.073
560;564;3.083
561;555;2.787
561;556;3.292
561;558;3.219
561;564;2.932
562;558;2.925
562;559;3.304
562;565;2.989
562;1009;3.122
563;546;3.552
563;559;2.962
563;560;3.073
563;566;2.979
564;550;3.775
564;551;3.988
564;560;3.083
564;561;2.932
564;567;3.038
565;489;4.028
565;562;2.989
565;568;3.184
565;1005;3.721
565;1006;3.897
566;563;2.979
566;569;2.903
566;1002;3.872
567;485;3.09
567;489;3.79
567;508;3.246
567;547;3.079
567;564;3.038
567;570;2.969
568;482;3.859
568;486;3.648
568;489;3.607
568;565;3.184
568;571;2.92
568;998;3.807
568;1002;3.524
569;539;3.971
569;566;2.903
569;572;2.767
569;999;3.379
569;1002;3.47
570;478;3.935
570;482;3.888
570;515;3.442
570;518;2.732
570;540;2.632
570;544;3.761
570;567;2.969
570;573;2.967
571;482;3.81
571;483;3.857
571;568;2.92
571;574;2.979
571;575;2.937
571;577;3.876
571;998;3.68
572;569;2.767
572;577;4.015
573;475;2.658
573;518;2.729
573;540;3.879
573;570;2.967
574;475;3.994
574;479;2.64
574;571;2.979
575;479;3.521
575;571;2.937
575;577;3.879
575;578;3.015
576;579;3.123
576;580;2.936
576;991;3.084
577;571;3.876
577;572;4.015
577;575;3.879
577;580;3.162
577;581;2.998
577;995;3.487
578;536;2.938
578;575;3.015
578;581;3.835
578;582;3.055
579;576;3.123
579;582;3.482
579;583;2.993
580;576;2.936
580;577;3.162
580;583;3.242
580;584;2.949
580;995;3.687
581;536;3.885
581;577;2.998
581;578;3.835
581;585;3.068
582;578;3.055
582;579;3.482
582;585;3.346
582;586;2.779
583;579;2.993
583;580;3.242
583;586;3.387
583;587;2.932
583;1106;3.766
584;580;2.949
584;587;3.158
584;588;3.072
584;1102;3.569
585;581;3.068
585;582;3.346
585;588;2.987
586;582;2.779
586;583;3.387
586;589;3.0
587;583;2.932
587;584;3.158
587;590;3.087
587;591;3.076
587;691;3.652
587;1102;3.517
587;1106;3.742
588;584;3.072
588;585;2.987
588;592;2.972
588;1102;3.804
589;586;3.0
589;592;3.021
590;587;3.087
590;691;3.847
591;587;3.076
591;594;3.246
591;595;2.866
591;687;3.565
591;1102;3.771
592;588;2.972
592;589;3.021
592;596;3.052
593;106;3.442
593;110;3.328
593;596;3.229
593;597;3.292
594;110;4.0
594;591;3.246
594;597;3.041
594;598;3.018
594;686;3.51
594;687;3.797
595;591;2.866
595;599;2.924
596;592;3.052
596;593;3.229
596;599;3.294
596;600;3.051
597;107;3.683
597;593;3.292
597;594;3.041
597;600;3.449
597;601;3.031
598;594;3.018
598;601;3.475
598;602;2.961
598;649;3.961
599;595;2.924
599;596;3.294
599;603;2.969
600;100;3.515
600;596;3.051
600;597;3.449
600;603;3.297
600;604;3.002
601;597;3.031
601;598;3.475
601;604;3.296
601;605;2.938
601;679;3.688
602;598;2.961
602;605;3.487
602;606;2.916
602;642;3.508
602;645;3.803
603;19;3.513
603;23;3.737
603;599;2.969
603;600;3.297
603;606;3.298
603;607;3.001
603;638;3.487
604;94;3.996
604;98;3.964
604;600;3.002
604;601;3.296
604;607;3.26
604;608;2.991
605;601;2.938
605;602;3.487
605;609;2.957
605;645;3.79
605;675;4.068
605;676;3.57
605;679;3.87
606;602;2.916
606;603;3.298
606;609;3.231
606;610;2.991
606;638;3.82
606;641;3.992
606;642;3.989
607;94;3.606
607;603;3.001
607;604;3.26
607;611;3.331
608;94;3.697
608;604;2.991
608;611;3.382
608;612;3.026
609;605;2.957
609;606;3.231
609;613;3.009
609;614;2.808
609;635;3.83
610;25;3.247
610;606;2.991
610;614;3.039
610;615;3.143
610;637;3.817
611;91;3.335
611;607;3.331
611;608;3.382
612;87;3.859
612;91;3.794
612;608;3.026
612;615;2.798
613;609;3.009
613;616;3.013
613;617;3.577
613;631;3.517
613;635;4.092
613;669;3.416
613;672;4.01
614;609;2.808
614;610;3.039
614;631;3.736
615;610;3.143
615;612;2.798
616;613;3.013
616;628;4.071
616;631;3.0
617;613;3.577
617;629;3.082
617;631;2.943
617;657;3.78
617;658;3.366
617;665;2.713
617;669;3.519
618;627;2.632
618;628;3.334
618;658;3.689
618;659;2.917
619;622;2.998
619;623;2.829
619;624;2.786
619;625;2.739
620;658;4.129
620;659;2.753
620;661;3.661
621;624;3.853
622;619;2.998
622;627;4.0
623;619;2.829
624;619;2.786
624;621;3.853
624;1036;3.954
625;619;2.739
626;632;3.478
627;618;2.632
627;622;4.0
628;616;4.071
628;618;3.334
628;632;3.429
629;617;3.082
629;632;3.421
629;633;3.115
629;656;2.801
629;657;3.536
630;633;3.055
630;634;2.827
630;655;3.898
631;613;3.517
631;614;3.736
631;616;3.0
631;617;2.943
631;635;3.651
631;657;3.591
632;626;3.478
632;628;3.429
632;629;3.421
632;636;3.618
633;629;3.115
633;630;3.055
633;640;4.036
633;1072;4.019
633;1076;3.738
633;1082;3.928
634;630;2.827
634;643;3.913
634;644;3.944
634;1067;3.434
634;1071;3.943
635;609;3.83
635;613;4.092
635;631;3.651
635;640;3.67
635;644;3.633
635;657;4.022
636;632;3.618
636;1080;2.719
637;25;3.681
637;610;3.817
637;640;2.812
637;641;2.955
637;1083;2.752
638;25;3.261
638;603;3.487
638;606;3.82
638;641;3.425
638;642;2.94
639;642;3.204
639;643;2.99
639;1083;3.645
639;1086;3.79
639;1087;3.659
639;1090;4.01
640;633;4.036
640;635;3.67
640;637;2.812
640;643;3.294
640;644;2.988
640;1086;3.051
641;606;3.992
641;637;2.955
641;638;3.425
641;645;2.965
642;602;3.508
642;606;3.989
642;638;2.94
642;639;3.204
642;645;3.493
642;646;2.973
643;634;3.913
643;639;2.99
643;640;3.294
643;646;3.201
643;647;3.039
643;1071;3.924
643;1090;3.636
644;634;3.944
644;635;3.633
644;640;2.988
644;647;3.165
644;648;3.033
644;654;3.865
645;602;3.803
645;605;3.79
645;641;2.965
645;642;3.493
645;648;3.298
645;649;2.967
646;642;2.973
646;643;3.201
646;649;3.097
646;650;3.198
646;1063;6.289
646;1097;3.934
647;643;3.039
647;644;3.165
647;653;2.822
647;1067;3.526
648;644;3.033
648;645;3.298
648;651;3.04
648;654;3.738
648;673;3.495
648;676;3.614
648;677;3.99
649;598;3.961
649;645;2.967
649;646;3.097
649;680;3.782
650;646;3.198
650;1063;3.488
651;648;3.04
651;677;4.008
652;214;3.499
652;216;3.764
652;1063;3.81
652;1064;2.732
652;1065;2.822
653;211;3.63
653;216;3.418
653;217;5.686
653;647;2.822
653;673;4.038
653;1068;3.905
654;644;3.865
654;648;3.738
654;657;3.499
654;673;3.325
655;630;3.898
655;1068;3.525
656;629;2.801
656;1022;3.833
657;617;3.78
657;629;3.536
657;631;3.591
657;635;4.022
657;654;3.499
657;666;3.282
657;669;3.463
658;617;3.366
658;618;3.689
658;620;4.129
658;662;3.372
658;666;2.998
659;618;2.917
659;620;2.753
659;666;3.702
660;1023;3.379
661;620;3.661
662;658;3.372
662;665;2.75
662;666;3.075
663;667;2.947
664;667;3.287
664;668;3.003
665;617;2.713
665;662;2.75
665;668;3.242
665;669;3.09
666;657;3.282
666;658;2.998
666;659;3.702
666;662;3.075
666;669;3.426
666;670;2.908
667;663;2.947
667;664;3.287
667;670;3.29
667;671;3.013
668;664;3.003
668;665;3.242
668;671;3.497
668;672;3.371
669;613;3.416
669;617;3.519
669;657;3.463
669;665;3.09
669;666;3.426
669;672;3.414
669;673;2.94
670;207;3.81
670;666;2.908
670;667;3.29
670;673;3.262
670;674;2.953
671;667;3.013
671;668;3.497
671;674;3.41
671;675;3.023
672;613;4.01
672;668;3.371
672;669;3.414
672;675;3.323
672;676;2.982
673;648;3.495
673;653;4.038
673;654;3.325
673;669;2.94
673;670;3.262
673;676;3.319
673;677;2.99
674;210;3.482
674;670;2.953
674;671;3.41
674;677;3.415
674;678;3.001
675;605;4.068
675;671;3.023
675;672;3.323
675;678;3.474
675;679;3.003
676;605;3.57
676;648;3.614
676;672;2.982
676;673;3.319
676;680;2.954
677;210;4.133
677;214;3.633
677;648;3.99
677;651;4.008
677;673;2.99
677;674;3.415
677;681;2.927
678;210;3.86
678;674;3.001
678;675;3.474
678;681;3.452
678;682;3.04
679;601;3.688
679;605;3.87
679;675;3.003
679;682;3.423
679;683;2.992
680;649;3.782
680;676;2.954
680;683;3.16
680;684;2.926
681;677;2.927
681;678;3.452
681;684;3.257
681;685;2.979
682;114;3.794
682;678;3.04
682;679;3.423
682;686;3.029
683;679;2.992
683;680;3.16
683;686;3.346
683;687;2.916
684;680;2.926
684;681;3.257
684;687;3.129
684;688;3.081
685;250;3.617
685;251;3.732
685;681;2.979
685;688;3.462
685;689;3.016
686;594;3.51
686;682;3.029
686;683;3.346
686;690;2.909
687;591;3.565
687;594;3.797
687;683;2.916
687;684;3.129
687;690;3.405
687;691;3.138
687;1105;3.375
688;251;3.676
688;255;3.666
688;684;3.081
688;685;3.462
688;691;3.43
688;692;2.939
688;1105;3.572
688;1108;3.744
688;1392;6.367
689;254;3.805
689;255;4.001
689;258;3.675
689;685;3.016
689;692;3.31
689;693;2.937
690;686;2.909
690;687;3.405
690;694;3.081
691;587;3.652
691;590;3.847
691;687;3.138
691;688;3.43
691;694;3.292
691;695;2.99
691;1105;3.667
691;1109;3.513
692;255;3.426
692;688;2.939
692;689;3.31
692;695;3.443
692;696;2.973
692;1109;4.033
692;1112;3.476
693;258;3.905
693;262;3.183
693;689;2.937
693;696;3.254
693;697;3.055
694;690;3.081
694;691;3.292
694;697;3.228
694;698;3.129
695;691;2.99
695;692;3.443
695;698;2.976
695;699;2.994
695;1109;3.438
695;1113;3.505
696;259;3.775
696;692;2.973
696;693;3.254
696;1113;3.612
696;1116;3.248
697;693;3.055
697;694;3.228
698;694;3.129
698;695;2.976
699;296;2.843
699;695;2.994
699;1113;3.565
700;296;3.851
700;1117;3.851
701;1116;3.664
702;710;3.63
702;1120;2.754
702;1121;2.824
703;277;3.495
703;710;3.231
703;1120;2.786
704;1123;3.761
705;711;3.276
706;724;2.642
706;1130;3.001
707;267;3.849
708;277;3.822
708;282;2.657
709;282;3.003
709;286;2.784
709;290;3.745
710;702;3.63
710;703;3.231
711;281;3.171
711;290;3.206
711;705;3.276
712;290;2.981
713;724;3.62
713;725;3.887
713;1128;3.803
714;717;3.74
715;1124;3.85
715;1125;3.69
715;1126;2.761
715;1128;3.799
716;719;2.917
716;1125;3.189
716;1126;3.372
717;714;3.74
717;834;3.327
717;835;3.648
718;834;3.852
718;837;2.826
718;838;2.791
719;716;2.917
719;722;2.769
719;723;3.997
720;800;3.642
721;802;3.667
721;810;3.512
722;719;2.769
722;798;2.674
722;800;3.471
722;1129;3.729
723;719;3.997
724;706;2.642
724;713;3.62
724;1128;2.772
725;713;3.887
725;727;3.244
725;809;3.564
726;735;2.78
727;725;3.244
727;735;3.462
728;735;3.711
728;736;4.002
729;736;3.89
729;814;3.879
729;816;3.835
729;817;4.025
730;733;2.969
731;813;3.973
732;816;2.738
733;730;2.969
734;736;2.977
734;738;3.6
735;288;2.764
735;289;3.296
735;726;2.78
735;727;3.462
735;728;3.711
736;728;4.002
736;729;3.89
736;734;2.977
736;817;2.587
737;740;2.895
737;741;2.947
737;753;3.213
737;754;2.771
737;755;2.705
738;734;3.6
739;755;3.151
740;737;2.895
740;743;3.693
741;737;2.947
742;744;3.788
743;740;3.693
744;742;3.788
745;747;2.834
746;748;3.989
746;749;3.317
746;750;3.596
747;745;2.834
748;746;3.989
749;746;3.317
749;754;3.758
750;746;3.596
751;754;2.97
752;765;3.704
753;737;3.213
753;765;2.883
754;737;2.771
754;749;3.758
754;751;2.97
755;737;2.705
755;739;3.151
755;761;3.4
756;760;3.763
756;767;3.959
756;769;3.704
756;775;4.155
757;778;2.723
758;774;3.876
759;774;3.003
759;777;2.772
760;756;3.763
761;755;3.4
761;764;3.365
761;765;4.031
761;767;3.988
762;764;2.993
763;770;2.792
764;761;3.365
764;762;2.993
765;752;3.704
765;753;2.883
765;761;4.031
765;770;3.845
766;771;3.988
766;772;3.731
766;774;2.979
767;756;3.959
767;761;3.988
768;771;3.484
768;773;3.855
769;756;3.704
770;763;2.792
770;765;3.845
771;766;3.988
771;768;3.484
771;773;2.939
772;766;3.731
773;768;3.855
773;771;2.939
773;776;3.004
774;758;3.876
774;759;3.003
774;766;2.979
774;777;2.763
775;756;4.155
776;773;3.004
777;759;2.772
777;774;2.763
778;757;2.723
779;783;3.879
780;783;3.291
780;784;3.453
780;785;3.524
781;782;2.92
782;781;2.92
783;779;3.879
783;780;3.291
784;780;3.453
785;780;3.524
786;790;2.77
787;794;2.724
788;793;2.871
789;792;3.157
790;786;2.77
791;796;2.695
792;789;3.157
792;795;2.943
793;788;2.871
793;1134;2.62
794;787;2.724
795;792;2.943
796;791;2.695
797;805;3.225
798;722;2.674
798;800;2.594
799;801;2.713
800;720;3.642
800;722;3.471
800;798;2.594
800;803;3.636
801;799;2.713
802;721;3.667
802;810;3.724
802;811;3.526
803;800;3.636
804;806;3.441
804;807;3.133
804;808;3.594
805;797;3.225
806;804;3.441
807;804;3.133
807;812;2.854
808;804;3.594
808;812;3.478
808;813;3.349
809;725;3.564
810;721;3.512
810;802;3.724
810;813;3.149
810;814;2.976
811;802;3.526
812;807;2.854
812;808;3.478
812;815;3.192
813;731;3.973
813;808;3.349
813;810;3.149
814;729;3.879
814;810;2.976
815;812;3.192
816;729;3.835
816;732;2.738
816;817;3.665
817;729;4.025
817;736;2.587
817;816;3.665
818;820;4.004
818;821;3.849
819;821;3.807
820;818;4.004
821;818;3.849
821;819;3.807
822;824;3.758
823;825;3.589
823;830;3.365
824;822;3.758
825;823;3.589
825;830;3.444
826;829;3.549
827;829;3.033
828;831;3.021
829;826;3.549
829;827;3.033
830;823;3.365
830;825;3.444
830;833;3.996
831;828;3.021
831;832;2.847
831;833;2.793
832;831;2.847
833;830;3.996
833;831;2.793
834;717;3.327
834;718;3.852
835;717;3.648
835;837;3.032
836;845;4.054
836;848;3.727
837;718;2.826
837;835;3.032
837;840;3.467
838;718;2.791
839;843;3.911
840;837;3.467
841;844;2.932
842;846;2.632
842;919;2.7
843;839;3.911
844;841;2.932
845;836;4.054
845;847;3.002
845;849;2.797
845;850;2.902
846;842;2.632
847;845;3.002
847;849;3.047
848;836;3.727
849;845;2.797
849;847;3.047
850;845;2.902
851;853;3.992
851;854;3.571
852;855;2.763
853;851;3.992
854;851;3.571
854;858;3.708
855;852;2.763
855;858;2.683
855;914;2.872
855;915;2.774
856;859;3.043
857;862;3.793
857;911;3.414
858;854;3.708
858;855;2.683
858;915;3.978
859;856;3.043
859;862;2.857
859;863;2.938
860;864;3.054
861;865;2.902
862;857;3.793
862;859;2.857
862;865;3.285
862;866;2.98
863;859;2.938
863;866;3.339
863;867;3.141
863;971;3.245
864;860;3.054
864;867;3.416
864;868;2.993
865;861;2.902
865;862;3.285
865;868;3.353
865;869;2.919
866;862;2.98
866;863;3.339
866;869;3.378
866;870;2.956
866;905;3.782
866;908;3.827
867;863;3.141
867;864;3.416
867;870;3.39
867;871;2.956
867;971;3.661
868;864;2.993
868;865;3.353
868;871;3.186
868;872;2.972
869;865;2.919
869;866;3.378
869;873;2.949
869;905;3.983
870;866;2.956
870;867;3.39
870;874;2.897
870;901;3.959
870;905;3.426
870;964;3.719
870;968;3.748
871;867;2.956
871;868;3.186
871;874;3.173
871;875;2.98
872;868;2.972
872;875;3.109
872;876;3.009
873;869;2.949
873;876;3.415
873;877;2.952
873;964;3.651
874;870;2.897
874;871;3.173
874;878;2.988
875;871;2.98
875;872;3.109
875;878;3.41
875;879;2.958
876;872;3.009
876;873;3.415
876;879;2.983
876;880;3.232
877;873;2.952
877;962;3.929
878;874;2.988
878;875;3.41
878;882;3.497
878;1300;3.841
879;875;2.958
879;876;2.983
879;882;3.077
879;883;3.022
879;886;3.45
879;890;3.826
880;876;3.232
880;887;2.741
880;955;2.699
881;884;3.262
881;887;2.653
881;1303;3.354
881;1357;3.085
882;878;3.497
882;879;3.077
882;1323;3.748
883;879;3.022
883;886;2.965
883;887;3.023
884;881;3.262
884;887;3.212
884;888;3.008
884;1358;3.996
885;888;2.62
886;879;3.45
886;883;2.965
886;889;3.13
886;890;3.002
887;880;2.741
887;881;2.653
887;883;3.023
887;884;3.212
887;890;3.011
887;891;3.012
887;1356;3.815
888;884;3.008
888;885;2.62
888;1358;3.487
889;886;3.13
890;879;3.826
890;886;3.002
890;887;3.011
890;893;3.134
890;894;3.016
891;887;3.012
891;895;2.729
892;896;3.015
893;890;3.134
893;896;3.384
893;897;2.99
894;890;3.016
894;897;2.982
894;898;3.272
895;891;2.729
895;898;2.989
895;899;3.022
895;955;2.812
895;958;3.76
896;892;3.015
896;893;3.384
896;899;2.888
896;900;2.951
897;893;2.99
897;894;2.982
897;900;3.467
897;901;2.918
898;894;3.272
898;895;2.989
898;902;3.013
898;961;3.757
899;895;3.022
899;896;2.888
899;902;3.346
899;903;3.031
900;896;2.951
900;897;3.467
900;904;2.984
901;870;3.959
901;897;2.918
901;904;3.216
901;905;2.934
901;964;3.628
902;898;3.013
902;899;3.346
902;906;2.975
902;961;3.875
903;899;3.031
903;907;3.026
904;900;2.984
904;901;3.216
904;907;4.031
904;908;2.943
905;866;3.782
905;869;3.983
905;870;3.426
905;901;2.934
905;909;3.013
905;967;3.681
906;902;2.975
906;909;3.313
906;910;2.962
906;934;3.884
906;938;3.69
907;903;3.026
907;904;4.031
907;910;3.37
907;911;2.939
908;866;3.827
908;904;2.943
908;911;3.497
908;912;2.696
908;967;3.69
909;905;3.013
909;906;3.313
909;913;2.95
909;931;3.839
910;906;2.962
910;907;3.37
910;913;3.37
910;914;2.99
911;857;3.414
911;907;2.939
911;908;3.497
911;914;4.019
911;915;2.959
912;908;2.696
912;915;3.487
912;916;3.051
912;921;3.649
912;927;4.107
912;930;2.65
913;909;2.95
913;910;3.37
913;916;3.012
913;917;2.905
913;918;3.81
913;921;6.125
913;922;3.619
914;855;2.872
914;910;2.99
914;911;4.019
915;855;2.774
915;858;3.978
915;911;2.959
915;912;3.487
916;912;3.051
916;913;3.012
916;920;2.866
916;924;3.812
916;927;3.794
917;913;2.905
917;920;2.988
917;921;2.966
918;913;3.81
918;921;3.271
918;922;3.002
919;842;2.7
919;922;3.027
919;923;2.889
920;916;2.866
920;917;2.988
921;912;3.649
921;913;6.125
921;917;2.966
921;918;3.271
921;924;3.045
921;927;3.697
921;931;3.754
922;913;3.619
922;918;3.002
922;919;3.027
922;928;3.611
922;931;3.72
923;919;2.889
924;916;3.812
924;921;3.045
924;927;3.207
924;928;2.927
925;929;2.984
926;929;3.266
926;930;2.976
926;970;3.271
926;976;4.039
926;979;3.957
927;912;4.107
927;916;3.794
927;921;3.697
927;924;3.207
927;930;3.192
927;931;2.976
928;922;3.611
928;924;2.927
928;931;5.528
928;932;2.959
929;925;2.984
929;926;3.266
929;932;3.268
930;912;2.65
930;926;2.976
930;927;3.192
930;967;2.943
930;970;2.589
931;909;3.839
931;921;3.754
931;922;3.72
931;927;2.976
931;928;5.528
931;934;3.036
931;935;2.963
932;928;2.959
932;929;3.268
932;936;3.024
933;967;3.684
934;906;3.884
934;931;3.036
934;937;3.055
934;938;3.088
935;931;2.963
935;938;2.868
935;939;2.906
936;932;3.024
936;940;2.97
936;960;3.693
937;934;3.055
937;941;3.05
937;961;2.847
938;906;3.69
938;934;3.088
938;935;2.868
938;941;3.344
938;942;2.98
939;935;2.906
939;942;3.206
939;943;3.0
940;936;2.97
940;943;3.451
940;944;2.991
941;937;3.05
941;938;3.344
941;944;3.3
941;945;2.988
941;954;3.696
942;938;2.98
942;939;3.206
942;945;3.308
942;946;2.954
943;939;3.0
943;940;3.451
943;946;3.162
943;947;2.965
944;940;2.991
944;941;3.3
944;949;3.036
944;953;3.288
944;954;3.333
944;957;3.631
945;941;2.988
945;942;3.308
945;948;3.003
946;942;2.954
946;943;3.162
947;943;2.965
948;945;3.003
949;944;3.036
950;953;3.828
951;954;3.48
951;955;3.008
952;955;2.737
952;956;3.229
953;944;3.288
953;950;3.828
953;957;2.963
954;941;3.696
954;944;3.333
954;951;3.48
954;958;2.942
955;880;2.699
955;895;2.812
955;951;3.008
955;952;2.737
955;1355;3.84
955;1356;3.998
956;952;3.229
956;959;3.052
956;1305;3.897
956;1352;2.986
956;1353;3.671
