source;destination;distance
0;3;2.781
1;47;3.603
2;7;3.576
2;48;3.675
3;0;2.781
4;7;3.252
4;8;2.97
5;9;2.975
6;10;2.974
7;2;3.576
7;4;3.252
7;10;3.11
7;11;2.966
7;43;4.004
7;47;3.747
8;4;2.97
8;11;3.483
8;12;2.983
9;5;2.975
9;13;2.927
10;6;2.974
10;7;3.11
10;14;2.945
11;7;2.966
11;8;3.483
11;14;3.426
11;15;3.017
11;44;3.598
12;8;2.983
12;16;2.981
13;9;2.927
13;16;3.391
13;17;2.935
14;10;2.945
14;11;3.426
14;18;3.007
14;37;3.64
14;40;4.023
15;11;3.017
15;19;2.981
15;37;3.761
15;99;3.871
15;100;3.592
16;12;2.981
16;13;3.391
16;19;3.154
16;20;3.084
17;13;2.935
17;20;3.31
17;21;2.984
18;14;3.007
18;22;2.961
18;37;3.161
18;96;3.615
19;15;2.981
19;16;3.154
19;22;3.195
19;97;3.519
19;605;3.52
20;16;3.084
20;17;3.31
21;17;2.984
21;24;2.981
21;30;3.616
21;33;3.416
22;18;2.961
22;19;3.195
22;93;4.035
23;605;3.729
24;21;2.981
24;27;3.982
25;612;3.252
25;639;3.69
25;640;3.253
26;30;3.818
27;24;3.982
27;30;2.844
28;31;2.704
28;32;3.029
29;32;3.314
29;33;2.968
30;21;3.616
30;26;3.818
30;27;2.844
30;33;3.436
30;34;3.011
31;28;2.704
31;34;3.469
31;35;3.0
32;28;3.029
32;29;3.314
32;36;3.001
33;21;3.416
33;29;2.968
33;30;3.436
33;36;3.223
33;37;2.942
34;30;3.011
34;31;3.469
34;37;3.356
34;38;2.927
34;93;2.823
34;96;3.042
35;31;3.0
35;38;3.308
35;39;2.958
35;81;3.931
36;32;3.001
36;33;3.223
36;39;3.346
36;40;3.003
37;14;3.64
37;15;3.761
37;18;3.161
37;33;2.942
37;34;3.356
37;40;2.999
37;41;2.861
37;96;3.428
38;34;2.927
38;35;3.308
38;41;4.001
38;42;2.987
38;80;2.772
39;35;2.958
39;36;3.346
39;42;3.2
39;43;2.982
40;14;4.023
40;36;3.003
40;37;2.999
40;43;3.473
40;44;2.906
41;37;2.861
41;38;4.001
41;45;2.948
41;73;3.458
41;99;3.506
42;38;2.987
42;39;3.2
42;45;3.288
42;46;2.973
43;7;4.004
43;39;2.982
43;40;3.473
43;46;3.395
43;47;3.056
44;11;3.598
44;40;2.906
44;47;3.273
44;48;2.837
44;99;2.652
45;41;2.948
45;42;3.288
45;49;2.986
45;56;3.963
45;73;3.93
46;42;2.973
46;43;3.395
46;50;3.076
46;51;3.928
47;1;3.603
47;7;3.747
47;43;3.056
47;44;3.273
48;2;3.675
48;44;2.837
48;66;3.24
48;69;2.668
49;45;2.986
49;56;3.999
49;59;3.852
49;66;3.675
50;46;3.076
50;55;3.695
51;46;3.928
52;55;3.072
52;58;3.48
53;56;2.972
54;57;3.003
55;50;3.695
55;52;3.072
55;58;2.999
56;45;3.963
56;49;3.999
56;53;2.972
56;59;3.048
56;70;3.933
57;54;3.003
57;60;3.017
58;52;3.48
58;55;2.999
58;61;3.031
59;49;3.852
59;56;3.048
59;62;2.981
59;63;3.775
59;66;3.515
59;67;4.005
59;70;3.77
60;57;3.017
61;58;3.031
62;59;2.981
63;59;3.775
63;66;3.473
63;67;2.923
64;67;3.454
64;68;3.035
65;68;3.032
65;69;3.057
65;102;3.402
65;108;3.287
65;111;3.816
66;48;3.24
66;49;3.675
66;59;3.515
66;63;3.473
66;69;3.851
66;70;2.981
67;59;4.005
67;63;2.923
67;64;3.454
67;70;3.39
67;71;2.942
68;64;3.035
68;65;3.032
68;72;2.997
68;101;3.908
69;48;2.668
69;65;3.057
69;66;3.851
69;72;3.476
69;73;2.937
69;99;3.121
69;102;2.793
70;56;3.933
70;59;3.77
70;66;2.981
70;67;3.39
70;73;3.174
70;74;2.971
71;67;2.942
71;74;3.428
71;75;2.984
72;68;2.997
72;69;3.476
72;76;2.931
72;95;3.544
73;41;3.458
73;45;3.93
73;69;2.937
73;70;3.174
73;76;3.465
73;77;2.908
74;70;2.971
74;71;3.428
74;77;3.334
74;78;3.012
75;71;2.984
75;78;3.446
75;79;2.982
75;89;3.584
75;92;3.329
76;72;2.931
76;73;3.465
76;79;2.995
76;80;2.867
77;73;2.908
77;74;3.334
77;81;2.974
78;74;3.012
78;75;3.446
78;82;3.011
79;75;2.982
79;76;2.995
79;83;3.967
79;89;2.747
80;38;2.772
80;76;2.867
80;83;3.374
80;96;3.555
81;35;3.931
81;77;2.974
82;78;3.011
82;84;2.994
83;79;3.967
83;80;3.374
83;90;2.953
83;93;3.576
84;82;2.994
85;89;3.512
86;89;3.126
87;90;2.923
87;91;3.166
87;614;3.896
88;91;3.117
89;75;3.584
89;79;2.747
89;85;3.512
89;86;3.126
89;92;3.002
90;83;2.953
90;87;2.923
91;87;3.166
91;88;3.117
91;94;2.996
91;613;3.418
91;614;3.815
92;75;3.329
92;89;3.002
92;95;2.862
93;22;4.035
93;34;2.823
93;83;3.576
93;96;2.884
94;91;2.996
94;97;2.954
94;606;4.02
94;609;3.567
94;610;3.677
95;72;3.544
95;92;2.862
95;98;3.065
95;99;3.028
96;18;3.615
96;34;3.042
96;37;3.428
96;80;3.555
96;93;2.884
97;19;3.519
97;94;2.954
97;100;3.04
98;95;3.065
98;101;2.928
98;606;3.917
99;15;3.871
99;41;3.506
99;44;2.652
99;69;3.121
99;95;3.028
99;102;2.944
100;15;3.592
100;97;3.04
100;103;2.986
100;104;2.965
100;107;3.599
100;602;3.526
101;68;3.908
101;98;2.928
101;111;3.898
102;65;3.402
102;69;2.793
102;99;2.944
102;108;2.83
103;100;2.986
104;100;2.965
104;107;3.092
104;108;2.991
105;108;3.363
105;109;2.945
106;110;3.136
106;595;3.431
107;100;3.599
107;104;3.092
107;110;3.381
107;111;3.0
107;599;3.704
108;65;3.287
108;102;2.83
108;104;2.991
108;105;3.363
108;111;3.464
108;112;2.976
109;105;2.945
109;112;3.215
109;113;3.034
110;106;3.136
110;107;3.381
110;113;3.089
110;114;2.999
110;595;3.336
110;596;3.992
111;65;3.816
111;101;3.898
111;107;3.0
111;108;3.464
111;114;3.243
111;115;3.048
112;108;2.976
112;109;3.215
112;115;3.463
112;116;3.007
113;109;3.034
113;110;3.089
113;116;3.223
113;117;3.052
114;110;2.999
114;111;3.243
114;117;3.005
114;118;3.229
114;684;3.826
115;111;3.048
115;112;3.463
115;118;2.994
116;112;3.007
116;113;3.223
116;119;2.769
116;255;3.966
117;113;3.052
117;114;3.005
117;120;3.069
117;121;3.017
117;255;3.969
118;114;3.229
118;115;2.994
118;122;3.001
119;116;2.769
119;259;2.742
120;117;3.069
120;123;3.381
120;255;3.47
120;258;2.634
120;259;2.843
121;117;3.017
121;124;3.352
121;125;2.932
121;252;3.963
122;118;3.001
122;126;2.976
123;120;3.381
123;126;3.18
123;127;3.095
123;1269;3.454
123;1270;2.931
124;121;3.352
124;127;3.442
124;128;3.158
124;244;3.61
124;1273;3.985
125;121;2.932
125;128;3.373
125;129;2.918
126;122;2.976
126;123;3.18
126;129;3.315
126;130;2.98
127;123;3.095
127;124;3.442
127;131;2.967
127;1264;3.957
127;1270;3.965
127;1273;3.889
128;124;3.158
128;125;3.373
128;131;3.339
128;132;2.889
128;244;3.411
129;125;2.918
129;126;3.315
129;132;3.476
129;133;3.005
130;126;2.98
130;134;2.947
130;1172;3.649
130;1260;3.544
130;1263;3.617
131;127;2.967
131;128;3.339
131;134;3.48
131;135;2.87
132;128;2.889
132;129;3.476
132;136;2.967
132;204;3.751
132;207;4.021
133;129;3.005
133;136;3.193
133;137;3.007
134;130;2.947
134;131;3.48
134;137;3.293
134;138;2.978
134;1172;3.789
134;1260;3.823
135;131;2.87
135;139;2.943
135;207;3.597
135;233;3.704
135;237;3.765
135;240;3.655
136;132;2.967
136;133;3.193
136;140;2.92
136;200;3.807
136;204;3.922
137;133;3.007
137;134;3.293
137;140;3.2
137;141;3.126
137;200;3.82
137;1257;3.87
138;134;2.978
138;141;3.177
138;142;3.489
138;233;3.552
138;1254;3.688
138;1257;3.839
139;135;2.943
139;142;3.315
139;143;2.935
139;197;3.566
140;136;2.92
140;137;3.2
140;144;3.726
140;198;3.92
140;199;3.515
140;200;3.882
141;137;3.126
141;138;3.177
141;1254;3.606
141;1257;3.341
142;138;3.489
142;139;3.315
142;1250;3.662
142;1254;3.475
143;139;2.935
143;220;3.049
143;230;3.39
143;233;3.564
143;234;3.707
144;140;3.726
144;198;3.799
145;150;2.74
145;193;2.968
146;187;3.099
146;191;3.865
146;193;3.07
147;150;2.951
147;151;3.766
147;191;2.766
148;191;2.844
148;194;3.539
148;198;2.647
149;153;3.886
149;155;3.906
150;145;2.74
150;147;2.951
150;154;3.672
150;188;2.861
151;147;3.766
151;185;3.724
151;188;3.804
152;185;3.548
153;149;3.886
153;183;2.734
154;150;3.672
155;149;3.906
156;159;3.721
157;159;3.144
158;161;3.905
158;182;3.89
159;156;3.721
159;157;3.144
159;162;4.001
160;171;3.302
160;181;2.847
161;158;3.905
162;159;4.001
163;170;3.122
163;171;3.865
164;169;3.815
165;166;3.528
166;165;3.528
167;170;2.959
167;178;3.057
168;173;2.933
169;164;3.815
170;163;3.122
170;167;2.959
170;172;2.898
170;182;2.791
171;160;3.302
171;163;3.865
172;170;2.898
172;178;3.7
172;180;2.799
173;168;2.933
173;175;3.162
174;176;3.671
175;173;3.162
176;174;3.671
177;179;3.074
178;167;3.057
178;172;3.7
179;177;3.074
180;172;2.799
181;160;2.847
182;158;3.89
182;170;2.791
183;153;2.734
184;1026;4.175
184;1028;3.661
185;151;3.724
185;152;3.548
186;188;3.596
186;1027;3.918
187;146;3.099
188;150;2.861
188;151;3.804
188;186;3.596
189;192;3.102
190;1025;2.856
190;1027;3.539
191;146;3.865
191;147;2.766
191;148;2.844
191;194;3.137
192;189;3.102
192;223;3.597
192;224;3.924
193;145;2.968
193;146;3.07
194;148;3.539
194;191;3.137
194;197;2.995
194;198;3.032
194;202;3.497
195;202;3.132
196;202;3.384
196;220;3.457
197;139;3.566
197;194;2.995
197;203;3.387
197;206;3.571
197;220;3.172
197;234;6.245
198;140;3.92
198;144;3.799
198;148;2.647
198;194;3.032
199;140;3.515
199;202;2.813
199;203;2.967
200;136;3.807
200;137;3.82
200;140;3.882
200;204;2.953
201;205;2.991
202;194;3.497
202;195;3.132
202;196;3.384
202;199;2.813
202;205;3.277
202;206;2.955
203;197;3.387
203;199;2.967
203;206;3.238
203;207;2.952
204;132;3.751
204;136;3.922
204;200;2.953
204;208;2.935
205;201;2.991
205;202;3.277
205;208;3.048
205;209;2.964
205;672;3.824
206;197;3.571
206;202;2.955
206;203;3.238
206;209;3.289
206;210;2.935
207;132;4.021
207;135;3.597
207;203;2.952
207;210;3.481
207;211;2.959
208;204;2.935
208;205;3.048
208;211;3.247
208;212;2.944
208;676;3.56
208;679;4.093
208;680;3.908
209;205;2.964
209;206;3.289
209;213;2.967
209;214;2.81
209;215;3.958
209;655;3.68
210;206;2.935
210;207;3.481
210;213;3.09
210;216;3.627
210;234;3.874
210;237;3.784
210;238;3.766
211;207;2.959
211;208;3.247
212;208;2.944
212;679;3.626
213;209;2.967
213;210;3.09
213;1335;3.136
213;1337;2.977
214;209;2.81
214;654;3.773
214;655;3.42
215;209;3.958
215;218;3.322
215;219;3.008
215;655;5.983
215;1332;3.767
215;1342;3.569
216;210;3.627
216;220;3.047
216;221;3.178
216;235;3.966
216;238;3.317
216;1328;3.686
216;1331;3.65
216;1332;3.293
217;221;3.136
217;222;2.988
217;1328;3.666
217;1332;3.587
217;1367;3.468
217;1368;2.798
217;1369;3.183
218;215;3.322
218;1342;3.313
218;1369;3.372
219;215;3.008
219;222;3.065
220;143;3.049
220;196;3.457
220;197;3.172
220;216;3.047
220;230;2.845
221;216;3.178
221;217;3.136
221;224;2.953
221;231;3.392
221;1328;3.186
221;1367;3.504
222;217;2.988
222;219;3.065
222;1318;3.751
222;1367;3.439
223;192;3.597
224;192;3.924
224;221;2.953
224;226;2.938
224;227;3.116
224;230;3.584
225;227;3.072
225;1325;3.675
225;1363;2.849
225;1366;3.492
226;224;2.938
226;230;3.013
227;224;3.116
227;225;3.072
227;230;2.971
227;231;2.946
227;1364;3.801
227;1365;3.49
228;231;3.686
228;232;2.926
228;1362;2.834
228;1364;2.773
229;1247;3.704
229;1250;3.946
229;1251;3.281
229;1364;2.946
230;143;3.39
230;220;2.845
230;224;3.584
230;226;3.013
230;227;2.971
230;233;3.023
230;234;3.302
231;221;3.392
231;227;2.946
231;228;3.686
231;234;3.344
231;235;2.946
231;1328;3.46
231;1365;3.964
231;1366;3.895
232;228;2.926
232;236;2.978
233;135;3.704
233;138;3.552
233;143;3.564
233;230;3.023
233;236;3.126
233;237;2.969
234;143;3.707
234;197;6.245
234;210;3.874
234;230;3.302
234;231;3.344
234;237;3.277
234;238;2.988
235;216;3.966
235;231;2.946
235;238;3.146
235;239;2.97
235;1331;3.993
236;232;2.978
236;233;3.126
236;240;2.933
237;135;3.765
237;210;3.784
237;233;2.969
237;234;3.277
237;241;2.902
238;210;3.766
238;216;3.317
238;234;2.988
238;235;3.146
238;241;3.475
238;242;2.941
238;1331;3.397
239;235;2.97
239;243;2.961
239;1331;3.369
240;135;3.655
240;236;2.933
240;244;2.907
241;237;2.902
241;238;3.475
241;245;2.941
242;238;2.941
242;245;3.317
242;246;2.958
243;239;2.961
243;246;3.414
243;247;2.938
243;1277;3.69
243;1284;3.579
244;124;3.61
244;128;3.411
244;240;2.907
244;247;3.179
244;248;2.878
245;241;2.941
245;242;3.317
245;248;3.346
245;249;2.953
246;242;2.958
246;243;3.414
246;249;3.816
246;250;2.993
246;1395;3.775
247;243;2.938
247;244;3.179
247;250;3.643
247;251;2.902
247;1273;3.16
247;1276;3.755
248;244;2.878
248;245;3.346
248;251;3.099
248;252;2.938
248;687;3.591
249;245;2.953
249;246;3.816
249;253;3.078
249;687;3.722
249;690;3.664
249;1392;3.519
250;246;2.993
250;247;3.643
250;254;2.919
250;1395;3.94
250;1396;3.926
250;1399;3.468
251;247;2.902
251;248;3.099
251;255;2.944
252;121;3.963
252;248;2.938
252;255;3.333
252;256;3.097
252;691;3.804
253;249;3.078
253;256;3.174
253;257;3.088
253;690;3.661
253;691;4.011
253;694;3.432
253;1396;3.472
254;250;2.919
254;258;2.9
255;116;3.966
255;117;3.969
255;120;3.47
255;251;2.944
255;252;3.333
255;258;3.221
255;259;2.983
256;252;3.097
256;253;3.174
256;260;3.07
256;691;3.696
257;253;3.088
257;261;2.92
257;698;3.833
257;1117;6.018
257;1400;3.886
258;120;2.634
258;254;2.9
258;255;3.221
258;261;3.025
258;262;3.622
259;119;2.742
259;120;2.843
259;255;2.983
259;269;2.854
260;256;3.07
260;268;3.948
260;269;3.128
260;270;3.024
261;257;2.92
261;258;3.025
261;268;3.457
261;270;3.418
261;272;2.994
262;258;3.622
262;267;3.15
262;268;2.811
263;272;3.757
264;266;3.453
265;272;3.562
265;273;3.976
265;275;3.835
265;710;3.734
266;264;3.453
267;262;3.15
268;260;3.948
268;261;3.457
268;262;2.811
269;259;2.854
269;260;3.128
270;260;3.024
270;261;3.418
271;274;3.034
272;261;2.994
272;263;3.757
272;265;3.562
272;275;2.998
273;265;3.976
274;271;3.034
274;277;3.005
275;265;3.835
275;272;2.998
275;705;3.455
275;709;3.779
275;711;3.731
276;278;2.913
277;274;3.005
278;276;2.913
278;281;2.815
278;295;3.797
279;282;3.249
279;289;2.89
279;290;2.808
279;291;2.96
280;283;2.973
280;284;3.012
280;713;2.762
281;278;2.815
281;284;3.055
282;279;3.249
282;293;3.488
283;280;2.973
283;291;2.872
284;280;3.012
284;281;3.055
284;712;2.914
285;288;3.11
286;730;3.906
287;738;2.767
288;285;3.11
288;738;3.183
289;279;2.89
289;712;3.789
289;714;3.498
289;715;2.988
290;279;2.808
291;279;2.96
291;283;2.872
292;310;2.729
293;282;3.488
294;296;3.93
295;278;3.797
296;294;3.93
297;701;2.865
297;1114;3.878
297;1118;3.798
298;1118;3.865
298;1119;3.919
299;309;3.247
299;310;3.866
300;302;3.689
300;309;3.811
301;307;2.653
302;300;3.689
302;989;3.78
303;985;3.396
304;306;3.416
304;307;3.503
305;989;4.015
306;304;3.416
307;301;2.653
307;304;3.503
308;313;3.921
309;299;3.247
309;300;3.811
309;311;3.111
310;292;2.729
310;299;3.866
311;309;3.111
311;317;2.84
312;314;2.999
312;317;3.961
313;308;3.921
314;312;2.999
314;317;3.639
314;323;4.029
315;323;3.052
315;324;3.536
316;318;3.085
317;311;2.84
317;312;3.961
317;314;3.639
318;316;3.085
319;322;3.328
319;323;2.818
319;324;2.787
319;326;2.73
320;323;2.839
321;327;3.173
322;319;3.328
322;324;2.946
322;325;2.748
322;327;2.773
323;314;4.029
323;315;3.052
323;319;2.818
323;320;2.839
324;315;3.536
324;319;2.787
324;322;2.946
325;322;2.748
326;319;2.73
326;329;2.966
326;330;2.978
327;321;3.173
327;322;2.773
328;331;2.779
329;326;2.966
330;326;2.978
331;328;2.779
332;333;2.764
332;335;2.854
333;332;2.764
334;448;3.728
334;449;2.816
335;332;2.854
336;443;3.074
337;443;2.9
338;443;2.78
339;443;2.627
340;343;3.966
341;346;2.898
342;344;2.945
342;345;3.546
342;346;3.062
342;351;3.922
343;340;3.966
344;342;2.945
345;342;3.546
345;351;3.947
346;341;2.898
346;342;3.062
346;349;3.604
346;350;3.927
346;351;3.645
347;349;3.04
347;351;3.89
348;440;3.953
349;346;3.604
349;347;3.04
349;441;2.736
349;442;2.883
349;444;2.591
350;346;3.927
351;342;3.922
351;345;3.947
351;346;3.645
351;347;3.89
352;358;3.8
353;359;3.267
354;357;3.143
354;359;3.044
355;359;4.028
355;360;2.972
356;371;3.725
357;354;3.143
358;352;3.8
359;353;3.267
359;354;3.044
359;355;4.028
360;355;2.972
360;362;3.0
361;365;3.808
362;360;3.0
362;365;2.989
362;371;4.0
363;366;2.964
364;367;3.011
364;368;3.012
364;371;3.648
365;361;3.808
365;362;2.989
365;369;4.039
365;370;4.012
366;363;2.964
367;364;3.011
368;364;3.012
368;372;3.494
369;365;4.039
370;365;4.012
371;356;3.725
371;362;4.0
371;364;3.648
372;368;3.494
373;375;3.789
374;381;3.466
374;383;3.646
375;373;3.789
376;378;3.844
377;397;3.003
378;376;3.844
378;381;3.651
378;397;2.892
379;396;3.764
379;398;3.571
380;396;3.365
381;374;3.466
381;378;3.651
381;396;3.339
382;385;3.004
383;374;3.646
384;386;2.978
384;387;3.218
384;389;2.781
384;392;3.425
385;382;3.004
386;384;2.978
387;384;3.218
388;390;3.175
389;384;2.781
389;392;3.641
389;393;2.767
390;388;3.175
391;394;2.896
392;384;3.425
392;389;3.641
393;389;2.767
394;391;2.896
395;400;3.736
396;379;3.764
396;380;3.365
396;381;3.339
396;399;2.902
397;377;3.003
397;378;2.892
398;379;3.571
398;401;2.938
398;402;3.007
399;396;2.902
400;395;3.736
401;398;2.938
402;398;3.007
403;404;2.736
404;403;2.736
405;407;3.844
406;408;2.821
406;414;3.71
407;405;3.844
408;406;2.821
408;413;3.047
409;412;2.799
409;413;3.804
410;413;3.824
411;413;2.993
412;409;2.799
413;408;3.047
413;409;3.804
413;410;3.824
413;411;2.993
414;406;3.71
414;415;3.063
415;414;3.063
416;418;3.347
417;419;2.942
418;416;3.347
419;417;2.942
419;420;3.037
420;419;3.037
421;446;2.817
422;423;3.673
423;422;3.673
423;425;2.869
424;427;3.134
425;423;2.869
426;428;3.407
426;432;3.63
427;424;3.134
428;426;3.407
428;432;3.673
429;430;3.137
430;429;3.137
431;439;3.997
432;426;3.63
432;428;3.673
432;435;2.861
433;435;3.271
434;437;3.152
435;432;2.861
435;433;3.271
435;438;3.006
435;439;3.082
436;439;2.961
437;434;3.152
437;440;3.843
438;435;3.006
439;431;3.997
439;435;3.082
439;436;2.961
440;348;3.953
440;437;3.843
441;349;2.736
441;444;3.94
442;349;2.883
443;336;3.074
443;337;2.9
443;338;2.78
443;339;2.627
444;349;2.591
444;441;3.94
445;448;3.47
446;421;2.817
446;448;3.148
447;454;2.804
448;334;3.728
448;445;3.47
448;446;3.148
449;334;2.816
449;454;3.257
450;453;3.033
451;454;2.946
451;455;3.189
451;456;3.934
452;457;3.954
452;458;2.86
452;459;2.854
453;450;3.033
454;447;2.804
454;449;3.257
454;451;2.946
455;451;3.189
456;451;3.934
457;452;3.954
458;452;2.86
459;452;2.854
460;461;2.886
461;460;2.886
462;464;2.73
463;465;3.06
464;462;2.73
465;463;3.06
465;467;3.015
465;469;3.134
465;470;4.019
465;472;3.088
465;473;2.755
466;468;3.911
466;469;3.599
466;526;3.437
466;527;2.748
467;465;3.015
468;466;3.911
468;526;3.621
469;465;3.134
469;466;3.599
469;472;2.958
469;473;3.141
470;465;4.019
470;473;2.995
471;523;3.659
472;465;3.088
472;469;2.958
472;528;3.334
473;465;2.755
473;469;3.141
473;470;2.995
473;476;2.95
473;477;3.143
474;478;2.965
475;479;2.954
476;473;2.95
476;479;3.215
476;480;3.008
477;473;3.143
477;480;3.436
477;481;2.935
477;575;2.673
478;474;2.965
478;481;3.199
478;482;2.974
479;475;2.954
479;476;3.215
479;483;3.047
480;476;3.008
480;477;3.436
480;483;3.314
480;484;2.98
480;516;3.997
480;520;3.803
480;572;3.927
481;477;2.935
481;478;3.199
481;484;3.004
481;485;3.091
481;576;2.73
481;577;3.535
482;478;2.974
482;485;3.472
482;486;3.006
483;479;3.047
483;480;3.314
483;487;2.981
483;513;3.668
484;480;2.98
484;481;3.004
484;487;3.082
484;488;3.067
484;517;3.309
484;570;3.86
484;572;3.874
484;573;3.829
485;481;3.091
485;482;3.472
485;488;3.121
485;489;3.433
485;573;3.847
486;482;3.006
486;489;3.309
486;490;3.015
487;483;2.981
487;484;3.082
487;490;3.263
487;491;2.989
487;513;3.228
487;569;3.166
488;484;3.067
488;485;3.121
488;492;3.046
488;570;3.646
488;1003;3.898
489;485;3.433
489;486;3.309
489;492;3.31
489;493;2.984
490;486;3.015
490;487;3.263
490;493;3.067
490;494;2.953
490;506;3.535
491;487;2.989
491;494;3.038
491;569;3.783
491;570;3.632
491;1007;4.004
492;488;3.046
492;489;3.31
493;489;2.984
493;490;3.067
494;490;2.953
494;491;3.038
494;499;2.929
494;510;3.429
495;499;2.973
495;1049;3.849
495;1050;3.045
496;500;3.588
497;500;2.938
497;501;3.004
498;502;3.022
499;494;2.929
499;495;2.973
499;503;2.793
500;496;3.588
500;497;2.938
500;503;2.777
501;497;3.004
502;498;3.022
502;505;3.039
502;506;2.931
503;499;2.793
503;500;2.777
503;507;2.963
504;507;3.418
504;508;3.049
505;502;3.039
505;508;3.944
505;509;2.972
506;490;3.535
506;502;2.931
506;509;3.325
506;510;2.918
507;503;2.963
507;504;3.418
507;510;3.324
507;511;3.034
508;504;3.049
508;505;3.944
508;512;2.965
509;505;2.972
509;506;3.325
509;513;2.968
510;494;3.429
510;506;2.918
510;507;3.324
510;513;3.41
510;514;3.091
510;569;3.263
511;507;3.034
511;514;3.329
511;515;3.012
511;553;3.789
511;554;3.417
512;508;2.965
512;515;3.024
512;516;3.09
513;483;3.668
513;487;3.228
513;509;2.968
513;510;3.41
513;516;3.067
513;517;3.365
514;510;3.091
514;511;3.329
514;517;2.946
514;549;2.841
514;550;3.724
514;553;3.82
515;511;3.012
515;512;3.024
515;518;2.871
516;480;3.997
516;512;3.09
516;513;3.067
516;519;3.059
516;520;3.237
517;484;3.309
517;513;3.365
517;514;2.946
517;521;2.984
517;546;3.686
517;550;3.891
517;572;3.425
518;515;2.871
518;521;3.4
518;522;3.032
518;550;3.494
519;516;3.059
519;523;3.058
520;480;3.803
520;516;3.237
520;523;3.421
520;524;2.95
520;572;2.745
520;575;2.724
521;517;2.984
521;518;3.4
521;525;2.995
521;546;3.633
522;518;3.032
522;525;3.217
522;526;3.085
523;471;3.659
523;519;3.058
523;520;3.421
523;527;2.99
524;520;2.95
524;527;3.025
524;528;3.037
524;532;2.671
524;533;3.512
524;539;2.77
525;521;2.995
525;522;3.217
525;533;3.686
525;534;3.965
526;466;3.437
526;468;3.621
526;522;3.085
527;466;2.748
527;523;2.99
527;524;3.025
528;472;3.334
528;524;3.037
528;532;3.538
529;532;2.915
529;533;2.927
530;534;2.985
531;535;2.845
532;524;2.671
532;528;3.538
532;529;2.915
532;535;3.078
532;536;2.917
533;524;3.512
533;525;3.686
533;529;2.927
533;539;3.222
534;525;3.965
534;530;2.985
535;531;2.845
535;532;3.078
536;532;2.917
536;539;2.964
536;540;3.045
537;540;3.961
537;541;3.026
538;542;2.992
538;580;2.962
538;583;3.892
539;524;2.77
539;533;3.222
539;536;2.964
539;543;2.951
540;536;3.045
540;537;3.961
540;543;3.412
540;544;2.996
541;537;3.026
541;544;3.409
541;545;3.024
542;538;2.992
542;545;3.229
542;546;2.905
542;572;2.648
542;575;3.868
543;539;2.951
543;540;3.412
543;547;2.996
544;540;2.996
544;541;3.409
544;547;3.192
544;548;3.09
545;541;3.024
545;542;3.229
545;549;3.022
546;517;3.686
546;521;3.633
546;542;2.905
546;550;2.937
546;572;3.766
547;543;2.996
547;544;3.192
547;551;2.992
548;544;3.09
548;552;3.199
548;565;3.573
549;514;2.841
549;545;3.022
549;553;3.405
549;569;3.077
550;514;3.724
550;517;3.891
550;518;3.494
550;546;2.937
550;553;3.192
550;554;2.915
551;547;2.992
551;554;3.252
551;555;3.027
552;548;3.199
552;556;3.011
552;557;3.042
552;566;3.959
553;511;3.789
553;514;3.82
553;549;3.405
553;550;3.192
553;557;3.743
553;566;3.949
554;511;3.417
554;550;2.915
554;551;3.252
555;551;3.027
556;552;3.011
556;558;2.933
557;552;3.042
557;553;3.743
557;563;2.822
558;556;2.933
558;563;3.264
559;562;2.799
560;564;2.932
561;564;3.295
561;565;2.962
562;559;2.799
562;565;3.059
562;566;3.081
563;557;2.822
563;558;3.264
563;566;2.947
564;560;2.932
564;561;3.295
564;567;2.997
564;1011;3.149
565;548;3.573
565;561;2.962
565;562;3.059
565;568;2.984
566;552;3.959
566;553;3.949
566;562;3.081
566;563;2.947
566;569;3.067
567;564;2.997
567;570;3.184
567;1007;3.718
567;1008;3.902
568;565;2.984
568;571;2.896
568;1004;3.87
569;487;3.166
569;491;3.783
569;510;3.263
569;549;3.077
569;566;3.067
569;572;2.972
570;484;3.86
570;488;3.646
570;491;3.632
570;567;3.184
570;573;2.922
570;1000;3.824
570;1004;3.525
571;568;2.896
571;574;2.782
571;1001;3.372
571;1004;3.48
572;480;3.927
572;484;3.874
572;517;3.425
572;520;2.745
572;542;2.648
572;546;3.766
572;569;2.972
572;575;2.985
573;484;3.829
573;485;3.847
573;570;2.922
573;576;2.975
573;577;2.943
573;579;3.845
573;1000;3.587
574;571;2.782
575;477;2.673
575;520;2.724
575;542;3.868
575;572;2.985
576;481;2.73
576;573;2.975
577;481;3.535
577;573;2.943
577;579;3.966
577;580;3.021
578;581;3.043
578;582;2.922
578;993;3.164
579;573;3.845
579;577;3.966
579;582;3.25
579;583;3.017
579;997;3.496
580;538;2.962
580;577;3.021
580;583;3.814
580;584;3.056
581;578;3.043
581;584;3.483
581;585;2.981
582;578;2.922
582;579;3.25
582;585;3.247
582;586;2.94
582;997;3.609
583;538;3.892
583;579;3.017
583;580;3.814
583;587;3.041
584;580;3.056
584;581;3.483
584;588;2.768
585;581;2.981
585;582;3.247
585;588;3.269
585;589;2.927
586;582;2.94
586;589;3.203
586;590;3.068
586;1103;3.593
587;583;3.041
587;590;3.024
588;584;2.768
588;585;3.269
588;591;3.0
589;585;2.927
589;586;3.203
589;592;3.071
589;593;3.084
589;693;3.773
589;1103;3.496
589;1107;3.488
590;586;3.068
590;587;3.024
590;594;2.981
590;1103;3.849
591;588;3.0
591;594;3.013
592;589;3.071
592;693;3.864
593;589;3.084
593;596;3.281
593;597;2.874
593;689;3.568
593;1103;3.823
594;590;2.981
594;591;3.013
594;598;3.052
595;106;3.431
595;110;3.336
595;598;3.205
595;599;3.292
596;110;3.992
596;593;3.281
596;599;3.046
596;600;3.022
596;688;3.499
596;689;3.814
597;593;2.874
597;601;2.93
598;594;3.052
598;595;3.205
598;601;3.28
598;602;3.051
599;107;3.704
599;595;3.292
599;596;3.046
599;602;3.459
599;603;3.036
600;596;3.022
600;603;3.471
600;604;2.958
600;651;3.967
601;597;2.93
601;598;3.28
601;605;2.975
602;100;3.526
602;598;3.051
602;599;3.459
602;605;3.312
602;606;3.008
603;599;3.036
603;600;3.471
603;606;3.278
603;607;2.948
603;681;3.694
604;600;2.958
604;607;3.484
604;608;2.929
604;644;3.539
604;647;3.813
605;19;3.52
605;23;3.729
605;601;2.975
605;602;3.312
605;608;3.296
605;609;3.01
605;640;3.46
606;94;4.02
606;98;3.917
606;602;3.008
606;603;3.278
606;609;3.227
606;610;2.992
607;603;2.948
607;604;3.484
607;611;2.959
607;647;3.78
607;677;4.04
607;678;3.556
607;681;3.885
608;604;2.929
608;605;3.296
608;611;3.241
608;612;2.995
608;640;3.721
608;643;3.979
609;94;3.567
609;605;3.01
609;606;3.227
609;613;3.301
610;94;3.677
610;606;2.992
610;613;3.301
610;614;3.022
611;607;2.959
611;608;3.241
611;615;2.998
611;616;2.82
611;637;3.803
612;25;3.252
612;608;2.995
612;616;3.054
612;617;3.15
612;639;3.909
613;91;3.418
613;609;3.301
613;610;3.301
614;87;3.896
614;91;3.815
614;610;3.022
614;617;2.806
615;611;2.998
615;618;3.008
615;619;3.557
615;633;3.499
615;637;4.085
615;671;3.427
616;611;2.82
616;612;3.054
616;633;3.759
617;612;3.15
617;614;2.806
618;615;3.008
618;630;4.101
618;633;2.982
619;615;3.557
619;631;3.09
619;633;2.96
619;659;3.804
619;660;3.353
619;667;2.787
619;671;3.581
620;629;2.646
620;630;3.318
620;660;3.678
620;661;2.924
621;624;3.007
621;625;2.859
621;626;2.817
621;627;2.755
622;660;4.106
622;661;2.769
622;663;3.721
623;626;3.863
624;621;3.007
624;629;4.008
625;621;2.859
626;621;2.817
626;623;3.863
627;621;2.755
628;634;3.565
628;635;3.151
629;620;2.646
629;624;4.008
630;618;4.101
630;620;3.318
630;634;3.497
631;619;3.09
631;634;3.177
631;635;3.139
631;658;2.858
631;659;3.568
632;635;3.026
632;636;2.846
632;657;3.923
633;615;3.499
633;616;3.759
633;618;2.982
633;619;2.96
633;637;3.674
633;659;3.611
634;628;3.565
634;630;3.497
634;631;3.177
634;638;3.504
635;628;3.151
635;631;3.139
635;632;3.026
635;1077;3.622
636;632;2.846
636;642;4.016
636;645;3.813
636;646;3.679
636;649;3.95
636;1072;3.837
637;611;3.803
637;615;4.085
637;633;3.674
637;642;3.643
637;646;3.654
637;659;4.061
638;634;3.504
638;1081;2.721
639;25;3.69
639;612;3.909
639;642;2.899
639;643;2.94
639;1084;2.868
640;25;3.253
640;605;3.46
640;608;3.721
640;643;3.422
640;644;2.939
641;644;3.231
641;645;3.001
641;1084;3.657
641;1087;3.882
641;1088;3.622
641;1091;3.95
642;636;4.016
642;637;3.643
642;639;2.899
642;645;3.249
642;646;2.984
642;1087;3.114
643;608;3.979
643;639;2.94
643;640;3.422
643;646;4.006
643;647;2.97
644;604;3.539
644;640;2.939
644;641;3.231
644;647;3.483
644;648;2.971
645;636;3.813
645;641;3.001
645;642;3.249
645;648;3.3
645;649;3.041
645;1072;3.961
645;1091;3.578
646;636;3.679
646;637;3.654
646;642;2.984
646;643;4.006
646;649;3.143
646;650;3.026
646;656;3.861
647;604;3.813
647;607;3.78
647;643;2.97
647;644;3.483
647;650;3.371
647;651;2.978
648;644;2.971
648;645;3.3
648;651;3.078
648;652;3.206
648;1064;3.942
648;1067;3.443
648;1091;3.699
648;1098;3.869
649;636;3.95
649;645;3.041
649;646;3.143
649;655;2.899
649;1068;3.702
650;646;3.026
650;647;3.371
650;653;3.014
650;656;3.721
650;675;3.502
650;678;3.598
650;679;4.017
651;600;3.967
651;647;2.978
651;648;3.078
651;682;3.768
652;648;3.206
652;1064;3.455
653;650;3.014
653;679;4.018
654;214;3.773
654;1064;3.795
654;1065;2.746
654;1066;2.835
655;209;3.68
655;214;3.42
655;215;5.983
655;649;2.899
655;1069;3.899
656;646;3.861
656;650;3.721
656;659;3.515
656;675;3.312
657;632;3.923
657;1069;3.529
658;631;2.858
659;619;3.804
659;631;3.568
659;633;3.611
659;637;4.061
659;656;3.515
659;668;3.239
659;671;3.477
660;619;3.353
660;620;3.678
660;622;4.106
660;664;3.371
660;668;3.019
661;620;2.924
661;622;2.769
661;668;3.66
662;1024;3.335
663;622;3.721
664;660;3.371
664;667;2.768
664;668;3.07
665;669;2.95
666;669;3.366
666;670;2.988
667;619;2.787
667;664;2.768
667;670;3.195
667;671;3.046
668;659;3.239
668;660;3.019
668;661;3.66
668;664;3.07
668;671;3.354
668;672;2.92
669;665;2.95
669;666;3.366
669;672;3.142
669;673;3.024
670;666;2.988
670;667;3.195
671;615;3.427
671;619;3.581
671;659;3.477
671;667;3.046
671;668;3.354
671;674;3.009
671;675;2.925
672;205;3.824
672;668;2.92
672;669;3.142
672;675;3.36
672;676;2.959
673;669;3.024
673;676;3.434
673;677;3.002
674;671;3.009
674;677;3.362
674;678;2.963
675;650;3.502
675;656;3.312
675;671;2.925
675;672;3.36
675;678;3.347
675;679;2.991
676;208;3.56
676;672;2.959
676;673;3.434
676;679;3.415
676;680;2.999
677;607;4.04
677;673;3.002
677;674;3.362
677;680;3.451
677;681;2.996
678;607;3.556
678;650;3.598
678;674;2.963
678;675;3.347
678;682;2.954
679;208;4.093
679;212;3.626
679;650;4.017
679;653;4.018
679;675;2.991
679;676;3.415
679;683;2.929
680;208;3.908
680;676;2.999
680;677;3.451
680;683;3.454
680;684;3.038
681;603;3.694
681;607;3.885
681;677;2.996
681;684;3.421
681;685;2.991
682;651;3.768
682;678;2.954
682;685;3.187
682;686;2.931
683;679;2.929
683;680;3.454
683;686;3.259
683;687;2.979
684;114;3.826
684;680;3.038
684;681;3.421
684;688;3.029
685;681;2.991
685;682;3.187
685;688;3.334
685;689;2.914
686;682;2.931
686;683;3.259
686;689;3.138
686;690;3.079
687;248;3.591
687;249;3.722
687;683;2.979
687;690;3.476
687;691;3.016
688;596;3.499
688;684;3.029
688;685;3.334
688;692;2.912
689;593;3.568
689;596;3.814
689;685;2.914
689;686;3.138
689;692;3.4
689;693;3.128
689;1106;3.373
690;249;3.664
690;253;3.661
690;686;3.079
690;687;3.476
690;693;3.478
690;694;2.947
690;1106;3.567
690;1109;3.743
690;1392;6.364
691;252;3.804
691;253;4.011
691;256;3.696
691;687;3.016
691;694;3.354
691;695;2.952
692;688;2.912
692;689;3.4
692;696;3.087
693;589;3.773
693;592;3.864
693;689;3.128
693;690;3.478
693;696;3.327
693;697;2.984
693;1106;3.653
693;1107;3.803
693;1110;3.53
694;253;3.432
694;690;2.947
694;691;3.354
694;697;3.464
694;698;2.987
694;1113;3.545
695;691;2.952
695;698;3.27
695;699;3.039
696;692;3.087
696;693;3.327
696;699;3.144
696;700;3.085
697;693;2.984
697;694;3.464
697;700;2.974
697;1110;3.439
697;1114;3.42
698;257;3.833
698;694;2.987
698;695;3.27
698;1114;3.511
698;1117;3.243
699;695;3.039
699;696;3.144
700;696;3.085
700;697;2.974
701;297;2.865
701;1114;3.485
702;1118;3.516
703;1117;3.642
704;713;3.617
704;1121;2.819
704;1122;2.822
705;275;3.455
705;713;3.463
705;1121;2.781
706;709;2.827
706;1124;3.712
707;713;3.266
707;714;3.604
707;1124;3.385
708;727;2.644
709;275;3.779
709;706;2.827
710;265;3.734
711;275;3.731
712;284;2.914
712;289;3.789
713;280;2.762
713;704;3.617
713;705;3.463
713;707;3.266
714;289;3.498
714;707;3.604
715;289;2.988
716;729;2.835
717;727;3.546
717;728;3.967
717;1130;3.734
718;1126;3.841
718;1127;3.75
718;1128;3.346
718;1130;3.321
719;722;3.871
719;1128;3.916
720;836;2.83
720;837;3.386
721;839;2.824
721;840;2.809
722;719;3.871
722;726;3.876
722;1128;2.711
722;1129;3.59
723;804;4.013
724;813;3.364
725;1131;3.752
725;1133;2.762
726;722;3.876
726;1131;3.672
727;708;2.644
727;717;3.546
727;1130;3.378
728;717;3.967
728;731;3.273
728;812;3.534
729;716;2.835
730;286;3.906
730;738;2.804
731;728;3.273
731;738;3.942
732;738;3.795
733;818;3.633
733;820;3.883
734;736;2.946
734;738;3.972
735;818;2.723
736;734;2.946
737;739;2.945
737;741;3.431
738;287;2.767
738;288;3.183
738;730;2.804
738;731;3.942
738;732;3.795
738;734;3.972
739;737;2.945
739;820;2.64
740;743;2.925
740;754;3.023
741;737;3.431
742;756;3.562
742;765;2.768
743;740;2.925
744;752;3.212
744;754;3.474
745;750;3.659
746;748;2.787
747;749;2.917
747;750;3.892
747;751;3.286
748;746;2.787
749;747;2.917
750;745;3.659
750;747;3.892
750;755;4.04
751;747;3.286
752;744;3.212
752;755;2.981
753;766;2.788
753;770;3.926
754;740;3.023
754;744;3.474
755;750;4.04
755;752;2.981
756;742;3.562
756;761;3.462
756;766;2.739
756;768;4.001
757;761;3.467
757;768;3.971
757;770;3.955
757;776;4.108
758;776;3.954
758;779;2.666
759;775;3.901
760;775;2.998
760;778;2.8
761;756;3.462
761;757;3.467
761;775;3.441
762;765;3.978
763;765;3.002
764;771;2.724
765;742;2.768
765;762;3.978
765;763;3.002
766;753;2.788
766;756;2.739
767;773;3.856
767;775;3.018
768;756;4.001
768;757;3.971
769;772;3.496
769;774;2.934
770;753;3.926
770;757;3.955
771;764;2.724
772;769;3.496
773;767;3.856
774;769;2.934
774;777;4.064
775;759;3.901
775;760;2.998
775;761;3.441
775;767;3.018
775;778;2.781
776;757;4.108
776;758;3.954
777;774;4.064
778;760;2.8
778;775;2.781
779;758;2.666
780;784;3.736
781;784;3.279
781;785;3.855
781;786;3.623
782;783;2.931
783;782;2.931
784;780;3.736
784;781;3.279
785;781;3.855
786;781;3.623
786;787;3.482
787;786;3.482
788;793;2.774
789;797;2.942
790;796;2.899
791;794;3.793
792;795;3.147
793;788;2.774
794;791;3.793
794;799;2.811
795;792;3.147
795;798;2.947
796;790;2.899
796;802;2.859
796;1136;2.654
797;789;2.942
798;795;2.947
799;794;2.811
800;808;3.352
801;804;2.773
801;1136;3.364
802;796;2.859
803;805;2.722
804;723;4.013
804;801;2.773
804;806;3.383
805;803;2.722
806;804;3.383
807;809;3.304
807;810;3.039
807;811;3.65
808;800;3.352
809;807;3.304
810;807;3.039
811;807;3.65
811;815;3.422
812;728;3.534
813;724;3.364
813;816;2.856
814;817;3.097
815;811;3.422
816;813;2.856
817;814;3.097
818;733;3.633
818;735;2.723
818;820;3.573
819;821;2.866
820;733;3.883
820;739;2.64
820;818;3.573
821;819;2.866
822;823;3.19
823;822;3.19
824;826;3.997
825;827;3.738
825;832;3.264
826;824;3.997
827;825;3.738
827;832;2.748
828;831;3.886
829;831;3.012
830;833;3.027
831;828;3.886
831;829;3.012
832;825;3.264
832;827;2.748
833;830;3.027
833;834;2.936
833;835;2.857
834;833;2.936
835;833;2.857
836;720;2.83
837;720;3.386
837;839;3.032
838;847;4.001
838;850;3.85
839;721;2.824
839;837;3.032
839;842;3.729
840;721;2.809
841;845;3.87
842;839;3.729
843;846;2.957
844;848;2.636
844;921;2.729
845;841;3.87
846;843;2.957
847;838;4.001
847;849;2.988
847;851;2.807
847;852;2.893
848;844;2.636
849;847;2.988
849;851;3.018
850;838;3.85
851;847;2.807
851;849;3.018
852;847;2.893
853;855;3.989
853;856;3.562
854;857;2.802
855;853;3.989
856;853;3.562
856;860;3.738
857;854;2.802
857;860;2.706
857;916;2.802
857;917;2.818
858;861;3.042
859;864;3.768
859;910;3.98
859;913;3.391
859;914;3.572
860;856;3.738
860;857;2.706
860;917;3.97
861;858;3.042
861;864;2.845
861;865;2.948
862;866;3.06
863;867;2.905
864;859;3.768
864;861;2.845
864;867;3.286
864;868;2.983
865;861;2.948
865;868;3.315
865;869;3.132
865;973;3.219
866;862;3.06
866;869;3.431
866;870;2.998
867;863;2.905
867;864;3.286
867;870;3.358
867;871;2.923
868;864;2.983
868;865;3.315
868;871;3.414
868;872;2.964
868;907;3.76
868;910;3.762
869;865;3.132
869;866;3.431
869;872;3.375
869;873;2.956
869;973;3.649
870;866;2.998
870;867;3.358
870;873;3.219
870;874;2.976
871;867;2.923
871;868;3.414
871;875;2.958
871;907;3.987
872;868;2.964
872;869;3.375
872;876;2.899
872;903;3.971
872;907;3.443
872;966;3.715
872;970;3.753
873;869;2.956
873;870;3.219
873;876;3.169
873;877;2.979
874;870;2.976
874;877;3.105
874;878;3.013
875;871;2.958
875;878;3.427
875;879;2.956
875;966;3.623
876;872;2.899
876;873;3.169
876;880;2.996
877;873;2.979
877;874;3.105
877;880;3.382
877;881;2.953
878;874;3.013
878;875;3.427
878;881;2.98
878;882;3.233
879;875;2.956
879;964;3.863
879;967;4.01
880;876;2.996
880;877;3.382
880;884;3.68
880;1300;3.878
881;877;2.953
881;878;2.98
881;884;3.075
881;885;3.029
881;888;3.441
881;892;3.842
882;878;3.233
882;889;2.76
882;957;2.704
883;886;3.325
883;889;2.676
883;1303;3.367
883;1357;3.02
884;880;3.68
884;881;3.075
884;1323;3.727
885;881;3.029
885;888;2.969
885;889;3.023
886;883;3.325
886;889;3.18
886;890;3.007
886;1358;4.001
887;890;2.637
888;881;3.441
888;885;2.969
888;891;3.248
888;892;2.959
889;882;2.76
889;883;2.676
889;885;3.023
889;886;3.18
889;893;3.025
889;1356;3.826
890;886;3.007
890;887;2.637
890;1358;3.482
891;888;3.248
892;881;3.842
892;888;2.959
892;895;3.108
892;896;3.027
893;889;3.025
893;897;2.746
894;898;3.021
895;892;3.108
895;898;3.376
895;899;2.991
896;892;3.027
896;899;2.987
896;900;3.271
897;893;2.746
897;900;2.99
897;901;3.026
897;957;2.867
897;960;3.781
898;894;3.021
898;895;3.376
898;901;2.917
898;902;2.946
899;895;2.991
899;896;2.987
899;903;2.924
900;896;3.271
900;897;2.99
900;904;3.008
900;963;3.797
901;897;3.026
901;898;2.917
901;904;3.343
901;905;3.034
902;898;2.946
902;906;2.986
903;872;3.971
903;899;2.924
903;906;3.253
903;907;2.939
903;963;4.027
903;966;3.614
904;900;3.008
904;901;3.343
904;908;2.971
904;963;3.862
905;901;3.034
905;909;3.029
906;902;2.986
906;903;3.253
906;910;2.948
907;868;3.76
907;871;3.987
907;872;3.443
907;903;2.939
907;911;3.005
907;969;3.652
908;904;2.971
908;911;3.352
908;912;2.965
908;936;3.842
908;940;3.649
909;905;3.029
909;912;3.376
909;913;2.947
910;859;3.98
910;868;3.762
910;906;2.948
910;914;2.741
910;969;3.6
911;907;3.005
911;908;3.352
911;914;3.487
911;915;2.932
911;933;3.802
912;908;2.965
912;909;3.376
912;915;3.45
912;916;2.996
913;859;3.391
913;909;2.947
913;916;4.006
913;917;2.962
914;859;3.572
914;910;2.741
914;911;3.487
914;917;3.472
914;918;3.056
914;923;3.577
914;929;3.977
914;932;2.676
915;911;2.932
915;912;3.45
915;918;3.008
915;919;2.916
915;920;3.77
915;923;6.227
915;924;3.692
916;857;2.802
916;912;2.996
916;913;4.006
917;857;2.818
917;860;3.97
917;913;2.962
917;914;3.472
918;914;3.056
918;915;3.008
918;922;2.928
918;926;3.745
918;929;3.646
919;915;2.916
919;922;2.947
919;923;2.988
920;915;3.77
920;923;3.44
920;924;3.015
921;844;2.729
921;924;3.042
921;925;2.888
922;918;2.928
922;919;2.947
923;914;3.577
923;915;6.227
923;919;2.988
923;920;3.44
923;926;3.036
923;929;3.781
923;933;3.913
924;915;3.692
924;920;3.015
924;921;3.042
924;930;4.038
924;933;3.936
925;921;2.888
926;918;3.745
926;923;3.036
926;929;3.021
926;930;2.932
927;931;2.98
928;931;3.367
928;932;2.986
928;978;4.034
928;981;3.903
929;914;3.977
929;918;3.646
929;923;3.781
929;926;3.021
929;932;3.226
929;933;2.982
930;924;4.038
930;926;2.932
930;933;3.629
930;934;2.972
931;927;2.98
931;928;3.367
931;934;3.214
932;914;2.676
932;928;2.986
932;929;3.226
932;969;2.94
932;972;2.788
933;911;3.802
933;923;3.913
933;924;3.936
933;929;2.982
933;930;3.629
933;936;3.032
933;937;2.959
934;930;2.972
934;931;3.214
934;938;3.031
935;965;3.975
935;969;3.715
936;908;3.842
936;933;3.032
936;939;3.057
936;940;3.09
937;933;2.959
937;940;2.872
937;941;2.913
938;934;3.031
938;942;2.968
938;962;3.703
939;936;3.057
939;942;4.026
939;943;3.05
939;963;2.855
940;908;3.649
940;936;3.09
940;937;2.872
940;943;3.384
940;944;2.985
941;937;2.913
941;944;3.197
941;945;2.997
942;938;2.968
942;939;4.026
942;945;3.435
942;946;2.983
943;939;3.05
943;940;3.384
943;946;3.271
943;947;2.978
943;956;3.749
944;940;2.985
944;941;3.197
944;947;3.197
944;948;2.923
945;941;2.997
945;942;3.435
945;948;3.154
945;949;2.965
946;942;2.983
946;943;3.271
946;951;3.041
946;955;3.334
946;956;3.39
946;959;3.635
947;943;2.978
947;944;3.197
947;950;3.002
948;944;2.923
948;945;3.154
949;945;2.965
950;947;3.002
951;946;3.041
952;955;3.797
952;956;3.18
953;956;3.459
953;957;2.995
954;957;2.734
954;958;3.249
955;946;3.334
955;952;3.797
955;959;3.0
956;943;3.749
956;946;3.39
956;952;3.18
956;953;3.459
956;960;2.977
957;882;2.704
957;897;2.867
957;953;2.995
957;954;2.734
957;1355;3.854
957;1356;4.005
958;954;3.249
958;961;3.065
958;1305;3.903
958;1352;2.987
958;1353;3.664
958;1354;3.149
959;946;3.635
959;955;3.0
960;897;3.781
960;956;2.977
960;963;2.74
961;958;3.065
961;964;2.756
961;965;3.313
961;1301;3.627
962;938;3.703
962;965;2.975
963;900;3.797
963;903;4.027
963;904;3.862
963;939;2.855
963;960;2.74
963;966;2.852
964;879;3.863
964;961;2.756
965;935;3.975
965;961;3.313
965;962;2.975
965;968;2.939
965;969;3.004
965;1297;3.837
966;872;3.715
966;875;3.623
966;903;3.614
966;963;2.852
966;969;2.976
966;970;3.166
967;879;4.01
967;970;2.986
967;1297;3.634
968;965;2.939
968;971;2.769
968;1297;3.802
969;907;3.652
969;910;3.6
969;932;2.94
969;935;3.715
969;965;3.004
969;966;2.976
969;972;2.904
970;872;3.753
970;966;3.166
970;967;2.986
970;973;3.002
970;974;2.914
971;968;2.769
971;974;3.13
971;977;3.538
971;981;3.675
972;932;2.788
972;969;2.904
972;978;2.944
973;865;3.219
973;869;3.649
973;970;3.002
973;978;3.858
974;970;2.914
974;971;3.13
974;977;3.489
