source;destination;distance
0;3;2.792
1;47;3.605
2;7;3.649
2;48;3.664
3;0;2.792
4;7;3.317
4;8;2.973
5;9;2.972
6;10;2.969
7;2;3.649
7;4;3.317
7;10;3.133
7;11;2.97
7;43;3.88
7;47;3.706
8;4;2.973
8;11;3.351
8;12;2.956
9;5;2.972
9;13;2.935
10;6;2.969
10;7;3.133
10;14;2.948
11;7;2.97
11;8;3.351
11;14;3.389
11;15;3.008
11;44;3.61
12;8;2.956
12;16;2.978
12;104;3.955
13;9;2.935
13;16;3.362
13;17;2.946
14;10;2.948
14;11;3.389
14;18;3.003
14;37;3.724
15;11;3.008
15;19;2.984
15;37;3.756
15;99;3.92
15;100;3.553
16;12;2.978
16;13;3.362
16;19;3.183
16;20;3.084
17;13;2.946
17;20;3.302
17;21;2.982
18;14;3.003
18;21;3.474
18;22;2.971
18;37;3.007
18;96;3.152
19;15;2.984
19;16;3.183
19;22;3.141
19;97;3.494
19;599;3.515
20;16;3.084
20;17;3.302
21;17;2.982
21;18;3.474
21;24;2.985
21;30;3.635
21;33;3.421
22;18;2.971
22;19;3.141
22;93;4.086
22;96;3.874
22;97;3.969
23;599;3.709
24;21;2.985
24;27;4.038
25;606;3.222
25;633;3.697
25;634;3.31
26;30;3.825
27;24;4.038
27;30;2.853
28;31;2.731
28;32;3.002
29;32;3.31
29;33;2.983
30;21;3.635
30;26;3.825
30;27;2.853
30;33;3.365
30;34;2.999
31;28;2.731
31;34;3.431
31;35;3.009
32;28;3.002
32;29;3.31
32;35;3.492
32;36;2.962
33;21;3.421
33;29;2.983
33;30;3.365
33;36;3.266
33;37;2.957
34;30;2.999
34;31;3.431
34;37;3.376
34;38;2.943
34;93;2.831
34;96;3.589
35;31;3.009
35;32;3.492
35;38;3.393
35;39;2.969
35;81;3.711
36;32;2.962
36;33;3.266
36;39;3.378
36;40;3.0
37;14;3.724
37;15;3.756
37;18;3.007
37;33;2.957
37;34;3.376
37;40;2.996
37;41;2.863
37;96;3.977
38;34;2.943
38;35;3.393
38;42;2.982
38;80;2.741
39;35;2.969
39;36;3.378
39;42;3.159
39;43;2.987
40;36;3.0
40;37;2.996
40;43;3.497
40;44;2.921
41;37;2.863
41;45;2.948
41;73;3.482
41;99;3.49
42;38;2.982
42;39;3.159
42;45;3.297
42;46;2.977
43;7;3.88
43;39;2.987
43;40;3.497
43;46;3.4
43;47;3.063
44;11;3.61
44;40;2.921
44;47;3.234
44;48;2.807
44;99;2.647
45;41;2.948
45;42;3.297
45;49;2.987
45;56;3.956
45;73;3.925
46;42;2.977
46;43;3.4
46;50;3.075
46;51;3.902
47;1;3.605
47;7;3.706
47;43;3.063
47;44;3.234
48;2;3.664
48;44;2.807
48;66;3.187
48;69;2.659
49;45;2.987
49;56;3.995
49;59;3.861
49;66;3.668
50;46;3.075
50;55;3.666
50;58;4.017
51;46;3.902
52;55;3.103
52;58;3.499
53;56;2.98
54;57;2.994
55;50;3.666
55;52;3.103
55;58;3.004
56;45;3.956
56;49;3.995
56;53;2.98
56;59;3.052
56;70;3.963
57;54;2.994
57;60;3.019
58;50;4.017
58;52;3.499
58;55;3.004
58;61;3.049
59;49;3.861
59;56;3.052
59;62;2.983
59;63;3.791
59;66;3.521
59;67;3.954
59;70;3.746
60;57;3.019
60;67;3.987
61;58;3.049
62;59;2.983
63;59;3.791
63;66;3.472
63;67;2.911
64;67;3.428
64;68;3.039
65;68;3.038
65;69;3.049
65;102;3.449
65;108;3.199
65;111;3.834
66;48;3.187
66;49;3.668
66;59;3.521
66;63;3.472
66;69;3.795
66;70;2.972
67;59;3.954
67;60;3.987
67;63;2.911
67;64;3.428
67;70;3.418
67;71;2.958
68;64;3.039
68;65;3.038
68;72;3.008
68;101;3.895
69;48;2.659
69;65;3.049
69;66;3.795
69;72;3.33
69;73;2.918
69;99;3.124
69;102;2.783
70;56;3.963
70;59;3.746
70;66;2.972
70;67;3.418
70;73;3.148
70;74;2.981
71;67;2.958
71;74;3.453
71;75;2.983
72;68;3.008
72;69;3.33
72;76;2.915
72;95;3.625
73;41;3.482
73;45;3.925
73;69;2.918
73;70;3.148
73;76;3.386
73;77;2.892
74;70;2.981
74;71;3.453
74;77;3.421
74;78;3.011
75;71;2.983
75;78;3.49
75;79;2.987
75;92;3.382
76;72;2.915
76;73;3.386
76;79;3.014
76;80;2.864
77;73;2.892
77;74;3.421
77;81;2.964
78;74;3.011
78;75;3.49
78;82;3.011
79;75;2.987
79;76;3.014
79;83;3.965
79;89;2.736
80;38;2.741
80;76;2.864
81;35;3.711
81;77;2.964
82;78;3.011
82;84;2.989
83;79;3.965
83;90;2.879
83;93;3.558
84;82;2.989
85;89;3.645
86;89;3.174
87;90;2.877
87;91;3.167
87;608;3.932
88;91;3.132
89;79;2.736
89;85;3.645
89;86;3.174
89;92;3.014
90;83;2.879
90;87;2.877
91;87;3.167
91;88;3.132
91;94;3.01
91;607;3.297
91;608;3.704
92;75;3.382
92;89;3.014
92;95;2.862
93;22;4.086
93;34;2.831
93;83;3.558
93;96;2.935
94;91;3.01
94;97;2.85
94;600;3.938
94;603;3.614
94;604;3.707
95;72;3.625
95;92;2.862
95;98;3.161
95;99;3.036
96;18;3.152
96;22;3.874
96;34;3.589
96;37;3.977
96;93;2.935
96;99;3.066
97;19;3.494
97;22;3.969
97;94;2.85
97;100;3.012
98;95;3.161
98;101;2.728
98;600;3.98
99;15;3.92
99;41;3.49
99;44;2.647
99;69;3.124
99;95;3.036
99;96;3.066
99;102;2.774
99;103;3.378
100;15;3.553
100;97;3.012
100;103;2.993
100;104;2.955
100;107;3.628
100;596;3.512
101;68;3.895
101;98;2.728
101;107;4.03
101;111;3.809
102;65;3.449
102;69;2.783
102;99;2.774
102;108;2.785
103;99;3.378
103;100;2.993
104;12;3.955
104;100;2.955
104;107;3.089
104;108;2.973
105;108;3.378
105;109;2.944
106;110;3.126
106;589;3.444
107;100;3.628
107;101;4.03
107;104;3.089
107;110;3.417
107;111;3.013
107;593;3.683
108;65;3.199
108;102;2.785
108;104;2.973
108;105;3.378
108;111;3.479
108;112;2.966
109;105;2.944
109;112;3.245
109;113;3.032
110;106;3.126
110;107;3.417
110;113;3.077
110;114;2.995
110;589;3.335
110;590;3.976
111;65;3.834
111;101;3.809
111;107;3.013
111;108;3.479
111;114;3.251
111;115;3.051
112;108;2.966
112;109;3.245
112;115;3.449
112;116;3.007
113;109;3.032
113;110;3.077
113;116;3.232
113;117;3.054
114;110;2.995
114;111;3.251
114;117;3.005
114;118;3.222
114;678;3.793
115;111;3.051
115;112;3.449
115;118;2.984
116;112;3.007
116;113;3.232
116;119;2.793
116;255;3.981
117;113;3.054
117;114;3.005
117;120;3.046
117;121;3.019
117;255;3.936
118;114;3.222
118;115;2.984
118;122;2.999
119;116;2.793
119;259;2.73
120;117;3.046
120;123;3.379
120;255;3.467
120;258;2.632
120;259;2.851
121;117;3.019
121;125;2.934
122;118;2.999
122;126;2.976
123;120;3.379
123;126;3.183
123;127;3.094
123;1268;3.454
123;1269;2.949
124;127;3.439
124;128;3.157
124;244;3.592
124;1272;3.993
125;121;2.934
125;128;3.391
125;129;2.92
126;122;2.976
126;123;3.183
126;129;3.343
126;130;2.982
127;123;3.094
127;124;3.439
127;131;2.963
127;1263;3.963
127;1269;3.955
127;1272;3.822
128;124;3.157
128;125;3.391
128;131;3.314
128;132;2.891
128;244;3.425
129;125;2.92
129;126;3.343
129;132;3.476
129;133;3.009
130;126;2.982
130;133;3.437
130;134;2.935
130;1171;4.124
130;1259;3.664
130;1262;3.412
130;1263;3.793
131;127;2.963
131;128;3.314
131;134;3.474
131;135;2.866
132;128;2.891
132;129;3.476
132;136;2.969
132;204;3.726
132;207;4.023
133;129;3.009
133;130;3.437
133;136;3.184
133;137;3.005
134;130;2.935
134;131;3.474
134;137;3.294
134;138;2.974
134;1171;3.735
134;1259;3.759
135;131;2.866
135;139;2.944
135;207;3.6
135;233;3.712
135;237;3.778
135;240;3.658
136;132;2.969
136;133;3.184
136;140;2.923
136;200;3.82
136;204;3.914
137;133;3.005
137;134;3.294
137;140;3.21
137;141;3.124
137;200;3.815
137;1256;3.877
138;134;2.974
138;141;3.181
138;142;3.48
138;233;3.544
138;1253;3.686
138;1256;3.847
139;135;2.944
139;142;3.285
139;143;2.936
139;197;3.562
140;136;2.923
140;137;3.21
140;144;3.735
140;198;3.879
140;199;3.549
140;200;3.901
141;137;3.124
141;138;3.181
141;1253;3.622
141;1256;3.349
142;138;3.48
142;139;3.285
142;1249;3.675
142;1253;3.462
143;139;2.936
143;220;3.054
143;230;3.391
143;233;3.596
143;234;3.702
144;140;3.735
144;198;3.785
145;150;2.759
145;193;3.052
146;187;3.081
146;191;3.75
146;193;3.559
147;150;2.944
147;151;3.781
147;191;2.839
148;191;2.768
148;194;3.415
148;198;2.662
149;155;3.998
150;145;2.759
150;147;2.944
150;154;3.135
150;188;2.743
151;147;3.781
151;184;3.727
151;188;3.755
152;184;3.686
153;182;2.75
154;150;3.135
155;149;3.998
156;159;3.682
157;159;3.596
158;161;3.994
158;179;3.863
159;156;3.682
159;157;3.596
160;170;3.026
160;178;2.987
161;158;3.994
162;169;3.116
162;170;3.644
163;167;2.795
164;165;3.892
165;164;3.892
166;169;2.927
166;172;2.747
166;175;2.802
167;163;2.795
167;172;3.981
168;171;3.882
169;162;3.116
169;166;2.927
169;172;3.223
170;160;3.026
170;162;3.644
171;168;3.882
172;166;2.747
172;167;3.981
172;169;3.223
172;175;3.735
172;177;2.778
173;174;3.736
174;173;3.736
175;166;2.802
175;172;3.735
176;180;3.685
176;181;3.606
177;172;2.778
178;160;2.987
179;158;3.863
180;176;3.685
181;176;3.606
182;153;2.75
183;1022;3.978
183;1024;3.712
184;151;3.727
184;152;3.686
185;188;3.428
186;188;3.91
187;146;3.081
188;150;2.743
188;151;3.755
188;185;3.428
188;186;3.91
189;192;3.072
189;1023;4.037
190;1021;2.869
190;1023;3.555
191;146;3.75
191;147;2.839
191;148;2.768
191;194;3.162
192;189;3.072
192;223;3.515
192;224;3.943
193;145;3.052
193;146;3.559
194;148;3.415
194;191;3.162
194;197;2.971
194;198;3.035
194;202;3.675
195;202;3.153
196;202;3.346
196;220;3.479
197;139;3.562
197;194;2.971
197;203;3.403
197;206;3.623
197;220;3.147
197;234;6.247
198;140;3.879
198;144;3.785
198;148;2.662
198;194;3.035
199;140;3.549
199;202;2.808
199;203;2.974
200;136;3.82
200;137;3.815
200;140;3.901
200;204;2.96
201;205;2.988
202;194;3.675
202;195;3.153
202;196;3.346
202;199;2.808
202;205;3.299
202;206;2.956
203;197;3.403
203;199;2.974
203;206;3.233
203;207;2.955
204;132;3.726
204;136;3.914
204;200;2.96
204;208;2.934
205;201;2.988
205;202;3.299
205;208;3.055
205;209;2.965
205;666;3.827
206;197;3.623
206;202;2.956
206;203;3.233
206;209;3.304
206;210;2.934
207;132;4.023
207;135;3.6
207;203;2.955
207;210;3.87
207;211;2.962
208;204;2.934
208;205;3.055
208;211;3.261
208;212;2.947
208;670;3.432
208;674;3.858
209;205;2.965
209;206;3.304
209;213;2.965
209;214;2.846
209;215;3.911
209;649;3.632
210;206;2.934
210;207;3.87
210;213;3.067
210;216;3.605
210;234;3.892
210;237;3.79
210;238;3.727
211;207;2.962
211;208;3.261
212;208;2.947
212;673;3.64
213;209;2.965
213;210;3.067
213;1334;3.152
213;1336;2.978
214;209;2.846
214;648;3.767
214;649;3.411
215;209;3.911
215;218;3.242
215;219;3.004
215;649;5.949
215;1341;3.831
216;210;3.605
216;220;3.046
216;221;3.174
216;235;3.923
216;238;3.307
216;1327;3.735
216;1330;3.543
216;1331;3.301
217;221;3.137
217;222;2.967
217;1327;3.673
217;1331;3.62
217;1366;3.4
217;1367;2.789
217;1368;3.127
218;215;3.242
218;1341;3.543
218;1368;3.122
219;215;3.004
219;222;3.051
220;143;3.054
220;196;3.479
220;197;3.147
220;216;3.046
220;230;2.846
220;234;6.494
221;216;3.174
221;217;3.137
221;224;2.952
221;231;3.398
221;1327;3.137
221;1366;3.491
222;217;2.967
222;219;3.051
222;1317;3.801
222;1366;3.386
223;192;3.515
224;192;3.943
224;221;2.952
224;226;2.942
224;227;3.114
224;230;3.605
225;227;3.072
225;1324;3.676
225;1362;2.839
225;1365;3.489
226;224;2.942
226;230;3.022
227;224;3.114
227;225;3.072
227;230;2.969
227;231;2.943
227;1363;3.805
227;1364;3.482
228;231;3.702
228;232;2.933
228;1361;2.834
228;1363;2.774
229;1246;3.714
229;1249;3.995
229;1250;3.264
229;1363;2.947
230;143;3.391
230;220;2.846
230;224;3.605
230;226;3.022
230;227;2.969
230;233;3.033
230;234;3.292
231;221;3.398
231;227;2.943
231;228;3.702
231;234;3.37
231;235;2.95
231;1327;3.462
231;1364;3.963
231;1365;3.907
232;228;2.933
232;236;2.977
233;135;3.712
233;138;3.544
233;143;3.596
233;230;3.033
233;236;3.105
233;237;2.968
234;143;3.702
234;197;6.247
234;210;3.892
234;220;6.494
234;230;3.292
234;231;3.37
234;237;3.123
234;238;2.965
235;216;3.923
235;231;2.95
235;238;3.127
235;239;2.974
235;1330;3.98
236;232;2.977
236;233;3.105
236;240;2.94
237;135;3.778
237;210;3.79
237;233;2.968
237;234;3.123
237;241;2.903
238;210;3.727
238;216;3.307
238;234;2.965
238;235;3.127
238;242;2.954
238;1330;3.386
239;235;2.974
239;243;2.961
239;1330;3.361
240;135;3.658
240;236;2.94
240;244;2.91
241;237;2.903
241;245;2.941
242;238;2.954
242;245;3.322
242;246;2.951
243;239;2.961
243;246;3.417
243;247;2.936
243;1276;3.681
243;1283;3.613
244;124;3.592
244;128;3.425
244;240;2.91
244;247;3.162
244;248;2.879
245;241;2.941
245;242;3.322
245;248;3.321
245;249;2.959
246;242;2.951
246;243;3.417
246;249;3.913
246;250;2.983
246;1394;3.76
247;243;2.936
247;244;3.162
247;250;3.623
247;251;2.903
247;1272;3.153
247;1275;3.761
248;244;2.879
248;245;3.321
248;251;3.112
248;252;2.937
248;681;3.641
249;245;2.959
249;246;3.913
249;253;3.124
249;681;3.668
249;684;3.705
249;1391;3.52
250;246;2.983
250;247;3.623
250;253;3.485
250;254;2.923
250;1394;3.987
250;1395;3.919
250;1398;3.501
251;247;2.903
251;248;3.112
251;255;2.927
252;248;2.937
252;255;3.335
252;256;3.091
252;685;3.791
253;249;3.124
253;250;3.485
253;256;3.193
253;257;3.085
253;684;3.618
253;685;3.969
253;688;3.456
253;1395;3.493
254;250;2.923
254;258;2.885
254;1399;3.809
255;116;3.981
255;117;3.936
255;120;3.467
255;251;2.927
255;252;3.335
255;258;3.205
255;259;2.976
256;252;3.091
256;253;3.193
256;260;3.066
256;685;3.694
257;253;3.085
257;260;3.309
257;261;2.905
257;692;5.719
257;1112;3.847
257;1399;3.874
258;120;2.632
258;254;2.885
258;255;3.205
258;261;3.0
258;262;3.516
259;119;2.73
259;120;2.851
259;255;2.976
259;269;2.883
260;256;3.066
260;257;3.309
260;268;4.009
260;269;3.159
260;270;3.003
261;257;2.905
261;258;3.0
261;268;3.541
261;270;3.694
261;272;3.057
262;258;3.516
262;267;2.675
262;268;2.823
263;272;3.874
263;700;4.039
264;266;3.247
265;272;3.505
265;274;3.805
265;704;3.808
266;264;3.247
266;268;3.891
267;262;2.675
268;260;4.009
268;261;3.541
268;262;2.823
268;266;3.891
269;259;2.883
269;260;3.159
270;260;3.003
270;261;3.694
270;272;3.933
271;273;3.035
272;261;3.057
272;263;3.874
272;265;3.505
272;270;3.933
272;274;3.021
273;271;3.035
273;276;3.044
274;265;3.805
274;272;3.021
274;699;3.801
274;703;3.922
274;705;3.361
275;277;2.897
275;279;3.344
275;280;3.725
275;283;3.17
276;273;3.044
277;275;2.897
277;280;3.096
278;281;3.125
278;288;2.746
278;289;2.8
278;290;3.626
278;708;2.912
279;275;3.344
279;282;2.987
279;283;2.654
279;705;2.638
279;706;3.493
280;275;3.725
280;277;3.096
280;283;3.011
281;278;3.125
281;292;3.377
282;279;2.987
282;290;2.935
283;275;3.17
283;279;2.654
283;280;3.011
283;706;2.842
284;287;3.559
285;724;3.832
286;733;2.748
287;284;3.559
287;733;3.291
288;278;2.746
288;706;3.779
288;708;3.617
288;709;2.965
289;278;2.8
289;709;3.924
290;278;3.626
290;282;2.935
291;306;2.738
292;281;3.377
293;695;2.82
293;696;3.892
293;1110;3.543
293;1113;3.554
294;1110;3.419
294;1113;3.758
294;1114;3.507
295;305;3.379
296;305;3.795
297;303;2.708
298;984;3.719
299;980;3.411
300;303;2.72
301;303;2.943
302;984;4.007
303;297;2.708
303;300;2.72
303;301;2.943
304;309;3.975
305;295;3.379
305;296;3.795
305;307;3.069
306;291;2.738
307;305;3.069
307;313;2.854
308;310;3.007
309;304;3.975
310;308;3.007
310;313;3.646
310;319;3.772
311;319;3.063
311;320;4.035
311;321;3.502
312;314;3.06
313;307;2.854
313;310;3.646
314;312;3.06
315;319;2.861
315;321;2.856
315;323;2.743
316;319;2.868
317;324;3.354
318;321;2.936
318;322;2.716
318;324;2.667
319;310;3.772
319;311;3.063
319;315;2.861
319;316;2.868
320;311;4.035
321;311;3.502
321;315;2.856
321;318;2.936
322;318;2.716
322;327;3.096
323;315;2.743
323;326;2.966
323;327;2.99
324;317;3.354
324;318;2.667
325;328;2.838
326;323;2.966
327;322;3.096
327;323;2.99
328;325;2.838
329;330;2.899
330;329;2.899
331;442;3.709
331;443;2.879
331;444;2.83
332;436;3.126
332;440;3.91
333;436;2.949
334;436;2.762
335;436;2.65
336;339;4.037
337;343;2.887
338;341;2.955
338;342;3.374
338;343;3.08
339;336;4.037
340;344;3.559
341;338;2.955
342;338;3.374
343;337;2.887
343;338;3.08
343;347;3.627
343;348;3.702
343;349;3.701
344;340;3.559
345;347;3.045
345;349;3.826
346;433;3.87
347;343;3.627
347;345;3.045
347;434;2.739
347;435;2.813
347;437;2.599
348;343;3.702
349;343;3.701
349;345;3.826
350;356;3.71
351;356;3.591
351;357;2.861
352;355;3.041
352;357;3.018
353;358;2.953
354;367;3.639
355;352;3.041
356;350;3.71
356;351;3.591
357;351;2.861
357;352;3.018
358;353;2.953
359;363;3.675
360;363;3.032
360;367;3.817
361;364;3.066
362;365;2.986
362;366;2.978
362;367;3.776
362;369;3.676
363;359;3.675
363;360;3.032
364;361;3.066
365;362;2.986
365;370;2.851
366;362;2.978
366;368;3.741
367;354;3.639
367;360;3.817
367;362;3.776
368;366;3.741
369;362;3.676
370;365;2.851
371;378;3.574
372;392;2.811
373;392;2.833
374;391;3.977
374;393;3.722
375;391;3.51
376;391;4.44
377;380;2.977
378;371;3.574
378;382;3.821
379;381;3.004
379;382;3.059
379;383;3.419
379;384;2.801
380;377;2.977
381;379;3.004
382;378;3.821
382;379;3.059
383;379;3.419
384;379;2.801
384;387;2.816
384;388;3.36
385;387;3.194
386;389;2.994
387;384;2.816
387;385;3.194
388;384;3.36
389;386;2.994
390;394;3.919
390;395;3.538
391;374;3.977
391;375;3.51
391;376;4.44
391;394;2.978
392;372;2.811
392;373;2.833
392;396;3.923
393;374;3.722
393;396;2.928
393;397;3.007
393;398;3.685
394;390;3.919
394;391;2.978
395;390;3.538
396;392;3.923
396;393;2.928
397;393;3.007
398;393;3.685
399;400;2.771
400;399;2.771
401;402;2.853
401;408;3.616
402;401;2.853
402;407;3.057
403;406;2.808
403;407;3.828
404;407;3.767
405;407;2.975
406;403;2.808
407;402;3.057
407;403;3.828
407;404;3.767
407;405;2.975
408;401;3.616
408;409;3.04
409;408;3.04
410;414;4.038
411;414;2.891
412;415;3.728
413;415;2.934
414;410;4.038
414;411;2.891
415;412;3.728
415;413;2.934
415;416;3.035
416;415;3.035
417;439;2.727
418;419;3.349
419;418;3.349
420;422;3.075
421;423;2.999
422;420;3.075
423;421;2.999
424;425;3.901
425;424;3.901
426;432;3.69
427;428;2.906
428;427;2.906
428;431;2.997
428;432;3.066
429;432;2.921
430;433;3.807
431;428;2.997
432;426;3.69
432;428;3.066
432;429;2.921
433;346;3.87
433;430;3.807
434;347;2.739
434;437;3.803
434;438;3.978
435;347;2.813
436;332;3.126
436;333;2.949
436;334;2.762
436;335;2.65
437;347;2.599
437;434;3.803
438;434;3.978
439;417;2.727
440;332;3.91
440;442;3.048
441;449;2.817
442;331;3.709
442;440;3.048
443;331;2.879
443;448;3.314
443;449;3.751
444;331;2.83
445;448;2.999
446;449;3.007
446;450;3.141
446;451;3.984
447;452;3.954
447;453;2.814
447;454;3.901
448;443;3.314
448;445;2.999
449;441;2.817
449;443;3.751
449;446;3.007
450;446;3.141
451;446;3.984
452;447;3.954
453;447;2.814
454;447;3.901
455;456;2.926
456;455;2.926
457;459;2.781
458;460;3.181
459;457;2.781
460;458;3.181
460;462;3.037
460;464;3.139
460;465;3.852
460;468;2.634
461;463;3.943
461;464;3.592
461;520;3.342
461;521;2.761
462;460;3.037
463;461;3.943
463;520;3.604
464;460;3.139
464;461;3.592
464;467;2.97
464;468;3.109
465;460;3.852
465;468;3.042
466;517;3.612
467;464;2.97
468;460;2.634
468;464;3.109
468;465;3.042
468;471;2.927
468;472;3.163
469;473;2.957
470;474;2.965
471;468;2.927
471;474;3.226
471;475;3.021
472;468;3.163
472;475;3.413
472;476;2.935
472;569;2.673
473;469;2.957
473;476;3.188
473;477;2.974
474;470;2.965
474;471;3.226
474;478;3.047
475;471;3.021
475;472;3.413
475;478;3.322
475;479;2.982
475;510;4.01
475;514;3.797
475;566;3.947
476;472;2.935
476;473;3.188
476;479;3.002
476;480;3.088
476;570;2.731
476;571;3.621
477;473;2.974
477;480;3.465
477;481;3.006
478;474;3.047
478;475;3.322
478;482;2.977
478;507;3.672
479;475;2.982
479;476;3.002
479;482;3.091
479;483;3.068
479;511;3.302
479;564;3.862
479;566;3.872
479;567;3.831
480;476;3.088
480;477;3.465
480;483;3.136
480;484;3.435
480;567;3.811
481;477;3.006
481;484;3.294
481;485;3.014
482;478;2.977
482;479;3.091
482;485;3.271
482;486;2.994
482;507;3.196
482;563;3.071
483;479;3.068
483;480;3.136
483;487;3.043
483;564;3.644
483;998;3.871
484;480;3.435
484;481;3.294
484;487;3.324
484;488;2.978
485;481;3.014
485;482;3.271
485;488;3.074
485;489;2.956
485;500;3.548
486;482;2.994
486;489;3.035
486;561;4.032
486;563;3.796
486;564;3.61
486;1002;4.005
487;483;3.043
487;484;3.324
488;484;2.978
488;485;3.074
488;492;3.612
489;485;2.956
489;486;3.035
489;493;2.915
489;500;4.006
489;504;3.407
490;493;2.984
490;1044;3.01
490;1045;3.038
491;494;2.959
491;495;3.013
492;488;3.612
492;496;3.029
493;489;2.915
493;490;2.984
493;497;2.797
494;491;2.959
494;497;2.763
495;491;3.013
496;492;3.029
496;499;3.047
496;500;2.929
497;493;2.797
497;494;2.763
497;501;2.966
498;501;3.281
498;502;3.038
499;496;3.047
499;502;3.91
499;503;2.959
500;485;3.548
500;489;4.006
500;496;2.929
500;503;3.315
500;504;2.923
501;497;2.966
501;498;3.281
501;504;3.346
501;505;3.034
502;498;3.038
502;499;3.91
502;506;2.965
503;499;2.959
503;500;3.315
503;507;2.973
504;489;3.407
504;500;2.923
504;501;3.346
504;507;3.41
504;508;3.093
504;563;3.261
505;501;3.034
505;508;3.339
505;509;3.009
505;547;3.776
505;548;3.419
506;502;2.965
506;509;3.021
506;510;3.083
507;478;3.672
507;482;3.196
507;503;2.973
507;504;3.41
507;510;3.064
507;511;3.368
508;504;3.093
508;505;3.339
508;511;2.94
508;543;2.838
508;544;3.748
508;547;3.798
509;505;3.009
509;506;3.021
509;512;2.873
510;475;4.01
510;506;3.083
510;507;3.064
510;513;3.051
510;514;3.243
511;479;3.302
511;507;3.368
511;508;2.94
511;515;2.989
511;540;3.671
511;544;3.909
511;566;3.416
512;509;2.873
512;515;3.415
512;516;3.032
512;544;3.496
513;510;3.051
513;517;3.06
514;475;3.797
514;510;3.243
514;517;3.454
514;518;2.948
514;566;2.74
514;569;2.717
515;511;2.989
515;512;3.415
515;518;3.471
515;519;2.986
515;540;3.7
516;512;3.032
516;519;3.239
516;520;3.096
517;466;3.612
517;513;3.06
517;514;3.454
517;521;2.965
518;514;2.948
518;515;3.471
518;521;3.028
518;522;3.034
518;526;2.669
518;527;3.606
518;533;2.775
519;515;2.986
519;516;3.239
519;527;3.757
519;528;3.943
520;461;3.342
520;463;3.604
520;516;3.096
521;461;2.761
521;517;2.965
521;518;3.028
522;518;3.034
522;526;3.709
523;526;2.92
523;527;2.92
524;528;2.979
525;529;3.069
526;518;2.669
526;522;3.709
526;523;2.92
526;529;3.073
526;530;2.928
527;518;3.606
527;519;3.757
527;523;2.92
527;533;3.218
527;537;2.978
528;519;3.943
528;524;2.979
529;525;3.069
529;526;3.073
530;526;2.928
530;533;2.967
530;534;3.037
531;534;3.961
531;535;3.012
532;536;2.993
532;574;2.954
532;577;3.95
533;518;2.775
533;527;3.218
533;530;2.967
533;536;3.492
533;537;2.96
534;530;3.037
534;531;3.961
534;537;3.396
534;538;2.988
535;531;3.012
535;538;3.444
535;539;3.022
536;532;2.993
536;533;3.492
536;539;3.21
536;540;2.906
536;566;2.643
536;569;3.854
537;527;2.978
537;533;2.96
537;534;3.396
537;541;3.002
538;534;2.988
538;535;3.444
538;541;3.191
538;542;3.086
539;535;3.022
539;536;3.21
539;543;3.011
540;511;3.671
540;515;3.7
540;536;2.906
540;544;2.94
540;566;3.75
541;537;3.002
541;538;3.191
541;545;2.994
542;538;3.086
542;546;3.206
542;559;3.549
543;508;2.838
543;539;3.011
543;547;3.406
543;563;3.069
544;508;3.748
544;511;3.909
544;512;3.496
544;540;2.94
544;547;3.145
544;548;2.912
545;541;2.994
545;548;3.3
545;549;3.042
546;542;3.206
546;550;2.999
546;551;3.074
546;560;3.784
547;505;3.776
547;508;3.798
547;543;3.406
547;544;3.145
547;551;3.727
547;560;3.944
548;505;3.419
548;544;2.912
548;545;3.3
549;545;3.042
550;546;2.999
550;552;2.945
551;546;3.074
551;547;3.727
551;557;2.824
552;550;2.945
552;557;3.273
553;556;2.79
554;557;3.208
554;558;2.935
555;558;3.282
555;559;2.956
555;1084;3.785
556;553;2.79
556;559;3.094
556;560;3.081
557;551;2.824
557;552;3.273
557;554;3.208
557;560;2.932
558;554;2.935
558;555;3.282
558;561;2.995
558;1006;3.148
559;542;3.549
559;555;2.956
559;556;3.094
559;562;2.982
560;546;3.784
560;547;3.944
560;556;3.081
560;557;2.932
560;563;3.045
561;486;4.032
561;558;2.995
561;564;3.186
561;1002;3.711
561;1003;3.909
562;559;2.982
562;565;2.898
562;999;3.913
563;482;3.071
563;486;3.796
563;504;3.261
563;543;3.069
563;560;3.045
563;566;2.98
564;479;3.862
564;483;3.644
564;486;3.61
564;561;3.186
564;567;2.922
564;995;3.811
564;999;3.519
565;562;2.898
565;568;2.781
565;996;3.658
565;999;3.453
566;475;3.947
566;479;3.872
566;511;3.416
566;514;2.74
566;536;2.643
566;540;3.75
566;563;2.98
566;569;2.982
567;479;3.831
567;480;3.811
567;564;2.922
567;570;2.974
567;571;2.948
567;573;3.895
567;995;3.559
568;565;2.781
569;472;2.673
569;514;2.717
569;536;3.854
569;566;2.982
570;476;2.731
570;567;2.974
571;476;3.621
571;567;2.948
571;573;3.893
571;574;3.019
572;575;3.078
572;576;2.924
572;988;3.229
573;567;3.895
573;571;3.893
573;576;3.22
573;577;3.013
573;992;3.487
574;532;2.954
574;571;3.019
574;577;3.836
574;578;3.05
575;572;3.078
575;578;3.445
575;579;2.97
576;572;2.924
576;573;3.22
576;579;3.255
576;580;2.955
576;989;4.037
576;992;3.638
577;532;3.95
577;573;3.013
577;574;3.836
577;581;3.056
578;574;3.05
578;575;3.445
578;581;3.385
578;582;2.806
579;575;2.97
579;576;3.255
579;582;3.329
579;583;2.936
580;576;2.955
580;583;3.214
580;584;3.075
580;1098;3.597
581;577;3.056
581;578;3.385
581;584;2.995
582;578;2.806
582;579;3.329
582;585;2.984
583;579;2.936
583;580;3.214
583;586;3.07
583;587;3.082
583;687;3.778
583;1098;3.49
583;1102;3.546
584;580;3.075
584;581;2.995
584;588;2.975
584;1098;3.838
585;582;2.984
585;588;3.005
586;583;3.07
586;687;3.909
587;583;3.082
587;590;3.283
587;591;2.873
587;683;3.572
587;1098;3.825
588;584;2.975
588;585;3.005
588;592;3.052
589;106;3.444
589;110;3.335
589;592;3.226
589;593;3.29
590;110;3.976
590;587;3.283
590;593;3.047
590;594;3.021
590;682;3.488
590;683;3.816
591;587;2.873
591;595;2.925
592;588;3.052
592;589;3.226
592;595;3.279
592;596;3.054
593;107;3.683
593;589;3.29
593;590;3.047
593;596;3.453
593;597;3.033
594;590;3.021
594;597;3.478
594;598;2.961
594;645;3.896
595;591;2.925
595;592;3.279
595;599;2.974
596;100;3.512
596;592;3.054
596;593;3.453
596;599;3.294
596;600;3.003
597;593;3.033
597;594;3.478
597;600;3.292
597;601;2.95
597;675;3.724
598;594;2.961
598;601;3.494
598;602;2.93
598;638;3.524
598;641;3.804
599;19;3.515
599;23;3.709
599;595;2.974
599;596;3.294
599;602;3.279
599;603;3.002
599;634;3.437
600;94;3.938
600;98;3.98
600;596;3.003
600;597;3.292
600;603;3.275
600;604;2.998
601;597;2.95
601;598;3.494
601;605;2.959
601;641;3.776
601;671;4.08
601;672;3.511
601;675;3.887
602;598;2.93
602;599;3.279
602;605;3.25
602;606;2.992
602;634;3.715
602;637;3.974
603;94;3.614
603;599;3.002
603;600;3.275
603;607;3.31
604;94;3.707
604;600;2.998
604;607;3.325
604;608;3.019
605;601;2.959
605;602;3.25
605;609;2.999
605;610;2.819
605;631;3.807
606;25;3.222
606;602;2.992
606;610;3.05
606;611;3.163
606;633;4.069
607;91;3.297
607;603;3.31
607;604;3.325
608;87;3.932
608;91;3.704
608;604;3.019
608;611;2.798
609;605;2.999
609;612;3.011
609;613;3.547
609;627;3.505
609;631;4.118
609;665;3.428
610;605;2.819
610;606;3.05
610;627;3.747
611;606;3.163
611;608;2.798
612;609;3.011
612;624;4.132
612;627;2.982
613;609;3.547
613;625;3.086
613;627;2.97
613;653;3.806
613;654;3.459
613;661;2.799
613;665;3.619
614;623;2.64
614;624;3.34
614;654;3.687
614;655;2.921
615;618;3.01
615;619;2.858
615;620;2.81
615;621;2.752
616;654;4.155
616;655;2.799
616;657;3.602
617;620;3.821
618;615;3.01
618;623;3.976
619;615;2.858
620;615;2.81
620;617;3.821
620;1032;3.96
621;615;2.752
622;628;3.567
622;629;3.156
623;614;2.64
623;618;3.976
624;612;4.132
624;614;3.34
624;628;3.51
625;613;3.086
625;628;3.164
625;629;3.136
625;652;2.852
625;653;3.581
626;629;3.035
626;630;2.84
626;651;3.878
627;609;3.505
627;610;3.747
627;612;2.982
627;613;2.97
627;631;3.69
627;653;3.587
628;622;3.567
628;624;3.51
628;625;3.164
628;632;3.497
629;622;3.156
629;625;3.136
629;626;3.035
629;1072;3.644
630;626;2.84
630;636;3.998
630;639;3.907
630;640;3.841
630;1063;3.444
630;1067;3.698
631;605;3.807
631;609;4.118
631;627;3.69
631;636;3.632
631;640;3.646
631;653;4.008
632;628;3.497
632;1076;2.732
633;25;3.697
633;606;4.069
633;636;2.876
633;637;2.942
633;1079;2.875
634;25;3.31
634;599;3.437
634;602;3.715
634;637;3.418
634;638;2.939
635;638;3.22
635;639;2.994
635;1079;3.639
635;1082;3.834
635;1083;3.643
635;1086;3.972
636;630;3.998
636;631;3.632
636;633;2.876
636;639;3.251
636;640;2.98
636;1082;3.116
637;602;3.974
637;633;2.942
637;634;3.418
637;640;4.007
637;641;2.971
638;598;3.524
638;634;2.939
638;635;3.22
638;641;3.477
638;642;2.971
639;630;3.907
639;635;2.994
639;636;3.251
639;642;3.281
639;643;3.036
639;1067;3.939
639;1086;3.635
640;630;3.841
640;631;3.646
640;636;2.98
640;637;4.007
640;643;3.139
640;644;3.014
640;650;3.794
641;598;3.804
641;601;3.776
641;637;2.971
641;638;3.477
641;644;3.399
641;645;2.992
641;672;4.032
642;638;2.971
642;639;3.281
642;645;3.065
642;646;3.218
642;1059;5.784
642;1062;3.482
642;1086;3.732
642;1093;3.893
643;639;3.036
643;640;3.139
643;649;2.849
643;1063;3.529
644;640;3.014
644;641;3.399
644;647;2.972
644;669;3.415
644;672;3.555
644;673;3.967
645;594;3.896
645;641;2.992
645;642;3.065
645;676;3.805
646;642;3.218
646;1059;3.474
647;644;2.972
647;669;2.876
647;673;3.988
648;214;3.767
648;1059;3.814
648;1060;2.746
648;1061;2.824
649;209;3.632
649;214;3.411
649;215;5.949
649;643;2.849
649;669;3.857
649;1064;3.859
650;640;3.794
650;653;3.516
650;669;3.258
651;626;3.878
651;1064;3.503
652;625;2.852
652;1019;3.819
653;613;3.806
653;625;3.581
653;627;3.587
653;631;4.008
653;650;3.516
653;662;3.196
653;665;3.47
654;613;3.459
654;614;3.687
654;616;4.155
654;658;3.373
654;662;2.942
655;614;2.921
655;616;2.799
655;662;3.606
656;1020;3.434
657;616;3.602
658;654;3.373
658;661;2.761
658;662;3.076
659;663;2.957
660;663;3.361
660;664;2.979
661;613;2.799
661;658;2.761
661;664;3.218
661;665;3.052
662;653;3.196
662;654;2.942
662;655;3.606
662;658;3.076
662;665;3.06
662;666;2.901
663;659;2.957
663;660;3.361
663;666;3.152
663;667;3.022
664;660;2.979
664;661;3.218
665;609;3.428
665;613;3.619
665;653;3.47
665;661;3.052
665;662;3.06
665;668;3.003
665;669;2.915
666;205;3.827
666;662;2.901
666;663;3.152
666;669;3.354
666;670;2.964
667;663;3.022
667;670;3.438
667;671;2.999
668;665;3.003
668;671;3.383
668;672;2.971
669;644;3.415
669;647;2.876
669;649;3.857
669;650;3.258
669;665;2.915
669;666;3.354
669;672;3.323
669;673;2.975
670;208;3.432
670;666;2.964
670;667;3.438
670;673;3.414
670;674;2.993
671;601;4.08
671;667;2.999
671;668;3.383
671;674;3.474
671;675;2.997
672;601;3.511
672;641;4.032
672;644;3.555
672;668;2.971
672;669;3.323
672;676;2.951
673;212;3.64
673;644;3.967
673;647;3.988
673;669;2.975
673;670;3.414
673;677;2.932
674;208;3.858
674;670;2.993
674;671;3.474
674;677;3.426
674;678;3.032
675;597;3.724
675;601;3.887
675;671;2.997
675;678;3.423
675;679;2.988
676;645;3.805
676;672;2.951
676;679;3.187
676;680;2.933
677;673;2.932
677;674;3.426
677;680;3.262
677;681;2.98
678;114;3.793
678;674;3.032
678;675;3.423
678;682;3.029
679;675;2.988
679;676;3.187
679;682;3.322
679;683;2.916
680;676;2.933
680;677;3.262
680;683;3.127
680;684;3.082
681;248;3.641
681;249;3.668
681;677;2.98
681;684;3.48
681;685;3.015
682;590;3.488
682;678;3.029
682;679;3.322
682;686;2.923
683;587;3.572
683;590;3.816
683;679;2.916
683;680;3.127
683;686;3.384
683;687;3.126
683;1101;3.379
684;249;3.705
684;253;3.618
684;680;3.082
684;681;3.48
684;687;3.449
684;688;2.946
684;1101;3.599
684;1104;3.763
685;252;3.791
685;253;3.969
685;256;3.694
685;681;3.015
685;688;3.369
685;689;2.955
686;682;2.923
686;683;3.384
686;690;3.09
687;583;3.778
687;586;3.909
687;683;3.126
687;684;3.449
687;690;3.295
687;691;2.995
687;1101;3.65
687;1102;3.765
687;1105;3.548
688;253;3.456
688;684;2.946
688;685;3.369
688;692;2.984
688;1105;3.98
688;1108;3.466
689;685;2.955
689;692;3.229
689;693;3.037
690;686;3.09
690;687;3.295
690;693;3.154
690;694;3.13
691;687;2.995
691;694;2.956
691;1105;3.431
691;1109;3.422
692;257;5.719
692;688;2.984
692;689;3.229
692;1109;3.557
692;1112;3.231
693;689;3.037
693;690;3.154
694;690;3.13
694;691;2.956
695;293;2.82
695;1109;3.586
696;293;3.892
697;1112;3.707
698;707;3.716
698;1116;2.807
698;1117;2.804
699;274;3.801
699;707;3.74
699;1116;2.781
700;263;4.039
700;703;2.859
700;1119;3.669
701;707;3.298
701;708;3.695
701;1119;3.366
701;1120;2.966
702;721;2.602
702;1126;2.946
703;274;3.922
703;700;2.859
704;265;3.808
705;274;3.361
705;279;2.638
706;279;3.493
706;283;2.842
706;288;3.779
707;698;3.716
707;699;3.74
707;701;3.298
708;278;2.912
708;288;3.617
708;701;3.695
709;288;2.965
709;289;3.924
710;723;3.33
711;721;3.814
711;722;3.791
711;1124;3.511
712;715;3.952
713;717;3.839
713;1121;3.607
713;1122;3.697
713;1123;2.809
713;1124;3.611
714;1122;3.173
714;1123;3.257
715;712;3.952
715;830;2.878
715;831;3.684
716;830;3.778
716;833;2.832
716;834;2.763
717;713;3.839
717;720;3.765
717;1123;2.853
718;800;3.667
718;806;3.463
719;1125;3.349
719;1128;3.98
719;1129;3.213
720;717;3.765
721;702;2.602
721;711;3.814
721;1124;2.774
722;711;3.791
722;725;3.484
722;805;3.392
723;710;3.33
724;285;3.832
724;733;2.819
725;722;3.484
725;733;4.003
726;733;3.765
727;732;4.0
727;734;3.758
727;810;3.733
727;812;3.552
727;814;3.839
728;731;2.962
729;809;3.602
730;812;2.714
731;728;2.962
732;727;4.0
732;734;2.999
732;736;3.547
733;286;2.748
733;287;3.291
733;724;2.819
733;725;4.003
733;726;3.765
734;727;3.758
734;732;2.999
734;814;2.603
735;738;2.947
735;739;2.922
735;741;3.537
735;752;2.821
735;753;3.355
735;754;2.827
736;732;3.547
737;754;2.916
738;735;2.947
739;735;2.922
740;742;3.187
741;735;3.537
742;740;3.187
743;747;3.72
743;748;3.831
744;746;2.799
745;749;3.577
746;744;2.799
747;743;3.72
748;743;3.831
748;753;3.741
749;745;3.577
750;753;2.988
751;764;2.898
751;767;4.039
752;735;2.821
753;735;3.355
753;748;3.741
753;750;2.988
754;735;2.827
754;737;2.916
754;760;3.456
755;759;3.708
755;772;3.978
756;772;3.569
756;774;2.849
756;775;2.708
756;776;3.042
757;771;3.809
758;771;3.143
758;774;2.815
759;755;3.708
759;765;3.838
760;754;3.456
760;763;3.346
761;763;3.024
762;768;2.786
763;760;3.346
763;761;3.024
764;751;2.898
765;759;3.838
765;771;2.968
766;770;3.652
767;751;4.039
768;762;2.786
769;770;2.845
770;766;3.652
770;769;2.845
770;773;2.993
771;757;3.809
771;758;3.143
771;765;2.968
771;774;2.794
772;755;3.978
772;756;3.569
772;776;2.714
773;770;2.993
774;756;2.849
774;758;2.815
774;771;2.794
775;756;2.708
776;756;3.042
776;772;2.714
776;780;3.77
777;780;3.328
777;781;3.594
777;782;3.543
778;779;2.974
779;778;2.974
780;776;3.77
780;777;3.328
781;777;3.594
782;777;3.543
783;787;2.836
784;791;2.854
785;790;2.943
786;789;3.08
787;783;2.836
788;793;2.912
789;786;3.08
789;792;2.946
790;785;2.943
790;796;3.079
790;1131;2.672
791;784;2.854
792;789;2.946
793;788;2.912
794;1131;2.957
795;798;2.774
795;1131;3.336
795;1132;2.917
796;790;3.079
797;799;2.711
798;795;2.774
798;1132;6.424
799;797;2.711
800;718;3.667
800;806;3.861
800;807;3.592
801;802;2.726
801;803;2.967
801;804;3.767
802;801;2.726
803;801;2.967
803;808;2.853
804;801;3.767
804;809;3.38
805;722;3.392
806;718;3.463
806;800;3.861
806;810;2.773
807;800;3.592
807;810;3.363
808;803;2.853
808;811;3.117
809;729;3.602
809;804;3.38
810;727;3.733
810;806;2.773
810;807;3.363
811;808;3.117
812;727;3.552
812;730;2.714
812;814;3.716
813;815;3.334
814;727;3.839
814;734;2.603
814;812;3.716
815;813;3.334
815;816;2.836
815;817;4.01
816;815;2.836
817;815;4.01
818;820;2.992
819;821;3.728
819;826;3.486
820;818;2.992
821;819;3.728
821;826;3.186
822;825;3.623
823;825;3.039
824;827;3.02
825;822;3.623
825;823;3.039
826;819;3.486
826;821;3.186
826;829;3.786
827;824;3.02
827;828;2.845
827;829;2.815
828;827;2.845
829;826;3.786
829;827;2.815
830;715;2.878
830;716;3.778
831;715;3.684
831;833;3.064
832;841;4.005
832;844;3.891
833;716;2.832
833;831;3.064
833;836;3.841
834;716;2.763
835;839;3.834
836;833;3.841
837;840;2.945
838;842;2.634
838;916;2.71
839;835;3.834
839;851;4.004
840;837;2.945
841;832;4.005
841;843;2.992
841;845;2.81
841;846;2.867
842;838;2.634
843;841;2.992
843;845;3.122
844;832;3.891
845;841;2.81
845;843;3.122
846;841;2.867
847;850;3.992
847;851;3.671
848;852;2.751
849;856;3.935
850;847;3.992
851;839;4.004
851;847;3.671
851;855;3.77
852;848;2.751
852;855;2.692
852;911;2.88
852;912;2.809
853;856;3.047
853;908;3.822
854;859;3.813
854;905;3.944
854;908;3.42
854;909;3.578
855;851;3.77
855;852;2.692
855;912;3.961
856;849;3.935
856;853;3.047
856;859;2.865
856;860;2.946
857;861;3.065
858;861;3.428
858;862;2.886
859;854;3.813
859;856;2.865
859;862;3.336
859;863;2.969
860;856;2.946
860;863;3.334
860;864;3.158
860;968;3.068
861;857;3.065
861;858;3.428
861;864;3.45
861;865;3.014
862;858;2.886
862;859;3.336
862;865;3.287
862;866;2.92
863;859;2.969
863;860;3.334
863;866;3.411
863;867;2.969
863;902;3.802
863;905;3.695
864;860;3.158
864;861;3.45
864;867;3.336
864;868;2.953
864;968;3.405
865;861;3.014
865;862;3.287
865;868;3.232
865;869;2.982
866;862;2.92
866;863;3.411
866;870;2.958
866;902;3.969
867;863;2.969
867;864;3.336
867;871;2.897
867;898;3.953
867;902;3.478
867;961;3.683
867;965;3.788
868;864;2.953
868;865;3.232
868;871;3.222
868;872;2.989
869;865;2.982
869;872;3.111
869;873;3.011
870;866;2.958
870;873;3.404
870;874;2.954
870;961;3.635
871;867;2.897
871;868;3.222
871;875;2.984
872;868;2.989
872;869;3.111
872;875;3.403
872;876;2.956
873;869;3.011
873;870;3.404
873;876;2.976
873;877;3.256
874;870;2.954
874;959;3.912
874;961;4.004
875;871;2.984
875;872;3.403
875;879;3.685
875;1299;3.849
876;872;2.956
876;873;2.976
876;879;3.074
876;880;3.027
876;883;3.447
876;887;3.821
877;873;3.256
877;884;2.755
877;952;2.687
878;881;3.313
878;884;2.669
878;1302;3.366
878;1356;3.004
879;875;3.685
879;876;3.074
879;1322;3.737
880;876;3.027
880;883;2.97
880;884;3.027
881;878;3.313
881;884;3.194
881;885;3.009
881;1357;4.01
882;885;2.636
883;876;3.447
883;880;2.97
883;886;3.302
883;887;2.961
884;877;2.755
884;878;2.669
884;880;3.027
884;881;3.194
884;888;3.028
884;1355;3.889
885;881;3.009
885;882;2.636
885;1357;3.465
886;883;3.302
887;876;3.821
887;883;2.961
887;890;3.101
887;891;3.018
888;884;3.028
888;891;3.377
888;892;2.732
889;893;3.028
890;887;3.101
890;893;3.4
890;894;2.999
891;887;3.018
891;888;3.377
891;894;2.985
891;895;3.25
892;888;2.732
892;895;3.002
892;896;3.025
892;952;2.888
892;955;3.858
893;889;3.028
893;890;3.4
893;896;2.889
893;897;2.95
894;890;2.999
894;891;2.985
894;897;3.482
894;898;2.926
895;891;3.25
895;892;3.002
895;899;2.998
895;955;3.983
895;958;3.764
896;892;3.025
896;893;2.889
896;899;3.316
896;900;3.025
897;893;2.95
897;894;3.482
897;901;2.981
898;867;3.953
898;894;2.926
898;901;3.248
898;902;2.944
898;958;3.975
898;961;3.594
899;895;2.998
899;896;3.316
899;903;2.957
899;958;3.887
900;896;3.025
900;904;3.023
901;897;2.981
901;898;3.248
901;904;3.979
901;905;2.946
902;863;3.802
902;866;3.969
902;867;3.478
902;898;2.944
902;906;3.001
902;964;3.636
903;899;2.957
903;906;3.215
903;907;2.968
903;931;3.906
903;935;3.655
904;900;3.023
904;901;3.979
904;907;3.21
904;908;2.932
905;854;3.944
905;863;3.695
905;901;2.946
905;909;2.749
905;964;3.57
906;902;3.001
906;903;3.215
906;910;2.958
906;928;3.802
907;903;2.968
907;904;3.21
907;910;3.44
907;911;2.995
908;853;3.822
908;854;3.42
908;904;2.932
908;911;3.997
908;912;2.97
909;854;3.578
909;905;2.749
909;912;3.428
909;913;3.058
909;918;3.721
909;924;4.1
909;927;2.668
910;906;2.958
910;907;3.44
910;913;3.008
910;914;2.917
910;915;3.775
910;918;6.064
910;919;3.671
911;852;2.88
911;907;2.995
911;908;3.997
912;852;2.809
912;855;3.961
912;908;2.97
912;909;3.428
913;909;3.058
913;910;3.008
913;917;2.913
913;921;3.736
913;924;3.638
914;910;2.917
914;917;2.964
914;918;2.981
915;910;3.775
915;918;3.425
915;919;3.018
916;838;2.71
916;919;3.047
916;920;2.886
917;913;2.913
917;914;2.964
918;909;3.721
918;910;6.064
918;914;2.981
918;915;3.425
918;921;3.032
918;924;3.698
918;928;3.833
919;910;3.671
919;915;3.018
919;916;3.047
919;928;4.012
920;916;2.886
921;913;3.736
921;918;3.032
921;924;3.022
921;925;2.938
922;926;2.981
923;926;3.437
923;927;3.002
923;973;4.004
923;976;3.938
924;909;4.1
924;913;3.638
924;918;3.698
924;921;3.022
924;927;3.211
924;928;2.976
925;921;2.938
925;928;3.778
925;929;2.971
926;922;2.981
926;923;3.437
926;929;3.178
927;909;2.668
927;923;3.002
927;924;3.211
927;964;2.955
927;967;2.774
928;906;3.802
928;918;3.833
928;919;4.012
928;924;2.976
928;925;3.778
928;931;3.02
928;932;2.965
929;925;2.971
929;926;3.178
929;933;3.028
930;960;3.991
930;964;3.732
931;903;3.906
931;928;3.02
931;934;3.257
931;935;3.103
932;928;2.965
932;935;2.851
932;936;2.905
933;929;3.028
933;937;2.96
933;957;3.696
934;931;3.257
934;937;3.941
934;938;3.05
934;958;2.85
935;903;3.655
935;931;3.103
935;932;2.851
935;938;3.335
935;939;2.993
936;932;2.905
936;939;3.182
936;940;2.999
937;933;2.96
937;934;3.941
937;940;3.43
937;941;2.98
938;934;3.05
938;935;3.335
938;941;3.26
938;942;2.983
938;951;3.798
939;935;2.993
939;936;3.182
939;942;3.187
939;943;2.925
940;936;2.999
940;937;3.43
940;943;3.131
940;944;2.961
941;937;2.98
941;938;3.26
941;946;3.043
941;950;3.308
941;951;3.302
941;954;3.672
942;938;2.983
942;939;3.187
942;945;3.003
943;939;2.925
943;940;3.131
944;940;2.961
945;942;3.003
946;941;3.043
947;950;3.859
948;951;3.484
948;952;3.005
949;952;2.721
949;953;3.199
950;941;3.308
950;947;3.859
950;954;2.967
951;938;3.798
951;941;3.302
951;948;3.484
951;955;2.961
952;877;2.687
952;892;2.888
952;948;3.005
952;949;2.721
952;1354;3.865
953;949;3.199
953;956;3.063
953;1304;3.924
953;1351;2.976
953;1352;3.661
953;1353;3.143
954;941;3.672
954;950;2.967
955;892;3.858
955;895;3.983
955;951;2.961
955;958;2.737
956;953;3.063
956;959;2.761
956;960;3.31
