source;destination;distance
0;3;2.767
1;47;3.58
2;7;3.621
2;48;3.674
3;0;2.767
4;7;3.248
4;8;2.972
5;9;2.971
6;10;2.971
7;2;3.621
7;4;3.248
7;10;3.132
7;11;2.97
7;43;3.964
7;47;3.727
8;4;2.972
8;11;3.457
8;12;2.971
9;5;2.971
9;13;2.934
10;6;2.971
10;7;3.132
10;14;2.943
11;7;2.97
11;8;3.457
11;14;3.413
11;15;3.023
11;44;3.613
12;8;2.971
12;16;2.985
12;104;3.976
13;9;2.934
13;16;3.364
13;17;2.941
14;10;2.943
14;11;3.413
14;18;3.007
14;37;3.83
15;11;3.023
15;19;2.977
15;37;3.753
15;99;3.929
15;100;3.595
16;12;2.985
16;13;3.364
16;19;3.147
16;20;3.082
17;13;2.941
17;20;3.315
17;21;2.983
18;14;3.007
18;21;3.533
18;22;2.961
18;37;3.038
18;96;3.209
19;15;2.977
19;16;3.147
19;22;3.166
19;97;3.499
19;592;3.508
20;16;3.082
20;17;3.315
21;17;2.983
21;18;3.533
21;24;2.995
21;30;3.636
21;33;3.403
22;18;2.961
22;19;3.166
22;93;4.066
22;96;3.883
22;97;3.965
23;592;3.803
24;21;2.995
24;27;4.034
25;599;3.218
25;626;3.68
25;627;3.283
26;30;3.836
27;24;4.034
27;30;2.845
28;31;2.716
28;32;3.023
29;32;3.316
29;33;2.986
30;21;3.636
30;26;3.836
30;27;2.845
30;33;3.39
30;34;2.99
31;28;2.716
31;34;3.444
31;35;3.0
32;28;3.023
32;29;3.316
32;36;2.996
33;21;3.403
33;29;2.986
33;30;3.39
33;36;3.269
33;37;2.955
34;30;2.99
34;31;3.444
34;37;3.326
34;38;2.93
34;80;3.808
34;93;2.872
34;96;3.687
35;31;3.0
35;38;3.309
35;39;2.958
35;81;6.322
36;32;2.996
36;33;3.269
36;39;3.395
36;40;3.007
37;14;3.83
37;15;3.753
37;18;3.038
37;33;2.955
37;34;3.326
37;40;3.04
37;41;2.855
37;96;3.928
38;34;2.93
38;35;3.309
38;42;2.991
38;80;2.59
39;35;2.958
39;36;3.395
39;42;3.189
39;43;2.99
40;36;3.007
40;37;3.04
40;43;3.395
40;44;2.904
41;37;2.855
41;45;2.957
41;73;3.476
41;99;3.494
42;38;2.991
42;39;3.189
42;45;3.314
42;46;2.981
43;7;3.964
43;39;2.99
43;40;3.395
43;46;3.409
43;47;3.056
44;11;3.613
44;40;2.904
44;47;3.235
44;48;2.776
44;99;2.642
45;41;2.957
45;42;3.314
45;49;2.99
45;56;3.966
45;73;3.943
46;42;2.981
46;43;3.409
46;50;3.075
46;51;3.97
47;1;3.58
47;7;3.727
47;43;3.056
47;44;3.235
48;2;3.674
48;44;2.776
48;66;3.162
48;69;2.655
49;45;2.99
49;56;3.987
49;59;3.831
49;66;3.691
50;46;3.075
50;55;3.586
51;46;3.97
52;55;3.057
52;58;3.445
53;56;2.979
54;57;3.009
55;50;3.586
55;52;3.057
55;58;2.983
56;45;3.966
56;49;3.987
56;53;2.979
56;59;3.042
57;54;3.009
57;60;3.014
58;52;3.445
58;55;2.983
58;61;3.037
59;49;3.831
59;56;3.042
59;62;2.961
59;63;3.867
59;66;3.483
59;67;3.791
59;70;3.694
60;57;3.014
60;67;3.771
61;58;3.037
62;59;2.961
63;59;3.867
63;66;3.452
63;67;2.914
64;67;3.423
64;68;3.045
65;68;3.011
65;69;3.053
65;102;3.468
65;108;3.222
65;111;3.848
66;48;3.162
66;49;3.691
66;59;3.483
66;63;3.452
66;69;3.72
66;70;2.971
67;59;3.791
67;60;3.771
67;63;2.914
67;64;3.423
67;70;5.285
67;71;2.96
68;64;3.045
68;65;3.011
68;72;2.988
68;101;3.859
69;48;2.655
69;65;3.053
69;66;3.72
69;72;3.36
69;73;2.922
69;99;3.313
69;102;2.591
70;59;3.694
70;66;2.971
70;67;5.285
70;73;3.169
70;74;2.992
71;67;2.96
71;74;3.426
71;75;2.969
72;68;2.988
72;69;3.36
72;76;2.918
72;95;3.623
73;41;3.476
73;45;3.943
73;69;2.922
73;70;3.169
73;76;3.436
73;77;2.894
74;70;2.992
74;71;3.426
74;77;3.359
74;78;3.006
75;71;2.969
75;78;3.489
75;79;2.994
75;92;3.391
76;72;2.918
76;73;3.436
76;79;3.011
76;80;2.858
77;73;2.894
77;74;3.359
77;81;2.99
78;74;3.006
78;75;3.489
78;82;2.998
79;75;2.994
79;76;3.011
79;83;3.938
79;89;2.669
80;34;3.808
80;38;2.59
80;76;2.858
80;96;3.908
81;35;6.322
81;77;2.99
82;78;2.998
82;84;2.974
83;79;3.938
83;90;2.925
83;93;3.624
84;82;2.974
85;89;3.615
86;89;3.18
87;90;2.885
87;91;3.172
87;601;3.9
88;91;3.12
89;79;2.669
89;85;3.615
89;86;3.18
89;92;3.015
90;83;2.925
90;87;2.885
91;87;3.172
91;88;3.12
91;94;3.006
91;600;3.372
91;601;3.852
92;75;3.391
92;89;3.015
92;95;2.852
93;22;4.066
93;34;2.872
93;83;3.624
93;96;2.938
94;91;3.006
94;97;2.851
94;593;3.926
94;596;3.651
94;597;3.693
95;72;3.623
95;92;2.852
95;98;3.156
95;99;3.031
96;18;3.209
96;22;3.883
96;34;3.687
96;37;3.928
96;80;3.908
96;93;2.938
96;99;3.086
97;19;3.499
97;22;3.965
97;94;2.851
97;100;3.015
98;95;3.156
98;101;2.736
98;593;3.976
99;15;3.929
99;41;3.494
99;44;2.642
99;69;3.313
99;95;3.031
99;96;3.086
99;102;2.775
99;103;3.386
100;15;3.595
100;97;3.015
100;103;2.995
100;104;2.955
100;107;3.651
100;589;3.534
101;68;3.859
101;98;2.736
101;111;3.8
102;65;3.468
102;69;2.591
102;99;2.775
102;108;2.785
103;99;3.386
103;100;2.995
104;12;3.976
104;100;2.955
104;107;3.09
104;108;2.978
105;108;3.385
105;109;2.943
106;110;3.125
106;582;3.456
107;100;3.651
107;104;3.09
107;110;3.42
107;111;3.015
107;586;3.674
108;65;3.222
108;102;2.785
108;104;2.978
108;105;3.385
108;111;3.481
108;112;2.97
109;105;2.943
109;112;3.226
109;113;3.037
110;106;3.125
110;107;3.42
110;113;3.093
110;114;2.993
110;582;3.338
110;583;4.017
111;65;3.848
111;101;3.8
111;107;3.015
111;108;3.481
111;114;3.261
111;115;3.045
112;108;2.97
112;109;3.226
112;116;3.011
113;109;3.037
113;110;3.093
113;116;3.225
113;117;3.049
114;110;2.993
114;111;3.261
114;117;3.004
114;118;3.236
114;671;3.812
115;111;3.045
115;118;2.989
116;112;3.011
116;113;3.225
116;119;2.773
116;253;3.855
117;113;3.049
117;114;3.004
117;120;3.04
117;121;3.021
117;253;3.961
118;114;3.236
118;115;2.989
118;122;3.011
119;116;2.773
119;257;2.716
120;117;3.04
120;123;3.344
120;253;3.833
120;256;2.627
120;257;2.885
121;117;3.021
121;124;3.351
121;125;2.935
121;250;3.982
122;118;3.011
122;126;2.996
123;120;3.344
123;126;3.123
123;127;3.089
123;1262;3.446
123;1263;2.877
124;121;3.351
124;127;3.425
124;128;3.16
124;242;3.517
124;1266;4.002
125;121;2.935
125;128;3.381
125;129;2.923
126;122;2.996
126;123;3.123
126;129;3.335
126;130;2.986
127;123;3.089
127;124;3.425
127;130;3.882
127;131;2.961
127;1257;4.009
127;1263;3.961
127;1266;3.823
128;124;3.16
128;125;3.381
128;131;3.301
128;132;2.889
128;242;3.338
129;125;2.923
129;126;3.335
129;132;3.48
129;133;3.012
130;126;2.986
130;127;3.882
130;133;3.431
130;134;2.934
130;1253;3.655
130;1256;3.399
130;1257;3.599
131;127;2.961
131;128;3.301
131;134;3.454
131;135;2.861
132;128;2.889
132;129;3.48
132;136;2.976
132;202;3.726
132;205;4.012
133;129;3.012
133;130;3.431
133;136;3.201
133;137;3.005
134;130;2.934
134;131;3.454
134;137;3.279
134;138;2.97
134;1164;3.746
134;1253;3.868
135;131;2.861
135;139;2.935
135;205;3.59
135;231;3.7
135;235;3.74
135;238;3.64
136;132;2.976
136;133;3.201
136;140;2.935
136;198;3.648
136;202;3.911
137;133;3.005
137;134;3.279
137;140;3.189
137;141;3.13
137;1250;3.924
138;134;2.97
138;141;3.171
138;142;3.455
138;231;3.556
138;1247;3.658
138;1250;3.856
139;135;2.935
139;142;3.497
139;143;2.956
139;195;3.686
140;136;2.935
140;137;3.189
140;144;3.687
140;197;3.496
140;198;3.887
141;137;3.13
141;138;3.171
141;1247;3.592
141;1250;3.397
142;138;3.455
142;139;3.497
142;1243;3.673
142;1247;3.503
143;139;2.956
143;218;3.062
143;228;3.378
143;231;3.537
143;232;5.741
144;140;3.687
144;196;3.753
145;150;2.718
145;191;2.957
146;185;2.99
146;189;3.725
146;191;3.087
147;150;2.96
147;151;3.807
147;189;2.794
148;189;2.838
148;192;3.536
148;196;2.64
149;153;3.901
149;155;3.35
150;145;2.718
150;147;2.96
150;154;3.646
150;186;2.944
151;147;3.807
151;183;3.72
151;186;3.94
152;183;3.684
153;149;3.901
153;181;2.682
154;150;3.646
155;149;3.35
156;159;3.693
157;159;3.362
158;161;3.968
158;179;3.885
159;156;3.693
159;157;3.362
160;170;3.398
160;178;2.807
161;158;3.968
162;169;3.053
162;170;3.797
163;168;3.611
164;166;3.45
165;169;3.527
166;164;3.45
167;169;3.871
167;175;2.906
168;163;3.611
168;171;3.873
168;172;3.672
169;162;3.053
169;165;3.527
169;167;3.871
169;171;2.833
169;179;2.656
170;160;3.398
170;162;3.797
171;168;3.873
171;169;2.833
171;175;3.667
171;177;2.628
172;168;3.672
172;173;3.123
173;172;3.123
174;176;3.123
175;167;2.906
175;171;3.667
176;174;3.123
176;180;3.927
177;171;2.628
178;160;2.807
179;158;3.885
179;169;2.656
180;176;3.927
181;153;2.682
182;1015;4.2
182;1017;3.687
183;151;3.72
183;152;3.684
184;186;3.446
185;146;2.99
186;150;2.944
186;151;3.94
186;184;3.446
187;190;3.126
188;1014;2.592
188;1016;3.52
189;146;3.725
189;147;2.794
189;148;2.838
189;192;3.071
190;187;3.126
190;221;3.515
190;222;3.968
191;145;2.957
191;146;3.087
192;148;3.536
192;189;3.071
192;195;2.989
192;196;3.023
192;200;3.754
193;200;3.214
194;200;3.348
194;218;3.446
195;139;3.686
195;192;2.989
195;201;3.536
195;204;3.46
195;218;3.097
195;232;5.969
196;144;3.753
196;148;2.64
196;192;3.023
197;140;3.496
197;200;2.815
197;201;2.985
198;136;3.648
198;140;3.887
198;202;2.954
199;203;2.988
200;192;3.754
200;193;3.214
200;194;3.348
200;197;2.815
200;203;3.306
200;204;2.966
201;195;3.536
201;197;2.985
201;204;3.22
201;205;2.955
202;132;3.726
202;136;3.911
202;198;2.954
202;206;2.942
203;199;2.988
203;200;3.306
203;206;3.081
203;207;2.966
203;659;3.814
204;195;3.46
204;200;2.966
204;201;3.22
204;207;3.326
204;208;2.945
205;132;4.012
205;135;3.59
205;201;2.955
205;208;3.906
205;209;2.958
206;202;2.942
206;203;3.081
206;209;3.235
206;210;2.942
206;663;3.455
206;666;4.137
206;667;3.93
207;203;2.966
207;204;3.326
207;211;2.967
207;212;2.788
207;213;3.907
207;642;3.655
208;204;2.945
208;205;3.906
208;211;3.092
208;214;3.505
208;232;3.615
208;235;3.793
208;236;3.749
209;205;2.958
209;206;3.235
210;206;2.942
210;666;3.634
211;207;2.967
211;208;3.092
211;1328;3.175
211;1330;2.969
212;207;2.788
212;641;3.786
212;642;3.414
213;207;3.907
213;216;3.217
213;217;3.006
213;642;5.955
213;1335;3.721
214;208;3.505
214;218;3.054
214;219;3.165
214;233;3.918
214;236;3.336
214;1321;3.722
214;1324;3.626
214;1325;3.34
215;219;3.13
215;220;3.001
215;1321;3.699
215;1325;3.558
215;1359;3.492
215;1360;2.78
215;1361;3.229
216;213;3.217
216;1335;3.719
216;1361;3.369
217;213;3.006
217;220;3.053
218;143;3.062
218;194;3.446
218;195;3.097
218;214;3.054
218;228;2.766
218;232;6.211
219;214;3.165
219;215;3.13
219;222;2.943
219;229;3.366
219;1321;3.169
219;1359;3.482
220;215;3.001
220;217;3.053
220;1311;3.813
220;1359;3.351
221;190;3.515
222;190;3.968
222;219;2.943
222;224;2.932
222;225;3.116
222;228;3.615
223;225;3.055
223;1318;3.654
223;1355;2.83
223;1358;3.528
224;222;2.932
224;228;3.016
225;222;3.116
225;223;3.055
225;228;2.974
225;229;2.943
225;1356;3.779
225;1357;3.733
226;229;3.701
226;230;2.919
226;1354;2.833
226;1356;2.751
227;1240;3.717
227;1243;3.794
227;1244;3.293
227;1356;2.931
228;143;3.378
228;218;2.766
228;222;3.615
228;224;3.016
228;225;2.974
228;231;3.021
228;232;3.363
229;219;3.366
229;225;2.943
229;226;3.701
229;232;3.359
229;233;2.945
229;1321;3.482
229;1357;3.98
229;1358;3.991
230;226;2.919
230;234;2.969
231;135;3.7
231;138;3.556
231;143;3.537
231;228;3.021
231;234;3.175
231;235;2.972
232;143;5.741
232;195;5.969
232;208;3.615
232;218;6.211
232;228;3.363
232;229;3.359
232;235;3.118
232;236;2.97
233;214;3.918
233;229;2.945
233;236;3.292
233;237;2.999
233;1324;3.982
234;230;2.969
234;231;3.175
234;238;2.931
235;135;3.74
235;208;3.793
235;231;2.972
235;232;3.118
235;239;2.895
236;208;3.749
236;214;3.336
236;232;2.97
236;233;3.292
236;239;3.472
236;240;2.932
236;1324;3.376
237;233;2.999
237;241;2.963
237;1324;3.341
238;135;3.64
238;234;2.931
238;242;2.9
239;235;2.895
239;236;3.472
239;243;2.919
240;236;2.932
240;243;3.47
240;244;2.979
241;237;2.963
241;244;3.356
241;245;2.923
241;1270;3.644
241;1277;3.251
242;124;3.517
242;128;3.338
242;238;2.9
242;245;3.156
242;246;2.866
243;239;2.919
243;240;3.47
243;246;3.384
243;247;2.96
244;240;2.979
244;241;3.356
244;247;3.936
244;248;2.984
244;1387;3.73
245;241;2.923
245;242;3.156
245;248;3.562
245;249;2.912
245;1266;3.231
245;1269;3.746
246;242;2.866
246;243;3.384
246;249;3.051
246;250;2.925
246;674;3.574
247;243;2.96
247;244;3.936
247;251;3.13
247;674;3.668
247;677;3.713
247;1384;3.519
248;244;2.984
248;245;3.562
248;251;3.47
248;252;2.909
248;1387;3.939
248;1388;3.943
248;1391;3.524
249;245;2.912
249;246;3.051
249;253;2.928
250;121;3.982
250;246;2.925
250;253;3.35
250;254;3.085
250;678;3.798
251;247;3.13
251;248;3.47
251;254;3.232
251;255;3.074
251;677;3.667
251;678;3.992
251;681;3.419
251;1388;3.483
252;248;2.909
252;256;2.885
252;1392;3.645
253;116;3.855
253;117;3.961
253;120;3.833
253;249;2.928
253;250;3.35
253;257;2.98
254;250;3.085
254;251;3.232
254;258;3.093
254;678;3.703
255;251;3.074
255;258;3.088
255;259;2.755
255;682;3.751
255;685;3.715
255;1106;6.151
255;1392;6.494
256;120;2.627
256;252;2.885
256;259;3.027
256;260;3.508
257;119;2.716
257;120;2.885
257;253;2.98
257;267;2.876
258;254;3.093
258;255;3.088
258;267;3.253
258;268;3.013
259;255;2.755
259;256;3.027
259;266;3.564
259;270;3.268
260;256;3.508
260;265;2.675
260;266;2.886
261;270;3.671
262;264;3.352
263;270;3.552
263;272;3.841
263;697;3.819
264;262;3.352
264;266;3.81
265;260;2.675
266;259;3.564
266;260;2.886
266;264;3.81
267;257;2.876
267;258;3.253
268;258;3.013
268;270;4.024
269;271;3.088
270;259;3.268
270;261;3.671
270;263;3.552
270;268;4.024
270;272;3.016
271;269;3.088
271;274;2.999
271;278;3.762
272;263;3.841
272;270;3.016
272;692;3.756
272;698;3.868
273;275;2.916
273;277;3.323
273;278;3.198
273;281;3.497
274;271;2.999
275;273;2.916
275;278;3.023
276;279;3.153
276;286;2.704
276;287;2.777
276;288;3.659
276;291;3.839
276;701;2.817
277;273;3.323
277;280;2.974
277;281;2.644
277;698;2.679
277;699;2.971
278;271;3.762
278;273;3.198
278;275;3.023
278;281;3.033
279;276;3.153
279;290;3.48
280;277;2.974
280;285;3.568
280;286;3.89
280;287;2.773
280;288;2.738
281;273;3.497
281;277;2.644
281;278;3.033
281;699;2.724
282;285;3.578
283;716;3.903
284;724;2.756
285;280;3.568
285;282;3.578
285;724;3.051
286;276;2.704
286;280;3.89
286;699;3.743
286;701;3.701
286;702;2.967
287;276;2.777
287;280;2.773
288;276;3.659
288;280;2.738
289;305;2.715
290;279;3.48
291;276;3.839
291;292;3.93
292;291;3.93
293;688;2.755
293;1107;3.818
294;1108;3.909
295;304;3.326
296;304;3.823
297;302;2.673
298;977;3.705
299;973;3.559
300;302;2.687
301;302;3.078
302;297;2.673
302;300;2.687
302;301;3.078
303;308;3.965
304;295;3.326
304;296;3.823
304;306;3.057
305;289;2.715
306;304;3.057
306;312;2.756
307;309;2.992
308;303;3.965
309;307;2.992
309;312;3.94
310;317;3.07
310;318;2.814
310;319;3.758
311;313;3.129
312;306;2.756
312;309;3.94
313;311;3.129
313;322;2.71
314;316;3.75
314;317;2.729
314;319;2.816
314;320;2.871
314;322;2.759
315;317;2.792
315;323;3.481
316;314;3.75
316;319;3.021
316;321;2.763
316;323;2.645
317;310;3.07
317;314;2.729
317;315;2.792
318;310;2.814
319;310;3.758
319;314;2.816
319;316;3.021
320;314;2.871
321;316;2.763
322;313;2.71
322;314;2.759
322;325;2.985
323;315;3.481
323;316;2.645
324;326;2.757
325;322;2.985
326;324;2.757
327;434;3.715
327;435;2.8
327;436;3.766
328;429;3.116
329;429;2.92
330;429;2.737
331;429;2.625
332;336;2.778
333;334;2.917
333;335;4.419
333;336;3.891
334;333;2.917
335;333;4.419
335;342;3.704
336;332;2.778
336;333;3.891
336;340;3.676
336;341;3.746
337;342;3.845
338;340;3.042
339;426;3.929
340;336;3.676
340;338;3.042
340;427;2.65
340;428;3.593
340;430;2.579
341;336;3.746
342;335;3.704
342;337;3.845
343;349;3.821
344;349;3.607
344;350;2.91
345;348;3.024
345;350;3.023
346;350;4.035
346;351;2.951
347;360;3.785
348;345;3.024
349;343;3.821
349;344;3.607
350;344;2.91
350;345;3.023
350;346;4.035
351;346;2.951
351;353;3.188
352;356;3.691
353;351;3.188
353;356;3.001
353;360;4.03
354;357;2.977
355;358;3.008
355;359;2.984
355;360;4.499
356;352;3.691
356;353;3.001
357;354;2.977
358;355;3.008
359;355;2.984
359;361;3.451
360;347;3.785
360;353;4.03
360;355;4.499
361;359;3.451
362;382;2.848
363;365;3.839
364;370;3.497
365;363;3.839
366;385;2.963
367;385;2.771
368;386;3.61
368;391;3.681
369;372;2.983
370;364;3.497
371;373;2.994
371;374;3.329
371;376;2.816
372;369;2.983
373;371;2.994
373;375;3.23
374;371;3.329
375;373;3.23
376;371;2.816
376;379;3.55
376;380;3.263
377;379;2.989
378;381;2.959
379;376;3.55
379;377;2.989
380;376;3.263
381;378;2.959
382;362;2.848
383;387;3.772
383;388;3.467
384;387;2.857
385;366;2.963
385;367;2.771
386;368;3.61
386;389;2.959
386;390;3.005
387;383;3.772
387;384;2.857
388;383;3.467
389;386;2.959
390;386;3.005
391;368;3.681
392;393;3.421
393;392;3.421
394;395;2.751
395;394;2.751
396;397;2.636
396;403;3.659
397;396;2.636
397;402;2.98
398;401;2.687
398;402;3.825
399;402;3.837
400;402;2.978
401;398;2.687
402;397;2.98
402;398;3.825
402;399;3.837
402;400;2.978
403;396;3.659
403;404;3.02
404;403;3.02
405;407;2.844
406;408;2.941
407;405;2.844
408;406;2.941
408;409;3.045
409;408;3.045
410;432;2.871
411;412;3.371
412;411;3.371
412;413;2.907
413;412;2.907
413;415;3.057
414;416;3.009
414;420;3.672
415;413;3.057
416;414;3.009
416;420;3.651
417;418;2.957
418;417;2.957
419;425;3.866
420;414;3.672
420;416;3.651
420;421;2.948
421;420;2.948
421;424;2.992
421;425;3.057
422;425;2.903
423;426;3.701
424;421;2.992
425;419;3.866
425;421;3.057
425;422;2.903
426;339;3.929
426;423;3.701
427;340;2.65
427;430;3.97
428;340;3.593
429;328;3.116
429;329;2.92
429;330;2.737
429;331;2.625
430;340;2.579
430;427;3.97
431;434;3.802
432;410;2.871
432;434;2.963
433;442;3.797
434;327;3.715
434;431;3.802
434;432;2.963
435;327;2.8
435;440;3.167
435;441;3.017
436;327;3.766
437;440;2.971
438;441;3.068
438;442;3.048
438;443;3.895
439;444;3.96
439;445;2.844
439;446;3.714
440;435;3.167
440;437;2.971
441;435;3.017
441;438;3.068
442;433;3.797
442;438;3.048
443;438;3.895
444;439;3.96
445;439;2.844
446;439;3.714
446;447;3.747
447;446;3.747
448;450;2.829
449;451;3.176
449;453;3.776
450;448;2.829
451;449;3.176
451;454;3.005
451;456;3.431
451;457;3.901
451;460;2.641
452;455;3.924
452;456;3.789
452;513;3.452
452;514;2.76
453;449;3.776
454;451;3.005
455;452;3.924
455;513;3.712
455;514;3.963
456;451;3.431
456;452;3.789
456;459;2.988
456;460;3.152
457;451;3.901
457;460;3.016
458;510;3.626
459;456;2.988
459;511;3.716
459;515;3.632
460;451;2.641
460;456;3.152
460;457;3.016
460;463;2.944
460;464;3.176
461;465;2.965
462;466;2.962
463;460;2.944
463;466;3.202
463;467;3.013
464;460;3.176
464;467;3.417
464;468;2.927
464;562;2.66
464;563;3.969
465;461;2.965
465;468;3.21
465;469;2.964
466;462;2.962
466;463;3.202
466;470;3.05
467;463;3.013
467;464;3.417
467;470;3.327
467;471;2.971
467;507;3.795
467;559;3.951
468;464;2.927
468;465;3.21
468;471;2.995
468;472;3.086
468;563;2.639
468;564;3.549
469;465;2.964
469;472;3.483
469;473;3.004
470;466;3.05
470;467;3.327
470;474;2.985
470;500;3.664
471;467;2.971
471;468;2.995
471;474;3.075
471;475;3.068
471;504;3.322
471;557;3.861
471;559;3.901
471;560;3.826
472;468;3.086
472;469;3.483
472;475;3.127
472;476;3.449
472;560;3.899
473;469;3.004
473;476;3.288
473;477;3.014
474;470;2.985
474;471;3.075
474;477;3.262
474;478;2.994
474;500;3.203
474;556;3.1
475;471;3.068
475;472;3.127
475;479;3.049
475;557;3.65
475;991;3.89
476;472;3.449
476;473;3.288
476;479;3.306
476;480;2.982
477;473;3.014
477;474;3.262
477;480;3.101
477;481;2.962
477;493;3.52
478;474;2.994
478;481;3.028
478;556;3.784
478;557;3.689
478;995;4.017
479;475;3.049
479;476;3.306
480;476;2.982
480;477;3.101
480;485;3.675
480;493;3.687
481;477;2.962
481;478;3.028
481;486;2.849
481;493;3.996
481;497;3.387
482;486;2.975
482;1038;3.01
482;1039;3.045
483;486;3.917
483;487;2.793
484;487;2.967
484;488;3.032
485;480;3.675
485;489;3.012
486;481;2.849
486;482;2.975
486;483;3.917
486;490;2.778
487;483;2.793
487;484;2.967
487;490;2.759
488;484;3.032
489;485;3.012
489;492;3.064
489;493;2.933
490;486;2.778
490;487;2.759
490;494;2.958
491;494;3.28
491;495;3.034
492;489;3.064
492;495;3.963
492;496;2.965
493;477;3.52
493;480;3.687
493;481;3.996
493;489;2.933
493;496;3.349
493;497;2.927
494;490;2.958
494;491;3.28
494;497;3.358
494;498;3.036
495;491;3.034
495;492;3.963
495;499;2.96
496;492;2.965
496;493;3.349
496;500;2.964
497;481;3.387
497;493;2.927
497;494;3.358
497;500;3.421
497;501;3.101
497;556;3.251
498;494;3.036
498;501;3.311
498;502;3.009
498;540;3.808
498;541;3.424
499;495;2.96
499;502;3.026
499;503;3.087
500;470;3.664
500;474;3.203
500;496;2.964
500;497;3.421
500;503;3.055
500;504;3.374
501;497;3.101
501;498;3.311
501;504;2.969
501;536;2.742
501;537;3.746
501;540;3.805
501;541;3.984
502;498;3.009
502;499;3.026
502;505;2.854
503;499;3.087
503;500;3.055
503;506;3.058
503;507;3.244
504;471;3.322
504;500;3.374
504;501;2.969
504;508;2.985
504;533;3.7
504;537;3.912
504;559;3.443
505;502;2.854
505;508;3.436
505;509;3.029
505;537;3.49
506;503;3.058
506;510;3.061
507;467;3.795
507;503;3.244
507;510;3.452
507;511;2.94
507;559;2.728
507;562;2.725
508;504;2.985
508;505;3.436
508;512;2.992
508;533;3.675
509;505;3.029
509;512;3.247
509;513;3.087
510;458;3.626
510;506;3.061
510;507;3.452
510;514;2.977
511;459;3.716
511;507;2.94
511;514;3.018
511;515;3.031
511;519;2.66
511;520;3.629
511;526;2.757
512;508;2.992
512;509;3.247
512;520;3.74
512;521;3.931
513;452;3.452
513;455;3.712
513;509;3.087
514;452;2.76
514;455;3.963
514;510;2.977
514;511;3.018
515;459;3.632
515;511;3.031
515;519;3.658
516;519;2.92
516;520;2.921
517;521;2.981
518;522;3.071
519;511;2.66
519;515;3.658
519;516;2.92
519;522;3.069
519;523;2.93
520;511;3.629
520;512;3.74
520;516;2.921
520;526;3.207
520;530;3.04
521;512;3.931
521;517;2.981
522;518;3.071
522;519;3.069
523;519;2.93
523;526;2.959
523;527;3.04
524;527;3.978
524;528;3.011
525;528;3.995
525;529;3.004
525;567;2.946
525;570;3.855
526;511;2.757
526;520;3.207
526;523;2.959
526;529;3.448
526;530;2.96
527;523;3.04
527;524;3.978
527;530;3.399
527;531;2.983
528;524;3.011
528;525;3.995
528;531;3.434
528;532;3.028
528;558;3.935
529;525;3.004
529;526;3.448
529;532;3.196
529;533;2.902
529;559;2.638
529;562;3.872
530;520;3.04
530;526;2.96
530;527;3.399
530;534;3.002
531;527;2.983
531;528;3.434
531;534;3.193
531;535;3.085
532;528;3.028
532;529;3.196
532;536;3.011
533;504;3.7
533;508;3.675
533;529;2.902
533;537;2.927
533;559;3.766
534;530;3.002
534;531;3.193
534;538;2.995
535;531;3.085
535;539;3.211
535;552;3.582
536;501;2.742
536;532;3.011
536;540;3.398
536;556;3.075
537;501;3.746
537;504;3.912
537;505;3.49
537;533;2.927
537;540;3.128
537;541;2.914
538;534;2.995
538;541;3.335
538;542;3.037
539;535;3.211
539;543;2.99
539;544;3.06
539;553;3.751
540;498;3.808
540;501;3.805
540;536;3.398
540;537;3.128
540;544;3.743
540;553;3.995
541;498;3.424
541;501;3.984
541;537;2.914
541;538;3.335
542;538;3.037
543;539;2.99
543;545;2.942
544;539;3.06
544;540;3.743
544;550;2.798
545;543;2.942
545;550;3.286
546;549;2.783
547;550;3.241
547;551;2.935
548;551;3.3
548;552;2.958
548;1078;3.893
549;546;2.783
549;552;3.065
549;553;3.082
550;544;2.798
550;545;3.286
550;547;3.241
550;553;2.927
551;547;2.935
551;548;3.3
551;554;2.993
551;999;3.134
552;535;3.582
552;548;2.958
552;549;3.065
552;555;2.979
553;539;3.751
553;540;3.995
553;549;3.082
553;550;2.927
553;556;3.036
554;551;2.993
554;557;3.183
554;995;3.698
554;996;3.918
555;552;2.979
555;558;2.904
555;992;3.9
556;474;3.1
556;478;3.784
556;497;3.251
556;536;3.075
556;553;3.036
556;559;2.962
557;471;3.861
557;475;3.65
557;478;3.689
557;554;3.183
557;560;2.92
557;988;3.833
557;992;3.516
558;528;3.935
558;555;2.904
558;561;2.772
558;989;3.388
558;992;3.461
559;467;3.951
559;471;3.901
559;504;3.443
559;507;2.728
559;529;2.638
559;533;3.766
559;556;2.962
559;562;2.969
560;471;3.826
560;472;3.899
560;557;2.92
560;563;2.981
560;564;2.94
560;566;3.884
560;988;3.643
561;558;2.772
561;566;4.017
562;464;2.66
562;507;2.725
562;529;3.872
562;559;2.969
563;464;3.969
563;468;2.639
563;560;2.981
564;468;3.549
564;560;2.94
564;566;3.86
564;567;3.019
565;568;3.064
565;569;2.925
565;981;3.191
566;560;3.884
566;561;4.017
566;564;3.86
566;569;3.173
566;570;3.002
566;985;3.469
567;525;2.946
567;564;3.019
567;570;3.843
567;571;3.053
568;565;3.064
568;572;2.974
569;565;2.925
569;566;3.173
569;572;3.231
569;573;2.943
569;985;3.631
570;525;3.855
570;566;3.002
570;567;3.843
570;574;3.065
571;567;3.053
571;574;3.381
571;575;2.771
572;568;2.974
572;569;3.231
572;575;3.392
572;576;2.937
572;1096;3.738
573;569;2.943
573;576;3.165
573;577;3.074
573;1092;3.545
574;570;3.065
574;571;3.381
574;577;2.993
575;571;2.771
575;572;3.392
575;578;3.009
576;572;2.937
576;573;3.165
576;579;3.098
576;580;3.079
576;680;3.636
576;1092;3.526
576;1096;3.728
577;573;3.074
577;574;2.993
577;581;2.978
577;1092;3.796
578;575;3.009
578;581;3.028
579;576;3.098
579;680;3.857
580;576;3.079
580;583;3.194
580;584;2.866
580;676;3.647
580;1092;3.849
581;577;2.978
581;578;3.028
581;585;3.052
582;106;3.456
582;110;3.338
582;585;3.229
582;586;3.296
583;110;4.017
583;580;3.194
583;586;3.048
583;587;3.023
583;675;3.534
583;676;3.79
584;580;2.866
584;588;2.93
585;581;3.052
585;582;3.229
585;588;3.291
585;589;3.054
586;107;3.674
586;582;3.296
586;583;3.048
586;589;3.444
586;590;3.027
587;583;3.023
587;590;3.499
587;591;2.963
587;638;3.925
587;672;4.033
588;584;2.93
588;585;3.291
588;592;2.975
589;100;3.534
589;585;3.054
589;586;3.444
589;592;3.309
589;593;3.004
590;586;3.027
590;587;3.499
590;593;3.308
590;594;2.948
590;668;3.727
591;587;2.963
591;594;3.492
591;595;2.928
591;631;3.453
591;634;3.811
592;19;3.508
592;23;3.803
592;588;2.975
592;589;3.309
592;595;3.285
592;596;2.999
592;627;3.516
593;94;3.926
593;98;3.976
593;589;3.004
593;590;3.308
593;596;3.246
593;597;2.997
594;590;2.948
594;591;3.492
594;598;2.955
594;634;3.773
594;664;4.018
594;665;3.516
594;668;3.905
595;591;2.928
595;592;3.285
595;598;3.244
595;599;3.0
595;627;3.823
595;630;3.996
596;94;3.651
596;592;2.999
596;593;3.246
596;600;3.348
597;94;3.693
597;593;2.997
597;600;3.308
597;601;3.019
598;594;2.955
598;595;3.244
598;602;3.0
598;603;2.81
598;624;3.823
599;25;3.218
599;595;3.0
599;603;3.048
599;604;3.159
599;626;3.962
600;91;3.372
600;596;3.348
600;597;3.308
601;87;3.9
601;91;3.852
601;597;3.019
601;604;2.796
602;598;3.0
602;605;3.017
602;606;3.577
602;620;3.497
602;658;3.406
603;598;2.81
603;599;3.048
603;620;3.718
604;599;3.159
604;601;2.796
605;602;3.017
605;620;2.976
606;602;3.577
606;618;3.088
606;620;2.939
606;646;3.79
606;647;3.382
606;654;2.716
606;658;3.577
607;616;2.638
607;617;3.346
607;618;3.967
607;647;3.739
607;648;2.92
608;611;3.001
608;612;2.819
608;613;2.798
608;614;2.753
609;647;4.136
609;648;2.742
609;650;3.692
610;613;3.826
611;608;3.001
611;616;3.976
612;608;2.819
613;608;2.798
613;610;3.826
613;1026;3.94
614;608;2.753
615;621;3.516
616;607;2.638
616;611;3.976
617;607;3.346
617;621;3.518
618;606;3.088
618;607;3.967
618;622;3.12
618;645;2.693
618;646;3.713
619;622;3.046
619;623;2.834
619;644;3.85
620;602;3.497
620;603;3.718
620;605;2.976
620;606;2.939
620;624;3.674
620;646;3.597
621;615;3.516
621;617;3.518
621;625;3.667
622;618;3.12
622;619;3.046
622;629;3.807
622;1062;3.997
622;1066;3.54
623;619;2.834
623;629;3.384
623;633;3.826
623;1057;3.366
623;1061;3.93
624;598;3.823
624;620;3.674
624;629;3.487
624;633;3.637
624;646;4.028
625;621;3.667
625;1070;2.729
626;25;3.68
626;599;3.962
626;629;2.804
626;630;2.957
626;1073;2.713
627;25;3.283
627;592;3.516
627;595;3.823
627;631;2.95
628;631;3.188
628;632;2.989
628;1073;3.886
628;1076;3.958
628;1077;3.653
628;1080;3.881
629;622;3.807
629;623;3.384
629;624;3.487
629;626;2.804
629;632;3.379
629;633;2.998
629;1061;2.97
630;595;3.996
630;626;2.957
630;633;3.479
630;634;2.961
631;591;3.453
631;627;2.95
631;628;3.188
631;634;3.459
631;635;2.98
632;628;2.989
632;629;3.379
632;635;3.16
632;636;3.018
632;1061;3.899
632;1080;3.682
633;623;3.826
633;624;3.637
633;629;2.998
633;630;3.479
633;636;3.138
633;637;3.019
633;643;3.774
634;591;3.811
634;594;3.773
634;630;2.961
634;631;3.459
634;637;3.365
634;638;2.994
634;665;4.031
635;631;2.98
635;632;3.16
635;638;3.071
635;639;3.214
635;1053;3.943
635;1056;3.531
635;1080;3.688
635;1087;3.913
636;632;3.018
636;633;3.138
636;642;2.827
636;1057;3.53
637;633;3.019
637;634;3.365
637;640;2.952
637;662;3.416
637;665;3.561
637;666;3.953
638;587;3.925
638;634;2.994
638;635;3.071
638;669;3.75
639;635;3.214
639;1053;3.458
640;637;2.952
640;662;2.892
640;666;4.005
641;212;3.786
641;1053;3.829
641;1054;2.75
641;1055;2.832
642;207;3.655
642;212;3.414
642;213;5.955
642;636;2.827
642;662;3.855
642;1058;3.87
643;633;3.774
643;646;3.519
643;662;3.269
644;619;3.85
644;1058;3.516
645;618;2.693
645;1012;3.888
646;606;3.79
646;618;3.713
646;620;3.597
646;624;4.028
646;643;3.519
646;655;3.28
646;658;3.473
647;606;3.382
647;607;3.739
647;609;4.136
647;651;3.379
647;655;2.933
648;607;2.92
648;609;2.742
648;655;3.653
649;1013;3.382
650;609;3.692
651;647;3.379
651;654;2.754
651;655;3.069
652;656;2.948
653;656;3.356
653;657;2.984
654;606;2.716
654;651;2.754
654;657;3.216
654;658;3.049
655;646;3.28
655;647;2.933
655;648;3.653
655;651;3.069
655;658;3.348
655;659;2.918
656;652;2.948
656;653;3.356
656;659;3.153
656;660;3.021
657;653;2.984
657;654;3.216
658;602;3.406
658;606;3.577
658;646;3.473
658;654;3.049
658;655;3.348
658;661;3.005
658;662;2.923
659;203;3.814
659;655;2.918
659;656;3.153
659;662;3.327
659;663;2.965
660;656;3.021
660;663;3.432
660;664;2.999
661;658;3.005
661;664;3.392
661;665;2.976
662;637;3.416
662;640;2.892
662;642;3.855
662;643;3.269
662;658;2.923
662;659;3.327
662;665;3.326
662;666;2.982
663;206;3.455
663;659;2.965
663;660;3.432
663;666;3.426
663;667;2.995
664;594;4.018
664;660;2.999
664;661;3.392
664;667;3.468
664;668;2.996
665;594;3.516
665;634;4.031
665;637;3.561
665;661;2.976
665;662;3.326
665;669;2.958
666;206;4.137
666;210;3.634
666;637;3.953
666;640;4.005
666;662;2.982
666;663;3.426
666;670;2.929
667;206;3.93
667;663;2.995
667;664;3.468
667;670;3.432
667;671;3.023
668;590;3.727
668;594;3.905
668;664;2.996
668;671;3.497
668;672;2.981
669;638;3.75
669;665;2.958
669;672;3.149
669;673;2.927
670;666;2.929
670;667;3.432
670;673;3.276
670;674;2.984
671;114;3.812
671;667;3.023
671;668;3.497
671;674;3.497
671;675;3.019
672;587;4.033
672;668;2.981
672;669;3.149
672;675;3.327
672;676;2.92
673;669;2.927
673;670;3.276
673;676;3.098
673;677;3.082
674;246;3.574
674;247;3.668
674;670;2.984
674;671;3.497
674;678;3.024
675;583;3.534
675;671;3.019
675;672;3.327
675;679;2.895
676;580;3.647
676;583;3.79
676;672;2.92
676;673;3.098
676;679;3.392
676;680;3.127
676;1095;3.513
677;247;3.713
677;251;3.667
677;673;3.082
677;681;2.936
677;1095;3.628
677;1098;3.777
678;250;3.798
678;251;3.992
678;254;3.703
678;674;3.024
678;681;3.349
678;682;2.94
679;675;2.895
679;676;3.392
679;683;3.074
680;576;3.636
680;579;3.857
680;676;3.127
680;683;3.318
680;684;2.982
680;1095;3.656
680;1099;3.503
681;251;3.419
681;677;2.936
681;678;3.349
681;684;3.422
681;685;2.967
681;1099;4.027
681;1102;3.473
682;255;3.751
682;678;2.94
682;685;3.349
682;686;3.065
683;679;3.074
683;680;3.318
683;686;3.21
683;687;3.119
684;680;2.982
684;681;3.422
684;687;2.968
684;688;2.935
684;1099;3.451
684;1103;3.413
685;255;3.715
685;681;2.967
685;682;3.349
685;1103;3.573
685;1106;3.34
686;682;3.065
686;683;3.21
687;683;3.119
687;684;2.968
688;293;2.755
688;684;2.935
688;1103;3.554
689;1107;3.496
690;1106;3.961
691;700;3.72
691;1110;2.706
691;1111;2.767
692;272;3.756
692;700;3.618
692;1110;2.794
693;696;3.306
693;1113;3.831
694;700;3.221
694;701;3.614
694;713;3.207
694;1113;3.588
695;713;2.643
695;1121;3.09
696;693;3.306
697;263;3.819
698;272;3.868
698;277;2.679
699;277;2.971
699;281;2.724
699;286;3.743
700;691;3.72
700;692;3.618
700;694;3.221
701;276;2.817
701;286;3.701
701;694;3.614
702;286;2.967
703;715;2.706
704;713;3.782
704;714;3.893
704;1119;3.77
705;708;3.737
706;1115;3.515
706;1116;3.744
706;1117;2.793
706;1118;3.431
706;1119;3.949
707;710;2.889
707;1117;3.228
708;705;3.737
708;824;2.886
709;827;2.803
709;828;2.728
710;707;2.889
710;712;2.823
711;799;3.278
712;710;2.823
712;792;3.79
713;694;3.207
713;695;2.643
713;704;3.782
713;1119;3.6
713;1120;3.96
714;704;3.893
714;717;2.979
714;798;3.338
715;703;2.706
716;283;3.903
716;724;2.786
717;714;2.979
717;724;3.967
718;724;3.872
719;725;3.868
719;802;3.909
719;805;3.675
720;722;2.939
721;805;2.739
722;720;2.939
723;725;2.98
723;727;3.861
724;284;2.756
724;285;3.051
724;716;2.786
724;717;3.967
724;718;3.872
725;719;3.868
725;723;2.98
725;806;2.614
726;729;2.939
726;730;2.975
726;744;2.846
726;745;2.873
727;723;3.861
728;745;2.801
729;726;2.939
729;743;3.323
729;754;3.465
730;726;2.975
731;733;2.944
732;741;3.71
732;743;3.388
733;731;2.944
734;739;3.716
735;737;2.808
736;738;2.848
736;740;3.772
737;735;2.808
738;736;2.848
739;734;3.716
739;744;3.654
740;736;3.772
741;732;3.71
741;744;2.971
742;755;2.798
742;759;3.94
743;729;3.323
743;732;3.388
744;726;2.846
744;739;3.654
744;741;2.971
745;726;2.873
745;728;2.801
745;751;3.363
746;750;3.757
746;757;4.004
747;766;2.71
748;763;3.865
749;763;3.002
749;765;2.778
750;746;3.757
751;745;3.363
751;754;3.565
751;757;3.871
752;754;3.015
753;760;2.792
754;729;3.465
754;751;3.565
754;752;3.015
755;742;2.798
756;761;3.836
756;763;3.011
757;746;4.004
757;751;3.871
758;762;2.891
759;742;3.94
760;753;2.792
761;756;3.836
762;758;2.891
762;764;3.005
763;748;3.865
763;749;3.002
763;756;3.011
763;765;2.737
764;762;3.005
765;749;2.778
765;763;2.737
766;747;2.71
767;771;3.908
768;771;3.768
768;772;3.49
769;770;2.932
770;769;2.932
771;767;3.908
771;768;3.768
772;768;3.49
773;777;3.979
773;778;2.82
774;782;2.583
775;781;2.965
776;779;3.784
777;773;3.979
777;780;3.167
778;773;2.82
779;776;3.784
779;784;2.67
780;777;3.167
780;783;2.962
781;775;2.965
781;787;2.819
781;1126;2.657
782;774;2.583
783;780;2.962
784;779;2.67
785;794;3.46
785;1126;3.095
786;789;3.824
786;1126;3.161
786;1127;3.251
787;781;2.819
788;790;2.717
789;786;3.824
789;792;3.747
790;788;2.717
791;800;3.404
792;712;3.79
792;789;3.747
793;795;3.337
793;796;3.114
793;797;3.821
794;785;3.46
795;793;3.337
796;793;3.114
796;801;2.84
797;793;3.821
797;802;3.112
798;714;3.338
799;711;3.278
799;803;3.008
800;791;3.404
801;796;2.84
801;804;3.466
802;719;3.909
802;797;3.112
803;799;3.008
804;801;3.466
805;719;3.675
805;721;2.739
805;806;3.665
806;725;2.614
806;805;3.665
807;809;2.829
807;810;3.744
808;810;3.692
809;807;2.829
810;807;3.744
810;808;3.692
811;814;2.89
812;819;3.986
813;815;3.658
813;820;3.364
814;811;2.89
815;813;3.658
815;820;3.368
816;819;3.601
817;819;3.033
818;821;3.017
819;812;3.986
819;816;3.601
819;817;3.033
820;813;3.364
820;815;3.368
821;818;3.017
821;822;2.818
821;823;2.748
822;821;2.818
823;821;2.748
824;708;2.886
825;827;3.026
825;830;3.307
826;835;3.951
826;838;3.828
827;709;2.803
827;825;3.026
827;830;3.75
828;709;2.728
829;833;3.834
830;825;3.307
830;827;3.75
831;834;2.951
832;836;2.628
832;909;2.728
833;829;3.834
834;831;2.951
835;826;3.951
835;837;3.01
835;839;2.793
835;840;2.914
836;832;2.628
837;835;3.01
837;839;3.084
838;826;3.828
839;835;2.793
839;837;3.084
840;835;2.914
841;843;3.923
841;844;3.44
842;845;2.792
843;841;3.923
844;841;3.44
844;848;3.39
845;842;2.792
845;848;2.705
845;904;2.86
845;905;2.782
846;849;3.039
847;852;3.8
847;898;4.022
847;901;3.419
847;902;3.88
848;844;3.39
848;845;2.705
849;846;3.039
849;852;3.113
849;853;2.959
850;854;3.033
851;854;3.591
851;855;2.951
852;847;3.8
852;849;3.113
852;855;3.323
852;856;2.985
853;849;2.959
853;856;3.421
853;857;3.18
853;961;3.166
854;850;3.033
854;851;3.591
854;857;3.25
854;858;3.003
855;851;2.951
855;852;3.323
855;858;3.304
855;859;2.923
856;852;2.985
856;853;3.421
856;859;3.388
856;860;2.97
856;895;3.764
856;898;3.728
857;853;3.18
857;854;3.25
857;860;3.351
857;861;2.946
857;961;3.439
858;854;3.003
858;855;3.304
858;861;3.261
858;862;2.975
859;855;2.923
859;856;3.388
859;863;2.963
859;895;4.002
860;856;2.97
860;857;3.351
860;864;2.899
860;891;3.967
860;895;3.469
860;954;3.691
860;958;3.777
861;857;2.946
861;858;3.261
861;864;3.16
861;865;2.974
862;858;2.975
862;865;3.122
862;866;3.011
863;859;2.963
863;866;3.428
863;867;2.953
863;954;3.673
864;860;2.899
864;861;3.16
864;868;3.001
865;861;2.974
865;862;3.122
865;868;3.375
865;869;2.947
866;862;3.011
866;863;3.428
866;869;2.991
866;870;3.251
867;863;2.953
867;952;3.859
867;955;4.03
868;864;3.001
868;865;3.375
868;872;3.689
868;1293;3.858
869;865;2.947
869;866;2.991
869;872;3.072
869;873;3.03
869;876;3.461
869;880;3.767
869;884;3.922
870;866;3.251
870;877;2.733
870;945;2.698
871;874;3.359
871;877;2.653
871;1296;3.348
871;1349;3.031
872;868;3.689
872;869;3.072
872;1316;3.812
873;869;3.03
873;876;2.97
873;877;3.023
874;871;3.359
874;877;3.199
874;878;3.006
874;1350;3.983
875;878;2.622
876;869;3.461
876;873;2.97
876;879;3.355
876;880;2.954
877;870;2.733
877;871;2.653
877;873;3.023
877;874;3.199
877;881;3.026
878;874;3.006
878;875;2.622
878;1350;3.471
879;876;3.355
880;869;3.767
880;876;2.954
880;883;3.112
880;884;3.033
881;877;3.026
881;885;2.733
882;886;3.02
883;880;3.112
883;886;3.343
883;887;2.992
884;869;3.922
884;880;3.033
884;887;2.967
884;888;3.274
885;881;2.733
885;888;2.994
885;889;3.023
885;945;2.807
885;948;3.748
886;882;3.02
886;883;3.343
886;889;2.896
886;890;2.957
887;883;2.992
887;884;2.967
887;891;2.915
888;884;3.274
888;885;2.994
888;892;3.002
888;951;3.785
889;885;3.023
889;886;2.896
889;892;3.379
889;893;3.037
890;886;2.957
890;894;2.973
891;860;3.967
891;887;2.915
891;894;3.249
891;895;2.934
891;954;3.623
892;888;3.002
892;889;3.379
892;896;2.989
892;951;3.729
893;889;3.037
893;897;3.019
894;890;2.973
894;891;3.249
894;897;4.028
894;898;2.928
895;856;3.764
895;859;4.002
895;860;3.469
895;891;2.934
895;899;3.002
895;957;3.622
896;892;2.989
896;899;3.269
896;900;2.962
896;924;3.855
896;928;3.619
897;893;3.019
897;894;4.028
897;900;3.462
897;901;2.951
898;847;4.022
898;856;3.728
898;894;2.928
898;901;3.349
898;902;2.65
898;957;3.528
899;895;3.002
899;896;3.269
899;903;2.979
899;911;2.826
899;921;3.665
899;925;4.033
900;896;2.962
900;897;3.462
900;903;3.181
900;904;2.985
901;847;3.419
901;897;2.951
901;898;3.349
901;904;3.968
901;905;2.966
902;847;3.88
902;898;2.65
902;905;3.452
902;906;3.047
902;911;3.813
902;917;4.12
902;920;2.679
903;899;2.979
903;900;3.181
903;906;3.033
903;907;2.909
903;908;3.617
903;911;3.402
903;912;3.731
904;845;2.86
904;900;2.985
904;901;3.968
905;845;2.782
905;901;2.966
905;902;3.452
906;902;3.047
906;903;3.033
906;910;3.025
906;914;3.807
906;917;3.835
907;903;2.909
907;910;2.954
907;911;2.974
908;903;3.617
908;912;3.041
909;832;2.728
909;912;3.018
909;913;2.904
910;906;3.025
910;907;2.954
911;899;2.826
911;902;3.813
911;903;3.402
911;907;2.974
911;914;3.037
912;903;3.731
912;908;3.041
912;909;3.018
912;918;3.689
912;921;5.674
913;909;2.904
914;906;3.807
914;911;3.037
914;917;3.101
914;918;2.919
915;918;3.481
915;919;2.971
916;919;3.405
916;920;2.995
916;960;3.232
916;966;3.989
916;969;3.928
917;902;4.12
917;906;3.835
917;914;3.101
917;920;3.197
917;921;2.97
918;912;3.689
918;914;2.919
918;915;3.481
918;921;6.093
918;922;2.957
919;915;2.971
919;916;3.405
919;922;3.276
920;902;2.679
920;916;2.995
920;917;3.197
920;957;2.942
920;960;2.639
921;899;3.665
921;912;5.674
921;917;2.97
921;918;6.093
921;924;3.035
921;925;2.961
922;918;2.957
922;919;3.276
922;926;3.021
923;953;3.966
923;957;3.631
924;896;3.855
924;921;3.035
924;927;3.047
924;928;3.086
925;899;4.033
925;921;2.961
925;928;2.975
925;929;2.902
926;922;3.021
926;930;2.967
926;950;3.692
927;924;3.047
927;930;4.001
927;931;3.055
927;951;2.886
928;896;3.619
928;924;3.086
928;925;2.975
928;931;3.352
928;932;2.982
929;925;2.902
929;932;3.195
929;933;2.992
930;926;2.967
930;927;4.001
930;933;3.461
930;934;2.989
931;927;3.055
931;928;3.352
931;934;3.32
931;935;2.987
931;944;3.792
932;928;2.982
932;929;3.195
932;935;3.222
932;936;2.932
933;929;2.992
933;930;3.461
933;936;3.171
933;937;2.971
934;930;2.989
934;931;3.32
934;939;3.045
934;943;3.342
934;944;3.373
934;947;3.62
935;931;2.987
935;932;3.222
935;938;3.002
936;932;2.932
936;933;3.171
937;933;2.971
938;935;3.002
939;934;3.045
940;943;3.777
940;944;3.181
941;944;3.489
941;945;3.004
942;945;2.73
942;946;3.262
943;934;3.342
943;940;3.777
943;947;2.994
944;931;3.792
944;934;3.373
944;940;3.181
944;941;3.489
944;948;2.99
945;870;2.698
945;885;2.807
945;941;3.004
945;942;2.73
945;1348;3.799
946;942;3.262
946;949;3.051
946;1298;3.864
946;1345;3.008
946;1346;3.666
946;1347;3.145
947;934;3.62
947;943;2.994
948;885;3.748
948;944;2.99
948;951;2.74
949;946;3.051
949;952;2.747
949;953;3.329
949;1294;3.607
950;926;3.692
950;953;2.986
951;888;3.785
951;892;3.729
951;927;2.886
951;948;2.74
951;954;2.838
952;867;3.859
952;949;2.747
953;923;3.966
953;949;3.329
953;950;2.986
953;956;2.914
953;957;3.008
953;1290;3.875
954;860;3.691
954;863;3.673
954;891;3.623
954;951;2.838
954;957;2.992
954;958;3.179
955;867;4.03
955;958;2.948
955;1290;3.634
956;953;2.914
