source;destination;distance
0;3;2.785
1;47;3.608
2;7;3.573
2;48;3.656
3;0;2.785
4;7;3.265
4;8;2.973
5;9;2.971
6;10;2.975
7;2;3.573
7;4;3.265
7;10;3.118
7;11;2.956
7;43;3.998
7;47;3.715
8;4;2.973
8;12;2.985
9;5;2.971
9;12;3.438
9;13;2.913
10;6;2.975
10;7;3.118
10;14;2.95
11;7;2.956
11;14;3.382
11;15;3.018
11;44;3.547
12;8;2.985
12;9;3.438
12;16;2.973
12;104;3.804
13;9;2.913
13;16;3.368
13;17;2.942
14;10;2.95
14;11;3.382
14;18;3.009
14;37;3.87
14;40;4.025
15;11;3.018
15;19;2.98
15;37;3.725
15;99;3.967
15;100;3.6
16;12;2.973
16;13;3.368
16;19;3.135
16;20;3.085
17;13;2.942
17;20;3.282
17;21;2.981
18;14;3.009
18;22;2.951
18;37;3.144
18;96;3.56
19;15;2.98
19;16;3.135
19;22;3.206
19;97;3.536
19;596;3.486
20;16;3.085
20;17;3.282
21;17;2.981
21;24;2.98
21;30;3.612
21;33;3.41
22;18;2.951
22;19;3.206
22;93;4.042
22;97;4.03
23;596;3.822
24;21;2.98
24;27;3.964
25;603;3.223
25;630;3.665
25;631;3.272
26;30;3.837
27;24;3.964
27;30;2.842
28;31;2.704
28;32;3.032
29;32;3.308
29;33;2.971
30;21;3.612
30;26;3.837
30;27;2.842
30;33;3.441
30;34;3.011
31;28;2.704
31;34;3.473
31;35;3.008
32;28;3.032
32;29;3.308
32;36;3.004
33;21;3.41
33;29;2.971
33;30;3.441
33;36;3.215
33;37;2.945
34;30;3.011
34;31;3.473
34;37;3.363
34;38;2.935
34;93;2.824
34;96;3.233
35;31;3.008
35;38;3.301
35;39;2.96
35;81;3.89
36;32;3.004
36;33;3.215
36;39;3.392
36;40;3.001
37;14;3.87
37;15;3.725
37;18;3.144
37;33;2.945
37;34;3.363
37;40;3.015
37;41;2.857
37;96;3.464
38;34;2.935
38;35;3.301
38;42;2.977
38;80;2.745
39;35;2.96
39;36;3.392
39;42;3.181
39;43;2.985
40;14;4.025
40;36;3.001
40;37;3.015
40;43;3.472
40;44;2.913
41;37;2.857
41;45;2.949
41;73;3.454
41;99;3.464
42;38;2.977
42;39;3.181
42;45;3.303
42;46;2.976
43;7;3.998
43;39;2.985
43;40;3.472
43;46;3.395
43;47;3.057
44;11;3.547
44;40;2.913
44;47;3.236
44;48;2.798
44;99;2.679
45;41;2.949
45;42;3.303
45;49;2.991
45;56;3.948
45;73;3.926
46;42;2.976
46;43;3.395
46;50;3.069
46;51;4.031
47;1;3.608
47;7;3.715
47;43;3.057
47;44;3.236
48;2;3.656
48;44;2.798
48;66;3.134
48;69;2.667
49;45;2.991
49;56;4.016
49;59;3.852
49;66;3.681
50;46;3.069
50;53;3.06
50;55;3.664
51;46;4.031
52;55;3.682
52;58;3.471
53;50;3.06
53;56;2.984
54;57;2.99
55;50;3.664
55;52;3.682
55;58;2.998
56;45;3.948
56;49;4.016
56;53;2.984
56;59;3.056
56;70;3.922
57;54;2.99
57;60;3.018
58;52;3.471
58;55;2.998
58;61;3.04
59;49;3.852
59;56;3.056
59;62;2.997
59;66;3.481
59;67;3.998
59;70;3.832
60;57;3.018
61;58;3.04
62;59;2.997
63;66;2.841
63;67;2.912
64;67;3.956
64;68;3.027
65;68;3.025
65;69;3.018
65;102;3.41
65;108;3.156
65;111;3.888
66;48;3.134
66;49;3.681
66;59;3.481
66;63;2.841
66;69;3.644
66;70;2.975
67;59;3.998
67;63;2.912
67;64;3.956
67;70;3.385
67;71;2.96
68;64;3.027
68;65;3.025
68;72;2.983
68;101;3.925
69;48;2.667
69;65;3.018
69;66;3.644
69;72;3.309
69;73;2.904
69;99;3.171
69;102;2.772
70;56;3.922
70;59;3.832
70;66;2.975
70;67;3.385
70;73;3.187
70;74;2.988
71;67;2.96
71;74;3.42
71;75;2.989
72;68;2.983
72;69;3.309
72;76;2.929
72;95;3.615
73;41;3.454
73;45;3.926
73;69;2.904
73;70;3.187
73;76;3.464
73;77;2.895
74;70;2.988
74;71;3.42
74;77;3.374
74;78;3.008
75;71;2.989
75;78;3.484
75;79;2.985
75;89;3.608
75;92;3.318
76;72;2.929
76;73;3.464
76;79;2.999
76;80;2.865
77;73;2.895
77;74;3.374
77;81;2.968
78;74;3.008
78;75;3.484
78;82;3.005
79;75;2.985
79;76;2.999
79;83;3.945
79;89;2.744
80;38;2.745
80;76;2.865
80;96;3.595
81;35;3.89
81;77;2.968
82;78;3.005
82;84;2.984
83;79;3.945
83;90;2.963
83;93;3.614
84;82;2.984
85;89;3.577
86;89;3.128
87;90;2.903
87;91;3.212
87;605;3.929
88;91;3.125
89;75;3.608
89;79;2.744
89;85;3.577
89;86;3.128
89;92;3.004
90;83;2.963
90;87;2.903
91;87;3.212
91;88;3.125
91;94;3.003
91;604;3.385
91;605;3.868
92;75;3.318
92;89;3.004
92;95;2.866
93;22;4.042
93;34;2.824
93;83;3.614
93;96;2.913
94;91;3.003
94;97;2.857
94;597;3.963
94;600;3.641
94;601;3.707
95;72;3.615
95;92;2.866
95;98;3.14
95;99;3.037
96;18;3.56
96;34;3.233
96;37;3.464
96;80;3.595
96;93;2.913
96;99;3.145
97;19;3.536
97;22;4.03
97;94;2.857
97;100;3.012
98;95;3.14
98;101;2.726
98;597;3.967
99;15;3.967
99;41;3.464
99;44;2.679
99;69;3.171
99;95;3.037
99;96;3.145
99;102;2.763
99;103;3.472
100;15;3.6
100;97;3.012
100;103;2.986
100;104;2.967
100;107;3.661
100;593;3.496
101;68;3.925
101;98;2.726
101;111;3.794
102;65;3.41
102;69;2.772
102;99;2.763
102;108;2.826
103;99;3.472
103;100;2.986
104;12;3.804
104;100;2.967
104;108;2.962
105;108;3.29
105;109;2.951
106;110;3.104
106;586;3.362
107;100;3.661
107;110;3.368
107;111;2.993
107;590;3.712
108;65;3.156
108;102;2.826
108;104;2.962
108;105;3.29
108;111;3.487
108;112;2.98
109;105;2.951
109;112;3.248
109;113;3.023
110;106;3.104
110;107;3.368
110;113;3.126
110;114;2.996
110;586;3.311
111;65;3.888
111;101;3.794
111;107;2.993
111;108;3.487
111;114;3.2
111;115;3.016
112;108;2.98
112;109;3.248
112;115;3.439
112;116;3.005
113;109;3.023
113;110;3.126
113;116;3.224
113;117;3.041
114;110;2.996
114;111;3.2
114;117;3.078
114;118;3.267
114;675;3.764
115;111;3.016
115;112;3.439
115;118;2.982
116;112;3.005
116;113;3.224
116;119;2.78
116;261;3.792
117;113;3.041
117;114;3.078
117;120;3.12
117;121;3.006
118;114;3.267
118;115;2.982
118;122;3.016
119;116;2.78
119;122;3.429
119;265;2.715
120;117;3.12
120;261;3.794
120;264;2.656
120;265;2.768
121;117;3.006
121;124;3.319
121;125;2.94
121;258;4.015
122;118;3.016
122;119;3.429
122;126;2.98
123;126;3.179
123;127;3.091
123;1247;3.46
123;1248;2.932
124;121;3.319
124;127;3.426
124;128;3.162
124;250;3.58
124;1251;3.993
125;121;2.94
125;128;3.367
125;129;2.924
126;122;2.98
126;123;3.179
126;129;3.336
126;130;2.988
127;123;3.091
127;124;3.426
127;131;2.963
127;1242;4.001
127;1248;3.977
127;1251;3.808
128;124;3.162
128;125;3.367
128;131;3.335
128;132;2.893
128;250;3.422
129;125;2.924
129;126;3.336
129;132;3.495
129;133;3.016
130;126;2.988
130;133;3.411
130;134;2.936
130;1149;4.141
130;1238;3.669
130;1241;3.352
130;1242;3.785
131;127;2.963
131;128;3.335
131;134;3.43
131;135;2.877
132;128;2.893
132;129;3.495
132;136;2.966
132;210;3.68
132;213;3.98
133;129;3.016
133;130;3.411
133;136;3.199
133;137;3.001
134;130;2.936
134;131;3.43
134;137;3.325
134;138;2.982
134;1149;3.729
134;1238;3.745
135;131;2.877
135;139;2.957
135;213;3.552
135;246;3.625
136;132;2.966
136;133;3.199
136;140;2.925
136;206;3.791
136;210;3.918
137;133;3.001
137;134;3.325
137;140;3.205
137;141;3.12
137;206;3.798
137;1235;3.973
138;134;2.982
138;141;3.127
138;142;3.446
138;239;3.626
138;1232;3.683
138;1235;3.901
139;135;2.957
139;142;3.419
139;143;2.951
139;203;3.544
140;136;2.925
140;137;3.205
140;144;3.758
140;205;3.53
140;206;3.899
141;137;3.12
141;138;3.127
141;1232;3.623
141;1235;3.397
142;138;3.446
142;139;3.419
142;1228;3.689
142;1232;3.479
143;139;2.951
143;226;3.007
143;236;3.463
143;239;3.682
143;240;3.593
144;140;3.758
145;150;2.746
146;193;3.059
146;197;3.857
146;198;3.836
146;199;3.732
147;150;2.948
147;151;3.901
147;194;3.886
147;197;2.846
148;197;2.871
148;200;3.41
148;204;2.653
149;153;3.506
149;155;3.831
150;145;2.746
150;147;2.948
150;154;3.247
150;194;2.841
151;147;3.901
151;154;3.742
151;189;3.447
151;192;2.882
152;189;3.872
153;149;3.506
153;187;2.804
154;150;3.247
154;151;3.742
155;149;3.831
156;158;3.798
157;160;3.672
157;183;3.672
158;156;3.798
159;182;3.177
159;183;2.803
160;157;3.672
160;170;4.036
161;170;3.01
161;171;2.859
162;164;2.753
162;170;3.922
163;166;3.532
163;168;2.835
164;162;2.753
165;170;2.754
166;163;3.532
167;173;2.649
168;163;2.835
168;173;3.966
169;172;3.569
169;173;3.049
169;181;3.318
169;183;3.751
170;160;4.036
170;161;3.01
170;162;3.922
170;165;2.754
171;161;2.859
172;169;3.569
172;175;3.062
173;167;2.649
173;168;3.966
173;169;3.049
173;179;3.234
174;176;4.009
174;177;3.311
175;172;3.062
176;174;4.009
177;174;3.311
178;180;3.082
179;173;3.234
179;181;3.016
180;178;3.082
180;185;3.845
180;186;3.849
181;169;3.318
181;179;3.016
181;184;3.348
182;159;3.177
183;157;3.672
183;159;2.803
183;169;3.751
184;181;3.348
185;180;3.845
186;180;3.849
187;153;2.804
188;1003;3.446
189;151;3.447
189;152;3.872
189;192;3.335
190;1005;3.983
191;194;3.933
191;1002;3.606
192;151;2.882
192;189;3.335
192;194;2.979
193;146;3.059
194;147;3.886
194;150;2.841
194;191;3.933
194;192;2.979
195;198;3.222
196;1000;2.877
196;1002;3.531
197;146;3.857
197;147;2.846
197;148;2.871
197;200;3.141
198;146;3.836
198;195;3.222
198;229;3.458
198;230;3.917
199;146;3.732
200;148;3.41
200;197;3.141
200;203;2.969
200;204;3.009
200;208;3.728
201;208;3.214
202;208;3.419
202;226;3.542
203;139;3.544
203;200;2.969
203;209;3.37
203;212;3.646
203;226;3.133
203;240;6.226
204;148;2.653
204;200;3.009
205;140;3.53
205;208;2.815
205;209;2.978
206;136;3.791
206;137;3.798
206;140;3.899
206;210;2.96
207;211;2.988
208;200;3.728
208;201;3.214
208;202;3.419
208;205;2.815
208;211;3.378
208;212;2.979
209;203;3.37
209;205;2.978
209;212;3.233
209;213;2.959
210;132;3.68
210;136;3.918
210;206;2.96
210;214;2.935
211;207;2.988
211;208;3.378
211;214;3.069
211;215;2.97
211;663;3.857
212;203;3.646
212;208;2.979
212;209;3.233
212;215;3.342
212;216;2.938
213;132;3.98
213;135;3.552
213;209;2.959
213;216;3.927
213;217;2.961
214;210;2.935
214;211;3.069
214;217;3.235
214;218;2.951
214;667;3.576
214;671;3.918
215;211;2.97
215;212;3.342
215;219;2.964
215;220;2.818
215;221;3.79
215;646;3.783
216;212;2.938
216;213;3.927
216;219;3.059
216;222;3.535
216;240;3.94
216;243;3.75
216;244;3.634
217;213;2.961
217;214;3.235
218;214;2.951
218;670;3.587
219;215;2.964
219;216;3.059
219;1313;3.176
219;1315;3.051
220;215;2.818
220;645;3.751
220;646;3.423
221;215;3.79
221;224;3.328
221;225;3.042
221;646;3.605
221;1310;3.407
221;1320;3.834
222;216;3.535
222;226;3.075
222;227;3.16
222;241;3.875
222;244;3.333
222;1306;3.794
222;1309;3.615
222;1310;3.433
223;227;3.138
223;228;2.866
223;1306;3.814
223;1310;3.727
223;1345;3.418
223;1346;2.769
223;1347;3.315
224;221;3.328
224;228;3.721
224;1320;3.758
224;1347;3.356
225;221;3.042
225;228;3.09
226;143;3.007
226;202;3.542
226;203;3.133
226;222;3.075
226;236;3.158
226;240;6.203
227;222;3.16
227;223;3.138
227;230;2.941
227;237;3.398
227;1306;3.126
227;1345;3.481
228;223;2.866
228;224;3.721
228;225;3.09
228;1296;3.788
228;1344;3.86
228;1345;3.373
229;198;3.458
230;198;3.917
230;227;2.941
230;232;2.948
230;233;3.138
230;236;3.449
231;233;3.058
231;1303;3.608
231;1341;2.849
231;1343;3.997
231;1344;3.487
232;230;2.948
232;236;3.023
233;230;3.138
233;231;3.058
233;236;2.976
233;237;2.935
233;1342;3.786
233;1343;3.74
234;237;3.644
234;238;2.921
234;1340;2.825
234;1342;2.786
235;1225;3.742
235;1228;3.815
235;1229;3.269
235;1342;2.944
236;143;3.463
236;226;3.158
236;230;3.449
236;232;3.023
236;233;2.976
236;239;3.027
236;240;3.388
237;227;3.398
237;233;2.935
237;234;3.644
237;240;3.271
237;241;2.942
237;1306;3.489
237;1343;3.982
237;1344;4.026
238;234;2.921
238;242;2.976
239;138;3.626
239;143;3.682
239;236;3.027
239;242;3.142
239;243;2.969
240;143;3.593
240;203;6.226
240;216;3.94
240;226;6.203
240;236;3.388
240;237;3.271
240;243;3.31
240;244;2.992
241;222;3.875
241;237;2.942
241;244;3.149
241;245;2.97
241;1309;3.958
242;238;2.976
242;239;3.142
242;246;2.93
243;216;3.75
243;239;2.969
243;240;3.31
243;247;2.916
244;216;3.634
244;222;3.333
244;240;2.992
244;241;3.149
244;247;3.399
244;248;2.925
244;1309;3.358
245;241;2.97
245;249;2.964
245;1309;3.357
246;135;3.625
246;242;2.93
246;250;2.914
247;243;2.916
247;244;3.399
247;251;2.939
248;244;2.925
248;251;3.33
248;252;2.957
249;245;2.964
249;252;3.428
249;253;2.94
249;1255;3.65
249;1262;3.588
250;124;3.58
250;128;3.422
250;246;2.914
250;253;3.18
250;254;2.881
251;247;2.939
251;248;3.33
251;254;3.365
251;255;2.958
252;248;2.957
252;249;3.428
252;255;3.801
252;256;2.995
252;1373;3.773
253;249;2.94
253;250;3.18
253;256;3.59
253;257;2.898
253;1251;3.139
253;1254;3.757
254;250;2.881
254;251;3.365
254;257;3.134
254;258;2.95
254;678;3.582
255;251;2.958
255;252;3.801
255;259;3.078
255;678;3.764
255;681;3.666
255;1370;3.521
256;252;2.995
256;253;3.59
256;260;2.921
256;1373;3.973
256;1374;3.928
256;1377;3.508
257;253;2.898
257;254;3.134
257;261;2.937
258;121;4.015
258;254;2.95
258;261;3.296
258;262;3.077
258;682;3.823
259;255;3.078
259;262;3.228
259;263;3.079
259;681;3.658
259;682;3.974
259;685;3.409
259;1374;3.463
260;256;2.921
260;264;2.893
260;1378;3.897
261;116;3.792
261;120;3.794
261;257;2.937
261;258;3.296
261;265;2.998
262;258;3.077
262;259;3.228
262;265;3.451
262;266;3.053
262;682;3.708
263;259;3.079
263;266;3.346
263;267;2.907
263;689;3.95
263;1093;6.444
263;1378;3.567
264;120;2.656
264;260;2.893
264;267;3.142
264;268;3.566
265;119;2.715
265;120;2.768
265;261;2.998
265;262;3.451
265;274;2.811
266;262;3.053
266;263;3.346
266;274;2.722
266;275;3.303
267;263;2.907
267;264;3.142
267;273;3.563
267;277;3.498
267;280;3.667
268;264;3.566
268;272;2.798
268;273;2.775
269;698;3.885
270;277;3.737
270;712;3.995
271;273;3.578
272;268;2.798
273;267;3.563
273;268;2.775
273;271;3.578
273;277;3.161
274;265;2.811
274;266;2.722
275;266;3.303
275;277;3.586
276;279;3.101
277;267;3.498
277;270;3.737
277;273;3.161
277;275;3.586
277;280;2.986
278;712;3.438
279;276;3.101
279;282;3.052
279;286;3.411
280;267;3.667
280;277;2.986
281;283;2.912
281;286;4.011
281;696;3.711
281;712;3.641
282;279;3.052
283;281;2.912
283;286;2.914
283;287;3.923
284;287;3.157
284;296;2.78
284;297;2.769
284;298;2.865
285;288;2.925
285;289;2.636
285;294;3.959
285;712;2.84
286;279;3.411
286;281;4.011
286;283;2.914
286;289;3.197
287;283;3.923
287;284;3.157
287;299;3.529
288;285;2.925
288;292;3.779
288;293;3.478
288;295;2.823
288;296;2.807
289;285;2.636
289;286;3.197
289;712;3.655
290;292;3.036
291;710;2.686
292;288;3.779
292;290;3.036
293;288;3.478
293;714;2.723
293;719;3.54
294;285;3.959
295;288;2.823
296;284;2.78
296;288;2.807
297;284;2.769
298;284;2.865
298;300;3.471
298;313;2.718
299;287;3.529
300;298;3.471
300;693;3.647
301;692;2.963
301;693;3.56
301;1090;3.276
302;1091;3.348
302;1094;3.373
302;1095;3.751
302;1098;3.932
303;312;3.249
303;313;4.092
304;306;2.82
304;312;3.747
305;310;2.676
306;304;2.82
306;963;3.775
307;959;3.452
308;310;2.795
309;966;4.114
310;305;2.676
310;308;2.795
311;316;3.826
312;303;3.249
312;304;3.747
312;314;3.066
313;298;2.718
313;303;4.092
313;321;3.002
314;312;3.066
314;321;3.367
315;318;2.949
315;321;4.028
316;311;3.826
317;725;2.677
318;315;2.949
318;321;3.829
319;327;2.95
319;328;2.961
320;322;3.058
321;313;3.002
321;314;3.367
321;315;4.028
321;318;3.829
322;320;3.058
322;331;2.623
323;327;4.004
323;730;2.735
324;332;3.283
325;728;2.737
325;731;3.83
326;329;2.993
326;330;2.821
326;332;2.671
327;319;2.95
327;323;4.004
327;728;2.873
327;730;2.69
328;319;2.961
329;326;2.993
330;326;2.821
331;322;2.623
331;334;2.99
332;324;3.283
332;326;2.671
333;335;2.802
334;331;2.99
335;333;2.802
336;442;2.793
336;443;3.769
337;440;3.362
337;441;3.256
338;437;3.714
338;440;3.626
339;437;3.181
339;438;3.447
340;437;2.841
341;437;2.626
342;347;3.887
342;351;3.48
342;435;3.754
343;345;2.942
343;346;3.455
343;352;3.92
344;348;3.486
345;343;2.942
346;343;3.455
346;353;3.659
347;342;3.887
347;350;2.69
347;351;3.826
347;434;3.572
348;344;3.486
349;353;3.681
350;347;2.69
350;433;3.964
350;434;2.918
351;342;3.48
351;347;3.826
351;435;3.233
351;436;2.914
351;438;2.73
352;343;3.92
353;346;3.659
353;349;3.681
354;360;4.007
355;360;3.57
355;361;3.607
356;359;2.989
356;361;3.066
357;361;3.992
357;362;3.004
358;371;3.718
359;356;2.989
360;354;4.007
360;355;3.57
361;355;3.607
361;356;3.066
361;357;3.992
362;357;3.004
362;364;2.971
363;367;3.565
364;362;2.971
364;367;2.981
364;371;3.99
365;368;2.966
366;369;2.995
366;370;2.981
366;371;3.594
367;363;3.565
367;364;2.981
368;365;2.966
369;366;2.995
370;366;2.981
370;372;3.49
371;358;3.718
371;364;3.99
371;366;3.594
372;370;3.49
373;375;3.951
374;379;3.57
375;373;3.951
376;393;2.855
377;394;2.848
377;399;3.405
378;381;2.978
379;374;3.57
379;383;3.916
380;382;3.004
380;383;3.121
380;384;2.863
381;378;2.978
382;380;3.004
383;379;3.916
383;380;3.121
384;380;2.863
384;387;3.042
384;388;3.4
385;387;3.018
385;389;3.227
386;389;3.144
387;384;3.042
387;385;3.018
388;384;3.4
389;385;3.227
389;386;3.144
390;396;3.896
391;395;2.869
391;396;3.542
392;395;2.983
393;376;2.855
394;377;2.848
394;397;2.972
394;398;2.994
394;399;3.817
395;391;2.869
395;392;2.983
396;390;3.896
396;391;3.542
397;394;2.972
398;394;2.994
399;377;3.405
399;394;3.817
400;401;2.771
401;400;2.771
402;405;2.822
403;405;2.769
403;410;3.734
403;411;3.735
404;412;3.891
405;402;2.822
405;403;2.769
405;410;2.781
406;409;2.819
407;410;4.011
408;410;2.98
409;406;2.819
410;403;3.734
410;405;2.781
410;407;4.011
410;408;2.98
411;403;3.735
411;413;2.981
412;404;3.891
413;411;2.981
414;416;2.861
415;417;2.953
416;414;2.861
417;415;2.953
417;418;3.027
418;417;3.027
419;420;3.504
420;419;3.504
421;422;3.208
421;426;3.66
422;421;3.208
422;426;3.74
423;424;3.054
424;423;3.054
425;428;3.751
425;432;3.517
426;421;3.66
426;422;3.74
427;430;3.198
428;425;3.751
428;431;2.955
428;432;3.037
429;432;4.017
430;427;3.198
430;433;3.691
431;428;2.955
432;425;3.517
432;428;3.037
432;429;4.017
433;350;3.964
433;430;3.691
434;347;3.572
434;350;2.918
434;438;3.217
434;439;3.872
435;342;3.754
435;351;3.233
436;351;2.914
437;338;3.714
437;339;3.181
437;340;2.841
437;341;2.626
438;339;3.447
438;351;2.73
438;434;3.217
439;434;3.872
440;337;3.362
440;338;3.626
440;441;3.125
441;337;3.256
441;440;3.125
442;336;2.793
442;448;3.693
443;336;3.769
444;447;3.015
445;448;3.029
445;449;3.239
446;450;2.869
447;444;3.015
448;442;3.693
448;445;3.029
449;445;3.239
450;446;2.869
451;452;3.003
452;451;3.003
453;456;2.739
454;457;3.744
455;458;3.12
456;453;2.739
457;454;3.744
458;455;3.12
458;461;3.055
458;464;3.267
458;465;2.744
459;460;3.933
459;461;3.612
459;517;3.402
459;518;2.746
460;459;3.933
460;517;3.649
461;458;3.055
461;459;3.612
461;464;2.944
461;465;3.073
462;465;3.002
463;514;3.637
464;458;3.267
464;461;2.944
465;458;2.744
465;461;3.073
465;462;3.002
465;468;2.954
465;469;3.179
466;470;2.959
467;471;2.957
468;465;2.954
468;471;3.214
468;472;3.012
469;465;3.179
469;472;3.445
469;473;2.939
469;566;2.678
469;567;4.036
470;466;2.959
470;473;3.204
470;474;2.973
471;467;2.957
471;468;3.214
471;475;3.047
472;468;3.012
472;469;3.445
472;475;3.334
472;476;2.977
472;507;4.028
472;511;3.798
472;563;3.929
473;469;2.939
473;470;3.204
473;476;2.994
473;477;3.086
473;567;2.729
473;568;3.554
474;470;2.973
474;477;3.457
474;478;3.011
475;471;3.047
475;472;3.334
475;479;2.983
475;504;3.645
476;472;2.977
476;473;2.994
476;479;3.072
476;480;3.066
476;508;3.32
476;561;3.884
476;563;3.862
476;564;3.824
477;473;3.086
477;474;3.457
477;480;3.122
477;481;3.436
477;564;3.819
478;474;3.011
478;481;3.307
478;482;3.014
479;475;2.983
479;476;3.072
479;482;3.263
479;483;2.995
479;504;3.198
479;560;3.091
480;476;3.066
480;477;3.122
480;484;3.048
480;561;3.647
480;977;3.905
481;477;3.436
481;478;3.307
481;484;3.295
481;485;2.97
482;478;3.014
482;479;3.263
482;485;3.132
482;486;2.951
482;497;3.568
483;479;2.995
483;486;3.04
483;560;3.78
483;561;3.636
483;981;4.008
484;480;3.048
484;481;3.295
485;481;2.97
485;482;3.132
485;489;3.914
486;482;2.951
486;483;3.04
486;490;2.932
486;497;3.965
486;501;3.516
487;490;2.962
487;1025;3.195
487;1026;3.037
488;491;2.968
488;492;3.004
489;485;3.914
489;493;3.035
490;486;2.932
490;487;2.962
490;494;2.787
491;488;2.968
491;494;2.698
492;488;3.004
493;489;3.035
493;496;3.042
493;497;2.929
494;490;2.787
494;491;2.698
494;498;2.967
495;498;3.255
495;499;3.029
496;493;3.042
496;499;3.931
496;500;2.961
497;482;3.568
497;486;3.965
497;493;2.929
497;500;3.362
497;501;2.923
498;494;2.967
498;495;3.255
498;501;3.376
498;502;3.033
499;495;3.029
499;496;3.931
499;503;2.964
500;496;2.961
500;497;3.362
500;504;2.979
501;486;3.516
501;497;2.923
501;498;3.376
501;504;3.372
501;505;3.089
501;560;3.253
502;498;3.033
502;505;3.329
502;506;3.012
502;544;3.804
502;545;3.379
503;499;2.964
503;506;3.014
503;507;3.084
504;475;3.645
504;479;3.198
504;500;2.979
504;501;3.372
504;507;3.069
504;508;3.356
505;501;3.089
505;502;3.329
505;508;2.935
505;540;2.849
505;541;3.757
505;544;3.803
506;502;3.012
506;503;3.014
506;509;2.87
507;472;4.028
507;503;3.084
507;504;3.069
507;510;3.063
507;511;3.231
508;476;3.32
508;504;3.356
508;505;2.935
508;512;2.99
508;537;3.668
508;541;3.912
508;563;3.417
509;506;2.87
509;512;3.406
509;513;3.03
509;541;3.481
510;507;3.063
510;514;3.062
511;472;3.798
511;507;3.231
511;514;3.39
511;515;2.953
511;563;2.744
511;566;2.727
512;508;2.99
512;509;3.406
512;516;3.006
512;537;3.612
513;509;3.03
513;516;3.179
513;517;3.08
514;463;3.637
514;510;3.062
514;511;3.39
514;518;2.99
515;511;2.953
515;518;3.002
515;519;3.034
515;523;2.68
515;524;3.565
515;530;2.771
516;512;3.006
516;513;3.179
516;524;3.696
516;525;3.949
517;459;3.402
517;460;3.649
517;513;3.08
518;459;2.746
518;514;2.99
518;515;3.002
519;515;3.034
519;523;3.744
520;523;2.914
520;524;2.927
521;525;2.978
522;526;3.065
523;515;2.68
523;519;3.744
523;520;2.914
523;526;3.071
523;527;2.927
524;515;3.565
524;516;3.696
524;520;2.927
524;530;3.215
525;516;3.949
525;521;2.978
526;522;3.065
526;523;3.071
527;523;2.927
527;530;2.962
527;531;3.033
528;531;3.951
528;532;3.021
529;533;2.99
529;571;2.912
529;574;3.981
530;515;2.771
530;524;3.215
530;527;2.962
530;533;3.484
530;534;2.957
531;527;3.033
531;528;3.951
531;534;3.387
531;535;2.988
532;528;3.021
532;535;3.433
532;536;3.023
532;562;3.98
533;529;2.99
533;530;3.484
533;536;3.225
533;537;2.904
533;563;2.645
533;566;3.851
534;530;2.957
534;531;3.387
534;538;3.0
535;531;2.988
535;532;3.433
535;538;3.186
535;539;3.087
536;532;3.023
536;533;3.225
536;540;3.014
537;508;3.668
537;512;3.612
537;533;2.904
537;541;2.937
537;563;3.745
538;534;3.0
538;535;3.186
538;542;2.989
539;535;3.087
539;543;3.205
539;556;3.617
540;505;2.849
540;536;3.014
540;544;3.414
540;560;3.085
541;505;3.757
541;508;3.912
541;509;3.481
541;537;2.937
541;544;3.162
541;545;2.909
542;538;2.989
542;545;3.308
542;546;3.039
543;539;3.205
543;547;3.001
543;548;3.066
543;557;3.854
544;502;3.804
544;505;3.803
544;540;3.414
544;541;3.162
544;548;3.748
544;557;3.932
545;502;3.379
545;541;2.909
545;542;3.308
546;542;3.039
547;543;3.001
547;549;2.943
548;543;3.066
548;544;3.748
548;554;2.848
549;547;2.943
549;554;3.281
550;553;2.8
551;554;3.244
551;555;2.934
552;555;3.284
552;556;2.974
552;1065;3.995
553;550;2.8
553;556;3.129
553;557;3.081
554;548;2.848
554;549;3.281
554;551;3.244
554;557;2.969
555;551;2.934
555;552;3.284
555;558;2.876
555;985;3.114
556;539;3.617
556;552;2.974
556;553;3.129
556;559;2.976
557;543;3.854
557;544;3.932
557;553;3.081
557;554;2.969
557;560;3.038
558;555;2.876
558;561;3.192
558;978;3.774
558;981;3.867
559;556;2.976
559;562;2.909
559;978;3.591
560;479;3.091
560;483;3.78
560;501;3.253
560;540;3.085
560;557;3.038
560;563;2.96
561;476;3.884
561;480;3.647
561;483;3.636
561;558;3.192
561;564;2.937
561;974;3.812
561;978;3.503
562;532;3.98
562;559;2.909
562;565;2.767
562;975;3.425
562;978;3.438
563;472;3.929
563;476;3.862
563;508;3.417
563;511;2.744
563;533;2.645
563;537;3.745
563;560;2.96
563;566;2.984
564;476;3.824
564;477;3.819
564;561;2.937
564;567;2.967
564;568;2.946
564;570;3.877
564;974;3.579
565;562;2.767
565;570;4.03
566;469;2.678
566;511;2.727
566;533;3.851
566;563;2.984
567;469;4.036
567;473;2.729
567;564;2.967
568;473;3.554
568;564;2.946
568;570;3.89
568;571;3.008
569;572;3.059
569;573;2.92
569;967;3.21
570;564;3.877
570;565;4.03
570;568;3.89
570;573;3.238
570;574;3.008
570;971;3.493
571;529;2.912
571;568;3.008
571;574;3.869
571;575;3.048
572;569;3.059
572;576;3.014
573;569;2.92
573;570;3.238
573;576;3.226
573;577;2.971
573;968;4.028
573;971;3.586
574;529;3.981
574;570;3.008
574;571;3.869
574;578;3.065
575;571;3.048
575;578;3.437
575;579;2.763
576;572;3.014
576;573;3.226
576;580;2.974
576;1083;3.655
577;573;2.971
577;580;3.073
577;581;3.078
577;1079;3.576
578;574;3.065
578;575;3.437
578;581;2.959
579;575;2.763
579;582;3.025
580;576;2.974
580;577;3.073
580;583;3.073
580;584;3.085
580;684;3.527
580;1079;3.413
580;1083;3.099
581;577;3.078
581;578;2.959
581;585;2.975
581;1079;3.915
582;579;3.025
582;585;3.026
583;580;3.073
583;684;3.815
584;580;3.085
584;587;3.3
584;588;2.871
584;680;3.548
584;1079;3.779
585;581;2.975
585;582;3.026
585;589;3.048
586;106;3.362
586;110;3.311
586;589;3.232
586;590;3.281
587;584;3.3
587;590;3.048
587;591;3.022
587;679;3.489
587;680;3.743
588;584;2.871
588;592;2.925
589;585;3.048
589;586;3.232
589;592;3.309
589;593;3.056
590;107;3.712
590;586;3.281
590;587;3.048
590;593;3.457
590;594;3.031
591;587;3.022
591;594;3.478
591;595;2.959
591;642;3.893
591;676;4.032
592;588;2.925
592;589;3.309
592;596;2.971
593;100;3.496
593;589;3.056
593;590;3.457
593;596;3.316
593;597;3.001
594;590;3.031
594;591;3.478
594;597;3.363
594;598;2.96
594;672;3.693
595;591;2.959
595;598;3.47
595;599;2.921
595;635;3.443
595;638;3.818
596;19;3.486
596;23;3.822
596;592;2.971
596;593;3.316
596;599;3.32
596;600;3.004
596;631;3.559
597;94;3.963
597;98;3.967
597;593;3.001
597;594;3.363
597;600;3.235
597;601;2.996
598;594;2.96
598;595;3.47
598;602;2.955
598;638;3.862
598;665;3.985
598;668;3.935
598;669;3.434
599;595;2.921
599;596;3.32
599;602;3.24
599;603;2.994
599;631;3.813
599;634;4.0
599;635;3.992
600;94;3.641
600;596;3.004
600;597;3.235
600;604;3.32
601;94;3.707
601;597;2.996
601;604;3.35
601;605;3.021
602;598;2.955
602;599;3.24
602;606;2.995
602;607;2.826
602;628;3.808
603;25;3.223
603;599;2.994
603;607;3.049
603;608;3.146
603;630;3.996
604;91;3.385
604;600;3.32
604;601;3.35
605;87;3.929
605;91;3.868
605;601;3.021
605;608;2.806
606;602;2.995
606;609;3.007
606;610;3.557
606;624;3.506
606;628;4.116
606;662;3.384
606;665;3.993
607;602;2.826
607;603;3.049
607;624;3.76
608;603;3.146
608;605;2.806
609;606;3.007
609;621;4.106
609;624;2.985
610;606;3.557
610;622;3.088
610;624;2.966
610;650;3.812
610;651;3.372
610;658;2.783
610;662;3.499
611;620;2.646
611;621;3.317
611;651;3.689
611;652;2.924
612;615;3.009
612;616;2.855
612;617;2.819
612;618;2.758
613;651;4.154
613;652;2.765
613;654;3.652
614;617;3.836
615;612;3.009
615;620;3.991
616;612;2.855
617;612;2.819
617;614;3.836
618;612;2.758
619;625;3.568
619;626;3.214
620;611;2.646
620;615;3.991
621;609;4.106
621;611;3.317
621;625;3.508
622;610;3.088
622;625;3.142
622;626;3.134
622;649;2.852
622;650;3.568
623;626;3.03
623;627;2.839
623;648;3.928
624;606;3.506
624;607;3.76
624;609;2.985
624;610;2.966
624;628;3.69
624;650;3.602
625;619;3.568
625;621;3.508
625;622;3.142
625;629;3.508
626;619;3.214
626;622;3.134
626;623;3.03
626;633;3.8
626;1053;3.635
627;623;2.839
627;633;3.335
627;637;3.852
627;1044;3.295
627;1048;3.872
628;602;3.808
628;606;4.116
628;624;3.69
628;633;3.783
628;637;3.623
628;650;4.062
629;625;3.508
629;1057;2.733
630;25;3.665
630;603;3.996
630;633;2.847
630;634;2.94
630;1060;2.88
631;25;3.272
631;596;3.559
631;599;3.813
631;635;2.951
632;635;3.172
632;636;2.988
632;1060;3.832
632;1063;3.998
632;1064;3.699
632;1067;3.825
633;626;3.8
633;627;3.335
633;628;3.783
633;630;2.847
633;636;3.344
633;637;2.996
633;1048;2.945
634;599;4.0
634;630;2.94
634;637;3.484
634;638;2.961
635;595;3.443
635;599;3.992
635;631;2.951
635;632;3.172
635;638;3.459
635;639;2.984
636;632;2.988
636;633;3.344
636;639;3.185
636;640;3.011
636;1048;3.935
636;1067;3.675
637;627;3.852
637;628;3.623
637;633;2.996
637;634;3.484
637;640;3.154
637;641;3.016
637;647;3.804
638;595;3.818
638;598;3.862
638;634;2.961
638;635;3.459
638;641;3.338
638;642;3.009
638;669;4.015
639;635;2.984
639;636;3.185
639;642;3.043
639;643;3.207
639;1040;3.884
639;1043;3.533
639;1067;3.685
639;1074;3.906
640;636;3.011
640;637;3.154
640;646;2.884
640;1044;3.522
641;637;3.016
641;638;3.338
641;644;2.993
641;666;3.429
641;669;3.564
641;670;3.938
642;591;3.893
642;638;3.009
642;639;3.043
642;673;3.773
643;639;3.207
643;1040;3.525
644;641;2.993
644;666;2.843
644;670;4.034
645;220;3.751
646;215;3.783
646;220;3.423
646;221;3.605
646;640;2.884
646;666;3.883
646;1045;3.827
647;637;3.804
647;650;3.511
647;666;3.273
648;623;3.928
648;1045;3.533
649;622;2.852
650;610;3.812
650;622;3.568
650;624;3.602
650;628;4.062
650;647;3.511
650;659;3.244
650;662;3.428
651;610;3.372
651;611;3.689
651;613;4.154
651;655;3.357
651;659;2.989
652;611;2.924
652;613;2.765
652;659;3.598
653;999;3.355
654;613;3.652
655;651;3.357
655;658;2.777
655;659;3.066
656;660;2.956
657;660;3.298
657;661;3.005
658;610;2.783
658;655;2.777
658;661;3.225
658;662;3.092
659;650;3.244
659;651;2.989
659;652;3.598
659;655;3.066
659;662;3.391
659;663;2.915
660;656;2.956
660;657;3.298
660;663;3.268
660;664;3.012
661;657;3.005
661;658;3.225
661;664;3.492
661;665;3.366
662;606;3.384
662;610;3.499
662;650;3.428
662;658;3.092
662;659;3.391
662;665;3.416
662;666;2.941
663;211;3.857
663;659;2.915
663;660;3.268
663;666;3.307
663;667;2.969
664;660;3.012
664;661;3.492
664;667;3.393
664;668;3.018
665;598;3.985
665;606;3.993
665;661;3.366
665;662;3.416
665;668;3.324
665;669;2.991
666;641;3.429
666;644;2.843
666;646;3.883
666;647;3.273
666;662;2.941
666;663;3.307
666;669;3.291
666;670;2.981
667;214;3.576
667;663;2.969
667;664;3.393
667;670;3.428
667;671;3.0
668;598;3.935
668;664;3.018
668;665;3.324
668;672;3.006
669;598;3.434
669;638;4.015
669;641;3.564
669;665;2.991
669;666;3.291
669;673;2.957
670;218;3.587
670;641;3.938
670;644;4.034
670;666;2.981
670;667;3.428
670;674;2.93
671;214;3.918
671;667;3.0
671;674;3.389
671;675;3.036
672;594;3.693
672;668;3.006
672;675;3.41
672;676;2.983
673;642;3.773
673;669;2.957
673;676;3.223
673;677;2.931
674;670;2.93
674;671;3.389
674;677;3.253
674;678;2.973
675;114;3.764
675;671;3.036
675;672;3.41
675;679;3.025
676;591;4.032
676;672;2.983
676;673;3.223
676;679;3.411
676;680;2.935
677;673;2.931
677;674;3.253
677;680;3.097
677;681;3.066
678;254;3.582
678;255;3.764
678;674;2.973
678;681;3.471
678;682;3.014
679;587;3.489
679;675;3.025
679;676;3.411
679;683;2.925
680;584;3.548
680;587;3.743
680;676;2.935
680;677;3.097
680;683;3.394
680;684;3.122
680;1082;3.339
681;255;3.666
681;259;3.658
681;677;3.066
681;678;3.471
681;684;3.414
681;685;2.93
681;1082;3.563
681;1085;3.74
681;1370;6.375
682;258;3.823
682;259;3.974
682;262;3.708
682;678;3.014
682;686;2.959
683;679;2.925
683;680;3.394
683;687;3.052
684;580;3.527
684;583;3.815
684;680;3.122
684;681;3.414
684;687;3.312
684;688;3.008
684;1082;3.656
684;1083;3.762
684;1086;3.494
685;259;3.409
685;681;2.93
685;688;3.369
685;689;2.945
685;1089;3.468
686;682;2.959
686;689;3.375
686;690;3.031
687;683;3.052
687;684;3.312
687;690;3.014
687;691;3.102
688;684;3.008
688;685;3.369
688;691;2.96
688;692;2.995
688;1086;3.479
688;1090;3.516
689;263;3.95
689;685;2.945
689;686;3.375
689;694;3.506
689;1090;3.571
689;1093;3.302
690;686;3.031
690;687;3.014
690;694;3.698
691;687;3.102
691;688;2.96
692;301;2.963
692;688;2.995
692;1090;3.724
693;300;3.647
693;301;3.56
694;689;3.506
694;690;3.698
695;1093;3.618
695;1097;4.036
696;281;3.711
697;713;3.96
697;1100;3.364
698;269;3.885
699;1097;2.644
699;1100;3.684
700;707;3.211
700;711;3.923
701;706;3.59
701;707;3.717
702;1101;2.974
702;1104;3.912
703;706;3.939
703;1111;3.942
704;708;3.102
705;1112;3.897
705;1113;3.347
705;1115;2.823
706;701;3.59
706;703;3.939
707;700;3.211
707;701;3.717
708;704;3.102
709;1105;3.319
710;291;2.686
711;700;3.923
711;714;3.769
712;270;3.995
712;278;3.438
712;281;3.641
712;285;2.84
712;289;3.655
713;697;3.96
714;293;2.723
714;711;3.769
714;717;2.849
715;1105;3.701
716;721;3.689
716;727;2.823
717;714;2.849
718;721;3.989
718;727;2.66
719;293;3.54
720;723;3.384
720;729;3.788
721;716;3.689
721;718;3.989
721;724;3.761
722;738;2.803
723;720;3.384
724;721;3.761
724;726;3.77
725;317;2.677
726;724;3.77
727;716;2.823
727;718;2.66
728;325;2.737
728;327;2.873
729;720;3.788
730;323;2.735
730;327;2.69
731;325;3.83
732;733;3.59
733;732;3.59
734;736;2.964
735;737;2.768
736;734;2.964
737;735;2.768
738;722;2.803
739;742;2.953
740;742;3.952
740;743;3.82
741;743;2.98
742;739;2.953
742;740;3.952
743;740;3.82
743;741;2.98
743;747;3.53
744;747;3.115
745;748;2.972
746;749;2.874
747;743;3.53
747;744;3.115
748;745;2.972
749;746;2.874
750;753;2.898
751;752;2.96
751;753;3.221
752;751;2.96
752;754;2.702
752;755;2.875
752;756;3.956
753;750;2.898
753;751;3.221
754;752;2.702
755;752;2.875
756;752;3.956
757;758;2.838
758;757;2.838
759;762;2.957
759;763;2.929
760;764;2.689
761;764;2.846
761;765;2.886
762;759;2.957
763;759;2.929
764;760;2.689
764;761;2.846
765;761;2.886
765;766;3.011
765;767;3.49
765;768;4.016
766;765;3.011
767;765;3.49
767;770;3.969
767;771;3.382
768;765;4.016
768;770;3.005
769;771;2.957
770;767;3.969
770;768;3.005
771;767;3.382
771;769;2.957
771;772;3.176
772;771;3.176
773;774;2.949
774;773;2.949
775;776;3.802
776;775;3.802
777;779;2.807
778;792;2.667
778;794;4.007
779;777;2.807
780;786;3.068
781;784;2.915
781;785;2.949
781;793;3.811
782;787;3.169
783;787;3.316
784;781;2.915
784;787;2.969
785;781;2.949
786;780;3.068
787;782;3.169
787;783;3.316
787;784;2.969
788;790;2.831
789;790;3.041
790;788;2.831
790;789;3.041
790;791;3.916
791;790;3.916
792;778;2.667
792;795;2.961
793;781;3.811
794;778;4.007
795;792;2.961
796;797;3.303
797;796;3.303
798;800;3.865
798;803;3.804
798;804;3.168
799;802;2.904
799;803;3.354
800;798;3.865
801;804;2.927
802;799;2.904
802;805;3.221
803;798;3.804
803;799;3.354
804;798;3.168
804;801;2.927
805;802;3.221
805;807;3.928
806;810;3.436
807;805;3.928
808;814;4.041
809;814;3.929
810;806;3.436
810;815;3.562
811;815;2.867
811;818;3.871
812;815;3.043
813;816;3.026
813;819;3.008
814;808;4.041
814;809;3.929
815;810;3.562
815;811;2.867
815;812;3.043
815;818;2.951
816;813;3.026
816;819;3.689
816;823;4.032
817;823;3.254
817;827;3.411
818;811;3.871
818;815;2.951
819;813;3.008
819;816;3.689
819;823;2.878
820;821;3.959
821;820;3.959
822;824;3.073
822;825;2.8
823;816;4.032
823;817;3.254
823;819;2.878
824;822;3.073
825;822;2.8
825;828;3.04
825;829;3.073
826;831;3.747
827;817;3.411
828;825;3.04
829;825;3.073
830;834;3.884
831;826;3.747
831;834;2.724
831;890;2.766
831;891;3.91
832;835;3.091
832;838;3.891
833;838;3.886
833;884;3.771
833;887;3.378
833;888;3.483
834;830;3.884
834;831;2.724
835;832;3.091
835;838;2.917
835;839;2.931
836;840;3.062
837;841;2.908
838;832;3.891
838;833;3.886
838;835;2.917
838;841;3.221
838;842;2.969
839;835;2.931
839;842;3.302
839;843;3.119
839;947;3.203
840;836;3.062
840;843;3.481
840;844;3.004
841;837;2.908
841;838;3.221
841;844;3.358
841;845;2.924
842;838;2.969
842;839;3.302
842;845;3.405
842;846;2.957
842;881;3.724
842;884;3.783
843;839;3.119
843;840;3.481
843;846;3.369
843;847;2.957
843;947;3.666
844;840;3.004
844;841;3.358
844;847;3.221
844;848;2.972
845;841;2.924
845;842;3.405
845;849;2.961
845;881;4.002
846;842;2.957
846;843;3.369
846;850;2.9
846;877;3.926
846;881;3.413
846;940;3.706
846;944;3.755
847;843;2.957
847;844;3.221
847;850;3.143
847;851;2.985
848;844;2.972
848;851;3.129
848;852;3.012
849;845;2.961
849;852;3.423
849;853;2.956
849;940;3.688
850;846;2.9
850;847;3.143
850;854;2.979
851;847;2.985
851;848;3.129
851;854;3.389
851;855;2.957
852;848;3.012
852;849;3.423
852;855;3.037
852;856;3.295
853;849;2.956
853;938;3.946
854;850;2.979
854;851;3.389
854;858;3.496
854;1278;3.843
855;851;2.957
855;852;3.037
855;858;3.067
855;859;3.028
855;862;3.557
855;866;3.776
855;870;3.92
856;852;3.295
856;863;2.745
856;931;2.689
857;860;3.318
857;863;2.674
857;1281;3.357
857;1335;3.013
858;854;3.496
858;855;3.067
858;1301;3.755
859;855;3.028
859;862;2.961
859;863;3.028
860;857;3.318
860;863;3.181
860;864;3.007
860;1336;4.009
861;864;2.638
862;855;3.557
862;859;2.961
862;865;3.291
862;866;2.964
863;856;2.745
863;857;2.674
863;859;3.028
863;860;3.181
863;867;3.022
863;1334;3.904
864;860;3.007
864;861;2.638
864;1336;3.467
865;862;3.291
866;855;3.776
866;862;2.964
866;869;3.109
866;870;3.022
867;863;3.022
867;870;4.038
867;871;2.761
868;872;3.017
869;866;3.109
869;872;3.346
869;873;2.994
870;855;3.92
870;866;3.022
870;867;4.038
870;873;3.034
870;874;3.29
871;867;2.761
871;874;2.978
871;875;3.039
871;931;2.896
871;934;3.853
872;868;3.017
872;869;3.346
872;875;2.914
872;876;2.949
873;869;2.994
873;870;3.034
873;876;3.488
873;877;2.928
874;870;3.29
874;871;2.978
874;878;2.981
874;934;3.968
874;937;3.797
875;871;3.039
875;872;2.914
875;878;3.393
875;879;3.038
876;872;2.949
876;873;3.488
876;880;2.983
877;846;3.926
877;873;2.928
877;880;3.292
877;881;2.941
877;937;3.994
877;940;3.57
878;874;2.981
878;875;3.393
878;882;2.966
878;937;3.911
879;875;3.038
879;883;3.021
880;876;2.983
880;877;3.292
880;883;4.023
880;884;2.948
881;842;3.724
881;845;4.002
881;846;3.413
881;877;2.941
881;885;3.012
881;943;3.669
882;878;2.966
882;885;3.374
882;886;2.972
882;910;3.89
882;914;3.655
883;879;3.021
883;880;4.023
883;886;3.364
883;887;2.958
884;833;3.771
884;842;3.783
884;880;2.948
884;888;2.751
884;943;3.597
885;881;3.012
885;882;3.374
885;888;3.459
885;889;2.959
885;907;3.774
886;882;2.972
886;883;3.364
886;889;4.02
886;890;3.014
887;833;3.378
887;883;2.958
887;890;3.38
887;891;3.0
888;833;3.483
888;884;2.751
888;885;3.459
888;891;3.257
888;892;3.103
888;897;3.885
888;903;4.047
888;906;2.687
889;885;2.959
889;886;4.02
889;892;2.996
889;893;2.934
889;894;3.788
889;897;6.497
889;898;3.683
890;831;2.766
890;886;3.014
890;887;3.38
891;831;3.91
891;887;3.0
891;888;3.257
892;888;3.103
892;889;2.996
892;896;2.845
892;897;3.992
892;900;3.716
892;903;3.687
893;889;2.934
893;897;2.988
894;889;3.788
894;897;3.479
894;898;2.993
895;898;2.782
895;899;2.868
896;892;2.845
897;888;3.885
897;889;6.497
897;892;3.992
897;893;2.988
897;894;3.479
897;900;3.048
897;903;3.596
897;907;3.753
898;889;3.683
898;894;2.993
898;895;2.782
898;904;3.561
898;907;3.691
899;895;2.868
900;892;3.716
900;897;3.048
900;903;3.108
900;904;2.941
901;904;3.45
901;905;2.966
902;905;3.379
902;906;3.002
902;955;3.934
903;888;4.047
903;892;3.687
903;897;3.596
903;900;3.108
903;906;3.114
903;907;2.978
904;898;3.561
904;900;2.941
904;901;3.45
904;907;6.339
904;908;2.984
905;901;2.966
905;902;3.379
905;908;3.212
906;888;2.687
906;902;3.002
906;903;3.114
906;943;2.935
906;946;2.776
907;885;3.774
907;897;3.753
907;898;3.691
907;903;2.978
907;904;6.339
907;910;3.017
907;911;2.966
908;904;2.984
908;905;3.212
908;912;3.03
909;939;4.035
909;943;3.778
910;882;3.89
910;907;3.017
910;913;3.046
910;914;3.079
911;907;2.966
911;914;2.956
911;915;2.911
912;908;3.03
912;916;2.962
912;936;3.698
913;910;3.046
913;916;3.853
913;917;3.061
913;937;2.826
914;882;3.655
914;910;3.079
914;911;2.956
914;917;3.332
914;918;2.98
915;911;2.911
915;918;3.183
915;919;2.998
916;912;2.962
916;913;3.853
916;919;3.275
916;920;2.949
917;913;3.061
917;914;3.332
917;920;3.306
917;921;2.98
917;930;3.755
918;914;2.98
918;915;3.183
918;921;3.222
918;922;2.942
919;915;2.998
919;916;3.275
919;922;3.246
919;923;2.989
920;916;2.949
920;917;3.306
920;925;3.026
920;929;3.295
920;930;3.339
920;933;3.63
921;917;2.98
921;918;3.222
921;924;2.993
922;918;2.942
922;919;3.246
923;919;2.989
924;921;2.993
925;920;3.026
926;929;3.815
926;930;3.173
927;930;3.452
927;931;2.997
928;931;2.715
928;932;3.214
929;920;3.295
929;926;3.815
929;933;3.008
930;917;3.755
930;920;3.339
930;926;3.173
930;927;3.452
930;934;2.983
931;856;2.689
931;871;2.896
931;927;2.997
931;928;2.715
931;1333;3.886
932;928;3.214
932;935;3.061
932;1283;3.905
932;1330;3.003
932;1331;3.654
932;1332;3.136
933;920;3.63
933;929;3.008
934;871;3.853
934;874;3.968
934;930;2.983
934;937;2.744
935;932;3.061
935;938;2.759
935;939;3.337
935;1279;3.608
936;912;3.698
936;939;2.977
937;874;3.797
937;877;3.994
937;878;3.911
937;913;2.826
937;934;2.744
937;940;2.872
938;853;3.946
938;935;2.759
939;909;4.035
939;935;3.337
939;936;2.977
939;942;2.984
939;943;3.005
939;1275;3.836
940;846;3.706
940;849;3.688
940;877;3.57
940;937;2.872
940;943;2.973
940;944;3.172
941;944;3.087
941;1275;3.612
942;939;2.984
942;945;2.763
942;1275;3.824
943;881;3.669
943;884;3.597
943;906;2.935
943;909;3.778
943;939;3.005
943;940;2.973
943;946;2.899
944;846;3.755
944;940;3.172
944;941;3.087
944;947;3.006
944;948;2.917
945;942;2.763
945;948;3.132
945;951;3.524
945;955;3.698
946;906;2.776
946;943;2.899
946;952;2.942
947;839;3.203
947;843;3.666
947;944;3.006
947;952;3.958
948;944;2.917
948;945;3.132
948;951;3.468
948;952;3.0
949;952;3.697
950;953;3.098
950;954;2.933
951;945;3.524
951;948;3.468
951;954;3.374
951;955;2.975
