source;destination;distance
0;3;2.787
1;47;3.602
2;7;3.579
2;48;3.686
3;0;2.787
4;7;3.128
4;8;2.971
5;9;2.97
6;10;2.974
7;2;3.579
7;4;3.128
7;10;3.098
7;11;2.958
7;43;4.025
7;47;3.737
8;4;2.971
8;11;3.491
8;12;2.984
9;5;2.97
9;13;2.93
10;6;2.974
10;7;3.098
10;13;3.498
10;14;2.947
11;7;2.958
11;8;3.491
11;14;3.413
11;15;3.017
11;44;3.606
12;8;2.984
12;16;2.985
12;104;3.855
13;9;2.93
13;10;3.498
13;16;3.304
13;17;2.938
14;10;2.947
14;11;3.413
14;18;3.012
14;37;3.616
14;40;4.02
15;11;3.017
15;19;2.99
15;37;3.761
15;99;3.947
15;100;3.559
16;12;2.985
16;13;3.304
16;19;3.148
16;20;3.087
17;13;2.938
17;20;3.294
17;21;2.979
18;14;3.012
18;22;2.961
18;37;3.105
18;96;3.616
19;15;2.99
19;16;3.148
19;22;3.137
19;23;3.492
19;97;3.487
19;587;3.51
20;16;3.087
20;17;3.294
21;17;2.979
21;24;2.981
21;30;3.608
21;33;3.413
22;18;2.961
22;19;3.137
22;93;4.065
23;19;3.492
23;587;3.703
24;21;2.981
24;27;3.954
25;594;3.228
25;621;3.71
25;622;3.288
26;30;3.839
27;24;3.954
27;30;2.842
28;31;2.705
28;32;3.037
29;32;3.307
29;33;2.973
30;21;3.608
30;26;3.839
30;27;2.842
30;33;3.418
30;34;3.008
31;28;2.705
31;34;3.469
31;35;3.01
32;28;3.037
32;29;3.307
32;36;3.004
33;21;3.413
33;29;2.973
33;30;3.418
33;36;3.209
33;37;2.944
34;30;3.008
34;31;3.469
34;37;3.376
34;38;2.938
34;93;2.809
34;96;3.184
35;31;3.01
35;38;3.305
35;39;2.957
35;81;3.95
36;32;3.004
36;33;3.209
36;39;3.365
36;40;2.999
37;14;3.616
37;15;3.761
37;18;3.105
37;33;2.944
37;34;3.376
37;40;2.986
37;41;2.869
37;96;3.446
38;34;2.938
38;35;3.305
38;41;3.992
38;42;2.986
38;80;2.751
39;35;2.957
39;36;3.365
39;42;3.187
39;43;2.986
40;14;4.02
40;36;2.999
40;37;2.986
40;43;3.489
40;44;2.914
41;37;2.869
41;38;3.992
41;44;3.499
41;45;2.951
41;73;3.468
41;99;3.506
42;38;2.986
42;39;3.187
42;45;3.258
42;46;2.967
43;7;4.025
43;39;2.986
43;40;3.489
43;46;3.41
43;47;3.053
44;11;3.606
44;40;2.914
44;41;3.499
44;47;3.274
44;48;2.825
44;99;2.648
45;41;2.951
45;42;3.258
45;49;2.993
45;56;3.944
45;73;3.938
46;42;2.967
46;43;3.41
46;50;3.07
46;51;4.017
47;1;3.602
47;7;3.737
47;43;3.053
47;44;3.274
48;2;3.686
48;44;2.825
48;66;3.196
48;69;2.675
49;45;2.993
49;56;4.034
49;59;3.853
49;66;3.625
50;46;3.07
50;53;3.045
50;55;3.663
51;46;4.017
52;55;3.687
52;58;3.478
53;50;3.045
53;56;2.979
54;57;2.993
55;50;3.663
55;52;3.687
55;58;2.995
56;45;3.944
56;49;4.034
56;53;2.979
56;59;3.047
56;70;3.921
57;54;2.993
57;60;3.017
58;52;3.478
58;55;2.995
58;61;3.03
59;49;3.853
59;56;3.047
59;62;2.989
59;63;3.78
59;66;3.513
59;67;3.932
59;70;3.741
60;57;3.017
61;58;3.03
62;59;2.989
63;59;3.78
63;66;3.457
63;67;2.932
64;67;3.46
64;68;3.033
65;68;3.023
65;69;3.045
65;102;3.395
65;108;3.202
65;111;3.771
66;48;3.196
66;49;3.625
66;59;3.513
66;63;3.457
66;69;3.831
66;70;2.993
67;59;3.932
67;63;2.932
67;64;3.46
67;70;3.397
67;71;2.945
68;64;3.033
68;65;3.023
68;72;3.001
68;101;3.957
69;48;2.675
69;65;3.045
69;66;3.831
69;72;3.413
69;73;2.93
69;99;3.159
69;102;2.735
70;56;3.921
70;59;3.741
70;66;2.993
70;67;3.397
70;73;3.189
70;74;2.988
71;67;2.945
71;74;3.41
71;75;2.98
72;68;3.001
72;69;3.413
72;76;2.933
72;95;3.543
73;41;3.468
73;45;3.938
73;69;2.93
73;70;3.189
73;76;3.499
73;77;2.907
74;70;2.988
74;71;3.41
74;77;3.367
74;78;3.009
75;71;2.98
75;78;3.449
75;79;2.99
75;89;3.627
75;92;3.313
76;72;2.933
76;73;3.499
76;79;2.993
76;80;2.878
77;73;2.907
77;74;3.367
77;81;2.966
78;74;3.009
78;75;3.449
78;82;3.002
79;75;2.99
79;76;2.993
79;83;3.894
79;89;2.736
80;38;2.751
80;76;2.878
80;96;3.602
81;35;3.95
81;77;2.966
82;78;3.002
82;84;2.979
83;79;3.894
83;90;2.958
83;93;3.634
84;82;2.979
85;89;3.579
86;89;3.134
87;90;2.895
87;91;3.243
87;596;3.936
88;91;3.109
89;75;3.627
89;79;2.736
89;85;3.579
89;86;3.134
89;92;2.998
90;83;2.958
90;87;2.895
91;87;3.243
91;88;3.109
91;94;3.019
91;595;3.41
91;596;3.838
92;75;3.313
92;89;2.998
92;95;2.979
93;22;4.065
93;34;2.809
93;83;3.634
93;96;2.956
94;91;3.019
94;97;2.888
94;588;3.948
94;591;3.663
94;592;3.709
95;72;3.543
95;92;2.979
95;98;3.804
95;99;2.984
96;18;3.616
96;34;3.184
96;37;3.446
96;80;3.602
96;93;2.956
96;99;3.24
97;19;3.487
97;94;2.888
97;100;2.989
98;95;3.804
98;101;2.905
98;588;3.966
99;15;3.947
99;41;3.506
99;44;2.648
99;69;3.159
99;95;2.984
99;96;3.24
99;102;2.947
100;15;3.559
100;97;2.989
100;103;3.0
100;104;2.985
100;107;3.637
100;584;3.515
101;68;3.957
101;98;2.905
101;111;3.874
102;65;3.395
102;69;2.735
102;99;2.947
102;108;2.811
103;100;3.0
104;12;3.855
104;100;2.985
104;108;2.977
105;108;3.294
105;109;2.959
106;110;3.112
106;577;3.319
107;100;3.637
107;110;3.409
107;111;3.002
107;581;3.716
108;65;3.202
108;102;2.811
108;104;2.977
108;105;3.294
108;111;3.443
108;112;2.986
109;105;2.959
109;112;3.092
109;113;3.032
110;106;3.112
110;107;3.409
110;113;3.106
110;114;3.001
110;577;3.305
111;65;3.771
111;101;3.874
111;107;3.002
111;108;3.443
111;114;3.272
111;115;3.042
112;108;2.986
112;109;3.092
112;115;3.462
112;116;3.013
113;109;3.032
113;110;3.106
113;116;3.175
113;117;3.013
114;110;3.001
114;111;3.272
114;117;3.086
114;118;3.342
114;666;3.807
115;111;3.042
115;112;3.462
115;118;2.987
116;112;3.013
116;113;3.175
116;119;2.886
116;254;3.852
117;113;3.013
117;114;3.086
117;120;3.105
117;121;3.009
118;114;3.342
118;115;2.987
118;122;2.997
119;116;2.886
119;258;2.748
120;117;3.105
120;123;3.453
120;254;3.457
120;257;2.65
120;258;2.813
121;117;3.009
121;124;3.306
121;125;2.933
122;118;2.997
122;126;2.981
123;120;3.453
123;126;3.18
123;127;3.084
123;1245;3.442
123;1246;2.932
124;121;3.306
124;127;3.429
124;128;3.16
124;243;3.582
124;1249;4.005
125;121;2.933
125;128;3.368
125;129;2.92
126;122;2.981
126;123;3.18
126;129;3.341
126;130;2.983
127;123;3.084
127;124;3.429
127;130;3.487
127;131;2.958
127;1240;3.984
127;1246;3.94
127;1249;3.755
128;124;3.16
128;125;3.368
128;131;3.327
128;132;2.891
128;243;3.414
129;125;2.92
129;126;3.341
129;132;3.493
129;133;3.015
130;126;2.983
130;127;3.487
130;133;3.421
130;134;2.938
130;1236;3.692
130;1239;3.343
130;1240;3.757
131;127;2.958
131;128;3.327
131;134;3.462
131;135;2.863
132;128;2.891
132;129;3.493
132;136;2.972
132;203;3.739
132;206;4.013
133;129;3.015
133;130;3.421
133;136;3.188
133;137;3.009
134;130;2.938
134;131;3.462
134;137;3.255
134;138;2.978
134;1147;3.723
134;1236;3.76
135;131;2.863
135;139;2.946
135;206;3.587
135;232;3.718
135;236;3.784
135;239;3.644
136;132;2.972
136;133;3.188
136;140;2.937
136;199;3.838
136;203;3.906
137;133;3.009
137;134;3.255
137;140;3.25
137;141;3.112
137;199;3.813
137;1233;3.938
138;134;2.978
138;141;3.134
138;142;3.445
138;232;3.551
138;1230;3.658
138;1233;3.949
139;135;2.946
139;142;3.438
139;143;2.953
139;196;3.636
140;136;2.937
140;137;3.25
140;144;3.734
140;197;3.97
140;198;3.533
140;199;3.884
141;137;3.112
141;138;3.134
141;1230;3.636
141;1233;3.429
142;138;3.445
142;139;3.438
142;1226;3.712
142;1230;3.481
143;139;2.953
143;219;2.89
143;229;3.47
143;232;3.602
143;233;3.675
144;140;3.734
144;197;3.883
145;150;2.724
146;187;3.014
146;191;3.701
146;192;3.737
147;150;2.956
147;151;3.786
147;191;2.856
148;191;2.991
148;197;2.66
149;155;3.557
150;145;2.724
150;147;2.956
150;154;3.205
150;188;2.801
151;147;3.786
151;185;3.791
151;188;3.861
152;185;3.736
153;183;2.762
154;150;3.205
155;149;3.557
156;159;3.697
157;159;3.169
158;161;3.835
158;182;3.718
159;156;3.697
159;157;3.169
159;162;4.048
160;168;3.103
160;181;2.765
161;158;3.835
162;159;4.048
163;167;3.069
163;168;3.538
164;170;2.634
165;174;2.758
166;170;3.139
166;171;3.577
166;172;3.693
167;163;3.069
167;170;3.506
167;182;2.858
168;160;3.103
168;163;3.538
169;180;3.34
170;164;2.634
170;166;3.139
170;167;3.506
170;177;3.672
170;178;3.071
171;166;3.577
171;175;2.967
172;166;3.693
173;175;4.025
174;165;2.758
175;171;2.967
175;173;4.025
176;179;3.279
177;170;3.672
178;170;3.071
179;176;3.279
180;169;3.34
181;160;2.765
182;158;3.718
182;167;2.858
183;153;2.762
184;998;4.019
184;1000;3.746
185;151;3.791
185;152;3.736
186;188;3.393
187;146;3.014
188;150;2.801
188;151;3.861
188;186;3.393
189;192;3.087
190;999;3.697
191;146;3.701
191;147;2.856
191;148;2.991
191;193;2.851
192;146;3.737
192;189;3.087
192;222;3.452
192;223;3.956
193;191;2.851
193;196;3.023
193;197;2.989
193;201;3.833
194;201;3.215
195;201;3.328
195;219;3.681
196;139;3.636
196;193;3.023
196;202;3.453
196;205;3.453
196;219;3.112
196;233;3.978
197;140;3.97
197;144;3.883
197;148;2.66
197;193;2.989
198;140;3.533
198;201;2.785
198;202;2.971
199;136;3.838
199;137;3.813
199;140;3.884
199;203;2.962
200;204;2.991
201;193;3.833
201;194;3.215
201;195;3.328
201;198;2.785
201;204;3.247
201;205;2.949
202;196;3.453
202;198;2.971
202;205;3.268
202;206;2.958
203;132;3.739
203;136;3.906
203;199;2.962
203;207;2.94
204;200;2.991
204;201;3.247
204;207;3.046
204;208;2.962
204;654;3.823
205;196;3.453
205;201;2.949
205;202;3.268
205;208;3.319
205;209;2.935
206;132;4.013
206;135;3.587
206;202;2.958
206;209;3.489
206;210;2.958
207;203;2.94
207;204;3.046
207;210;3.263
207;211;2.951
207;658;3.525
207;662;3.854
208;204;2.962
208;205;3.319
208;212;2.962
208;213;2.843
208;214;3.796
208;637;3.75
209;205;2.935
209;206;3.489
209;212;3.091
209;215;3.606
209;233;3.906
209;236;3.785
209;237;3.743
210;206;2.958
210;207;3.263
211;207;2.951
211;661;3.612
212;208;2.962
212;209;3.091
212;1311;3.146
212;1313;3.063
213;208;2.843
213;636;3.808
213;637;3.372
214;208;3.796
214;217;3.599
214;218;3.062
214;637;5.906
214;1318;3.73
215;209;3.606
215;219;3.07
215;220;3.119
215;234;3.842
215;237;3.348
215;1304;3.707
215;1307;3.544
215;1308;3.522
216;220;3.145
216;221;2.91
216;1304;3.771
216;1308;3.673
216;1343;3.369
216;1344;2.771
216;1345;3.217
217;214;3.599
217;221;3.712
217;1318;3.383
217;1345;3.394
218;214;3.062
218;221;3.057
219;143;2.89
219;195;3.681
219;196;3.112
219;215;3.07
219;229;3.127
219;233;5.923
220;215;3.119
220;216;3.145
220;223;2.941
220;230;3.384
220;1304;3.1
220;1343;3.477
221;216;2.91
221;217;3.712
221;218;3.057
221;1294;3.765
221;1342;3.778
221;1343;3.381
222;192;3.452
223;192;3.956
223;220;2.941
223;225;2.945
223;226;3.101
223;229;3.456
224;226;3.063
224;1301;3.638
224;1339;2.865
224;1342;3.504
225;223;2.945
225;229;3.019
226;223;3.101
226;224;3.063
226;229;2.976
226;230;2.933
226;1340;3.776
226;1341;3.783
227;230;3.671
227;231;2.919
227;1338;2.868
227;1340;2.763
228;1223;3.746
228;1226;3.788
228;1227;3.258
228;1340;2.949
229;143;3.47
229;219;3.127
229;223;3.456
229;225;3.019
229;226;2.976
229;232;3.019
229;233;3.395
230;220;3.384
230;226;2.933
230;227;3.671
230;233;3.329
230;234;2.942
230;1304;3.498
230;1341;4.0
231;227;2.919
231;235;2.967
232;135;3.718
232;138;3.551
232;143;3.602
232;229;3.019
232;235;3.132
232;236;2.97
233;143;3.675
233;196;3.978
233;209;3.906
233;219;5.923
233;229;3.395
233;230;3.329
233;236;3.129
233;237;2.97
234;215;3.842
234;230;2.942
234;237;3.272
234;238;3.003
234;1307;3.976
235;231;2.967
235;232;3.132
235;239;2.936
236;135;3.784
236;209;3.785
236;232;2.97
236;233;3.129
236;240;2.899
237;209;3.743
237;215;3.348
237;233;2.97
237;234;3.272
237;241;2.953
237;1307;3.382
238;234;3.003
238;242;2.965
238;1307;3.319
239;135;3.644
239;235;2.936
239;243;2.911
240;236;2.899
240;244;2.94
241;237;2.953
241;244;3.315
241;245;2.953
242;238;2.965
242;245;3.422
242;246;2.944
242;1253;3.701
242;1260;3.628
243;124;3.582
243;128;3.414
243;239;2.911
243;246;3.172
243;247;2.887
244;240;2.94
244;241;3.315
244;247;3.313
244;248;2.958
245;241;2.953
245;242;3.422
245;248;3.791
245;249;2.994
245;1371;3.765
246;242;2.944
246;243;3.172
246;249;3.606
246;250;2.904
246;1249;3.125
246;1252;3.761
247;243;2.887
247;244;3.313
247;250;3.106
247;251;2.948
247;669;3.579
248;244;2.958
248;245;3.791
248;252;3.078
248;669;3.745
248;672;3.642
248;1368;3.521
249;245;2.994
249;246;3.606
249;253;2.917
249;1371;3.977
249;1372;3.943
249;1375;3.492
250;246;2.904
250;247;3.106
250;254;2.931
251;247;2.948
251;254;3.349
251;255;3.078
251;673;3.798
252;248;3.078
252;255;3.294
252;256;3.028
252;672;3.612
252;673;3.928
252;676;3.467
252;1372;3.464
253;249;2.917
253;257;2.908
254;116;3.852
254;120;3.457
254;250;2.931
254;251;3.349
254;257;3.441
254;258;3.022
255;251;3.078
255;252;3.294
255;259;3.069
255;673;3.702
255;677;3.903
256;252;3.028
256;260;2.866
256;677;3.895
256;680;3.792
256;1090;4.036
256;1376;3.956
257;120;2.65
257;253;2.908
257;254;3.441
257;260;3.084
257;261;3.414
258;119;2.748
258;120;2.813
258;254;3.022
258;266;2.747
259;255;3.069
259;266;2.734
259;677;3.623
260;256;2.866
260;257;3.084
260;265;3.694
261;257;3.414
261;264;3.125
261;265;3.345
262;263;3.386
262;265;3.877
263;262;3.386
264;261;3.125
265;260;3.694
265;261;3.345
265;262;3.877
266;258;2.747
266;259;2.734
267;275;2.777
268;275;2.766
269;274;3.935
270;274;3.925
270;333;2.8
271;330;3.917
271;333;3.584
272;334;3.703
273;279;2.767
274;269;3.935
274;270;3.925
274;279;3.198
275;267;2.777
275;268;2.766
276;279;2.812
276;280;3.086
277;280;3.39
277;287;3.855
277;289;2.713
278;280;2.998
278;287;3.742
279;273;2.767
279;274;3.198
279;276;2.812
280;276;3.086
280;277;3.39
280;278;2.998
281;282;2.808
281;283;2.812
282;281;2.808
283;281;2.812
284;285;3.753
285;284;3.753
286;288;2.954
287;277;3.855
287;278;3.742
287;289;2.68
288;286;2.954
289;277;2.713
289;287;2.68
290;291;3.616
290;292;3.979
291;290;3.616
292;290;3.979
293;296;2.813
294;304;3.652
295;297;2.95
295;304;3.771
296;293;2.813
296;298;3.239
297;295;2.95
297;303;3.555
297;304;3.019
298;296;3.239
298;304;3.824
298;305;2.888
299;302;4.021
299;733;2.773
299;734;2.963
300;331;3.827
301;306;3.217
301;321;2.857
302;299;4.021
302;306;4.014
302;308;2.77
303;297;3.555
303;306;3.775
303;307;2.817
303;308;2.758
304;294;3.652
304;295;3.771
304;297;3.019
304;298;3.824
305;298;2.888
306;301;3.217
306;302;4.014
306;303;3.775
307;303;2.817
308;302;2.77
308;303;2.758
309;311;3.025
309;313;2.815
309;321;3.609
310;330;3.272
311;309;3.025
312;314;2.991
312;315;3.339
313;309;2.815
313;315;3.022
313;319;3.966
314;312;2.991
315;312;3.339
315;313;3.022
315;317;2.932
316;317;2.99
317;315;2.932
317;316;2.99
317;324;3.211
318;324;3.436
319;313;3.966
320;323;3.718
320;324;3.03
321;301;2.857
321;309;3.609
322;325;2.984
322;326;2.957
323;320;3.718
324;317;3.211
324;318;3.436
324;320;3.03
325;322;2.984
326;322;2.957
327;329;2.817
328;331;2.982
329;327;2.817
329;332;3.733
329;335;3.496
330;271;3.917
330;310;3.272
330;332;3.877
331;300;3.827
331;328;2.982
331;334;3.007
332;329;3.733
332;330;3.877
332;335;2.997
333;270;2.8
333;271;3.584
334;272;3.703
334;331;3.007
335;329;3.496
335;332;2.997
336;339;2.907
337;338;2.933
337;339;4.019
338;337;2.933
339;336;2.907
339;337;4.019
340;513;3.696
341;343;2.974
341;344;3.298
342;344;3.074
343;341;2.974
344;341;3.298
344;342;3.074
345;348;3.028
346;351;2.731
346;352;2.786
347;350;3.34
347;382;2.706
348;345;3.028
348;351;2.982
349;381;3.125
350;347;3.34
350;382;3.057
350;385;3.446
351;346;2.731
351;348;2.982
352;346;2.786
352;375;3.18
353;374;3.042
354;371;3.757
354;373;3.674
355;358;3.462
356;361;2.927
357;360;3.031
358;355;3.462
359;367;2.969
360;357;3.031
361;356;2.927
361;362;2.974
362;361;2.974
363;365;2.832
363;366;3.957
364;366;3.044
364;367;2.928
364;369;3.06
365;363;2.832
366;363;3.957
366;364;3.044
366;438;3.816
367;359;2.969
367;364;2.928
367;369;3.289
368;370;3.571
369;364;3.06
369;367;3.289
370;368;3.571
371;354;3.757
372;378;3.185
373;354;3.674
374;353;3.042
375;352;3.18
376;380;3.624
377;379;3.007
378;372;3.185
379;377;3.007
380;376;3.624
381;349;3.125
382;347;2.706
382;350;3.057
383;384;3.633
384;383;3.633
385;350;3.446
386;388;2.964
387;389;3.003
388;386;2.964
389;387;3.003
390;399;3.806
391;392;2.86
391;394;3.433
392;391;2.86
393;395;3.779
394;391;3.433
395;393;3.779
396;397;2.949
396;398;2.928
397;396;2.949
398;396;2.928
399;390;3.806
400;401;3.864
401;400;3.864
401;405;3.915
402;405;3.578
403;405;3.014
404;407;2.774
405;401;3.915
405;402;3.578
405;403;3.014
406;408;2.859
407;404;2.774
407;409;2.857
408;406;2.859
409;407;2.857
410;412;2.996
411;413;2.99
412;410;2.996
413;411;2.99
414;415;2.991
415;414;2.991
415;418;2.84
416;419;3.922
417;422;2.892
418;415;2.84
419;416;3.922
419;420;3.768
420;419;3.768
420;422;3.043
421;423;3.265
422;417;2.892
422;420;3.043
423;421;3.265
424;426;3.147
425;432;3.609
426;424;3.147
426;429;2.764
427;430;3.342
428;435;2.763
429;426;2.764
430;427;3.342
430;434;3.84
431;433;3.622
432;425;3.609
433;431;3.622
434;430;3.84
435;428;2.763
436;437;4.039
437;436;4.039
438;366;3.816
439;442;3.756
440;442;3.787
441;446;4.0
442;439;3.756
442;440;3.787
443;444;3.905
444;443;3.905
445;447;3.138
446;441;4.0
447;445;3.138
447;450;3.644
447;451;3.977
447;453;3.793
448;508;2.785
448;509;2.864
448;510;3.375
449;505;3.76
449;508;3.546
450;447;3.644
450;453;3.019
450;454;3.908
450;505;3.509
450;509;3.886
451;447;3.977
452;455;2.997
452;456;3.092
453;447;3.793
453;450;3.019
454;450;3.908
454;459;3.715
455;452;2.997
456;452;3.092
456;459;2.899
457;461;2.971
458;462;2.937
459;454;3.715
459;456;2.899
459;462;3.187
459;463;2.996
460;463;3.46
460;464;2.947
460;557;2.687
461;457;2.971
461;464;3.211
461;465;2.956
462;458;2.937
462;459;3.187
462;466;3.044
463;459;2.996
463;460;3.46
463;466;3.304
463;467;2.96
463;498;4.005
463;502;3.818
463;554;3.941
464;460;2.947
464;461;3.211
464;467;2.993
464;468;3.078
464;558;2.726
464;559;3.529
465;461;2.956
465;468;3.451
465;469;3.002
466;462;3.044
466;463;3.304
466;470;2.986
466;495;3.623
467;463;2.96
467;464;2.993
467;470;3.062
467;471;3.064
467;499;3.294
467;552;3.887
467;554;3.877
467;555;3.816
468;464;3.078
468;465;3.451
468;471;3.123
468;472;3.457
468;555;3.879
469;465;3.002
469;472;3.276
469;473;3.019
470;466;2.986
470;467;3.062
470;473;3.271
470;474;2.99
470;495;3.282
470;551;3.262
471;467;3.064
471;468;3.123
471;475;3.05
471;552;3.642
471;975;3.922
472;468;3.457
472;469;3.276
472;475;3.332
472;476;2.986
473;469;3.019
473;470;3.271
473;476;3.017
473;477;2.959
473;488;3.471
473;492;3.803
474;470;2.99
474;477;3.023
474;549;4.007
474;551;3.822
474;552;3.687
474;979;4.025
475;471;3.05
475;472;3.332
476;472;2.986
476;473;3.017
476;480;3.605
476;488;3.718
477;473;2.959
477;474;3.023
477;481;2.939
477;488;4.02
477;492;3.47
478;481;2.963
478;1022;3.04
478;1023;3.022
479;482;2.97
479;483;3.026
480;476;3.605
480;484;3.024
481;477;2.939
481;478;2.963
481;485;2.788
482;479;2.97
482;485;2.699
483;479;3.026
484;480;3.024
484;487;3.071
484;488;2.931
485;481;2.788
485;482;2.699
485;489;2.97
486;489;3.216
486;490;3.022
487;484;3.071
487;490;3.932
487;491;2.97
488;473;3.471
488;476;3.718
488;477;4.02
488;484;2.931
488;491;3.368
488;492;2.932
489;485;2.97
489;486;3.216
489;492;3.344
489;493;3.024
490;486;3.022
490;487;3.932
490;494;2.961
491;487;2.97
491;488;3.368
491;495;2.966
492;473;3.803
492;477;3.47
492;488;2.932
492;489;3.344
492;495;3.414
492;496;3.092
492;551;3.273
493;489;3.024
493;496;3.335
493;497;2.995
493;535;3.758
493;536;3.422
494;490;2.961
494;497;3.026
494;498;3.064
495;466;3.623
495;470;3.282
495;491;2.966
495;492;3.414
495;498;3.035
495;499;3.4
496;492;3.092
496;493;3.335
496;499;2.87
496;500;3.49
496;531;2.824
496;532;3.749
496;535;3.735
496;536;4.032
497;493;2.995
497;494;3.026
497;500;2.8
497;501;3.461
498;463;4.005
498;494;3.064
498;495;3.035
498;501;3.241
498;502;3.098
499;467;3.294
499;495;3.4
499;496;2.87
499;503;2.957
499;528;3.568
499;532;3.733
499;554;3.426
500;496;3.49
500;497;2.8
500;504;3.11
500;532;3.404
501;497;3.461
501;498;3.241
501;505;3.032
502;463;3.818
502;498;3.098
502;506;2.96
502;554;2.732
502;557;2.728
503;499;2.957
503;506;3.327
503;507;3.1
503;528;3.729
504;500;3.11
504;507;3.335
504;508;3.463
505;449;3.76
505;450;3.509
505;501;3.032
505;508;3.25
505;509;3.009
506;502;2.96
506;503;3.327
506;509;3.098
506;510;3.157
506;514;2.678
506;515;3.6
506;521;2.763
507;503;3.1
507;504;3.335
507;515;3.756
507;516;3.886
508;448;2.785
508;449;3.546
508;504;3.463
508;505;3.25
509;448;2.864
509;450;3.886
509;505;3.009
509;506;3.098
510;448;3.375
510;506;3.157
511;514;2.859
511;515;2.931
512;516;2.989
513;340;3.696
513;517;2.858
514;506;2.678
514;511;2.859
514;517;3.065
514;518;2.927
515;506;3.6
515;507;3.756
515;511;2.931
515;521;3.167
515;525;2.918
516;507;3.886
516;512;2.989
517;513;2.858
517;514;3.065
518;514;2.927
518;521;2.968
518;522;3.045
519;522;3.926
519;523;3.014
520;524;2.994
520;562;2.95
520;565;3.884
521;506;2.763
521;515;3.167
521;518;2.968
521;524;3.487
521;525;2.948
522;518;3.045
522;519;3.926
522;525;3.405
522;526;2.995
523;519;3.014
523;526;3.439
523;527;3.02
523;553;3.978
524;520;2.994
524;521;3.487
524;527;3.205
524;528;2.899
524;554;2.646
524;557;3.856
525;515;2.918
525;521;2.948
525;522;3.405
525;529;3.001
526;522;2.995
526;523;3.439
526;529;3.233
526;530;3.089
527;523;3.02
527;524;3.205
527;531;3.031
528;499;3.568
528;503;3.729
528;524;2.899
528;532;2.934
528;554;3.728
529;525;3.001
529;526;3.233
529;533;2.99
530;526;3.089
530;534;3.208
530;547;3.601
531;496;2.824
531;527;3.031
531;535;3.467
531;551;3.01
532;496;3.749
532;499;3.733
532;500;3.404
532;528;2.934
532;535;3.081
532;536;2.899
533;529;2.99
533;536;3.307
533;537;3.042
534;530;3.208
534;538;2.999
534;539;3.046
534;548;3.877
535;493;3.758
535;496;3.735
535;531;3.467
535;532;3.081
535;539;3.769
535;548;3.976
536;493;3.422
536;496;4.032
536;532;2.899
536;533;3.307
537;533;3.042
538;534;2.999
538;540;2.94
539;534;3.046
539;535;3.769
539;545;2.836
540;538;2.94
540;545;3.261
541;544;2.794
542;546;2.938
543;546;3.316
543;547;2.962
543;1062;3.905
544;541;2.794
544;547;3.082
544;548;3.088
545;539;2.836
545;540;3.261
545;548;2.945
546;542;2.938
546;543;3.316
546;549;2.977
546;983;3.121
547;530;3.601
547;543;2.962
547;544;3.082
547;550;2.974
548;534;3.877
548;535;3.976
548;544;3.088
548;545;2.945
548;551;3.147
549;474;4.007
549;546;2.977
549;552;3.177
549;979;3.686
549;980;3.914
550;547;2.974
550;553;2.905
550;976;3.601
550;980;4.122
551;470;3.262
551;474;3.822
551;492;3.273
551;531;3.01
551;548;3.147
551;554;2.947
552;467;3.887
552;471;3.642
552;474;3.687
552;549;3.177
552;555;2.946
552;972;3.823
552;976;3.508
553;523;3.978
553;550;2.905
553;556;2.765
553;973;3.384
553;976;3.414
554;463;3.941
554;467;3.877
554;499;3.426
554;502;2.732
554;524;2.646
554;528;3.728
554;551;2.947
554;557;2.976
555;467;3.816
555;468;3.879
555;552;2.946
555;558;2.967
555;559;2.95
555;561;3.926
555;972;3.64
556;553;2.765
556;561;4.031
557;460;2.687
557;502;2.728
557;524;3.856
557;554;2.976
558;464;2.726
558;555;2.967
559;464;3.529
559;555;2.95
559;561;3.868
559;562;3.006
560;563;3.143
560;564;2.935
560;965;3.206
561;555;3.926
561;556;4.031
561;559;3.868
561;564;3.163
561;565;3.011
561;969;3.475
562;520;2.95
562;559;3.006
562;565;3.84
562;566;3.055
563;560;3.143
563;566;3.399
563;567;2.971
564;560;2.935
564;561;3.163
564;567;3.264
564;568;2.959
564;969;3.628
565;520;3.884
565;561;3.011
565;562;3.84
565;569;3.05
566;562;3.055
566;563;3.399
566;569;3.385
566;570;2.817
567;563;2.971
567;564;3.264
567;570;3.378
567;571;2.939
568;564;2.959
568;571;3.217
568;572;3.077
568;1076;3.589
569;565;3.05
569;566;3.385
569;572;3.003
570;566;2.817
570;567;3.378
570;573;2.981
571;567;2.939
571;568;3.217
571;574;3.09
571;575;3.098
571;675;3.74
571;1076;3.501
571;1080;3.548
572;568;3.077
572;569;3.003
572;576;2.967
572;1076;3.857
573;570;2.981
573;576;3.03
574;571;3.09
574;675;3.941
575;571;3.098
575;578;3.265
575;579;2.872
575;671;3.55
575;1076;3.826
576;572;2.967
576;573;3.03
576;580;3.045
577;106;3.319
577;110;3.305
577;580;3.229
577;581;3.273
578;575;3.265
578;581;3.095
578;582;3.028
578;670;3.463
578;671;3.853
579;575;2.872
579;583;2.922
580;576;3.045
580;577;3.229
580;583;3.33
580;584;3.062
581;107;3.716
581;577;3.273
581;578;3.095
581;584;3.459
581;585;3.031
582;578;3.028
582;585;3.481
582;586;2.962
582;633;3.895
583;579;2.922
583;580;3.33
583;587;2.981
584;100;3.515
584;580;3.062
584;581;3.459
584;587;3.281
584;588;3.003
585;581;3.031
585;582;3.481
585;588;3.294
585;589;2.949
585;663;3.736
586;582;2.962
586;590;2.928
586;626;3.549
586;629;3.791
587;19;3.51
587;23;3.703
587;583;2.981
587;584;3.281
587;590;3.271
587;591;3.002
587;622;3.444
588;94;3.948
588;98;3.966
588;584;3.003
588;585;3.294
588;591;3.259
588;592;2.998
589;585;2.949
589;593;2.95
589;629;3.761
589;659;4.054
589;660;3.538
589;663;3.885
590;586;2.928
590;587;3.271
590;593;3.238
590;594;2.991
590;622;3.77
590;625;3.947
591;94;3.663
591;587;3.002
591;588;3.259
591;595;3.305
592;94;3.709
592;588;2.998
592;595;3.344
592;596;3.023
593;589;2.95
593;590;3.238
593;597;3.007
593;598;2.809
593;619;3.807
594;25;3.228
594;590;2.991
594;598;3.052
594;599;3.141
594;621;3.989
595;91;3.41
595;591;3.305
595;592;3.344
596;87;3.936
596;91;3.838
596;592;3.023
596;599;2.806
597;593;3.007
597;600;3.008
597;601;3.575
597;615;3.497
597;619;4.139
597;653;3.394
597;656;3.974
598;593;2.809
598;594;3.052
598;615;3.737
599;594;3.141
599;596;2.806
600;597;3.008
600;612;4.103
600;615;3.001
601;597;3.575
601;613;3.086
601;615;2.969
601;641;3.799
601;642;3.447
601;649;2.789
601;653;3.516
602;611;2.645
602;612;3.344
602;642;3.691
602;643;2.916
603;606;3.019
603;607;2.834
603;608;2.796
603;609;2.756
604;643;2.794
604;645;3.865
605;608;3.76
606;603;3.019
606;611;3.932
607;603;2.834
608;603;2.796
608;605;3.76
608;1009;3.922
609;603;2.756
610;616;3.567
610;617;3.146
611;602;2.645
611;606;3.932
612;600;4.103
612;602;3.344
612;616;3.504
613;601;3.086
613;616;3.141
613;617;3.119
613;640;2.851
613;641;3.582
614;617;3.042
614;618;2.844
614;639;3.938
615;597;3.497
615;598;3.737
615;600;3.001
615;601;2.969
615;619;3.668
615;641;3.585
616;610;3.567
616;612;3.504
616;613;3.141
616;620;3.514
617;610;3.146
617;613;3.119
617;614;3.042
617;1050;3.601
618;614;2.844
618;624;3.972
618;627;3.983
618;628;3.808
618;631;4.02
618;1041;3.454
618;1045;3.717
619;593;3.807
619;597;4.139
619;615;3.668
619;624;3.632
619;628;3.649
619;641;4.026
620;616;3.514
620;1054;2.74
621;25;3.71
621;594;3.989
621;624;2.882
621;625;2.944
621;1057;2.855
622;25;3.288
622;587;3.444
622;590;3.77
622;625;3.428
622;626;2.94
623;626;3.248
623;627;2.986
623;1057;3.656
623;1060;3.85
623;1061;3.624
623;1064;3.986
624;618;3.972
624;619;3.632
624;621;2.882
624;627;3.254
624;628;2.974
624;1060;3.123
625;590;3.947
625;621;2.944
625;622;3.428
625;628;4.015
625;629;2.973
626;586;3.549
626;622;2.94
626;623;3.248
626;629;3.472
626;630;2.975
627;618;3.983
627;623;2.986
627;624;3.254
627;630;3.265
627;631;3.028
627;1045;3.96
627;1064;3.605
628;618;3.808
628;619;3.649
628;624;2.974
628;625;4.015
628;631;3.137
628;632;3.005
628;638;3.857
629;586;3.791
629;589;3.761
629;625;2.973
629;626;3.472
629;632;3.333
629;633;2.998
629;660;4.031
630;626;2.975
630;627;3.265
630;633;3.03
630;634;3.186
630;1037;3.961
630;1040;3.54
630;1064;3.697
630;1071;3.915
631;618;4.02
631;627;3.028
631;628;3.137
631;637;2.929
631;1041;3.512
632;628;3.005
632;629;3.333
632;635;2.988
632;657;3.401
632;660;3.559
632;661;3.946
633;582;3.895
633;629;2.998
633;630;3.03
633;664;3.773
634;630;3.186
634;1037;3.526
635;632;2.988
635;657;2.845
635;661;4.019
636;213;3.808
637;208;3.75
637;213;3.372
637;214;5.906
637;631;2.929
637;657;3.854
637;1042;3.873
638;628;3.857
638;641;3.49
638;657;3.302
639;614;3.938
639;1042;3.501
640;613;2.851
640;996;3.849
641;601;3.799
641;613;3.582
641;615;3.585
641;619;4.026
641;638;3.49
641;650;3.29
641;653;3.446
642;601;3.447
642;602;3.691
642;646;3.361
642;650;2.934
643;602;2.916
643;604;2.794
643;650;3.631
644;997;3.481
645;604;3.865
646;642;3.361
646;649;2.776
646;650;3.052
647;651;2.95
648;651;3.318
648;652;3.007
649;601;2.789
649;646;2.776
649;652;3.185
649;653;3.087
650;641;3.29
650;642;2.934
650;643;3.631
650;646;3.052
650;653;3.416
650;654;2.917
651;647;2.95
651;648;3.318
651;654;3.257
651;655;3.007
652;648;3.007
652;649;3.185
652;655;3.489
652;656;3.367
653;597;3.394
653;601;3.516
653;641;3.446
653;649;3.087
653;650;3.416
653;656;3.395
653;657;2.937
654;204;3.823
654;650;2.917
654;651;3.257
654;657;3.257
654;658;2.969
655;651;3.007
655;652;3.489
655;658;3.391
655;659;3.019
656;597;3.974
656;652;3.367
656;653;3.395
656;659;3.318
656;660;2.994
657;632;3.401
657;635;2.845
657;637;3.854
657;638;3.302
657;653;2.937
657;654;3.257
657;660;3.3
657;661;2.987
658;207;3.525
658;654;2.969
658;655;3.391
658;661;3.425
658;662;3.002
659;589;4.054
659;655;3.019
659;656;3.318
659;662;3.492
659;663;3.01
660;589;3.538
660;629;4.031
660;632;3.559
660;656;2.994
660;657;3.3
660;664;2.954
661;211;3.612
661;632;3.946
661;635;4.019
661;657;2.987
661;658;3.425
661;665;2.931
662;207;3.854
662;658;3.002
662;659;3.492
662;665;3.423
662;666;3.033
663;585;3.736
663;589;3.885
663;659;3.01
663;666;3.439
663;667;2.993
664;633;3.773
664;660;2.954
664;667;3.228
664;668;2.934
665;661;2.931
665;662;3.423
665;668;3.262
665;669;2.981
666;114;3.807
666;662;3.033
666;663;3.439
666;670;3.026
667;663;2.993
667;664;3.228
667;670;3.319
667;671;2.917
668;664;2.934
668;665;3.262
668;671;3.15
668;672;3.068
669;247;3.579
669;248;3.745
669;665;2.981
669;672;3.482
669;673;3.009
670;578;3.463
670;666;3.026
670;667;3.319
670;674;2.916
671;575;3.55
671;578;3.853
671;667;2.917
671;668;3.15
671;674;3.391
671;675;3.115
671;1079;3.372
672;248;3.642
672;252;3.612
672;668;3.068
672;669;3.482
672;675;3.434
672;676;2.935
672;1079;3.63
672;1082;3.715
672;1368;6.486
673;251;3.798
673;252;3.928
673;255;3.702
673;669;3.009
673;677;2.954
674;670;2.916
674;671;3.391
674;678;3.055
675;571;3.74
675;574;3.941
675;671;3.115
675;672;3.434
675;678;3.297
675;679;3.024
675;1079;3.613
675;1080;3.718
675;1083;3.576
676;252;3.467
676;672;2.935
676;679;3.354
676;680;2.955
676;1083;4.022
676;1086;3.465
677;255;3.903
677;256;3.895
677;259;3.623
677;673;2.954
677;681;3.036
678;674;3.055
678;675;3.297
678;681;2.994
678;682;3.086
679;675;3.024
679;676;3.354
679;682;2.958
679;683;3.055
679;1083;3.474
679;1087;3.656
680;256;3.792
680;676;2.955
680;685;3.389
680;1086;3.951
680;1087;3.556
680;1090;3.266
681;677;3.036
681;678;2.994
682;678;3.086
682;679;2.958
683;679;3.055
683;1087;3.975
684;1095;2.868
685;680;3.389
685;1094;2.835
686;1094;3.605
687;1097;3.565
688;1098;2.939
689;691;3.044
690;692;2.998
690;695;3.847
691;689;3.044
692;690;2.998
692;695;3.711
693;1103;3.774
694;1099;3.622
694;1101;3.434
695;690;3.847
695;692;3.711
695;1099;4.04
696;699;2.941
697;700;3.005
698;701;2.789
699;696;2.941
700;697;3.005
701;698;2.789
701;705;3.109
702;704;2.796
702;705;3.053
703;708;3.388
703;713;3.601
704;702;2.796
704;708;3.224
704;716;3.67
705;701;3.109
705;702;3.053
705;708;2.956
705;709;3.123
706;709;2.984
706;716;3.46
707;710;2.767
708;703;3.388
708;704;3.224
708;705;2.956
708;711;2.966
708;712;2.917
708;713;2.982
709;705;3.123
709;706;2.984
709;712;3.352
709;713;3.041
709;714;4.003
709;715;3.734
710;707;2.767
711;708;2.966
712;708;2.917
712;709;3.352
713;703;3.601
713;708;2.982
713;709;3.041
714;709;4.003
715;709;3.734
715;718;3.887
716;704;3.67
716;706;3.46
717;719;2.863
718;715;3.887
718;720;3.545
719;717;2.863
719;725;3.851
720;718;3.545
720;725;2.882
720;726;3.178
720;727;2.817
721;723;3.63
722;727;3.618
723;721;3.63
723;727;3.755
724;727;2.961
725;719;3.851
725;720;2.882
726;720;3.178
727;720;2.817
727;722;3.618
727;723;3.755
727;724;2.961
728;750;2.782
729;731;2.844
729;735;2.88
729;736;3.736
730;735;3.745
730;736;3.858
731;729;2.844
731;732;2.935
732;731;2.935
732;735;3.806
733;299;2.773
734;299;2.963
735;729;2.88
735;730;3.745
735;732;3.806
736;729;3.736
736;730;3.858
737;750;3.637
738;750;2.826
738;752;2.741
739;742;4.019
739;752;3.285
740;753;3.041
741;743;2.644
742;739;4.019
742;752;3.64
743;741;2.644
743;753;2.869
744;747;3.523
744;751;3.983
745;748;3.734
746;758;3.731
747;744;3.523
748;745;3.734
748;751;2.95
748;756;3.544
748;757;2.98
748;758;2.9
748;759;2.763
749;757;2.657
750;728;2.782
750;737;3.637
750;738;2.826
751;744;3.983
751;748;2.95
751;754;3.605
752;738;2.741
752;739;3.285
752;742;3.64
753;740;3.041
753;743;2.869
754;751;3.605
754;755;3.371
754;756;3.578
755;754;3.371
756;748;3.544
756;754;3.578
757;748;2.98
757;749;2.657
758;746;3.731
758;748;2.9
758;759;3.905
759;748;2.763
759;758;3.905
759;760;2.954
760;759;2.954
761;762;3.03
762;761;3.03
762;766;3.771
763;767;2.899
764;766;2.965
764;767;3.053
765;767;3.006
766;762;3.771
766;764;2.965
767;763;2.899
767;764;3.053
767;765;3.006
768;792;3.059
769;791;3.844
770;792;3.885
771;775;2.798
771;776;2.952
772;774;3.296
773;778;3.762
774;772;3.296
774;781;2.833
775;771;2.798
776;771;2.952
776;780;3.718
776;781;3.283
777;779;3.346
778;773;3.762
779;777;3.346
780;776;3.718
781;774;2.833
781;776;3.283
782;784;2.968
783;785;3.018
783;787;2.665
784;782;2.968
785;783;3.018
785;788;3.001
786;789;3.049
787;783;2.665
788;785;3.001
789;786;3.049
789;790;4.025
790;789;4.025
791;769;3.844
792;768;3.059
792;770;3.885
793;795;4.116
794;795;3.002
795;793;4.116
795;794;3.002
796;813;3.113
796;819;2.797
797;799;3.757
798;799;3.953
799;797;3.757
799;798;3.953
800;801;3.093
800;803;3.547
801;800;3.093
801;803;3.116
802;804;3.261
803;800;3.547
803;801;3.116
804;802;3.261
805;807;2.832
805;808;3.027
805;809;2.794
806;810;4.0
807;805;2.832
808;805;3.027
808;815;3.277
809;805;2.794
810;806;4.0
810;812;3.015
811;814;2.99
811;815;3.888
812;810;3.015
812;815;3.201
812;816;3.944
813;796;3.113
813;816;3.007
813;819;2.825
814;811;2.99
815;808;3.277
815;811;3.888
815;812;3.201
816;812;3.944
816;813;3.007
816;818;3.51
816;819;3.652
817;820;3.057
818;816;3.51
819;796;2.797
819;813;2.825
819;816;3.652
819;822;3.393
820;817;3.057
821;823;3.323
822;819;3.393
823;821;3.323
824;826;3.03
825;828;3.051
826;824;3.03
826;829;3.091
826;830;4.019
827;830;4.151
827;885;3.999
828;825;3.051
829;826;3.091
829;832;2.691
830;826;4.019
830;827;4.151
830;833;3.026
830;836;3.834
830;889;3.683
831;836;3.844
831;885;3.581
831;886;3.501
832;829;2.691
833;830;3.026
833;836;3.029
833;837;3.001
834;838;3.031
835;839;2.914
836;830;3.834
836;831;3.844
836;833;3.029
836;839;3.217
836;840;2.974
836;885;3.873
837;833;3.001
837;840;3.426
837;841;3.185
837;945;3.193
838;834;3.031
838;841;3.383
838;842;3.006
839;835;2.914
839;836;3.217
839;842;3.273
839;843;2.927
840;836;2.974
840;837;3.426
840;843;3.399
840;844;2.975
840;879;3.743
840;882;3.768
841;837;3.185
841;838;3.383
841;844;3.343
841;845;2.952
841;945;3.408
842;838;3.006
842;839;3.273
842;845;3.233
842;846;2.973
843;839;2.927
843;840;3.399
843;847;2.963
843;879;3.979
844;840;2.975
844;841;3.343
844;848;2.903
844;875;3.977
844;879;3.418
844;938;3.76
844;942;3.768
845;841;2.952
845;842;3.233
845;848;3.181
845;849;2.985
846;842;2.973
846;849;3.139
846;850;3.008
847;843;2.963
847;850;3.442
847;851;2.96
847;938;3.65
848;844;2.903
848;845;3.181
848;851;4.009
848;852;3.02
849;845;2.985
849;846;3.139
849;852;3.32
849;853;2.98
850;846;3.008
850;847;3.442
850;853;3.032
850;854;3.238
851;847;2.96
851;848;4.009
851;936;3.954
851;939;3.971
852;848;3.02
852;849;3.32
852;856;3.188
852;1276;3.958
853;849;2.98
853;850;3.032
853;856;3.07
853;857;3.023
853;860;3.467
853;864;3.937
854;850;3.238
854;861;2.765
854;929;2.702
855;858;3.332
855;861;2.674
855;1279;3.378
855;1333;3.091
856;852;3.188
856;853;3.07
856;1299;3.79
857;853;3.023
857;860;2.971
857;861;3.02
858;855;3.332
858;861;3.289
858;862;3.022
859;862;2.64
860;853;3.467
860;857;2.971
860;863;3.413
860;864;2.975
861;854;2.765
861;855;2.674
861;857;3.02
861;858;3.289
861;865;3.034
861;1332;3.891
862;858;3.022
862;859;2.64
862;1334;3.487
863;860;3.413
864;853;3.937
864;860;2.975
864;867;3.083
864;868;3.018
865;861;3.034
865;869;2.739
866;870;3.019
867;864;3.083
867;870;3.385
867;871;2.993
868;864;3.018
868;871;2.999
868;872;3.262
869;865;2.739
869;872;2.99
869;873;3.032
869;929;2.861
869;932;3.856
870;866;3.019
870;867;3.385
870;873;2.906
870;874;2.944
871;867;2.993
871;868;2.999
871;874;3.498
871;875;2.916
872;868;3.262
872;869;2.99
872;876;3.002
872;932;4.029
872;935;3.788
873;869;3.032
873;870;2.906
873;876;3.352
873;877;3.021
874;870;2.944
874;871;3.498
874;878;2.989
875;844;3.977
875;871;2.916
875;878;3.236
875;879;2.934
875;938;3.554
876;872;3.002
876;873;3.352
876;880;2.979
876;935;3.86
877;873;3.021
877;881;3.037
878;874;2.989
878;875;3.236
878;882;2.948
879;840;3.743
879;843;3.979
879;844;3.418
879;875;2.934
879;883;3.008
879;941;3.683
880;876;2.979
880;883;3.415
880;884;2.983
880;908;3.918
880;912;3.749
881;877;3.037
881;884;3.364
881;885;2.958
882;840;3.768
882;878;2.948
882;885;3.462
882;886;2.763
882;941;3.592
883;879;3.008
883;880;3.415
883;886;3.491
883;887;2.943
883;905;3.876
884;880;2.983
884;881;3.364
884;887;4.005
884;888;3.009
885;827;3.999
885;831;3.581
885;836;3.873
885;881;2.958
885;882;3.462
885;888;3.41
885;889;3.016
886;831;3.501
886;882;2.763
886;883;3.491
886;890;3.087
886;895;3.89
886;901;4.101
886;904;2.689
887;883;2.943
887;884;4.005
887;890;3.015
887;891;2.949
887;892;3.837
887;895;6.409
887;896;3.695
888;884;3.009
888;885;3.41
889;830;3.683
889;885;3.016
890;886;3.087
890;887;3.015
890;894;2.803
890;895;3.967
890;898;3.811
890;901;3.621
891;887;2.949
891;895;3.004
892;887;3.837
892;895;3.075
892;896;2.987
893;896;2.866
893;897;3.109
894;890;2.803
895;886;3.89
895;887;6.409
895;890;3.967
895;891;3.004
895;892;3.075
895;898;3.048
895;901;3.657
895;905;3.747
896;887;3.695
896;892;2.987
896;893;2.866
896;902;3.834
896;905;3.686
897;893;3.109
898;890;3.811
898;895;3.048
898;901;3.158
898;902;2.942
899;902;3.488
899;903;2.972
900;903;3.401
900;904;3.006
900;953;3.837
901;886;4.101
901;890;3.621
901;895;3.657
901;898;3.158
901;904;3.109
901;905;2.985
902;896;3.834
902;898;2.942
902;899;3.488
902;905;5.92
902;906;2.981
903;899;2.972
903;900;3.401
903;906;3.223
904;886;2.689
904;900;3.006
904;901;3.109
904;941;2.94
904;944;2.784
905;883;3.876
905;895;3.747
905;896;3.686
905;901;2.985
905;902;5.92
905;908;3.021
905;909;2.956
906;902;2.981
906;903;3.223
906;910;3.037
907;937;4.023
907;941;3.656
908;880;3.918
908;905;3.021
908;911;3.305
908;912;3.102
909;905;2.956
909;912;2.836
909;913;2.907
910;906;3.037
910;914;2.956
910;934;3.699
911;908;3.305
911;914;4.008
911;915;3.052
911;935;2.851
912;880;3.749
912;908;3.102
912;909;2.836
912;915;3.363
912;916;2.986
913;909;2.907
913;916;3.153
913;917;2.99
914;910;2.956
914;911;4.008
914;917;3.462
914;918;2.987
915;911;3.052
915;912;3.363
915;918;3.282
915;919;2.976
915;928;3.692
916;912;2.986
916;913;3.153
916;919;3.179
916;920;2.937
917;913;2.99
917;914;3.462
917;920;3.134
917;921;2.975
918;914;2.987
918;915;3.282
918;923;3.031
918;927;3.304
918;928;3.368
918;931;3.63
919;915;2.976
919;916;3.179
919;922;2.998
920;916;2.937
920;917;3.134
921;917;2.975
922;919;2.998
923;918;3.031
924;927;3.808
924;928;3.165
925;928;3.462
925;929;2.991
926;929;2.742
926;930;3.226
927;918;3.304
927;924;3.808
927;931;2.993
928;915;3.692
928;918;3.368
928;924;3.165
928;925;3.462
928;932;2.965
929;854;2.702
929;869;2.861
929;925;2.991
929;926;2.742
929;1331;3.842
929;1332;3.988
930;926;3.226
930;933;3.055
930;1281;3.88
930;1328;2.998
930;1329;3.627
930;1330;3.138
931;918;3.63
931;927;2.993
932;869;3.856
932;872;4.029
932;928;2.965
932;935;2.75
933;930;3.055
933;936;2.759
933;937;3.32
933;1277;3.593
934;910;3.699
934;937;2.796
935;872;3.788
935;876;3.86
935;911;2.851
935;932;2.75
935;938;2.807
936;851;3.954
936;933;2.759
937;907;4.023
937;933;3.32
937;934;2.796
937;940;3.004
937;941;2.996
937;1273;3.901
938;844;3.76
938;847;3.65
938;875;3.554
938;935;2.807
938;941;2.949
938;942;3.199
939;851;3.971
939;942;2.99
939;1273;3.641
940;937;3.004
940;943;2.777
940;1273;3.844
941;879;3.683
941;882;3.592
941;904;2.94
941;907;3.656
941;937;2.996
941;938;2.949
941;944;2.905
942;844;3.768
942;938;3.199
942;939;2.99
942;945;2.983
942;946;2.944
943;940;2.777
943;946;3.164
943;949;3.529
943;953;3.693
944;904;2.784
944;941;2.905
944;950;2.908
945;837;3.193
945;841;3.408
945;942;2.983
946;942;2.944
946;943;3.164
946;949;3.491
946;950;3.007
947;950;3.724
948;951;3.103
948;952;2.935
949;943;3.529
949;946;3.491
949;952;3.307
949;953;2.98
949;1265;3.865
949;1266;4.102
950;944;2.908
950;946;3.007
950;947;3.724
950;954;2.979
951;948;3.103
951;954;3.341
951;955;2.967
952;948;2.935
952;949;3.307
952;955;3.068
952;956;2.96
952;1262;3.705
952;1266;3.826
953;900;3.837
953;943;3.693
953;949;2.98
953;956;3.342
953;957;2.994
954;950;2.979
954;951;3.341
954;958;2.967
955;951;2.967
955;952;3.068
955;958;3.118
955;959;3.041
956;952;2.96
956;953;3.342
956;959;3.043
956;1366;3.639
957;953;2.994
957;960;3.036
958;954;2.967
958;955;3.118
959;955;3.041
959;956;3.043
