source;destination;distance
0;3;2.798
1;47;3.587
2;7;3.569
2;48;3.7
3;0;2.798
4;7;3.275
4;8;2.974
5;9;2.974
6;10;2.978
7;2;3.569
7;4;3.275
7;10;3.119
7;11;2.966
7;43;3.923
7;47;3.75
8;4;2.974
8;11;3.369
8;12;2.963
9;5;2.974
9;13;2.929
10;6;2.978
10;7;3.119
10;14;2.948
11;7;2.966
11;8;3.369
11;14;3.376
11;15;3.02
11;44;3.592
12;8;2.963
12;16;2.982
12;103;4.029
12;104;3.831
13;9;2.929
13;16;3.358
13;17;2.937
14;10;2.948
14;11;3.376
14;18;3.002
14;37;3.763
15;11;3.02
15;19;2.978
15;37;3.839
15;99;3.885
15;100;3.58
16;12;2.982
16;13;3.358
16;19;3.163
16;20;3.077
17;13;2.937
17;20;3.364
17;21;2.996
18;14;3.002
18;21;3.559
18;22;2.933
18;37;3.044
18;96;3.117
19;15;2.978
19;16;3.163
19;22;3.221
19;97;3.536
19;603;3.495
20;16;3.077
20;17;3.364
20;23;3.366
21;17;2.996
21;18;3.559
21;24;2.995
21;30;3.669
21;33;3.412
22;18;2.933
22;19;3.221
22;93;4.087
22;96;3.922
22;97;3.975
23;20;3.366
23;603;3.832
24;21;2.995
24;27;3.999
25;610;3.254
25;637;3.66
25;638;3.239
26;30;3.839
27;24;3.999
27;30;2.844
28;31;2.727
28;32;3.012
29;32;3.32
29;33;2.985
30;21;3.669
30;26;3.839
30;27;2.844
30;33;3.433
30;34;3.005
31;28;2.727
31;34;3.427
31;35;3.015
32;28;3.012
32;29;3.32
32;36;3.007
33;21;3.412
33;29;2.985
33;30;3.433
33;36;3.286
33;37;2.963
34;30;3.005
34;31;3.427
34;37;3.273
34;38;2.933
34;80;4.036
34;93;2.872
34;96;3.663
35;31;3.015
35;38;3.398
35;39;2.976
35;81;3.487
36;32;3.007
36;33;3.286
36;39;3.363
36;40;2.997
37;14;3.763
37;15;3.839
37;18;3.044
37;33;2.963
37;34;3.273
37;40;3.022
37;41;2.868
37;96;3.869
38;34;2.933
38;35;3.398
38;41;4.035
38;42;2.99
38;80;2.755
39;35;2.976
39;36;3.363
39;42;3.157
39;43;2.985
40;36;2.997
40;37;3.022
40;43;3.462
40;44;2.906
41;37;2.868
41;38;4.035
41;45;2.946
41;73;3.472
41;99;3.518
42;38;2.99
42;39;3.157
42;45;3.315
42;46;2.968
43;7;3.923
43;39;2.985
43;40;3.462
43;46;3.382
43;47;3.054
44;11;3.592
44;40;2.906
44;47;3.275
44;48;2.837
44;99;2.65
45;41;2.946
45;42;3.315
45;49;2.981
45;56;3.975
45;73;3.935
46;42;2.968
46;43;3.382
46;50;3.067
46;51;4.039
47;1;3.587
47;7;3.75
47;43;3.054
47;44;3.275
48;2;3.7
48;44;2.837
48;66;3.231
48;69;2.667
49;45;2.981
49;59;3.863
49;66;3.677
50;46;3.067
50;53;3.065
50;55;3.66
51;46;4.039
52;55;3.7
52;58;3.476
53;50;3.065
53;56;2.983
54;57;2.989
55;50;3.66
55;52;3.7
55;58;2.997
56;45;3.975
56;53;2.983
56;59;3.042
56;70;3.905
57;54;2.989
57;60;3.013
58;52;3.476
58;55;2.997
58;61;3.033
59;49;3.863
59;56;3.042
59;62;2.983
59;63;3.776
59;66;3.5
59;67;3.959
59;70;3.728
60;57;3.013
61;58;3.033
62;59;2.983
63;59;3.776
63;67;2.932
64;67;3.443
64;68;3.035
65;68;3.037
65;69;3.051
65;102;3.399
65;108;3.328
65;111;3.833
66;48;3.231
66;49;3.677
66;59;3.5
66;69;3.865
66;70;2.987
67;59;3.959
67;63;2.932
67;64;3.443
67;70;3.386
67;71;2.943
68;64;3.035
68;65;3.037
68;72;3.009
68;101;3.892
69;48;2.667
69;65;3.051
69;66;3.865
69;72;3.393
69;73;2.922
69;99;3.106
69;102;2.798
70;56;3.905
70;59;3.728
70;66;2.987
70;67;3.386
70;73;3.241
70;74;2.988
71;67;2.943
71;74;3.412
71;75;2.993
72;68;3.009
72;69;3.393
72;76;2.929
72;95;3.559
73;41;3.472
73;45;3.935
73;69;2.922
73;70;3.241
73;76;3.421
73;77;2.903
74;70;2.988
74;71;3.412
74;77;3.327
74;78;3.007
75;71;2.993
75;78;3.487
75;79;2.991
75;89;3.517
75;92;3.287
76;72;2.929
76;73;3.421
76;79;3.009
76;80;2.861
77;73;2.903
77;74;3.327
77;81;2.986
78;74;3.007
78;75;3.487
78;82;3.007
79;75;2.991
79;76;3.009
79;83;3.965
79;89;2.746
80;34;4.036
80;38;2.755
80;76;2.861
80;83;3.242
81;35;3.487
81;77;2.986
82;78;3.007
82;84;2.986
83;79;3.965
83;80;3.242
83;90;2.935
83;93;3.592
84;82;2.986
85;89;3.698
86;89;3.129
87;90;2.869
87;91;3.178
87;612;3.933
88;91;3.15
89;75;3.517
89;79;2.746
89;85;3.698
89;86;3.129
89;92;2.99
90;83;2.935
90;87;2.869
91;87;3.178
91;88;3.15
91;94;2.988
91;611;3.394
91;612;3.834
92;75;3.287
92;89;2.99
92;95;2.86
93;22;4.087
93;34;2.872
93;83;3.592
93;96;2.919
94;91;2.988
94;97;2.943
94;604;3.989
94;607;3.602
94;608;3.691
95;72;3.559
95;92;2.86
95;98;3.111
95;99;3.029
96;18;3.117
96;22;3.922
96;34;3.663
96;37;3.869
96;93;2.919
97;19;3.536
97;22;3.975
97;94;2.943
97;100;3.037
98;95;3.111
98;101;2.934
98;604;3.917
99;15;3.885
99;41;3.518
99;44;2.65
99;69;3.106
99;95;3.029
99;102;2.945
100;15;3.58
100;97;3.037
100;103;2.989
100;104;2.937
100;107;3.602
100;600;3.485
101;68;3.892
101;98;2.934
101;111;3.895
102;65;3.399
102;69;2.798
102;99;2.945
102;108;2.825
103;12;4.029
103;100;2.989
104;12;3.831
104;100;2.937
104;108;2.987
105;108;3.27
105;109;2.949
106;110;3.1
106;593;3.354
107;100;3.602
107;110;3.362
107;111;2.999
107;597;3.722
108;65;3.328
108;102;2.825
108;104;2.987
108;105;3.27
108;111;3.474
108;112;2.978
109;105;2.949
109;112;3.201
109;113;3.034
110;106;3.1
110;107;3.362
110;113;3.098
110;114;3.005
110;593;3.307
110;594;4.003
111;65;3.833
111;101;3.895
111;107;2.999
111;108;3.474
111;114;3.247
111;115;3.055
112;108;2.978
112;109;3.201
112;115;3.369
112;116;2.995
113;109;3.034
113;110;3.098
113;116;3.241
113;117;3.039
114;110;3.005
114;111;3.247
114;117;3.035
114;118;3.271
114;682;3.804
115;111;3.055
115;112;3.369
115;118;2.973
116;112;2.995
116;113;3.241
116;119;2.833
116;252;3.819
116;256;3.805
117;113;3.039
117;114;3.035
117;120;3.093
117;121;3.016
118;114;3.271
118;115;2.973
118;122;2.998
119;116;2.833
119;256;2.707
120;117;3.093
120;123;3.435
120;255;2.632
121;117;3.016
121;124;3.348
121;125;2.926
121;249;3.988
122;118;2.998
122;126;2.971
123;120;3.435
123;126;3.228
123;127;3.116
123;1266;3.46
123;1267;2.895
124;121;3.348
124;127;3.422
124;128;3.169
124;241;3.627
124;1270;4.012
125;121;2.926
125;128;3.34
125;129;2.916
126;122;2.971
126;123;3.228
126;129;3.328
126;130;2.987
127;123;3.116
127;124;3.422
127;130;3.939
127;131;2.964
127;1261;3.987
127;1267;3.975
127;1270;3.791
128;124;3.169
128;125;3.34
128;131;3.311
128;132;2.888
128;241;3.47
129;125;2.916
129;126;3.328
129;133;3.013
130;126;2.987
130;127;3.939
130;133;3.424
130;134;2.937
130;1257;3.693
130;1260;3.403
130;1261;3.598
131;127;2.964
131;128;3.311
131;134;3.446
131;135;2.871
132;128;2.888
132;136;2.968
132;201;3.692
132;204;3.967
133;129;3.013
133;130;3.424
133;136;3.214
133;137;3.007
133;1168;4.031
134;130;2.937
134;131;3.446
134;137;3.307
134;138;2.979
134;1168;3.721
134;1257;3.873
135;131;2.871
135;139;2.954
135;204;3.589
135;237;3.799
136;132;2.968
136;133;3.214
136;140;2.927
136;197;3.817
136;201;3.927
137;133;3.007
137;134;3.307
137;140;3.201
137;141;3.119
137;197;3.835
137;1254;3.922
138;134;2.979
138;141;3.122
138;142;3.447
138;230;3.684
138;1251;3.689
138;1254;3.934
139;135;2.954
139;142;3.471
139;143;2.952
139;194;3.573
140;136;2.927
140;137;3.201
140;144;3.743
140;195;3.917
140;196;3.503
140;197;3.905
141;137;3.119
141;138;3.122
141;1251;3.633
141;1254;3.401
142;138;3.447
142;139;3.471
142;1247;3.691
142;1251;3.49
143;139;2.952
143;217;3.064
143;227;3.448
143;230;3.716
143;231;3.641
144;140;3.743
144;195;3.829
145;150;2.749
145;190;2.981
146;184;3.072
146;188;3.743
146;190;3.123
147;150;2.949
147;151;3.772
147;188;2.767
148;188;2.883
148;191;3.505
148;195;2.644
149;154;2.952
149;155;3.748
150;145;2.749
150;147;2.949
150;154;3.183
150;185;2.803
151;147;3.772
151;182;3.763
151;185;3.861
152;182;3.668
153;180;2.731
154;149;2.952
154;150;3.183
155;149;3.748
156;159;3.789
157;159;3.705
158;161;3.716
158;178;3.916
159;156;3.789
159;157;3.705
160;167;3.212
160;177;2.823
161;158;3.716
162;166;3.104
162;167;3.536
163;165;3.612
164;166;2.943
164;174;2.995
165;163;3.612
166;162;3.104
166;164;2.943
166;168;2.847
167;160;3.212
167;162;3.536
168;166;2.847
168;174;3.613
168;176;2.791
169;171;3.385
170;172;3.807
171;169;3.385
172;170;3.807
173;175;3.074
174;164;2.995
174;168;3.613
175;173;3.074
175;179;3.923
176;168;2.791
177;160;2.823
178;158;3.916
179;175;3.923
180;153;2.731
181;1025;4.213
181;1027;3.708
182;151;3.763
182;152;3.668
183;185;3.441
184;146;3.072
185;150;2.803
185;151;3.861
185;183;3.441
186;189;3.099
187;1024;2.844
187;1026;3.521
188;146;3.743
188;147;2.767
188;148;2.883
188;191;3.123
189;186;3.099
189;220;3.596
189;221;3.918
190;145;2.981
190;146;3.123
191;148;3.505
191;188;3.123
191;194;2.999
191;195;3.031
191;199;3.534
192;199;3.165
193;199;3.362
193;217;3.455
194;139;3.573
194;191;2.999
194;200;3.409
194;203;3.525
194;217;3.142
194;231;6.185
195;140;3.917
195;144;3.829
195;148;2.644
195;191;3.031
196;140;3.503
196;199;2.805
196;200;2.968
197;136;3.817
197;137;3.835
197;140;3.905
197;201;2.956
198;202;2.992
199;191;3.534
199;192;3.165
199;193;3.362
199;196;2.805
199;202;3.281
199;203;2.954
200;194;3.409
200;196;2.968
200;203;3.248
200;204;2.95
201;132;3.692
201;136;3.927
201;197;2.956
201;205;2.936
202;198;2.992
202;199;3.281
202;205;3.062
202;206;2.966
202;670;3.831
203;194;3.525
203;199;2.954
203;200;3.248
203;206;3.289
203;207;2.932
204;132;3.967
204;135;3.589
204;200;2.95
204;207;3.876
204;208;2.96
205;201;2.936
205;202;3.062
205;208;3.234
205;209;2.949
205;674;3.548
205;678;3.882
206;202;2.966
206;203;3.289
206;210;2.967
206;211;2.853
206;212;3.926
206;653;3.656
207;203;2.932
207;204;3.876
207;210;3.094
207;213;3.619
207;231;3.896
207;234;3.793
207;235;3.761
208;204;2.96
208;205;3.234
209;205;2.949
209;677;3.646
210;206;2.967
210;207;3.094
210;1332;3.159
210;1334;2.987
211;206;2.853
211;652;3.808
211;653;3.387
212;206;3.926
212;215;3.289
212;216;3.009
212;653;5.969
212;1329;3.453
212;1339;3.662
213;207;3.619
213;217;3.058
213;218;3.177
213;232;3.874
213;235;3.326
213;1325;3.741
213;1328;3.552
213;1329;3.412
214;218;3.124
214;219;3.004
214;1325;3.845
214;1329;3.775
214;1364;3.456
214;1365;2.777
214;1366;3.142
215;212;3.289
215;1339;3.353
215;1366;3.32
216;212;3.009
216;219;3.065
217;143;3.064
217;193;3.455
217;194;3.142
217;213;3.058
217;227;2.85
218;213;3.177
218;214;3.124
218;221;2.948
218;228;3.381
218;1325;3.139
218;1364;3.52
219;214;3.004
219;216;3.065
219;1364;3.433
220;189;3.596
221;189;3.918
221;218;2.948
221;223;2.935
221;224;3.107
221;227;3.569
222;224;3.054
222;1315;3.844
222;1322;3.646
222;1359;3.452
222;1360;2.887
222;1362;4.019
222;1363;3.442
223;221;2.935
223;227;3.013
224;221;3.107
224;222;3.054
224;227;2.975
224;228;2.943
224;1361;3.789
224;1362;3.739
225;228;3.647
225;229;2.919
225;1359;2.826
225;1361;2.781
226;1244;3.752
226;1247;3.794
226;1248;3.278
226;1361;2.948
227;143;3.448
227;217;2.85
227;221;3.569
227;223;3.013
227;224;2.975
227;230;3.023
227;231;3.316
228;218;3.381
228;224;2.943
228;225;3.647
228;231;3.294
228;232;2.941
228;1325;3.496
228;1362;3.991
228;1363;4.006
229;225;2.919
229;233;2.983
230;138;3.684
230;143;3.716
230;227;3.023
230;233;3.134
230;234;2.969
231;143;3.641
231;194;6.185
231;207;3.896
231;227;3.316
231;228;3.294
231;234;3.283
231;235;2.988
232;213;3.874
232;228;2.941
232;235;3.163
232;236;2.97
232;1328;3.991
233;229;2.983
233;230;3.134
233;237;2.933
234;207;3.793
234;230;2.969
234;231;3.283
234;238;2.909
235;207;3.761
235;213;3.326
235;231;2.988
235;232;3.163
235;239;2.943
235;1328;3.381
236;232;2.97
236;240;2.958
236;1328;3.357
237;135;3.799
237;233;2.933
237;241;2.923
238;234;2.909
238;242;2.945
239;235;2.943
239;242;3.313
239;243;2.957
240;236;2.958
240;243;3.417
240;244;2.942
240;1274;3.676
240;1281;3.584
241;124;3.627
241;128;3.47
241;237;2.923
241;244;3.187
241;245;2.879
242;238;2.945
242;239;3.313
242;245;3.365
242;246;2.958
243;239;2.957
243;240;3.417
243;246;3.821
243;247;2.997
243;1392;3.79
244;240;2.942
244;241;3.187
244;247;3.631
244;248;2.895
244;1270;3.15
244;1273;3.77
245;241;2.879
245;242;3.365
245;248;3.12
245;249;2.945
245;685;3.599
246;242;2.958
246;243;3.821
246;250;3.085
246;685;3.731
246;688;3.672
246;1389;3.528
247;243;2.997
247;244;3.631
247;251;2.923
247;1392;3.976
247;1393;3.968
247;1396;3.514
248;244;2.895
248;245;3.12
248;252;2.952
249;121;3.988
249;245;2.945
249;252;3.281
249;253;3.082
249;689;3.822
250;246;3.085
250;253;3.262
250;254;3.074
250;688;3.677
250;689;3.971
250;692;3.494
250;1393;3.499
251;247;2.923
251;255;2.884
251;1397;3.79
252;116;3.819
252;248;2.952
252;249;3.281
252;255;4.004
252;256;2.986
253;249;3.082
253;250;3.262
253;257;3.088
253;689;3.656
253;693;4.019
254;250;3.074
254;257;3.003
254;258;2.87
254;696;3.748
254;1115;6.269
254;1397;6.35
255;120;2.632
255;251;2.884
255;252;4.004
255;258;3.017
255;259;3.583
256;116;3.805
256;119;2.707
256;252;2.986
256;266;2.853
257;253;3.088
257;254;3.003
257;266;2.838
257;267;3.007
258;254;2.87
258;255;3.017
258;265;3.49
258;267;3.766
258;269;3.037
259;255;3.583
259;264;3.217
259;265;2.822
260;269;3.755
260;704;3.762
261;263;3.444
262;269;3.536
262;270;3.98
262;272;3.506
262;707;3.705
263;261;3.444
264;259;3.217
265;258;3.49
265;259;2.822
266;256;2.853
266;257;2.838
267;257;3.007
267;258;3.766
267;269;4.025
268;271;3.15
269;258;3.037
269;260;3.755
269;262;3.536
269;267;4.025
269;272;3.01
270;262;3.98
271;268;3.15
271;274;3.037
271;278;3.732
272;262;3.506
272;269;3.01
272;703;3.501
272;708;3.868
273;275;2.878
273;277;3.296
273;278;3.692
273;281;3.115
274;271;3.037
275;273;2.878
275;278;3.049
275;291;3.896
276;279;3.118
276;286;2.766
276;287;2.748
276;288;3.637
276;711;2.911
277;273;3.296
277;280;2.994
277;281;2.653
277;708;2.642
277;709;3.56
278;271;3.732
278;273;3.692
278;275;3.049
278;281;3.022
279;276;3.118
279;290;3.396
280;277;2.994
280;288;2.93
281;273;3.115
281;277;2.653
281;278;3.022
281;709;2.909
282;285;3.328
283;726;3.854
284;734;2.772
285;282;3.328
285;734;3.18
286;276;2.766
286;709;3.807
286;711;3.49
286;712;2.978
287;276;2.748
287;712;3.046
288;276;3.637
288;280;2.93
289;304;2.722
290;279;3.396
291;275;3.896
292;699;2.806
293;1116;3.53
293;1117;3.928
293;1120;3.98
294;302;3.431
295;297;2.803
295;302;3.872
296;300;2.618
297;295;2.803
297;987;3.713
298;983;3.48
299;300;3.815
300;296;2.618
300;299;3.815
301;307;3.927
302;294;3.431
302;295;3.872
302;305;3.177
303;308;3.998
304;289;2.722
305;302;3.177
305;312;2.939
306;309;2.976
306;312;3.847
307;301;3.927
308;303;3.998
309;306;2.976
309;312;3.879
310;318;3.487
310;319;2.985
310;320;3.592
311;313;3.031
312;305;2.939
312;306;3.847
312;309;3.879
313;311;3.031
313;323;2.73
314;317;3.854
314;318;2.792
314;320;2.759
314;321;2.864
314;323;2.801
315;318;2.847
315;324;3.556
316;324;3.399
317;314;3.854
317;320;2.985
317;322;2.824
317;324;2.673
318;310;3.487
318;314;2.792
318;315;2.847
319;310;2.985
320;310;3.592
320;314;2.759
320;317;2.985
321;314;2.864
322;317;2.824
322;327;3.158
323;313;2.73
323;314;2.801
323;326;2.991
323;327;3.143
324;315;3.556
324;316;3.399
324;317;2.673
325;329;3.97
326;323;2.991
327;322;3.158
327;323;3.143
328;331;2.891
329;325;3.97
330;332;2.771
331;328;2.891
332;330;2.771
333;444;3.272
333;445;3.192
333;446;2.797
333;447;3.086
334;440;3.142
334;444;3.847
335;440;2.963
336;440;2.761
337;440;2.644
338;341;3.816
339;345;2.846
340;343;2.96
340;344;3.552
340;345;3.041
341;338;3.816
342;346;3.417
343;340;2.96
344;340;3.552
344;351;3.66
345;339;2.846
345;340;3.041
345;349;3.704
345;350;3.866
346;342;3.417
346;429;3.167
347;349;3.051
347;351;3.979
348;352;2.919
349;345;3.704
349;347;3.051
349;438;2.785
349;439;3.072
349;441;2.701
350;345;3.866
351;344;3.66
351;347;3.979
352;348;2.919
353;359;3.847
354;359;3.39
354;360;2.887
355;358;3.039
355;360;3.029
356;360;4.033
356;361;2.954
357;370;3.786
358;355;3.039
359;353;3.847
359;354;3.39
360;354;2.887
360;355;3.029
360;356;4.033
361;356;2.954
361;363;3.109
362;366;3.666
363;361;3.109
363;366;3.0
363;370;3.951
364;367;2.963
365;368;3.034
365;369;3.041
365;370;3.789
365;372;3.877
366;362;3.666
366;363;3.0
366;369;3.094
367;364;2.963
368;365;3.034
368;373;2.858
369;365;3.041
369;366;3.094
369;371;3.58
370;357;3.786
370;363;3.951
370;365;3.789
371;369;3.58
372;365;3.877
373;368;2.858
374;376;3.431
375;379;2.799
375;383;3.614
375;396;3.76
376;374;3.431
377;379;4.01
378;397;2.953
379;375;2.799
379;377;4.01
379;397;3.446
380;398;3.747
381;397;3.943
382;385;2.983
383;375;3.614
384;386;3.059
384;387;2.752
384;388;2.788
384;389;3.08
385;382;2.983
386;384;3.059
387;384;2.752
387;390;4.014
388;384;2.788
389;384;3.08
389;392;2.746
389;393;2.959
390;387;4.014
391;394;2.975
392;389;2.746
393;389;2.959
394;391;2.975
395;399;2.759
396;375;3.76
396;399;2.998
397;378;2.953
397;379;3.446
397;381;3.943
398;380;3.747
398;400;2.961
398;401;3.105
399;395;2.759
399;396;2.998
400;398;2.961
401;398;3.105
402;403;3.357
403;402;3.357
404;405;2.746
405;404;2.746
406;407;2.816
406;413;3.663
407;406;2.816
407;412;3.056
408;411;2.791
408;412;3.818
409;412;3.762
410;412;2.976
411;408;2.791
412;407;3.056
412;408;3.818
412;409;3.762
412;410;2.976
413;406;3.663
413;414;3.068
414;413;3.068
415;417;2.97
416;418;2.936
417;415;2.97
418;416;2.936
418;419;3.051
419;418;3.051
420;443;2.681
421;422;3.323
422;421;3.323
423;425;3.038
424;426;3.17
424;431;3.604
425;423;3.038
426;424;3.17
426;431;3.612
427;428;3.4
428;427;3.4
429;346;3.167
430;436;3.407
431;424;3.604
431;426;3.612
431;432;2.924
432;431;2.924
432;435;2.992
432;436;3.069
433;436;2.903
434;437;3.724
435;432;2.992
436;430;3.407
436;432;3.069
436;433;2.903
437;434;3.724
438;349;2.785
438;441;3.837
439;349;3.072
440;334;3.142
440;335;2.963
440;336;2.761
440;337;2.644
441;349;2.701
441;438;3.837
442;445;3.495
443;420;2.681
443;445;3.08
444;333;3.272
444;334;3.847
444;452;2.792
445;333;3.192
445;442;3.495
445;443;3.08
446;333;2.797
446;451;3.221
446;452;3.646
447;333;3.086
448;451;2.988
449;452;2.973
449;453;3.248
449;454;4.016
450;455;3.967
450;456;2.808
450;457;2.864
451;446;3.221
451;448;2.988
451;457;3.988
452;444;2.792
452;446;3.646
452;449;2.973
453;449;3.248
454;449;4.016
455;450;3.967
456;450;2.808
457;450;2.864
457;451;3.988
458;461;2.747
459;462;3.858
460;463;3.195
461;458;2.747
462;459;3.858
463;460;3.195
463;465;2.978
463;467;3.38
463;468;3.838
463;470;2.968
463;471;2.76
464;466;3.985
464;467;3.829
464;525;2.756
465;463;2.978
466;464;3.985
466;524;3.652
466;525;3.896
467;463;3.38
467;464;3.829
467;470;2.988
467;471;3.099
468;463;3.838
468;471;2.978
469;521;3.628
470;463;2.968
470;467;2.988
470;526;3.355
471;463;2.76
471;467;3.099
471;468;2.978
471;474;2.987
471;475;3.171
472;476;2.953
473;477;2.957
474;471;2.987
474;477;3.215
474;478;3.015
475;471;3.171
475;478;3.432
475;479;2.935
475;573;2.678
476;472;2.953
476;479;3.212
476;480;2.973
477;473;2.957
477;474;3.215
477;481;3.053
478;474;3.015
478;475;3.432
478;481;3.307
478;482;2.977
478;514;4.007
478;518;3.804
478;570;3.957
479;475;2.935
479;476;3.212
479;482;3.002
479;483;3.082
479;574;2.739
479;575;3.612
480;476;2.973
480;483;3.471
480;484;3.008
481;477;3.053
481;478;3.307
481;485;2.984
481;511;3.658
482;478;2.977
482;479;3.002
482;485;3.079
482;486;3.069
482;515;3.308
482;568;3.874
482;570;3.894
482;571;3.838
483;479;3.082
483;480;3.471
483;486;3.127
483;487;3.446
483;571;3.826
484;480;3.008
484;487;3.275
484;488;3.019
485;481;2.984
485;482;3.079
485;488;3.247
485;489;2.991
485;511;3.25
485;567;3.189
486;482;3.069
486;483;3.127
486;490;3.057
486;568;3.641
486;1001;3.947
487;483;3.446
487;484;3.275
487;490;3.307
487;491;2.976
488;484;3.019
488;485;3.247
488;491;3.085
488;492;2.965
488;504;3.691
489;485;2.991
489;492;3.037
489;565;4.02
489;567;3.796
489;568;3.62
489;1005;4.0
490;486;3.057
490;487;3.307
491;487;2.976
491;488;3.085
491;496;3.755
491;504;3.982
492;488;2.965
492;489;3.037
492;497;2.888
492;508;3.477
493;497;2.977
493;1047;2.989
493;1048;3.104
494;497;3.881
494;498;2.827
495;498;2.979
495;499;3.048
496;491;3.755
496;500;3.011
497;492;2.888
497;493;2.977
497;494;3.881
497;501;3.768
497;504;3.938
498;494;2.827
498;495;2.979
498;501;2.631
499;495;3.048
500;496;3.011
500;503;3.031
500;504;2.94
501;497;3.768
501;498;2.631
501;504;3.993
501;505;2.972
502;505;3.316
502;506;3.048
503;500;3.031
503;506;3.958
503;507;2.954
504;488;3.691
504;491;3.982
504;497;3.938
504;500;2.94
504;501;3.993
504;507;3.234
504;508;2.913
505;501;2.972
505;502;3.316
505;508;3.364
505;509;3.033
506;502;3.048
506;503;3.958
506;510;2.958
507;503;2.954
507;504;3.234
507;511;2.972
508;492;3.477
508;504;2.913
508;505;3.364
508;511;3.403
508;512;3.091
508;567;3.27
509;505;3.033
509;512;3.321
509;513;3.012
509;551;3.791
509;552;3.418
510;506;2.958
510;513;2.999
510;514;3.084
511;481;3.658
511;485;3.25
511;507;2.972
511;508;3.403
511;514;3.084
511;515;3.385
512;508;3.091
512;509;3.321
512;515;2.951
512;547;2.826
512;548;3.739
512;551;3.815
513;509;3.012
513;510;2.999
513;516;2.874
514;478;4.007
514;510;3.084
514;511;3.084
514;517;3.053
514;518;3.236
515;482;3.308
515;511;3.385
515;512;2.951
515;519;2.983
515;544;3.706
515;548;3.906
515;570;3.41
516;513;2.874
516;519;3.418
516;520;3.03
516;548;3.501
517;514;3.053
517;521;3.063
518;478;3.804
518;514;3.236
518;521;3.477
518;522;2.95
518;570;2.741
518;573;2.731
519;515;2.983
519;516;3.418
519;523;2.993
519;544;3.618
520;516;3.03
520;523;3.285
520;524;3.087
521;469;3.628
521;517;3.063
521;518;3.477
521;525;2.998
522;518;2.95
522;525;2.994
522;526;3.051
522;530;2.704
522;531;3.541
522;537;2.767
523;519;2.993
523;520;3.285
523;531;3.66
523;532;4.023
524;466;3.652
524;520;3.087
525;464;2.756
525;466;3.896
525;521;2.998
525;522;2.994
526;470;3.355
526;522;3.051
526;530;3.766
527;530;2.953
527;531;2.935
528;532;2.987
529;533;2.839
530;522;2.704
530;526;3.766
530;527;2.953
530;533;3.075
530;534;2.914
531;522;3.541
531;523;3.66
531;527;2.935
531;537;3.206
531;541;4.02
532;523;4.023
532;528;2.987
533;529;2.839
533;530;3.075
534;530;2.914
534;537;2.964
534;538;3.045
535;538;3.953
535;539;3.017
536;539;4.001
536;540;3.0
536;578;2.938
536;581;3.867
537;522;2.767
537;531;3.206
537;534;2.964
537;540;3.462
537;541;2.953
538;534;3.045
538;535;3.953
538;541;3.4
538;542;2.987
539;535;3.017
539;536;4.001
539;542;3.391
539;543;3.024
539;569;3.975
540;536;3.0
540;537;3.462
540;543;3.24
540;544;2.908
540;570;2.641
540;573;3.844
541;531;4.02
541;537;2.953
541;538;3.4
541;545;3.001
542;538;2.987
542;539;3.391
542;545;3.193
542;546;3.087
543;539;3.024
543;540;3.24
543;547;3.015
544;515;3.706
544;519;3.618
544;540;2.908
544;548;2.936
544;570;3.756
545;541;3.001
545;542;3.193
545;549;2.993
546;542;3.087
546;550;3.193
546;563;3.562
547;512;2.826
547;543;3.015
547;551;3.431
547;567;3.073
548;512;3.739
548;515;3.906
548;516;3.501
548;544;2.936
548;551;3.156
548;552;2.913
549;545;2.993
549;552;3.273
549;553;3.035
550;546;3.193
550;554;3.004
550;555;3.062
550;564;3.813
551;509;3.791
551;512;3.815
551;547;3.431
551;548;3.156
551;555;3.759
551;564;3.955
552;509;3.418
552;548;2.913
552;549;3.273
553;549;3.035
554;550;3.004
554;556;2.947
555;550;3.062
555;551;3.759
555;561;2.833
556;554;2.947
556;561;3.259
557;560;2.782
558;561;3.228
558;562;2.936
559;562;3.291
559;563;2.957
559;1087;3.98
560;557;2.782
560;563;3.081
560;564;3.081
561;555;2.833
561;556;3.259
561;558;3.228
561;564;2.94
562;558;2.936
562;559;3.291
562;565;2.994
562;1009;3.138
563;546;3.562
563;559;2.957
563;560;3.081
563;566;2.981
564;550;3.813
564;551;3.955
564;560;3.081
564;561;2.94
564;567;3.06
565;489;4.02
565;562;2.994
565;568;3.187
565;1005;3.73
565;1006;3.902
566;563;2.981
566;569;2.902
566;1002;3.895
567;485;3.189
567;489;3.796
567;508;3.27
567;547;3.073
567;564;3.06
567;570;2.941
568;482;3.874
568;486;3.641
568;489;3.62
568;565;3.187
568;571;2.924
568;998;3.8
568;1002;3.521
569;539;3.975
569;566;2.902
569;572;2.789
569;999;3.379
569;1002;3.48
570;478;3.957
570;482;3.894
570;515;3.41
570;518;2.741
570;540;2.641
570;544;3.756
570;567;2.941
570;573;2.967
571;482;3.838
571;483;3.826
571;568;2.924
571;574;2.972
571;575;2.954
571;577;3.868
571;998;3.57
572;569;2.789
572;577;4.025
573;475;2.678
573;518;2.731
573;540;3.844
573;570;2.967
574;479;2.739
574;571;2.972
575;479;3.612
575;571;2.954
575;577;3.907
575;578;3.025
576;579;3.038
576;580;2.93
576;991;3.12
577;571;3.868
577;572;4.025
577;575;3.907
577;580;3.182
577;581;3.014
577;995;3.499
578;536;2.938
578;575;3.025
578;581;3.851
578;582;3.045
579;576;3.038
579;583;2.99
580;576;2.93
580;577;3.182
580;583;3.274
580;584;2.955
580;995;3.632
581;536;3.867
581;577;3.014
581;578;3.851
581;585;3.055
582;578;3.045
582;585;3.37
582;586;2.796
583;579;2.99
583;580;3.274
583;586;3.325
583;587;2.937
584;580;2.955
584;587;3.216
584;588;3.075
584;1101;3.589
585;581;3.055
585;582;3.37
585;588;3.008
586;582;2.796
586;583;3.325
586;589;2.976
587;583;2.937
587;584;3.216
587;590;3.082
587;591;3.089
587;691;3.754
587;1101;3.501
587;1105;3.498
588;584;3.075
588;585;3.008
588;592;2.978
588;1101;3.855
589;586;2.976
589;592;3.021
590;587;3.082
590;691;3.876
591;587;3.089
591;594;3.266
591;595;2.871
591;687;3.564
591;1101;3.843
592;588;2.978
592;589;3.021
592;596;3.05
593;106;3.354
593;110;3.307
593;596;3.207
593;597;3.285
594;110;4.003
594;591;3.266
594;597;3.047
594;598;3.023
594;686;3.508
594;687;3.81
595;591;2.871
595;599;2.93
596;592;3.05
596;593;3.207
596;599;3.293
596;600;3.054
597;107;3.722
597;593;3.285
597;594;3.047
597;600;3.463
597;601;3.032
598;594;3.023
598;601;3.462
598;602;2.961
598;649;3.933
599;595;2.93
599;596;3.293
599;603;2.98
600;100;3.485
600;596;3.054
600;597;3.463
600;603;3.288
600;604;3.005
601;597;3.032
601;598;3.462
601;604;3.275
601;605;2.948
601;679;3.725
602;598;2.961
602;605;3.49
602;606;2.931
602;642;3.482
602;645;3.805
603;19;3.495
603;23;3.832
603;599;2.98
603;600;3.288
603;606;3.311
603;607;3.005
603;638;3.549
604;94;3.989
604;98;3.917
604;600;3.005
604;601;3.275
604;607;3.238
604;608;2.991
605;601;2.948
605;602;3.49
605;609;2.951
605;645;3.76
605;675;4.04
605;676;3.507
605;679;3.897
606;602;2.931
606;603;3.311
606;609;3.215
606;610;2.995
606;638;3.807
606;641;4.002
606;642;4.025
607;94;3.602
607;603;3.005
607;604;3.238
607;611;3.323
608;94;3.691
608;604;2.991
608;611;3.333
608;612;3.02
609;605;2.951
609;606;3.215
609;613;2.998
609;614;2.815
609;635;3.808
610;25;3.254
610;606;2.995
610;614;3.045
610;615;3.141
610;637;3.847
611;91;3.394
611;607;3.323
611;608;3.333
612;87;3.933
612;91;3.834
612;608;3.02
612;615;2.799
613;609;2.998
613;616;3.01
613;617;3.566
613;631;3.495
613;635;4.116
613;669;3.328
614;609;2.815
614;610;3.045
614;631;3.761
615;610;3.141
615;612;2.799
616;613;3.01
616;631;2.96
617;613;3.566
617;629;3.079
617;631;2.963
617;657;3.801
617;658;3.355
617;665;2.791
617;669;3.575
618;627;2.654
618;628;3.364
618;658;3.673
618;659;2.921
619;622;3.003
619;623;2.872
619;624;2.837
619;625;2.75
620;658;4.092
620;659;2.758
620;661;3.575
621;624;3.829
622;619;3.003
622;627;3.958
623;619;2.872
624;619;2.837
624;621;3.829
624;1035;3.949
625;619;2.75
626;632;3.572
626;633;3.185
627;618;2.654
627;622;3.958
628;618;3.364
628;632;3.528
629;617;3.079
629;632;3.163
629;633;3.109
629;656;2.856
629;657;3.566
630;633;3.045
630;634;2.833
630;655;3.854
631;613;3.495
631;614;3.761
631;616;2.96
631;617;2.963
631;635;3.694
631;657;3.598
632;626;3.572
632;628;3.528
632;629;3.163
632;636;3.504
633;626;3.185
633;629;3.109
633;630;3.045
633;640;3.826
633;1075;3.621
634;630;2.833
634;640;3.375
634;644;3.786
634;1066;3.361
634;1070;3.945
635;609;3.808
635;613;4.116
635;631;3.694
635;640;3.861
635;644;3.658
635;657;4.076
636;632;3.504
636;1079;2.764
637;25;3.66
637;610;3.847
637;640;2.856
637;641;2.944
637;1082;2.856
638;25;3.239
638;603;3.549
638;606;3.807
638;642;2.954
639;642;3.228
639;643;2.998
639;1082;3.574
639;1085;3.641
639;1086;3.649
639;1089;3.931
640;633;3.826
640;634;3.375
640;635;3.861
640;637;2.856
640;643;3.385
640;644;2.997
640;1070;2.919
640;1085;3.114
641;606;4.002
641;637;2.944
641;644;3.444
641;645;2.962
642;602;3.482
642;606;4.025
642;638;2.954
642;639;3.228
642;645;3.481
642;646;2.988
643;639;2.998
643;640;3.385
643;646;3.129
643;647;3.004
643;1070;3.982
643;1085;3.396
643;1089;3.613
644;634;3.786
644;635;3.658
644;640;2.997
644;641;3.444
644;647;3.143
644;648;3.009
644;654;3.78
645;602;3.805
645;605;3.76
645;641;2.962
645;642;3.481
645;648;3.386
645;649;2.993
645;676;4.036
646;642;2.988
646;643;3.129
646;649;3.077
646;650;3.216
646;1062;3.93
646;1065;3.507
646;1089;3.722
646;1096;3.895
647;643;3.004
647;644;3.143
647;653;2.849
647;1066;3.544
648;644;3.009
648;645;3.386
648;651;2.949
648;673;3.427
648;676;3.557
648;677;3.943
649;598;3.933
649;645;2.993
649;646;3.077
649;680;3.78
650;646;3.216
650;1062;3.48
651;648;2.949
651;673;2.867
651;677;3.996
652;211;3.808
652;1062;3.769
652;1063;2.763
652;1064;2.841
653;206;3.656
653;211;3.387
653;212;5.969
653;647;2.849
653;673;3.852
653;1067;3.865
654;644;3.78
654;657;3.521
654;673;3.263
655;630;3.854
655;1067;3.509
656;629;2.856
656;1022;3.833
657;617;3.801
657;629;3.566
657;631;3.598
657;635;4.076
657;654;3.521
657;666;3.284
657;669;3.472
658;617;3.355
658;618;3.673
658;620;4.092
658;662;3.372
658;666;2.95
659;618;2.921
659;620;2.758
659;666;3.677
660;1023;3.372
661;620;3.575
662;658;3.372
662;665;2.782
662;666;3.078
663;666;4.037
663;667;2.957
664;667;3.378
664;668;2.985
665;617;2.791
665;662;2.782
665;668;3.22
665;669;3.052
666;657;3.284
666;658;2.95
666;659;3.677
666;662;3.078
666;663;4.037
666;669;3.049
666;670;2.897
667;663;2.957
667;664;3.378
667;670;3.172
667;671;3.026
668;664;2.985
668;665;3.22
669;613;3.328
669;617;3.575
669;657;3.472
669;665;3.052
669;666;3.049
669;672;2.991
669;673;2.924
670;202;3.831
670;666;2.897
670;667;3.172
670;673;3.335
670;674;2.966
671;667;3.026
671;674;3.449
671;675;3.004
672;669;2.991
672;675;3.398
672;676;2.975
673;648;3.427
673;651;2.867
673;653;3.852
673;654;3.263
673;669;2.924
673;670;3.335
673;676;3.313
673;677;2.981
674;205;3.548
674;670;2.966
674;671;3.449
674;677;3.414
674;678;2.998
675;605;4.04
675;671;3.004
675;672;3.398
675;678;3.467
675;679;3.002
676;605;3.507
676;645;4.036
676;648;3.557
676;672;2.975
676;673;3.313
676;680;2.954
677;209;3.646
677;648;3.943
677;651;3.996
677;673;2.981
677;674;3.414
677;681;2.931
678;205;3.882
678;674;2.998
678;675;3.467
678;681;3.451
678;682;3.039
679;601;3.725
679;605;3.897
679;675;3.002
679;682;3.429
679;683;2.994
680;649;3.78
680;676;2.954
680;683;3.169
680;684;2.928
681;677;2.931
681;678;3.451
681;684;3.253
681;685;2.981
682;114;3.804
682;678;3.039
682;679;3.429
682;686;3.033
683;679;2.994
683;680;3.169
683;686;3.364
683;687;2.922
684;680;2.928
684;681;3.253
684;687;3.142
684;688;3.082
685;245;3.599
685;246;3.731
685;681;2.981
685;688;3.464
685;689;3.019
686;594;3.508
686;682;3.033
686;683;3.364
686;690;2.908
687;591;3.564
687;594;3.81
687;683;2.922
687;684;3.142
687;690;3.398
687;691;3.134
687;1104;3.374
688;246;3.672
688;250;3.677
688;684;3.082
688;685;3.464
688;691;3.478
688;692;2.947
688;1104;3.594
688;1107;3.743
688;1389;6.359
689;249;3.822
689;250;3.971
689;253;3.656
689;685;3.019
689;692;3.342
689;693;2.944
690;686;2.908
690;687;3.398
690;694;3.08
691;587;3.754
691;590;3.876
691;687;3.134
691;688;3.478
691;694;3.309
691;695;2.989
691;1104;3.636
691;1105;3.763
691;1108;3.512
692;250;3.494
692;688;2.947
692;689;3.342
692;695;3.493
692;696;2.972
692;1108;3.967
692;1111;3.473
693;253;4.019
693;689;2.944
693;696;3.304
693;697;3.064
694;690;3.08
694;691;3.309
694;697;3.139
694;698;3.127
695;691;2.989
695;692;3.493
695;698;2.968
695;699;2.953
695;1108;3.464
695;1112;3.395
696;254;3.748
696;692;2.972
696;693;3.304
696;1112;3.575
696;1115;3.194
697;693;3.064
697;694;3.139
698;694;3.127
698;695;2.968
699;292;2.806
699;695;2.953
699;1112;3.551
700;1120;2.735
701;1115;3.512
702;1116;3.276
702;1119;2.777
702;1120;2.894
703;272;3.501
703;710;3.417
704;260;3.762
704;1119;3.479
704;1122;3.83
705;710;3.29
705;711;3.675
705;1122;3.426
706;723;2.674
706;1130;2.972
707;262;3.705
708;272;3.868
708;277;2.642
709;277;3.56
709;281;2.909
709;286;3.807
710;703;3.417
710;705;3.29
711;276;2.911
711;286;3.49
711;705;3.675
712;286;2.978
712;287;3.046
713;725;2.824
714;723;3.59
714;724;3.808
714;1128;3.902
715;718;3.71
716;1124;3.933
716;1125;3.605
716;1126;3.769
716;1128;3.425
717;1126;3.899
718;715;3.71
718;834;2.903
718;835;3.853
719;836;2.841
719;837;2.777
720;721;2.787
720;722;3.743
721;720;2.787
721;1133;3.565
722;720;3.743
723;706;2.674
723;714;3.59
723;1128;3.465
723;1129;4.052
724;714;3.808
724;727;3.298
724;810;3.753
725;713;2.824
726;283;3.854
726;734;2.839
727;724;3.298
727;734;3.944
728;734;3.858
729;735;3.874
729;814;3.836
729;817;4.0
729;818;3.977
730;732;2.944
731;817;2.727
732;730;2.944
733;735;3.001
733;737;3.963
734;284;2.772
734;285;3.18
734;726;2.839
734;727;3.944
734;728;3.858
735;729;3.874
735;733;3.001
735;818;2.633
736;739;2.91
736;740;2.959
736;753;2.929
736;754;2.822
736;756;2.885
737;733;3.963
738;756;2.895
739;736;2.91
739;742;3.703
739;753;3.94
740;736;2.959
741;743;2.794
742;739;3.703
742;753;3.682
743;741;2.794
744;749;4.023
745;747;2.899
746;748;2.942
746;750;3.646
747;745;2.899
748;746;2.942
749;744;4.023
749;754;3.76
750;746;3.646
751;754;2.964
752;766;2.908
752;770;3.772
753;736;2.929
753;739;3.94
753;742;3.682
753;766;2.804
754;736;2.822
754;749;3.76
754;751;2.964
755;770;3.939
756;736;2.885
756;738;2.895
756;761;3.178
756;762;3.395
757;761;3.518
757;768;3.887
757;770;3.754
757;776;3.508
758;776;3.809
758;778;2.821
758;779;2.698
758;780;2.998
759;775;3.878
760;775;3.041
760;778;2.783
761;756;3.178
761;757;3.518
761;767;3.536
761;768;3.68
761;775;3.483
762;756;3.395
762;765;3.626
763;765;3.025
764;771;2.866
765;762;3.626
765;763;3.025
766;752;2.908
766;753;2.804
767;761;3.536
767;773;3.952
767;775;2.98
768;757;3.887
768;761;3.68
769;774;3.688
770;752;3.772
770;755;3.939
770;757;3.754
771;764;2.866
772;774;2.88
773;767;3.952
774;769;3.688
774;772;2.88
774;777;2.961
775;759;3.878
775;760;3.041
775;761;3.483
775;767;2.98
775;778;2.854
776;757;3.508
776;758;3.809
776;780;2.754
777;774;2.961
778;758;2.821
778;760;2.783
778;775;2.854
779;758;2.698
780;758;2.998
780;776;2.754
781;784;3.411
781;785;3.655
781;786;3.252
782;783;3.049
783;782;3.049
784;781;3.411
785;781;3.655
786;781;3.252
787;791;3.598
788;791;2.81
789;795;2.857
790;794;2.965
791;787;3.598
791;788;2.81
792;797;2.793
793;796;2.964
794;790;2.965
794;800;2.792
794;1135;2.655
795;789;2.857
796;793;2.964
797;792;2.793
798;806;3.381
799;802;2.71
799;1135;3.065
799;1136;3.336
800;794;2.792
801;803;2.756
802;799;2.71
803;801;2.756
804;807;2.926
804;808;3.682
805;807;3.387
805;808;2.925
805;809;3.726
806;798;3.381
807;804;2.926
807;805;3.387
808;804;3.682
808;805;2.925
809;805;3.726
809;812;3.185
809;813;3.342
809;814;3.443
810;724;3.753
811;815;3.428
812;809;3.185
813;809;3.342
813;816;3.204
814;729;3.836
814;809;3.443
815;811;3.428
816;813;3.204
817;729;4.0
817;731;2.727
817;818;3.935
818;729;3.977
818;735;2.633
818;817;3.935
819;820;2.911
819;821;3.892
820;819;2.911
821;819;3.892
822;824;3.008
823;825;3.598
823;830;3.201
824;822;3.008
825;823;3.598
825;829;3.688
825;830;3.003
826;829;3.671
827;829;3.014
828;831;3.009
829;825;3.688
829;826;3.671
829;827;3.014
830;823;3.201
830;825;3.003
830;833;3.312
831;828;3.009
831;832;2.899
831;833;3.874
832;831;2.899
833;830;3.312
833;831;3.874
834;718;2.903
835;718;3.853
835;836;3.04
836;719;2.841
836;835;3.04
836;839;3.743
837;719;2.777
838;842;3.706
839;836;3.743
840;843;2.951
841;846;2.634
841;919;2.723
842;838;3.706
843;840;2.951
844;847;3.04
844;849;2.759
844;850;2.843
845;848;2.9
846;841;2.634
847;844;3.04
847;849;3.629
848;845;2.9
849;844;2.759
849;847;3.629
850;844;2.843
851;853;3.941
851;854;3.407
852;855;2.788
853;851;3.941
854;851;3.407
854;858;3.39
855;852;2.788
855;858;2.734
855;914;2.882
855;915;2.827
856;859;3.045
857;862;3.822
857;908;3.951
857;911;3.401
857;912;3.582
858;854;3.39
858;855;2.734
859;856;3.045
859;862;3.109
859;863;2.962
860;864;3.042
861;864;3.698
861;865;2.93
862;857;3.822
862;859;3.109
862;865;3.219
862;866;2.971
863;859;2.962
863;866;3.405
863;867;3.187
863;971;3.135
864;860;3.042
864;861;3.698
864;867;3.42
864;868;3.024
865;861;2.93
865;862;3.219
865;868;3.299
865;869;2.928
866;862;2.971
866;863;3.405
866;869;3.364
866;870;2.959
866;905;3.724
866;908;3.764
867;863;3.187
867;864;3.42
867;870;3.357
867;871;2.949
867;971;3.428
868;864;3.024
868;865;3.299
868;871;3.23
868;872;2.979
869;865;2.928
869;866;3.364
869;873;2.957
869;905;3.962
870;866;2.959
870;867;3.357
870;874;2.896
870;901;3.969
870;905;3.375
870;964;3.694
870;968;3.781
871;867;2.949
871;868;3.23
871;874;3.17
871;875;2.989
872;868;2.979
872;875;3.125
872;876;3.017
873;869;2.957
873;876;3.435
873;877;2.948
873;964;3.6
874;870;2.896
874;871;3.17
874;878;2.996
875;871;2.989
875;872;3.125
875;878;3.377
875;879;2.963
876;872;3.017
876;873;3.435
876;879;3.072
876;880;3.308
877;873;2.948
877;962;3.89
878;874;2.996
878;875;3.377
878;882;3.435
878;1297;3.849
879;875;2.963
879;876;3.072
879;882;3.057
879;883;3.02
879;886;3.583
879;890;3.719
879;894;3.841
880;876;3.308
880;887;2.774
880;955;2.693
881;884;3.316
881;887;2.664
881;1300;3.355
881;1354;3.075
882;878;3.435
882;879;3.057
882;1320;3.791
883;879;3.02
883;886;2.957
883;887;3.028
884;881;3.316
884;887;3.214
884;888;3.012
884;1355;4.032
885;888;2.639
886;879;3.583
886;883;2.957
886;889;3.314
886;890;2.963
887;880;2.774
887;881;2.664
887;883;3.028
887;884;3.214
887;891;3.022
887;1353;3.903
888;884;3.012
888;885;2.639
888;1355;3.465
889;886;3.314
890;879;3.719
890;886;2.963
890;893;3.116
890;894;3.028
891;887;3.022
891;895;2.759
892;896;3.026
893;890;3.116
893;896;3.353
893;897;2.988
894;879;3.841
894;890;3.028
894;897;3.009
894;898;3.284
895;891;2.759
895;898;3.002
895;899;3.032
895;955;2.884
895;958;3.754
896;892;3.026
896;893;3.353
896;899;2.927
896;900;2.961
897;893;2.988
897;894;3.009
897;900;3.471
897;901;2.921
898;894;3.284
898;895;3.002
898;902;3.011
898;961;3.854
899;895;3.032
899;896;2.927
899;902;3.396
899;903;3.044
900;896;2.961
900;897;3.471
900;904;2.98
901;870;3.969
901;897;2.921
901;904;3.292
901;905;2.956
901;961;4.032
901;964;3.563
902;898;3.011
902;899;3.396
902;906;2.978
902;961;3.783
903;899;3.044
903;907;3.018
904;900;2.98
904;901;3.292
904;907;4.021
904;908;2.949
905;866;3.724
905;869;3.962
905;870;3.375
905;901;2.956
905;909;3.009
905;967;3.689
906;902;2.978
906;909;3.423
906;910;2.972
906;934;3.851
906;938;3.633
907;903;3.018
907;904;4.021
907;910;3.381
907;911;2.942
908;857;3.951
908;866;3.764
908;904;2.949
908;912;2.736
908;967;3.612
909;905;3.009
909;906;3.423
909;912;3.388
909;913;2.928
909;931;3.793
910;906;2.972
910;907;3.381
910;913;3.44
910;914;3.004
911;857;3.401
911;907;2.942
911;914;4.019
911;915;2.969
912;857;3.582
912;908;2.736
912;909;3.388
912;915;3.422
912;916;3.055
912;921;3.619
912;927;4.001
912;930;2.681
913;909;2.928
913;910;3.44
913;916;3.012
913;917;2.915
913;918;3.809
913;921;6.055
913;922;3.677
914;855;2.882
914;910;3.004
914;911;4.019
915;855;2.827
915;911;2.969
915;912;3.422
916;912;3.055
916;913;3.012
916;920;2.902
916;921;4.026
916;924;3.752
916;927;3.639
917;913;2.915
917;920;2.957
917;921;2.982
918;913;3.809
918;921;3.435
918;922;3.012
919;841;2.723
919;922;3.045
919;923;2.888
920;916;2.902
920;917;2.957
921;912;3.619
921;913;6.055
921;916;4.026
921;917;2.982
921;918;3.435
921;924;3.036
921;927;3.733
921;931;3.914
922;913;3.677
922;918;3.012
922;919;3.045
922;931;4.006
923;919;2.888
924;916;3.752
924;921;3.036
924;927;3.042
924;928;2.929
925;929;2.984
926;929;3.433
926;930;3.002
926;970;3.203
926;976;4.034
926;979;3.943
927;912;4.001
927;916;3.639
927;921;3.733
927;924;3.042
927;930;3.216
927;931;2.979
928;924;2.929
928;931;3.659
928;932;2.969
929;925;2.984
929;926;3.433
929;932;3.259
930;912;2.681
930;926;3.002
930;927;3.216
930;967;2.961
930;970;2.802
931;909;3.793
931;921;3.914
931;922;4.006
931;927;2.979
931;928;3.659
931;934;3.025
931;935;2.957
932;928;2.969
932;929;3.259
932;936;3.027
933;963;3.995
933;967;3.72
934;906;3.851
934;931;3.025
934;937;3.048
934;938;3.09
935;931;2.957
935;938;2.97
935;939;2.917
936;932;3.027
936;940;2.974
936;960;3.679
937;934;3.048
937;940;4.005
937;941;3.049
937;961;2.915
938;906;3.633
938;934;3.09
938;935;2.97
938;941;3.324
938;942;2.978
939;935;2.917
939;942;3.192
939;943;2.997
940;936;2.974
940;937;4.005
940;943;3.473
940;944;2.993
941;937;3.049
941;938;3.324
941;944;3.301
941;945;2.99
941;954;3.735
942;938;2.978
942;939;3.192
942;945;3.206
942;946;2.931
943;939;2.997
943;940;3.473
943;946;3.175
943;947;2.97
944;940;2.993
944;941;3.301
944;949;3.039
944;953;3.336
944;954;3.371
944;957;3.659
945;941;2.99
945;942;3.206
945;948;3.001
946;942;2.931
946;943;3.175
947;943;2.97
948;945;3.001
949;944;3.039
950;953;3.779
950;954;3.176
951;954;3.489
951;955;3.004
952;955;2.727
952;956;3.239
953;944;3.336
953;950;3.779
953;957;2.995
954;941;3.735
954;944;3.371
954;950;3.176
954;951;3.489
