source;destination;distance
0;3;2.779
1;47;3.596
2;7;3.621
2;48;3.698
3;0;2.779
4;7;3.185
4;8;2.977
5;9;2.98
6;10;2.972
7;2;3.621
7;4;3.185
7;10;3.121
7;11;2.969
7;43;3.925
7;47;3.736
8;4;2.977
8;11;3.486
8;12;2.983
9;5;2.98
9;13;2.934
10;6;2.972
10;7;3.121
10;13;3.476
10;14;2.945
11;7;2.969
11;8;3.486
11;14;3.399
11;15;3.038
11;44;3.62
12;8;2.983
12;16;2.995
12;102;4.021
12;103;3.86
13;9;2.934
13;10;3.476
13;16;3.277
13;17;2.937
14;10;2.945
14;11;3.399
14;18;3.009
14;37;3.713
15;11;3.038
15;19;3.006
15;37;3.854
15;98;3.864
15;99;3.627
16;12;2.995
16;13;3.277
16;19;3.178
16;20;3.083
17;13;2.937
17;20;3.302
17;21;2.986
18;14;3.009
18;21;3.546
18;22;2.954
18;37;2.991
18;95;3.112
19;15;3.006
19;16;3.178
19;22;3.094
19;23;3.49
19;96;3.503
19;587;3.533
20;16;3.083
20;17;3.302
21;17;2.986
21;18;3.546
21;24;2.977
21;30;3.615
21;33;3.415
22;18;2.954
22;19;3.094
22;92;4.121
22;95;3.891
22;96;3.933
23;19;3.49
23;587;3.693
24;21;2.977
24;27;3.986
25;622;3.453
26;30;3.861
27;24;3.986
27;30;2.829
28;31;2.706
28;32;3.034
29;32;3.314
29;33;2.984
30;21;3.615
30;26;3.861
30;27;2.829
30;33;3.404
30;34;3.008
31;28;2.706
31;34;3.466
31;35;3.028
32;28;3.034
32;29;3.314
32;36;3.001
33;21;3.415
33;29;2.984
33;30;3.404
33;36;3.248
33;37;2.961
34;30;3.008
34;31;3.466
34;37;3.284
34;38;2.939
34;92;2.826
34;95;3.726
35;31;3.028
35;38;3.382
35;39;2.969
35;80;3.733
36;32;3.001
36;33;3.248
36;39;3.403
36;40;2.997
37;14;3.713
37;15;3.854
37;18;2.991
37;33;2.961
37;34;3.284
37;40;3.023
37;41;2.856
37;95;3.891
38;34;2.939
38;35;3.382
38;42;2.989
38;79;2.616
39;35;2.969
39;36;3.403
39;42;3.183
39;43;3.005
40;36;2.997
40;37;3.023
40;43;3.366
40;44;2.906
41;37;2.856
41;45;2.962
41;72;3.503
41;98;3.513
42;38;2.989
42;39;3.183
42;45;3.299
42;46;2.977
43;7;3.925
43;39;3.005
43;40;3.366
43;46;3.413
43;47;3.044
44;11;3.62
44;40;2.906
44;47;3.249
44;48;2.78
44;98;2.654
45;41;2.962
45;42;3.299
45;49;2.993
45;55;3.953
45;72;3.948
46;42;2.977
46;43;3.413
46;50;3.066
47;1;3.596
47;7;3.736
47;43;3.044
47;44;3.249
48;2;3.698
48;44;2.78
48;65;3.14
48;68;2.661
49;45;2.993
49;55;4.005
49;58;3.869
49;65;3.615
50;46;3.066
50;52;3.036
50;54;3.684
51;54;3.683
51;57;3.428
52;50;3.036
52;55;2.979
53;56;2.987
54;50;3.684
54;51;3.683
54;57;2.992
55;45;3.953
55;49;4.005
55;52;2.979
55;58;3.05
55;69;3.927
56;53;2.987
56;59;3.017
57;51;3.428
57;54;2.992
57;60;3.029
58;49;3.869
58;55;3.05
58;61;2.995
58;62;3.756
58;65;3.517
58;66;3.942
58;69;3.78
59;56;3.017
60;57;3.029
61;58;2.995
62;58;3.756
62;65;3.449
62;66;2.95
63;66;3.43
63;67;3.028
64;67;3.009
64;68;3.045
64;101;3.488
64;107;3.313
64;110;3.806
65;48;3.14
65;49;3.615
65;58;3.517
65;62;3.449
65;68;3.87
65;69;2.982
66;58;3.942
66;62;2.95
66;63;3.43
66;69;3.424
66;70;2.955
67;63;3.028
67;64;3.009
67;71;2.997
67;100;3.969
68;48;2.661
68;64;3.045
68;65;3.87
68;71;3.312
68;72;2.923
68;98;3.256
68;101;2.6
69;55;3.927
69;58;3.78
69;65;2.982
69;66;3.424
69;72;3.172
69;73;3.009
70;66;2.955
70;73;3.404
70;74;2.987
71;67;2.997
71;68;3.312
71;75;2.929
71;94;3.62
72;41;3.503
72;45;3.948
72;68;2.923
72;69;3.172
72;75;3.49
72;76;2.907
73;69;3.009
73;70;3.404
73;76;3.466
73;77;3.016
74;70;2.987
74;78;2.992
74;88;3.475
74;91;3.246
75;71;2.929
75;72;3.49
75;78;3.023
75;79;2.897
76;72;2.907
76;73;3.466
76;79;3.097
76;80;2.915
77;73;3.016
77;81;3.025
78;74;2.992
78;75;3.023
78;82;3.91
78;88;2.681
79;38;2.616
79;75;2.897
79;76;3.097
79;82;3.058
79;95;3.96
80;35;3.733
80;76;2.915
81;77;3.025
81;83;2.976
82;78;3.91
82;79;3.058
82;89;2.904
82;92;3.582
83;81;2.976
84;88;3.706
85;88;3.098
86;89;2.871
86;90;3.271
86;596;3.969
87;90;3.148
88;74;3.475
88;78;2.681
88;84;3.706
88;85;3.098
88;91;2.997
89;82;2.904
89;86;2.871
90;86;3.271
90;87;3.148
90;93;3.012
90;595;3.36
90;596;3.806
91;74;3.246
91;88;2.997
91;94;2.975
92;22;4.121
92;34;2.826
92;82;3.582
92;95;2.923
93;90;3.012
93;96;2.853
93;588;3.917
93;591;3.674
93;592;3.73
94;71;3.62
94;91;2.975
94;97;3.191
94;98;2.978
95;18;3.112
95;22;3.891
95;34;3.726
95;37;3.891
95;79;3.96
95;92;2.923
95;98;3.131
96;19;3.503
96;22;3.933
96;93;2.853
96;99;3.054
97;94;3.191
97;100;2.931
97;588;3.957
98;15;3.864
98;41;3.513
98;44;2.654
98;68;3.256
98;94;2.978
98;95;3.131
98;101;2.95
99;15;3.627
99;96;3.054
99;102;2.984
99;103;2.955
99;106;3.694
99;584;3.401
100;67;3.969
100;97;2.931
100;110;3.864
101;64;3.488
101;68;2.6
101;98;2.95
101;107;2.809
102;12;4.021
102;99;2.984
103;12;3.86
103;99;2.955
103;107;2.998
104;107;3.293
104;108;2.96
105;109;3.092
105;577;3.311
106;99;3.694
106;109;3.335
106;110;2.997
106;581;3.713
107;64;3.313
107;101;2.809
107;103;2.998
107;104;3.293
107;110;3.449
107;111;2.989
108;104;2.96
108;111;3.171
108;112;3.053
109;105;3.092
109;106;3.335
109;112;3.124
109;113;3.001
109;577;3.3
109;578;4.038
110;64;3.806
110;100;3.864
110;106;2.997
110;107;3.449
110;113;3.249
110;114;3.036
111;107;2.989
111;108;3.171
111;114;3.353
111;115;3.011
112;108;3.053
112;109;3.124
112;115;3.241
112;116;3.026
113;109;3.001
113;110;3.249
113;116;3.114
113;117;3.301
113;666;3.808
114;110;3.036
114;111;3.353
114;117;2.954
115;111;3.011
115;112;3.241
115;118;3.1
115;254;3.814
115;258;3.912
116;112;3.026
116;113;3.114
116;119;3.15
116;120;3.004
117;113;3.301
117;114;2.954
117;121;2.995
118;115;3.1
118;258;2.711
119;116;3.15
119;122;3.47
119;254;3.456
119;257;2.614
119;258;2.737
120;116;3.004
120;123;3.282
120;124;2.925
120;251;4.011
121;117;2.995
121;125;2.98
122;119;3.47
122;125;3.167
122;126;3.085
122;1241;3.43
122;1242;2.905
123;120;3.282
123;126;3.452
123;127;3.165
123;243;3.595
123;1245;3.99
124;120;2.925
124;127;3.324
124;128;2.92
125;121;2.98
125;122;3.167
125;128;3.323
125;129;2.986
126;122;3.085
126;123;3.452
126;129;3.872
126;130;2.962
126;1236;3.963
126;1242;3.926
126;1245;3.773
127;123;3.165
127;124;3.324
127;130;3.269
127;131;2.887
127;243;3.398
128;124;2.92
128;125;3.323
128;131;3.461
128;132;3.016
129;125;2.986
129;126;3.872
129;133;2.951
129;1232;3.684
129;1235;3.428
129;1236;3.528
130;126;2.962
130;127;3.269
130;133;3.45
130;134;2.857
131;127;2.887
131;128;3.461
131;135;2.97
131;203;3.775
132;128;3.016
132;135;3.161
132;136;3.011
133;129;2.951
133;130;3.45
133;136;3.299
133;137;2.977
133;1143;3.689
133;1232;3.881
134;130;2.857
134;138;2.942
134;206;3.588
134;232;3.703
134;236;3.823
134;239;3.666
135;131;2.97
135;132;3.161
135;139;2.929
135;199;3.828
135;203;3.888
136;132;3.011
136;133;3.299
136;139;3.28
136;140;3.11
136;199;3.829
136;1229;3.964
137;133;2.977
137;140;3.13
137;141;3.429
137;232;3.57
137;1226;3.669
137;1229;3.964
138;134;2.942
138;141;3.43
138;142;2.947
138;196;3.592
139;135;2.929
139;136;3.28
139;143;3.712
139;198;3.515
139;199;3.892
140;136;3.11
140;137;3.13
140;1226;3.582
140;1229;3.409
141;137;3.429
141;138;3.43
141;1222;3.704
141;1226;3.483
142;138;2.947
142;219;3.063
142;229;3.463
142;232;3.604
142;233;3.74
143;139;3.712
143;197;3.78
144;149;2.713
144;192;3.11
145;186;3.004
145;190;3.842
145;191;4.034
145;192;3.209
146;149;2.918
146;150;3.458
146;187;3.795
146;190;2.761
147;190;3.026
147;197;2.654
148;154;3.828
149;144;2.713
149;146;2.918
149;153;3.444
150;146;3.458
150;182;3.742
151;182;3.642
152;180;2.719
153;149;3.444
154;148;3.828
155;158;3.486
156;158;3.589
157;160;3.807
157;177;3.807
158;155;3.486
158;156;3.589
159;168;3.495
159;176;2.717
160;157;3.807
160;167;3.926
161;167;3.0
161;168;2.718
162;164;3.527
163;165;3.443
164;162;3.527
165;163;3.443
166;167;3.294
166;169;2.69
167;160;3.926
167;161;3.0
167;166;3.294
167;169;2.837
168;159;3.495
168;161;2.718
169;166;2.69
169;167;2.837
169;173;3.528
169;175;3.665
170;171;2.991
171;170;2.991
172;174;3.097
173;169;3.528
174;172;3.097
174;178;3.787
174;179;3.971
175;169;3.665
176;159;2.717
177;157;3.807
178;174;3.787
179;174;3.971
180;152;2.719
181;993;3.995
181;995;3.445
182;150;3.742
182;151;3.642
183;997;4.119
184;994;3.643
185;187;2.89
186;145;3.004
187;146;3.795
187;185;2.89
188;191;3.254
189;992;2.82
189;994;3.63
190;145;3.842
190;146;2.761
190;147;3.026
190;193;3.517
191;145;4.034
191;188;3.254
191;222;3.429
191;223;3.867
192;144;3.11
192;145;3.209
193;190;3.517
193;196;2.998
193;197;3.005
193;201;3.697
194;201;3.105
195;201;3.335
195;219;3.513
196;138;3.592
196;193;2.998
196;202;3.452
196;205;3.487
196;219;3.125
196;233;3.935
197;143;3.78
197;147;2.654
197;193;3.005
198;139;3.515
198;201;2.77
198;202;2.982
199;135;3.828
199;136;3.829
199;139;3.892
199;203;2.959
200;204;2.988
201;193;3.697
201;194;3.105
201;195;3.335
201;198;2.77
201;204;3.211
201;205;2.948
202;196;3.452
202;198;2.982
202;205;3.268
202;206;2.958
203;131;3.775
203;135;3.888
203;199;2.959
203;207;2.94
204;200;2.988
204;201;3.211
204;207;3.077
204;208;2.969
204;654;3.786
205;196;3.487
205;201;2.948
205;202;3.268
205;208;3.286
205;209;2.932
206;134;3.588
206;202;2.958
206;209;3.456
206;210;2.96
207;203;2.94
207;204;3.077
207;210;3.194
207;211;2.949
207;658;3.495
207;661;4.16
207;662;3.923
208;204;2.969
208;205;3.286
208;212;2.969
208;213;2.809
208;214;3.835
208;637;3.509
209;205;2.932
209;206;3.456
209;212;3.27
209;215;3.576
209;233;3.954
209;236;3.749
209;237;3.747
210;206;2.96
210;207;3.194
211;207;2.949
211;661;3.625
212;208;2.969
212;209;3.27
212;1307;3.214
212;1309;3.035
213;208;2.809
213;636;3.796
213;637;3.358
214;208;3.835
214;217;2.863
214;218;3.074
214;637;5.649
215;209;3.576
215;219;3.075
215;220;3.108
215;234;3.815
215;237;3.363
215;1300;3.678
215;1303;3.554
215;1304;3.51
216;220;3.144
216;221;2.905
216;1300;3.77
216;1304;3.562
216;1339;3.347
216;1340;2.749
216;1341;3.288
217;214;2.863
217;221;3.713
217;1314;3.667
217;1341;3.359
218;214;3.074
218;221;3.037
219;142;3.063
219;195;3.513
219;196;3.125
219;215;3.075
219;229;3.015
219;233;6.332
220;215;3.108
220;216;3.144
220;223;2.947
220;230;3.364
220;1300;3.091
220;1339;3.51
221;216;2.905
221;217;3.713
221;218;3.037
221;1338;3.754
221;1339;3.376
222;191;3.429
223;191;3.867
223;220;2.947
223;225;2.949
223;226;3.091
223;229;3.448
224;226;3.061
224;1290;3.86
224;1297;3.592
224;1334;3.452
224;1335;2.837
224;1338;3.509
225;223;2.949
225;229;3.019
226;223;3.091
226;224;3.061
226;229;2.977
226;230;2.93
226;1336;3.757
226;1337;3.79
227;230;3.674
227;231;2.912
227;1334;2.873
227;1336;2.749
228;1219;3.727
228;1222;3.785
228;1223;3.26
228;1336;2.944
229;142;3.463
229;219;3.015
229;223;3.448
229;225;3.019
229;226;2.977
229;232;3.029
229;233;3.387
230;220;3.364
230;226;2.93
230;227;3.674
230;233;3.359
230;234;2.94
230;1300;3.513
230;1337;3.98
231;227;2.912
231;235;2.977
232;134;3.703
232;137;3.57
232;142;3.604
232;229;3.029
232;235;3.159
232;236;2.973
233;142;3.74
233;196;3.935
233;209;3.954
233;219;6.332
233;229;3.387
233;230;3.359
233;236;3.229
233;237;2.995
234;215;3.815
234;230;2.94
234;237;3.157
234;238;2.98
234;1303;3.916
235;231;2.977
235;232;3.159
235;239;2.93
236;134;3.823
236;209;3.749
236;232;2.973
236;233;3.229
236;240;2.901
237;209;3.747
237;215;3.363
237;233;2.995
237;234;3.157
237;241;2.949
237;1303;3.39
238;234;2.98
238;242;2.971
238;1303;3.362
239;134;3.666
239;235;2.93
239;243;2.908
240;236;2.901
240;244;2.933
241;237;2.949
241;244;3.433
241;245;2.984
242;238;2.971
242;245;3.396
242;246;2.939
242;1249;3.697
242;1256;3.618
243;123;3.595
243;127;3.398
243;239;2.908
243;246;3.141
243;247;2.886
244;240;2.933
244;241;3.433
244;247;3.321
244;248;2.971
245;241;2.984
245;242;3.396
245;248;3.818
245;249;2.996
245;1367;3.721
246;242;2.939
246;243;3.141
246;249;3.623
246;250;2.893
246;1245;3.129
246;1248;3.733
247;243;2.886
247;244;3.321
247;250;3.116
247;251;2.947
247;669;3.575
248;244;2.971
248;245;3.818
248;252;3.091
248;669;3.726
248;672;3.653
248;1364;3.51
249;245;2.996
249;246;3.623
249;252;3.488
249;253;2.921
249;1367;3.903
249;1368;3.956
249;1371;3.488
250;246;2.893
250;247;3.116
250;254;2.929
251;120;4.011
251;247;2.947
251;254;3.38
251;255;3.092
251;673;3.771
252;248;3.091
252;249;3.488
252;255;3.268
252;256;3.038
252;672;3.673
252;673;3.941
252;676;3.452
252;1368;3.471
253;249;2.921
253;257;2.897
253;1372;3.857
254;115;3.814
254;119;3.456
254;250;2.929
254;251;3.38
254;257;3.433
254;258;3.021
255;251;3.092
255;252;3.268
255;259;3.023
255;673;3.706
255;677;3.921
256;252;3.038
256;260;2.887
256;680;3.807
256;1084;6.044
256;1372;3.811
257;119;2.614
257;253;2.897
257;254;3.433
257;260;3.053
257;261;3.497
258;115;3.912
258;118;2.711
258;119;2.737
258;254;3.021
258;267;2.953
259;255;3.023
259;267;2.703
259;677;3.879
259;681;3.651
260;256;2.887
260;257;3.053
260;266;3.638
261;257;3.497
261;265;3.307
261;266;3.393
262;263;3.29
262;266;3.844
263;262;3.29
263;266;3.861
264;268;3.709
264;275;3.493
265;261;3.307
266;260;3.638
266;261;3.393
266;262;3.844
266;263;3.861
267;258;2.953
267;259;2.703
268;264;3.709
269;277;2.755
270;277;2.731
271;277;3.146
272;276;3.89
272;336;2.753
273;336;3.529
274;337;3.559
275;264;3.493
276;272;3.89
276;281;2.957
277;269;2.755
277;270;2.731
277;271;3.146
278;281;2.8
278;282;3.025
279;282;3.504
279;290;4.02
279;292;2.702
280;282;2.992
280;290;3.534
281;276;2.957
281;278;2.8
282;278;3.025
282;279;3.504
282;280;2.992
283;284;2.981
283;285;2.843
283;286;2.791
284;283;2.981
285;283;2.843
286;283;2.791
287;288;3.662
288;287;3.662
289;291;2.989
290;279;4.02
290;280;3.534
290;292;2.734
291;289;2.989
292;279;2.702
292;290;2.734
293;294;3.604
294;293;3.604
295;298;2.749
296;305;3.669
297;299;2.853
298;295;2.749
298;305;3.783
299;297;2.853
299;304;3.617
299;305;3.015
300;305;3.894
301;303;3.732
301;306;2.95
302;307;3.438
302;322;3.098
303;301;3.732
303;307;3.837
303;309;2.743
304;299;3.617
304;307;3.699
304;308;2.748
305;296;3.669
305;298;3.783
305;299;3.015
305;300;3.894
306;301;2.95
307;302;3.438
307;303;3.837
307;304;3.699
308;304;2.748
309;303;2.743
310;312;2.963
310;314;2.772
310;322;2.69
311;322;2.695
311;332;3.373
312;310;2.963
313;315;2.999
313;316;3.526
314;310;2.772
314;316;3.022
314;320;3.673
315;313;2.999
316;313;3.526
316;314;3.022
317;318;2.982
318;317;2.982
319;325;3.881
320;314;3.673
321;324;3.847
321;325;3.128
322;302;3.098
322;310;2.69
322;311;2.695
323;326;2.956
323;327;2.944
324;321;3.847
325;319;3.881
325;321;3.128
326;323;2.956
327;323;2.944
328;331;2.763
329;332;2.982
330;333;3.164
330;334;3.0
331;328;2.763
331;335;3.36
331;338;3.582
332;311;3.373
332;329;2.982
332;335;3.926
333;330;3.164
334;330;3.0
334;337;3.041
335;331;3.36
335;332;3.926
335;338;3.023
336;272;2.753
336;273;3.529
337;274;3.559
337;334;3.041
338;331;3.582
338;335;3.023
339;343;2.662
340;342;2.945
340;343;3.942
341;343;3.296
341;344;3.359
342;340;2.945
343;339;2.662
343;340;3.942
343;341;3.296
344;341;3.359
345;511;3.941
345;513;3.809
346;348;2.989
347;349;3.01
348;346;2.989
349;347;3.01
350;353;3.012
351;356;2.691
352;355;3.149
352;383;2.663
353;350;3.012
353;356;3.027
354;382;3.09
355;352;3.149
355;378;2.839
355;383;3.089
355;385;4.025
355;386;3.461
356;351;2.691
356;353;3.027
357;377;2.884
357;378;3.768
358;376;2.996
359;375;3.655
360;365;2.686
361;363;2.998
362;372;3.477
363;361;2.998
364;429;2.925
364;431;3.462
365;360;2.686
365;367;2.949
365;369;3.924
366;371;3.876
367;365;2.949
368;370;2.807
368;371;2.905
369;365;3.924
369;371;3.045
369;372;2.977
369;373;3.391
370;368;2.807
370;439;3.868
371;366;3.876
371;368;2.905
371;369;3.045
371;438;3.819
372;362;3.477
372;369;2.977
372;373;3.377
373;369;3.391
373;372;3.377
374;377;3.412
375;359;3.655
376;358;2.996
377;357;2.884
377;374;3.412
378;355;2.839
378;357;3.768
378;381;3.427
379;380;3.003
380;379;3.003
381;378;3.427
382;354;3.09
383;352;2.663
383;355;3.089
384;385;3.64
385;355;4.025
385;384;3.64
386;355;3.461
387;389;2.98
388;390;3.002
389;387;2.98
390;388;3.002
391;396;3.82
391;397;3.665
392;394;3.385
393;395;3.693
394;392;3.385
395;393;3.693
396;391;3.82
396;397;3.036
397;391;3.665
397;396;3.036
398;402;3.921
399;402;3.572
400;402;2.991
401;404;2.79
402;398;3.921
402;399;3.572
402;400;2.991
403;405;2.954
404;401;2.79
404;406;2.822
405;403;2.954
406;404;2.822
407;410;2.985
408;411;2.982
409;412;4.035
410;407;2.985
411;408;2.982
412;409;4.035
412;413;2.988
413;412;2.988
413;416;2.973
413;419;3.628
414;417;2.96
415;418;3.974
415;419;3.228
416;413;2.973
417;414;2.96
418;415;3.974
418;419;3.011
419;413;3.628
419;415;3.228
419;418;3.011
420;422;3.113
421;430;3.512
422;420;3.113
422;425;2.682
423;426;3.774
424;434;2.815
425;422;2.682
426;423;3.774
426;432;3.151
427;431;3.666
428;433;3.623
429;364;2.925
430;421;3.512
431;364;3.462
431;427;3.666
432;426;3.151
433;428;3.623
434;424;2.815
435;436;2.924
436;435;2.924
437;440;4.811
437;442;3.342
438;371;3.819
439;370;3.868
440;437;4.811
441;445;3.882
442;437;3.342
443;446;3.112
444;447;2.775
445;441;3.882
446;443;3.112
446;449;3.546
446;452;3.637
447;444;2.775
447;450;3.458
447;508;2.843
447;509;2.848
448;505;3.73
448;508;3.671
449;446;3.546
449;452;3.013
449;453;3.913
449;505;3.462
449;509;3.959
450;447;3.458
451;454;2.979
451;455;3.099
452;446;3.637
452;449;3.013
453;449;3.913
453;458;3.709
454;451;2.979
455;451;3.099
455;458;3.105
456;460;2.969
457;461;2.938
458;453;3.709
458;455;3.105
458;461;3.267
458;462;3.011
459;462;3.446
459;463;2.927
459;557;2.665
460;456;2.969
460;463;3.213
460;464;2.956
461;457;2.938
461;458;3.267
461;465;3.044
462;458;3.011
462;459;3.446
462;465;3.309
462;466;2.953
462;498;3.981
462;502;3.82
462;554;3.947
463;459;2.927
463;460;3.213
463;466;3.015
463;467;3.075
463;558;2.663
463;559;3.506
464;460;2.956
464;467;3.459
464;468;3.006
465;461;3.044
465;462;3.309
465;469;2.981
465;495;3.605
466;462;2.953
466;463;3.015
466;469;3.058
466;470;3.066
466;499;3.298
466;552;3.862
466;554;3.853
466;555;3.792
467;463;3.075
467;464;3.459
467;470;3.098
467;471;3.454
467;555;3.864
468;464;3.006
468;471;3.286
468;472;3.013
469;465;2.981
469;466;3.058
469;472;3.307
469;473;2.996
469;495;3.192
469;551;3.097
470;466;3.066
470;467;3.098
470;474;3.05
470;552;3.637
470;969;3.894
471;467;3.454
471;468;3.286
471;474;3.3
471;475;2.992
472;468;3.013
472;469;3.307
472;475;3.003
472;476;2.944
472;488;3.525
473;469;2.996
473;476;3.028
473;549;4.024
473;551;3.805
473;552;3.595
473;973;3.977
474;470;3.05
474;471;3.3
475;471;2.992
475;472;3.003
475;480;3.692
476;472;2.944
476;473;3.028
476;481;2.869
476;488;4.02
476;492;3.519
477;481;2.977
477;1016;3.199
477;1017;3.014
478;482;3.529
479;482;2.958
479;483;3.007
480;475;3.692
480;483;3.944
480;484;3.019
481;476;2.869
481;477;2.977
481;485;2.778
482;478;3.529
482;479;2.958
482;485;2.725
483;479;3.007
483;480;3.944
484;480;3.019
484;487;2.992
484;488;2.927
485;481;2.778
485;482;2.725
485;489;2.955
486;489;3.446
486;490;3.044
487;484;2.992
487;490;3.937
487;491;2.967
488;472;3.525
488;476;4.02
488;484;2.927
488;491;3.297
488;492;2.917
489;485;2.955
489;486;3.446
489;492;3.367
489;493;3.038
490;486;3.044
490;487;3.937
490;494;2.959
491;487;2.967
491;488;3.297
491;495;2.962
492;476;3.519
492;488;2.917
492;489;3.367
492;495;3.386
492;496;3.09
492;551;3.247
493;489;3.038
493;496;3.309
493;497;2.998
493;535;3.811
493;536;3.457
494;490;2.959
494;497;3.032
494;498;3.067
495;465;3.605
495;469;3.192
495;491;2.962
495;492;3.386
495;498;3.008
495;499;3.366
496;492;3.09
496;493;3.309
496;499;2.857
496;531;2.75
496;532;3.752
496;535;3.811
496;551;3.989
497;493;2.998
497;494;3.032
497;500;2.811
497;501;3.454
498;462;3.981
498;494;3.067
498;495;3.008
498;501;3.23
498;502;3.096
499;466;3.298
499;495;3.366
499;496;2.857
499;503;2.959
499;528;3.593
499;532;3.744
499;554;3.48
500;497;2.811
500;504;3.115
500;532;3.406
501;497;3.454
501;498;3.23
501;505;3.039
502;462;3.82
502;498;3.096
502;506;2.948
502;554;2.707
502;557;2.725
503;499;2.959
503;506;3.268
503;507;3.093
503;528;3.672
504;500;3.115
504;507;3.39
504;508;3.418
505;448;3.73
505;449;3.462
505;501;3.039
505;508;3.204
505;509;3.021
506;502;2.948
506;503;3.268
506;509;2.991
506;510;3.151
506;514;2.648
506;515;3.641
506;521;2.755
507;503;3.093
507;504;3.39
507;515;3.713
507;516;3.853
508;447;2.843
508;448;3.671
508;504;3.418
508;505;3.204
509;447;2.848
509;449;3.959
509;505;3.021
509;506;2.991
510;506;3.151
510;514;3.427
511;345;3.941
511;514;2.843
511;515;2.922
512;516;3.005
513;345;3.809
513;517;2.81
514;506;2.648
514;510;3.427
514;511;2.843
514;517;3.058
514;518;2.916
515;506;3.641
515;507;3.713
515;511;2.922
515;521;3.182
515;525;2.898
516;507;3.853
516;512;3.005
517;513;2.81
517;514;3.058
518;514;2.916
518;521;2.972
518;522;3.051
519;522;3.482
519;523;3.017
520;523;3.991
520;524;3.008
520;562;2.952
520;565;3.84
521;506;2.755
521;515;3.182
521;518;2.972
521;524;3.416
521;525;2.955
522;518;3.051
522;519;3.482
522;525;3.418
522;526;2.989
523;519;3.017
523;520;3.991
523;526;3.401
523;527;3.025
523;553;4.016
524;520;3.008
524;521;3.416
524;527;3.203
524;528;2.899
524;554;2.626
524;557;3.837
525;515;2.898
525;521;2.955
525;522;3.418
525;529;2.999
526;522;2.989
526;523;3.401
526;529;3.251
526;530;3.076
527;523;3.025
527;524;3.203
527;531;3.024
528;499;3.593
528;503;3.672
528;524;2.899
528;532;2.917
528;554;3.73
529;525;2.999
529;526;3.251
529;533;2.989
530;526;3.076
530;534;3.197
530;547;3.583
531;496;2.75
531;527;3.024
531;535;3.419
531;551;3.008
532;496;3.752
532;499;3.744
532;500;3.406
532;528;2.917
532;535;3.105
532;536;2.885
533;529;2.989
533;536;3.316
533;537;3.032
534;530;3.197
534;538;2.987
534;539;3.043
534;548;3.867
535;493;3.811
535;496;3.811
535;531;3.419
535;532;3.105
535;539;3.768
535;548;3.991
536;493;3.457
536;532;2.885
536;533;3.316
537;533;3.032
538;534;2.987
538;540;2.921
539;534;3.043
539;535;3.768
539;545;2.793
540;538;2.921
540;545;3.247
541;544;2.784
542;545;3.231
542;546;2.936
543;546;3.258
543;547;2.958
543;1056;3.874
544;541;2.784
544;547;3.065
544;548;3.07
545;539;2.793
545;540;3.247
545;542;3.231
545;548;2.959
546;542;2.936
546;543;3.258
546;549;2.975
546;977;3.156
547;530;3.583
547;543;2.958
547;544;3.065
547;550;2.979
548;534;3.867
548;535;3.991
548;544;3.07
548;545;2.959
548;551;3.108
549;473;4.024
549;546;2.975
549;552;3.175
549;973;3.699
549;974;3.894
550;547;2.979
550;553;2.881
550;970;3.882
551;469;3.097
551;473;3.805
551;492;3.247
551;496;3.989
551;531;3.008
551;548;3.108
551;554;2.937
552;466;3.862
552;470;3.637
552;473;3.595
552;549;3.175
552;555;2.919
552;966;3.808
552;970;3.532
553;523;4.016
553;550;2.881
553;556;2.759
553;967;3.387
553;970;3.463
554;462;3.947
554;466;3.853
554;499;3.48
554;502;2.707
554;524;2.626
554;528;3.73
554;551;2.937
554;557;2.96
555;466;3.792
555;467;3.864
555;552;2.919
555;558;2.965
555;559;2.947
555;561;3.929
555;966;3.647
556;553;2.759
556;561;4.016
557;459;2.665
557;502;2.725
557;524;3.837
557;554;2.96
558;463;2.663
558;555;2.965
559;463;3.506
559;555;2.947
559;561;3.901
559;562;2.996
560;563;3.085
560;564;2.933
560;959;3.282
561;555;3.929
561;556;4.016
561;559;3.901
561;564;3.171
561;565;3.014
561;963;3.49
562;520;2.952
562;559;2.996
562;565;3.859
562;566;3.054
563;560;3.085
563;566;3.437
563;567;2.983
564;560;2.933
564;561;3.171
564;567;3.236
564;568;2.956
564;963;3.642
565;520;3.84
565;561;3.014
565;562;3.859
565;569;3.06
566;562;3.054
566;563;3.437
566;569;3.367
566;570;2.791
567;563;2.983
567;564;3.236
567;570;3.455
567;571;2.944
567;1074;3.704
568;564;2.956
568;571;3.171
568;572;3.079
568;1070;3.546
569;565;3.06
569;566;3.367
569;572;2.985
570;566;2.791
570;567;3.455
570;573;2.977
571;567;2.944
571;568;3.171
571;574;3.132
571;575;3.097
571;675;3.662
571;1070;3.491
571;1074;3.656
572;568;3.079
572;569;2.985
572;576;2.969
572;1070;3.792
573;570;2.977
573;576;3.047
574;571;3.132
574;675;3.95
575;571;3.097
575;578;3.226
575;579;2.87
575;671;3.616
575;1070;3.787
576;572;2.969
576;573;3.047
576;580;3.043
577;105;3.311
577;109;3.3
577;580;3.214
577;581;3.261
578;109;4.038
578;575;3.226
578;581;3.099
578;582;3.031
578;670;3.482
578;671;3.752
579;575;2.87
579;583;2.924
580;576;3.043
580;577;3.214
580;583;3.322
580;584;3.065
581;106;3.713
581;577;3.261
581;578;3.099
581;584;3.433
581;585;3.025
582;578;3.031
582;585;3.45
582;586;2.962
582;633;3.98
583;579;2.924
583;580;3.322
583;587;2.986
584;99;3.401
584;580;3.065
584;581;3.433
584;587;3.239
584;588;2.995
585;581;3.025
585;582;3.45
585;588;3.289
585;589;2.95
585;663;3.72
586;582;2.962
586;590;2.927
586;626;3.526
586;629;3.8
587;19;3.533
587;23;3.693
587;583;2.986
587;584;3.239
587;590;3.274
587;591;3.002
587;622;3.486
588;93;3.917
588;97;3.957
588;584;2.995
588;585;3.289
588;591;3.211
588;592;2.993
589;585;2.95
589;593;2.953
589;629;3.77
589;659;4.025
589;660;3.579
589;663;3.89
590;586;2.927
590;587;3.274
590;593;3.195
590;594;2.998
590;622;3.961
590;625;3.974
590;626;4.016
591;93;3.674
591;587;3.002
591;588;3.211
591;595;3.318
592;93;3.73
592;588;2.993
592;595;3.397
592;596;3.023
593;589;2.953
593;590;3.195
593;597;3.0
593;598;2.81
593;619;3.745
594;590;2.998
594;598;3.046
594;599;3.111
594;621;3.614
595;90;3.36
595;591;3.318
595;592;3.397
596;86;3.969
596;90;3.806
596;592;3.023
596;599;2.8
597;593;3.0
597;600;3.005
597;601;3.593
597;615;3.489
597;653;3.397
597;656;3.981
598;593;2.81
598;594;3.046
598;615;3.774
598;620;3.905
599;594;3.111
599;596;2.8
600;597;3.005
600;612;4.125
600;615;3.045
601;597;3.593
601;613;3.076
601;615;2.96
601;641;3.78
601;642;3.37
601;649;2.689
601;653;3.457
602;611;2.63
602;612;3.293
602;613;3.878
602;642;3.707
602;643;2.919
603;606;3.006
603;607;2.842
603;608;2.796
603;609;2.746
604;642;4.136
604;643;2.758
604;645;3.7
605;608;3.918
606;603;3.006
606;611;3.92
607;603;2.842
608;603;2.796
608;605;3.918
608;1004;3.938
609;603;2.746
610;616;3.469
611;602;2.63
611;606;3.92
612;600;4.125
612;602;3.293
612;616;3.415
613;601;3.076
613;602;3.878
613;616;3.166
613;617;3.06
613;640;2.636
613;641;3.73
614;617;3.378
614;618;2.895
614;639;3.846
615;597;3.489
615;598;3.774
615;600;3.045
615;601;2.96
615;619;3.708
615;641;3.577
616;610;3.469
616;612;3.415
616;613;3.166
616;620;3.666
617;613;3.06
617;614;3.378
617;1044;3.85
617;1050;3.443
618;614;2.895
618;624;3.223
618;628;3.826
618;1035;3.329
618;1039;3.976
619;593;3.745
619;615;3.708
619;624;3.723
619;628;3.644
619;641;4.115
620;598;3.905
620;616;3.666
620;1048;2.712
621;594;3.614
621;624;2.796
621;625;2.96
621;1051;2.708
622;25;3.453
622;587;3.486
622;590;3.961
622;626;2.946
623;626;3.062
623;627;2.967
623;1051;3.974
623;1054;3.995
623;1055;3.684
623;1058;3.786
624;618;3.223
624;619;3.723
624;621;2.796
624;627;3.404
624;628;2.988
624;1039;2.919
625;590;3.974
625;621;2.96
625;629;2.967
626;586;3.526
626;590;4.016
626;622;2.946
626;623;3.062
626;629;3.499
626;630;2.974
627;623;2.967
627;624;3.404
627;630;3.212
627;631;3.003
627;1039;3.962
627;1058;3.67
628;618;3.826
628;619;3.644
628;624;2.988
628;631;3.212
628;632;3.025
628;638;3.913
629;586;3.8
629;589;3.77
629;625;2.967
629;626;3.499
629;632;3.257
629;633;2.984
630;626;2.974
630;627;3.212
630;633;3.067
630;634;3.217
630;1031;3.976
630;1034;3.588
630;1058;3.685
630;1065;3.934
631;627;3.003
631;628;3.212
631;637;2.932
631;1035;3.508
632;628;3.025
632;629;3.257
632;635;3.069
632;638;3.719
632;657;3.708
632;660;3.612
632;661;3.975
633;582;3.98
633;629;2.984
633;630;3.067
633;664;3.737
634;630;3.217
634;1031;3.499
635;632;3.069
635;661;4.016
636;213;3.796
637;208;3.509
637;213;3.358
637;214;5.649
637;631;2.932
637;657;4.013
637;1036;3.888
638;628;3.913
638;632;3.719
638;641;3.513
638;657;3.312
639;614;3.846
639;1036;3.506
640;613;2.636
640;990;3.798
641;601;3.78
641;613;3.73
641;615;3.577
641;619;4.115
641;638;3.513
641;650;3.342
641;653;3.47
642;601;3.37
642;602;3.707
642;604;4.136
642;646;3.35
642;650;2.936
643;602;2.919
643;604;2.758
643;650;3.656
644;991;3.381
645;604;3.7
646;642;3.35
646;649;2.757
646;650;3.045
647;650;4.032
647;651;2.944
648;651;3.182
648;652;2.982
649;601;2.689
649;646;2.757
649;652;3.198
649;653;3.091
650;641;3.342
650;642;2.936
650;643;3.656
650;646;3.045
650;647;4.032
650;653;3.487
650;654;2.918
651;647;2.944
651;648;3.182
651;654;3.326
651;655;3.014
652;648;2.982
652;649;3.198
652;655;3.466
652;656;3.391
653;597;3.397
653;601;3.457
653;641;3.47
653;649;3.091
653;650;3.487
653;656;3.332
653;657;2.953
654;204;3.786
654;650;2.918
654;651;3.326
654;657;3.233
654;658;2.963
655;651;3.014
655;652;3.466
655;658;3.424
655;659;3.023
656;597;3.981
656;652;3.391
656;653;3.332
656;659;3.286
656;660;2.973
657;632;3.708
657;637;4.013
657;638;3.312
657;653;2.953
657;654;3.233
657;660;3.438
657;661;3.016
658;207;3.495
658;654;2.963
658;655;3.424
658;661;3.403
658;662;3.003
659;589;4.025
659;655;3.023
659;656;3.286
659;662;3.468
659;663;3.008
660;589;3.579
660;632;3.612
660;656;2.973
660;657;3.438
660;664;2.959
661;207;4.16
661;211;3.625
661;632;3.975
661;635;4.016
661;657;3.016
661;658;3.403
661;665;2.92
662;207;3.923
662;658;3.003
662;659;3.468
662;665;3.413
662;666;3.035
663;585;3.72
663;589;3.89
663;659;3.008
663;666;3.457
663;667;2.996
664;633;3.737
664;660;2.959
664;667;3.203
664;668;2.924
665;661;2.92
665;662;3.413
665;668;3.259
665;669;2.981
666;113;3.808
666;662;3.035
666;663;3.457
666;670;3.03
667;663;2.996
667;664;3.203
667;670;3.333
667;671;2.922
668;664;2.924
668;665;3.259
668;671;3.111
668;672;3.072
669;247;3.575
669;248;3.726
669;665;2.981
669;672;3.484
669;673;3.014
670;578;3.482
670;666;3.03
670;667;3.333
670;674;2.917
671;575;3.616
671;578;3.752
671;667;2.922
671;668;3.111
671;674;3.362
671;675;3.098
671;1073;3.506
672;248;3.653
672;252;3.673
672;668;3.072
672;669;3.484
672;675;3.43
672;676;2.938
672;1073;3.638
672;1076;3.693
673;251;3.771
673;252;3.941
673;255;3.706
673;669;3.014
673;676;3.463
673;677;2.946
674;670;2.917
674;671;3.362
674;678;3.058
675;571;3.662
675;574;3.95
675;671;3.098
675;672;3.43
675;678;3.305
675;679;3.032
675;1073;3.608
675;1074;3.739
675;1077;3.574
676;252;3.452
676;672;2.938
676;673;3.463
676;679;3.345
676;680;2.95
676;1077;4.037
676;1080;3.448
677;255;3.921
677;259;3.879
677;673;2.946
677;681;3.046
678;674;3.058
678;675;3.305
678;681;2.956
678;682;3.084
679;675;3.032
679;676;3.345
679;682;2.952
679;683;3.059
679;1077;3.49
679;1081;3.649
680;256;3.807
680;676;2.95
680;685;3.409
680;1080;3.943
680;1081;3.564
680;1084;3.229
681;259;3.651
681;677;3.046
681;678;2.956
682;678;3.084
682;679;2.952
683;679;3.059
683;1081;4.004
684;1089;2.757
685;680;3.409
685;1088;2.73
686;1088;3.509
687;1091;3.581
688;1092;2.857
689;690;2.934
689;693;3.581
689;708;3.237
690;689;2.934
691;1097;3.631
692;1093;3.586
692;1095;3.739
692;1097;3.571
693;689;3.581
693;1093;3.438
694;697;2.923
695;698;2.998
696;699;2.799
697;694;2.923
698;695;2.998
699;696;2.799
700;710;3.627
701;713;3.16
702;705;2.824
702;706;3.098
703;706;2.878
703;713;3.629
704;707;2.731
705;702;2.824
705;708;2.89
705;709;2.964
705;710;3.562
706;702;3.098
706;703;2.878
706;711;3.717
707;704;2.731
708;689;3.237
708;705;2.89
709;705;2.964
710;700;3.627
710;705;3.562
711;706;3.717
712;714;3.296
713;701;3.16
713;703;3.629
714;712;3.296
714;715;3.902
715;714;3.902
715;720;2.947
715;721;2.76
715;722;2.737
715;723;3.792
716;719;3.715
716;723;3.841
717;723;3.766
718;723;3.028
719;716;3.715
720;715;2.947
720;723;2.841
721;715;2.76
722;715;2.737
722;724;2.896
723;715;3.792
723;716;3.841
723;717;3.766
723;718;3.028
723;720;2.841
724;722;2.896
724;743;2.698
725;728;2.998
725;731;2.754
725;732;3.833
726;729;3.292
727;730;3.484
727;731;3.994
728;725;2.998
728;730;3.958
729;726;3.292
730;727;3.484
730;728;3.958
730;731;3.862
731;725;2.754
731;727;3.994
731;730;3.862
732;725;3.833
733;745;2.87
734;743;2.858
734;745;2.619
735;738;3.948
735;745;3.891
736;745;3.943
736;746;3.048
737;739;2.643
738;735;3.948
739;737;2.643
739;746;2.873
740;741;3.934
740;751;3.492
741;740;3.934
741;744;3.001
741;749;3.607
741;751;2.881
741;752;2.654
742;750;2.63
743;724;2.698
743;734;2.858
744;741;3.001
744;747;3.734
745;733;2.87
745;734;2.619
745;735;3.891
745;736;3.943
746;736;3.048
746;739;2.873
747;744;3.734
747;748;3.823
747;749;3.566
748;747;3.823
749;741;3.607
749;747;3.566
750;742;2.63
751;740;3.492
751;741;2.881
752;741;2.654
752;753;2.973
753;752;2.973
754;755;3.031
755;754;3.031
755;759;3.808
756;760;2.979
757;759;2.975
757;760;3.071
758;760;3.002
759;755;3.808
759;757;2.975
760;756;2.979
760;757;3.071
760;758;3.002
761;789;3.035
762;787;3.828
763;788;3.685
763;789;3.797
764;769;2.841
764;770;2.865
765;768;3.388
766;778;2.745
766;785;4.035
767;772;3.527
768;765;3.388
768;775;2.59
769;764;2.841
770;764;2.865
770;774;4.011
771;773;2.836
772;767;3.527
773;771;2.836
774;770;4.011
775;768;2.59
776;779;2.789
777;780;2.964
777;782;2.668
778;766;2.745
779;776;2.789
780;777;2.964
780;783;3.027
781;784;2.897
782;777;2.668
783;780;3.027
784;781;2.897
784;786;3.982
785;766;4.035
786;784;3.982
787;762;3.828
788;763;3.685
789;761;3.035
789;763;3.797
790;792;4.15
791;792;2.973
792;790;4.15
792;791;2.973
793;810;2.927
793;817;2.784
794;798;4.018
795;797;3.887
795;798;2.849
796;798;3.47
797;795;3.887
798;794;4.018
798;795;2.849
798;796;3.47
799;800;3.161
799;802;3.533
800;799;3.161
800;802;3.189
801;803;3.204
802;799;3.533
802;800;3.189
803;801;3.204
804;806;2.734
805;812;3.42
806;804;2.734
807;809;2.998
808;811;2.991
808;812;3.703
809;807;2.998
809;813;3.74
810;793;2.927
810;813;2.995
810;814;3.763
810;817;2.783
811;808;2.991
812;805;3.42
812;808;3.703
813;809;3.74
813;810;2.995
813;816;3.672
813;817;3.611
814;810;3.763
815;818;3.036
816;813;3.672
817;793;2.784
817;810;2.783
817;813;3.611
818;815;3.036
819;820;3.613
820;819;3.613
821;822;3.05
822;821;3.05
822;824;3.682
823;826;2.674
824;822;3.682
824;827;3.027
824;879;3.649
825;830;3.769
825;879;3.635
825;880;3.763
826;823;2.674
827;824;3.027
827;830;3.047
827;831;2.989
828;832;3.024
829;832;3.603
829;833;2.962
830;825;3.769
830;827;3.047
830;833;3.191
830;834;2.961
831;827;2.989
831;834;3.479
831;835;3.188
831;939;3.206
832;828;3.024
832;829;3.603
832;835;3.202
832;836;3.0
833;829;2.962
833;830;3.191
833;836;3.261
833;837;2.914
834;830;2.961
834;831;3.479
834;837;3.35
834;838;2.982
834;873;3.801
834;876;3.819
835;831;3.188
835;832;3.202
835;838;3.306
835;839;2.947
835;939;3.41
836;832;3.0
836;833;3.261
836;839;3.277
836;840;2.979
837;833;2.914
837;834;3.35
837;841;2.948
837;873;3.912
838;834;2.982
838;835;3.306
838;842;2.899
838;869;3.973
838;873;3.418
838;932;3.758
838;936;3.762
839;835;2.947
839;836;3.277
839;842;3.162
839;843;2.989
840;836;2.979
840;843;3.167
840;844;3.005
841;837;2.948
841;844;3.455
841;845;2.951
841;932;3.719
842;838;2.899
842;839;3.162
842;846;3.018
843;839;2.989
843;840;3.167
843;846;3.33
843;847;2.981
844;840;3.005
844;841;3.455
844;847;3.036
844;848;3.264
845;841;2.951
845;930;3.974
846;842;3.018
846;843;3.33
846;850;3.18
846;1272;3.952
847;843;2.981
847;844;3.036
847;850;3.068
847;851;3.027
847;854;3.478
847;858;3.933
848;844;3.264
848;855;2.747
848;923;2.69
849;852;3.325
849;855;2.676
849;1275;3.37
849;1329;3.041
850;846;3.18
850;847;3.068
850;1295;3.77
851;847;3.027
851;854;2.962
851;855;3.017
852;849;3.325
852;855;3.304
852;856;3.032
852;1330;4.02
853;856;2.618
854;847;3.478
854;851;2.962
854;857;3.404
854;858;2.973
855;848;2.747
855;849;2.676
855;851;3.017
855;852;3.304
855;859;3.033
855;1328;3.873
856;852;3.032
856;853;2.618
856;1330;3.513
857;854;3.404
858;847;3.933
858;854;2.973
858;861;3.093
858;862;3.018
859;855;3.033
859;863;2.72
860;864;3.019
861;858;3.093
861;864;3.388
861;865;2.993
862;858;3.018
862;865;2.993
862;866;3.277
863;859;2.72
863;866;2.986
863;867;3.034
863;923;2.805
863;926;3.831
864;860;3.019
864;861;3.388
864;867;2.892
864;868;2.946
865;861;2.993
865;862;2.993
865;868;3.498
865;869;2.913
866;862;3.277
866;863;2.986
866;870;2.992
866;926;4.026
866;929;3.755
867;863;3.034
867;864;2.892
867;870;3.368
867;871;3.025
868;864;2.946
868;865;3.498
868;872;2.984
869;838;3.973
869;865;2.913
869;872;3.22
869;873;2.937
869;932;3.567
870;866;2.992
870;867;3.368
870;874;2.978
870;929;3.894
871;867;3.025
871;875;3.032
872;868;2.984
872;869;3.22
872;876;2.939
873;834;3.801
873;837;3.912
873;838;3.418
873;869;2.937
873;877;3.014
873;935;3.709
874;870;2.978
874;877;3.407
874;878;2.995
874;902;3.864
874;906;3.69
875;871;3.032
875;878;3.434
875;879;2.956
876;834;3.819
876;872;2.939
876;879;3.437
876;880;2.694
876;935;3.577
877;873;3.014
877;874;3.407
877;881;2.964
877;899;3.931
878;874;2.995
878;875;3.434
878;881;3.484
878;882;2.998
879;824;3.649
879;825;3.635
879;875;2.956
879;876;3.437
879;882;3.461
879;883;3.025
880;825;3.763
880;876;2.694
880;883;3.402
880;884;3.111
880;889;3.646
880;895;3.979
880;898;2.642
881;877;2.964
881;878;3.484
881;884;3.02
881;885;2.929
881;886;3.88
881;889;6.347
881;890;3.649
882;878;2.998
882;879;3.461
883;879;3.025
883;880;3.402
884;880;3.111
884;881;3.02
884;888;2.697
884;889;3.903
884;892;3.912
884;895;3.645
885;881;2.929
885;889;2.988
886;881;3.88
886;889;3.405
886;890;3.037
887;891;2.883
888;884;2.697
889;880;3.646
889;881;6.347
889;884;3.903
889;885;2.988
889;886;3.405
889;892;3.046
889;895;3.692
889;899;3.774
890;881;3.649
890;886;3.037
890;896;3.804
890;899;3.692
891;887;2.883
892;884;3.912
892;889;3.046
892;895;3.108
892;896;2.922
893;897;2.982
894;897;3.297
894;898;2.997
894;938;3.243
894;944;4.039
894;947;3.819
895;880;3.979
895;884;3.645
895;889;3.692
895;892;3.108
895;898;3.177
895;899;2.984
896;890;3.804
896;892;2.922
896;899;5.76
896;900;2.963
897;893;2.982
897;894;3.297
897;900;3.216
898;880;2.642
898;894;2.997
898;895;3.177
898;935;2.976
898;938;2.615
899;877;3.931
899;889;3.774
899;890;3.692
899;895;2.984
899;896;5.76
899;902;3.019
899;903;2.958
900;896;2.963
900;897;3.216
900;904;3.029
901;935;3.692
902;874;3.864
902;899;3.019
902;905;3.173
902;906;3.081
903;899;2.958
903;906;2.954
903;907;2.906
904;900;3.029
904;908;2.965
904;928;3.778
905;902;3.173
905;908;3.915
905;909;3.067
905;929;2.85
906;874;3.69
906;902;3.081
906;903;2.954
906;909;3.305
906;910;2.987
907;903;2.906
907;910;3.171
907;911;2.987
908;904;2.965
908;905;3.915
908;911;3.426
908;912;2.976
909;905;3.067
909;906;3.305
909;912;3.33
909;913;2.998
909;922;3.673
910;906;2.987
910;907;3.171
910;913;3.386
910;914;2.953
911;907;2.987
911;908;3.426
911;914;3.305
911;915;3.013
912;908;2.976
912;909;3.33
912;915;3.089
912;917;3.054
912;921;3.323
912;922;3.296
912;925;3.68
913;909;2.998
913;910;3.386
913;916;2.992
914;910;2.953
914;911;3.305
915;911;3.013
915;912;3.089
916;913;2.992
917;912;3.054
918;921;3.823
918;922;3.164
919;922;3.481
919;923;2.989
920;923;2.727
920;924;3.216
921;912;3.323
921;918;3.823
921;925;3.006
922;909;3.673
922;912;3.296
922;918;3.164
922;919;3.481
922;926;2.968
923;848;2.69
923;863;2.805
923;919;2.989
923;920;2.727
923;1327;3.816
924;920;3.216
924;927;3.051
924;1277;3.889
924;1324;3.001
924;1325;3.648
924;1326;3.139
925;912;3.68
925;921;3.006
926;863;3.831
926;866;4.026
926;922;2.968
926;929;2.739
927;924;3.051
927;930;2.761
927;931;3.359
927;1273;3.62
928;904;3.778
928;931;2.793
929;866;3.755
929;870;3.894
929;905;2.85
929;926;2.739
929;932;2.819
930;845;3.974
930;927;2.761
931;927;3.359
931;928;2.793
931;934;3.013
931;935;2.997
931;1269;3.912
932;838;3.758
932;841;3.719
932;869;3.567
932;929;2.819
932;935;2.96
932;936;3.228
933;936;2.981
933;1269;3.629
934;931;3.013
934;937;2.78
934;1269;3.854
935;873;3.709
935;876;3.577
935;898;2.976
935;901;3.692
935;931;2.997
935;932;2.96
935;938;2.905
936;838;3.762
936;932;3.228
936;933;2.981
936;939;2.99
936;940;2.955
937;934;2.78
937;940;3.022
937;943;3.503
937;947;3.72
938;894;3.243
938;898;2.615
938;935;2.905
938;944;2.888
939;831;3.206
939;835;3.41
939;936;2.99
939;944;4.023
940;936;2.955
940;937;3.022
940;943;3.464
940;944;2.991
941;944;3.696
942;945;3.121
942;946;2.934
943;937;3.503
943;940;3.464
943;946;3.305
943;947;2.978
943;1261;3.876
943;1262;4.067
944;894;4.039
944;938;2.888
944;939;4.023
944;940;2.991
944;941;3.696
944;948;2.989
945;942;3.121
945;948;3.31
945;949;2.968
946;942;2.934
946;943;3.305
946;949;3.096
946;950;2.96
946;1258;3.713
946;1262;3.843
947;894;3.819
947;937;3.72
947;943;2.978
947;950;3.372
947;951;2.998
948;944;2.989
948;945;3.31
948;952;2.967
949;945;2.968
949;946;3.096
949;952;3.096
949;953;3.046
950;946;2.96
950;947;3.372
950;953;3.044
950;1362;3.585
951;947;2.998
951;954;3.039
952;948;2.967
952;949;3.096
953;949;3.046
953;950;3.044
953;956;3.419
953;957;3.168
954;951;3.039
954;958;2.9
955;959;3.032
956;953;3.419
956;959;3.429
956;960;3.29
956;1082;2.566
957;953;3.168
957;960;3.463
957;961;2.963
958;954;2.9
958;962;2.976
959;560;3.282
959;955;3.032
959;956;3.429
959;962;3.084
960;956;3.29
960;957;3.463
960;963;3.148
960;964;3.39
960;1071;3.46
960;1075;3.846
961;957;2.963
961;964;3.131
