source;destination;distance
0;3;2.789
1;47;3.594
2;7;3.707
2;48;3.68
3;0;2.789
4;7;3.164
4;8;2.991
5;9;2.983
6;10;2.978
7;2;3.707
7;4;3.164
7;10;3.08
7;11;2.973
7;43;3.836
7;47;3.706
8;4;2.991
8;11;3.46
8;12;2.991
9;5;2.983
9;13;2.934
10;6;2.978
10;7;3.08
10;13;3.481
10;14;2.955
11;7;2.973
11;8;3.46
11;14;3.334
11;15;3.025
11;44;3.638
12;8;2.991
12;16;3.005
12;104;3.878
13;9;2.934
13;10;3.481
13;16;3.276
13;17;2.945
14;10;2.955
14;11;3.334
14;18;3.01
14;37;3.776
15;11;3.025
15;19;3.0
15;37;3.813
15;99;3.797
15;100;3.565
16;12;3.005
16;13;3.276
16;19;3.17
16;20;3.099
17;13;2.945
17;20;3.312
17;21;2.993
18;14;3.01
18;21;3.58
18;22;2.934
18;37;2.991
18;96;3.098
19;15;3.0
19;16;3.17
19;22;3.196
19;23;3.468
19;97;3.451
19;588;3.66
20;16;3.099
20;17;3.312
20;23;3.068
21;17;2.993
21;18;3.58
21;24;2.98
21;30;3.606
21;33;3.39
22;18;2.934
22;19;3.196
22;96;3.872
23;19;3.468
23;20;3.068
23;588;3.741
24;21;2.98
24;27;3.893
25;595;3.311
25;622;3.74
25;623;3.292
26;30;3.881
27;24;3.893
27;30;2.834
28;31;2.727
28;32;3.037
29;32;3.298
29;33;2.996
30;21;3.606
30;26;3.881
30;27;2.834
30;33;3.368
30;34;3.005
31;28;2.727
31;34;3.446
31;35;3.035
32;28;3.037
32;29;3.298
32;36;3.021
33;21;3.39
33;29;2.996
33;30;3.368
33;36;3.251
33;37;2.968
34;30;3.005
34;31;3.446
34;37;3.283
34;38;2.943
34;93;2.863
34;96;3.735
35;31;3.035
35;38;3.395
35;39;2.981
35;81;3.76
36;32;3.021
36;33;3.251
36;39;3.391
36;40;3.008
37;14;3.776
37;15;3.813
37;18;2.991
37;33;2.968
37;34;3.283
37;40;3.004
37;41;2.866
37;96;3.833
38;34;2.943
38;35;3.395
38;42;2.993
38;80;2.753
39;35;2.981
39;36;3.391
39;42;3.145
39;43;2.996
40;36;3.008
40;37;3.004
40;43;3.471
40;44;2.924
41;37;2.866
41;45;2.977
41;73;3.5
41;99;3.477
42;38;2.993
42;39;3.145
42;45;3.271
42;46;2.972
43;7;3.836
43;39;2.996
43;40;3.471
43;46;3.413
43;47;3.028
44;11;3.638
44;40;2.924
44;47;3.149
44;48;2.801
44;99;2.654
45;41;2.977
45;42;3.271
45;49;2.985
45;56;3.958
45;73;4.011
46;42;2.972
46;43;3.413
46;51;4.024
47;1;3.594
47;7;3.706
47;43;3.028
47;44;3.149
48;2;3.68
48;44;2.801
48;66;3.133
48;69;2.657
49;45;2.985
49;56;3.957
49;59;3.883
49;66;3.528
50;53;3.024
50;55;3.693
50;58;3.989
51;46;4.024
52;55;3.668
52;58;3.469
53;50;3.024
53;56;2.977
54;57;2.987
55;50;3.693
55;52;3.668
55;58;2.999
56;45;3.958
56;49;3.957
56;53;2.977
56;59;3.046
56;70;3.893
57;54;2.987
57;60;3.021
58;50;3.989
58;52;3.469
58;55;2.999
58;61;3.044
59;49;3.883
59;56;3.046
59;62;3.013
59;63;3.782
59;66;3.534
59;67;3.963
59;70;3.852
60;57;3.021
61;58;3.044
62;59;3.013
63;59;3.782
63;67;2.928
64;67;3.438
64;68;3.019
65;68;3.118
65;69;3.053
65;102;3.343
65;108;3.281
65;111;3.797
66;48;3.133
66;49;3.528
66;59;3.534
66;70;2.981
67;59;3.963
67;63;2.928
67;64;3.438
67;70;3.404
67;71;2.968
68;64;3.019
68;65;3.118
68;72;2.997
68;101;3.954
69;48;2.657
69;65;3.053
69;72;3.27
69;73;2.925
69;99;3.227
69;102;2.767
70;56;3.893
70;59;3.852
70;66;2.981
70;67;3.404
70;73;3.188
70;74;3.017
71;67;2.968
71;74;3.445
71;75;2.993
72;68;2.997
72;69;3.27
72;76;2.937
72;95;3.716
73;41;3.5
73;45;4.011
73;69;2.925
73;70;3.188
73;76;3.486
73;77;2.934
74;70;3.017
74;71;3.445
74;78;3.031
75;71;2.993
75;79;2.999
75;89;3.554
75;92;3.27
76;72;2.937
76;73;3.486
76;79;2.994
76;80;2.91
77;73;2.934
77;80;3.076
77;81;2.924
78;74;3.031
78;82;3.019
79;75;2.999
79;76;2.994
79;83;3.858
79;89;2.76
80;38;2.753
80;76;2.91
80;77;3.076
80;83;3.052
81;35;3.76
81;77;2.924
82;78;3.019
82;84;2.982
83;79;3.858
83;80;3.052
83;90;2.909
83;93;3.542
84;82;2.982
85;89;3.565
86;89;3.08
87;90;2.848
87;91;3.282
87;597;4.004
88;91;3.268
89;75;3.554
89;79;2.76
89;85;3.565
89;86;3.08
89;92;2.982
90;83;2.909
90;87;2.848
91;87;3.282
91;88;3.268
91;94;2.993
91;596;3.599
91;597;3.649
92;75;3.27
92;89;2.982
92;95;2.976
93;34;2.863
93;83;3.542
93;96;2.89
94;91;2.993
94;97;2.97
94;589;3.989
94;592;3.637
94;593;3.737
95;72;3.716
95;92;2.976
95;98;3.065
95;99;2.987
96;18;3.098
96;22;3.872
96;34;3.735
96;37;3.833
96;93;2.89
97;19;3.451
97;94;2.97
97;100;3.018
97;589;3.958
98;95;3.065
98;101;2.915
98;589;3.968
99;15;3.797
99;41;3.477
99;44;2.654
99;69;3.227
99;95;2.987
99;102;2.939
100;15;3.565
100;97;3.018
100;103;2.998
100;104;2.933
100;107;3.646
100;585;3.526
101;68;3.954
101;98;2.915
101;111;3.862
102;65;3.343
102;69;2.767
102;99;2.939
102;108;2.816
103;100;2.998
104;12;3.878
104;100;2.933
104;108;3.001
105;108;3.224
105;109;2.969
106;109;4.036
106;110;3.095
106;578;3.297
107;100;3.646
107;110;3.367
107;111;3.0
107;582;3.704
108;65;3.281
108;102;2.816
108;104;3.001
108;105;3.224
108;111;3.439
108;112;3.003
109;105;2.969
109;106;4.036
109;112;3.045
109;113;3.047
110;106;3.095
110;107;3.367
110;113;3.14
110;114;3.008
110;578;3.305
110;579;3.997
111;65;3.797
111;101;3.862
111;107;3.0
111;108;3.439
111;114;3.245
111;115;3.032
112;108;3.003
112;109;3.045
112;115;3.377
112;116;3.022
113;109;3.047
113;110;3.14
113;116;3.255
113;117;3.028
114;110;3.008
114;111;3.245
114;117;3.085
114;118;3.318
114;667;3.803
115;111;3.032
115;112;3.377
115;118;2.954
116;112;3.022
116;113;3.255
116;119;3.03
116;261;3.821
117;113;3.028
117;114;3.085
117;120;3.148
117;121;3.002
118;114;3.318
118;115;2.954
118;122;3.006
119;116;3.03
119;122;3.406
119;265;2.706
120;117;3.148
120;123;3.44
120;261;3.851
120;264;2.64
120;265;2.78
121;117;3.002
121;124;3.263
121;125;2.929
121;258;3.99
122;118;3.006
122;119;3.406
122;126;2.994
123;120;3.44
123;126;3.135
123;127;3.084
123;1247;3.414
123;1248;2.943
124;121;3.263
124;127;3.441
124;128;3.174
124;250;3.55
124;254;3.948
124;1251;3.93
125;121;2.929
125;128;3.287
125;129;2.934
126;122;2.994
126;123;3.135
126;129;3.298
126;130;2.999
127;123;3.084
127;124;3.441
127;130;3.493
127;131;2.982
127;1242;4.0
127;1248;3.925
127;1251;3.768
128;124;3.174
128;125;3.287
128;131;3.298
128;132;2.903
128;250;3.247
129;125;2.934
129;126;3.298
129;132;3.431
129;133;3.024
130;126;2.999
130;127;3.493
130;133;3.489
130;134;2.965
130;1238;3.709
130;1241;3.489
130;1242;3.483
131;127;2.982
131;128;3.298
131;134;3.421
131;135;2.875
132;128;2.903
132;129;3.431
132;136;2.974
132;210;3.778
133;129;3.024
133;130;3.489
133;136;3.168
133;137;3.024
134;130;2.965
134;131;3.421
134;137;3.328
134;138;2.986
134;1150;3.725
134;1238;3.903
135;131;2.875
135;139;2.952
135;213;3.547
135;246;3.615
136;132;2.974
136;133;3.168
136;140;2.936
136;206;3.824
136;210;3.855
137;133;3.024
137;134;3.328
137;140;3.405
137;141;3.096
137;206;3.781
138;134;2.986
138;141;3.146
138;142;3.412
138;239;3.658
138;1232;3.651
138;1235;3.971
139;135;2.952
139;142;3.487
139;143;2.957
139;203;3.52
140;136;2.936
140;137;3.405
140;144;3.701
140;205;3.534
141;137;3.096
141;138;3.146
141;1232;3.607
141;1235;3.447
142;138;3.412
142;139;3.487
142;1228;3.73
142;1232;3.46
143;139;2.957
143;226;2.947
143;236;3.423
143;239;3.558
143;240;3.756
144;140;3.701
144;204;3.658
145;150;2.703
146;194;2.819
146;198;3.826
146;199;3.706
147;150;2.929
147;151;3.733
147;195;3.903
147;198;3.187
148;198;2.929
148;204;2.666
149;155;3.414
150;145;2.703
150;147;2.929
150;154;3.42
150;195;2.819
151;147;3.733
151;190;3.856
151;195;3.709
152;190;3.614
153;188;2.756
154;150;3.42
155;149;3.414
156;159;3.403
157;159;3.703
158;161;3.66
158;185;3.542
159;156;3.403
159;157;3.703
160;172;3.306
160;184;2.8
161;158;3.66
161;171;3.941
162;171;3.71
162;172;3.714
163;166;3.429
164;169;3.476
165;167;3.897
166;163;3.429
167;165;3.897
168;171;3.219
168;174;2.686
169;164;3.476
170;173;3.977
170;174;3.879
171;161;3.941
171;162;3.71
171;168;3.219
171;174;2.85
172;160;3.306
172;162;3.714
173;170;3.977
173;176;3.139
174;168;2.686
174;170;3.879
174;171;2.85
174;181;3.489
174;183;3.566
175;177;3.155
175;179;2.917
176;173;3.139
176;179;3.06
177;175;3.155
178;181;3.912
179;175;2.917
179;176;3.06
180;182;3.16
181;174;3.489
181;178;3.912
182;180;3.16
182;186;3.725
182;187;3.994
183;174;3.566
184;160;2.8
185;158;3.542
186;182;3.725
187;182;3.994
188;153;2.756
189;999;3.754
189;1001;3.527
190;151;3.856
190;152;3.614
191;1002;4.004
192;195;3.304
192;1000;3.96
193;195;4.001
194;146;2.819
195;147;3.903
195;150;2.819
195;151;3.709
195;192;3.304
195;193;4.001
196;199;3.13
197;998;2.87
197;1000;3.682
198;146;3.826
198;147;3.187
198;148;2.929
198;200;2.969
199;146;3.706
199;196;3.13
199;229;3.469
199;230;3.768
200;198;2.969
200;203;3.029
200;204;2.98
200;208;3.859
201;208;3.085
202;208;3.393
202;226;3.543
203;139;3.52
203;200;3.029
203;208;3.938
203;209;3.376
203;212;3.49
203;226;3.134
203;240;3.794
204;144;3.658
204;148;2.666
204;200;2.98
205;140;3.534
205;208;2.769
205;209;2.992
206;136;3.824
206;137;3.781
206;209;3.472
206;210;2.965
207;211;2.987
208;200;3.859
208;201;3.085
208;202;3.393
208;203;3.938
208;205;2.769
208;211;3.216
208;212;2.956
209;203;3.376
209;205;2.992
209;206;3.472
209;212;3.28
209;213;2.963
210;132;3.778
210;136;3.855
210;206;2.965
210;214;2.945
211;207;2.987
211;208;3.216
211;214;3.114
211;215;2.986
211;655;3.881
212;203;3.49
212;208;2.956
212;209;3.28
212;215;3.287
212;216;2.937
213;135;3.547
213;209;2.963
213;216;3.464
213;217;2.949
214;210;2.945
214;211;3.114
214;217;3.17
214;218;2.952
214;659;3.446
214;662;4.157
214;663;3.912
215;211;2.986
215;212;3.287
215;219;2.971
215;220;2.803
215;638;3.492
216;212;2.937
216;213;3.464
216;219;3.029
216;222;3.594
216;240;3.888
216;243;3.682
216;244;3.726
217;213;2.949
217;214;3.17
218;214;2.952
218;662;3.647
219;215;2.971
219;216;3.029
219;1314;3.15
219;1316;3.049
220;215;2.803
220;637;3.798
220;638;3.378
221;224;3.559
221;225;3.077
221;638;5.812
221;1321;3.779
222;216;3.594
222;226;3.067
222;227;3.077
222;241;3.819
222;244;3.324
222;1307;3.732
222;1310;3.593
222;1311;3.529
223;227;3.155
223;228;2.875
223;1307;3.783
223;1311;3.583
223;1346;3.326
223;1347;2.807
223;1348;3.235
224;221;3.559
224;228;3.657
224;1321;3.406
224;1348;3.393
225;221;3.077
225;228;2.987
226;143;2.947
226;202;3.543
226;203;3.134
226;222;3.067
226;236;3.055
226;240;3.971
227;222;3.077
227;223;3.155
227;230;2.94
227;237;3.351
227;1307;3.065
227;1346;3.472
228;223;2.875
228;224;3.657
228;225;2.987
228;1297;3.704
228;1345;3.711
228;1346;3.386
229;199;3.469
230;199;3.768
230;227;2.94
230;232;2.96
230;233;3.08
230;236;3.392
231;233;3.056
231;1304;3.654
231;1342;2.863
231;1345;3.516
232;230;2.96
232;236;3.032
233;230;3.08
233;231;3.056
233;236;2.977
233;237;2.923
233;1343;3.771
233;1344;3.856
234;237;3.69
234;238;2.909
234;1341;2.922
234;1343;2.751
235;1225;3.78
235;1228;3.719
235;1229;3.255
235;1343;2.98
236;143;3.423
236;226;3.055
236;230;3.392
236;232;3.032
236;233;2.977
236;239;3.022
236;240;3.482
237;227;3.351
237;233;2.923
237;234;3.69
237;240;3.37
237;241;2.94
237;1307;3.505
237;1344;3.989
238;234;2.909
238;242;2.968
239;138;3.658
239;143;3.558
239;236;3.022
239;242;3.168
239;243;2.977
240;143;3.756
240;203;3.794
240;216;3.888
240;226;3.971
240;236;3.482
240;237;3.37
240;243;3.197
240;244;3.001
241;222;3.819
241;237;2.94
241;244;3.126
241;245;2.99
241;1310;3.925
242;238;2.968
242;239;3.168
242;245;3.496
242;246;2.945
243;216;3.682
243;239;2.977
243;240;3.197
243;246;3.499
243;247;2.903
244;216;3.726
244;222;3.324
244;240;3.001
244;241;3.126
244;248;2.965
244;1310;3.427
245;241;2.99
245;242;3.496
245;249;2.966
245;1310;3.458
246;135;3.615
246;242;2.945
246;243;3.499
246;250;2.919
247;243;2.903
247;251;2.939
248;244;2.965
248;251;3.374
248;252;2.969
249;245;2.966
249;252;3.364
249;253;2.954
249;1255;3.682
249;1262;3.586
250;124;3.55
250;128;3.247
250;246;2.919
250;253;3.146
250;254;2.909
251;247;2.939
251;248;3.374
251;254;3.275
251;255;2.963
252;248;2.969
252;249;3.364
252;255;3.774
252;256;3.009
252;1374;3.785
253;249;2.954
253;250;3.146
253;256;3.654
253;257;2.902
253;1251;3.136
253;1254;3.692
254;124;3.948
254;250;2.909
254;251;3.275
254;257;3.16
254;258;2.966
254;670;3.786
255;251;2.963
255;252;3.774
255;259;3.081
255;670;3.771
255;673;3.661
255;1371;3.495
256;252;3.009
256;253;3.654
256;259;3.492
256;260;2.926
256;1374;3.953
256;1375;3.959
256;1378;3.493
257;253;2.902
257;254;3.16
257;261;2.944
258;121;3.99
258;254;2.966
258;261;3.355
258;262;3.075
258;674;3.792
259;255;3.081
259;256;3.492
259;262;3.269
259;263;3.063
259;673;3.733
259;674;3.921
259;677;3.47
259;1375;3.468
260;256;2.926
260;263;3.347
260;264;2.874
260;1379;3.575
261;116;3.821
261;120;3.851
261;257;2.944
261;258;3.355
261;264;3.463
261;265;3.034
262;258;3.075
262;259;3.269
262;266;3.023
262;674;3.707
262;678;3.919
263;259;3.063
263;260;3.347
263;266;4.027
263;267;2.923
263;681;5.947
263;1090;3.853
263;1379;3.721
264;120;2.64
264;260;2.874
264;261;3.463
264;267;3.356
264;268;3.256
265;119;2.706
265;120;2.78
265;261;3.034
265;274;2.977
266;262;3.023
266;263;4.027
266;274;2.711
266;678;3.992
266;682;3.696
267;263;2.923
267;264;3.356
267;273;3.355
268;264;3.256
268;272;3.138
268;273;2.906
269;270;3.043
270;269;3.043
271;275;3.898
271;283;3.59
272;268;3.138
273;267;3.355
273;268;2.906
274;265;2.977
274;266;2.711
275;271;3.898
276;285;2.775
277;284;3.984
277;285;2.727
278;285;3.2
279;284;3.689
279;344;2.766
280;284;3.763
280;289;3.857
281;344;3.814
282;345;3.856
283;271;3.59
284;277;3.984
284;279;3.689
284;280;3.763
285;276;2.775
285;277;2.727
285;278;3.2
286;289;2.737
286;290;3.688
287;290;3.496
287;300;2.796
288;290;3.021
289;280;3.857
289;286;2.737
290;286;3.688
290;287;3.496
290;288;3.021
291;292;2.91
291;293;3.487
291;294;2.904
292;291;2.91
293;291;3.487
294;291;2.904
295;296;3.794
296;295;3.794
297;299;2.966
298;300;2.74
299;297;2.966
300;287;2.796
300;298;2.74
301;302;3.856
302;301;3.856
303;306;2.972
304;313;3.914
305;307;3.552
306;303;2.972
306;308;3.224
307;305;3.552
307;312;3.136
307;313;2.988
308;306;3.224
308;313;3.663
308;314;2.914
309;311;3.923
310;314;3.034
310;315;3.786
310;330;3.264
311;309;3.923
311;315;3.51
311;317;2.664
312;307;3.136
312;315;3.599
312;316;2.771
312;317;2.722
313;304;3.914
313;307;2.988
313;308;3.663
314;308;2.914
314;310;3.034
315;310;3.786
315;311;3.51
315;312;3.599
316;312;2.771
317;311;2.664
317;312;2.722
318;320;2.975
318;322;2.843
318;330;2.738
319;330;2.709
319;340;3.453
320;318;2.975
321;324;3.466
322;318;2.843
322;324;3.059
322;328;3.9
323;328;3.837
324;321;3.466
324;322;3.059
325;326;2.967
326;325;2.967
327;333;3.607
328;322;3.9
328;323;3.837
329;332;3.663
329;333;2.989
330;310;3.264
330;318;2.738
330;319;2.709
331;334;2.975
331;335;2.928
332;329;3.663
333;327;3.607
333;329;2.989
334;331;2.975
335;331;2.928
336;339;2.924
336;340;3.499
337;340;3.004
338;341;3.091
338;342;2.943
339;336;2.924
339;343;3.711
339;346;3.523
340;319;3.453
340;336;3.499
340;337;3.004
340;343;3.937
341;338;3.091
342;338;2.943
342;345;3.004
342;346;4.027
343;339;3.711
343;340;3.937
343;346;3.004
344;279;2.766
344;281;3.814
345;282;3.856
345;342;3.004
346;339;3.523
346;342;4.027
346;343;3.004
347;351;3.534
348;350;2.924
348;351;3.96
349;351;3.319
350;348;2.924
351;347;3.534
351;348;3.96
351;349;3.319
352;353;3.45
353;352;3.45
353;354;3.005
354;353;3.005
355;356;2.98
355;357;3.358
356;355;2.98
357;355;3.358
358;361;2.997
359;363;2.726
360;362;3.153
360;391;2.733
361;358;2.997
361;363;2.874
362;360;3.153
362;391;3.242
362;393;3.832
362;394;3.521
363;359;2.726
363;361;2.874
364;386;3.347
365;385;2.937
366;383;3.706
366;384;3.972
367;370;3.837
368;374;2.815
369;372;2.953
370;367;3.837
371;381;3.343
372;369;2.953
372;437;3.677
373;437;2.894
374;368;2.815
374;376;2.937
375;378;3.687
376;374;2.937
377;379;2.958
377;380;3.715
378;375;3.687
378;380;3.076
378;381;2.802
378;382;3.316
379;377;2.958
380;377;3.715
380;378;3.076
381;371;3.343
381;378;2.802
382;378;3.316
383;366;3.706
384;366;3.972
385;365;2.937
386;364;3.347
387;390;3.146
388;389;3.006
389;388;3.006
390;387;3.146
391;360;2.733
391;362;3.242
392;393;3.61
393;362;3.832
393;392;3.61
393;395;3.984
394;362;3.521
395;393;3.984
395;397;3.004
396;398;3.056
397;395;3.004
398;396;3.056
399;406;3.609
400;402;3.402
401;403;3.764
402;400;3.402
403;401;3.764
404;405;3.71
405;404;3.71
406;399;3.609
407;411;3.923
408;411;3.572
409;411;2.98
410;413;2.771
411;407;3.923
411;408;3.572
411;409;2.98
412;414;2.908
413;410;2.771
414;412;2.908
415;418;2.992
416;419;2.989
417;420;3.92
418;415;2.992
419;416;2.989
420;417;3.92
420;421;2.993
421;420;2.993
421;424;2.95
421;427;3.643
422;425;2.991
423;427;3.281
424;421;2.95
425;422;2.991
426;427;3.224
427;421;3.643
427;423;3.281
427;426;3.224
428;429;3.108
429;428;3.108
430;433;3.903
431;434;3.448
432;441;2.941
433;430;3.903
434;431;3.448
434;438;3.908
434;439;2.888
434;441;2.853
435;438;3.867
435;439;3.387
436;440;3.756
437;372;3.677
437;373;2.894
438;434;3.908
438;435;3.867
439;434;2.888
439;435;3.387
440;436;3.756
441;432;2.941
441;434;2.853
442;445;3.394
443;445;3.967
444;447;4.028
445;442;3.394
445;443;3.967
446;451;3.915
447;444;4.028
448;451;3.94
448;452;3.015
448;454;3.809
449;452;3.447
449;509;2.775
449;510;2.843
450;506;3.366
450;509;3.365
451;446;3.915
451;448;3.94
451;454;3.18
451;455;3.564
451;506;3.306
452;448;3.015
452;449;3.447
453;456;3.005
453;457;3.078
454;448;3.809
454;451;3.18
455;451;3.564
455;460;3.83
456;453;3.005
456;511;3.925
457;453;3.078
457;460;2.965
457;461;3.431
458;462;2.948
459;463;2.945
460;455;3.83
460;457;2.965
460;463;3.297
460;464;3.015
461;457;3.431
461;464;3.44
461;465;2.931
461;558;2.68
462;458;2.948
462;465;3.199
462;466;2.959
463;459;2.945
463;460;3.297
463;467;3.052
464;460;3.015
464;461;3.44
464;467;3.324
464;468;2.966
464;499;3.979
464;503;3.8
464;555;3.859
465;461;2.931
465;462;3.199
465;468;3.033
465;469;3.071
465;559;2.744
465;560;3.546
466;462;2.959
466;469;3.432
466;470;3.009
467;463;3.052
467;464;3.324
467;471;2.983
467;496;3.605
468;464;2.966
468;465;3.033
468;471;3.051
468;472;3.068
468;500;3.257
468;553;3.859
468;555;3.842
468;556;3.798
469;465;3.071
469;466;3.432
469;472;3.074
469;473;3.453
469;556;3.793
470;466;3.009
470;473;3.262
470;474;3.008
471;467;2.983
471;468;3.051
471;474;3.297
471;475;2.993
471;496;3.112
471;552;3.01
472;468;3.068
472;469;3.074
472;476;3.05
472;553;3.633
472;974;3.916
473;469;3.453
473;470;3.262
473;476;3.288
473;477;3.001
474;470;3.008
474;471;3.297
474;477;3.004
474;478;2.945
474;489;3.507
474;493;4.029
475;471;2.993
475;478;3.028
475;550;3.992
475;552;3.769
475;553;3.553
475;978;4.025
476;472;3.05
476;473;3.288
477;473;3.001
477;474;3.004
477;481;3.607
478;474;2.945
478;475;3.028
478;482;2.881
478;493;3.644
479;482;2.968
479;1022;3.034
479;1023;3.049
480;483;2.957
480;484;3.026
481;477;3.607
481;485;3.02
482;478;2.881
482;479;2.968
482;486;2.818
483;480;2.957
483;486;2.748
484;480;3.026
485;481;3.02
485;488;3.055
485;489;2.941
486;482;2.818
486;483;2.748
486;490;2.959
487;490;3.286
487;491;3.023
488;485;3.055
488;491;3.945
488;492;2.976
489;474;3.507
489;485;2.941
489;492;3.365
489;493;2.937
490;486;2.959
490;487;3.286
490;493;3.341
490;494;3.03
491;487;3.023
491;488;3.945
491;495;2.972
492;488;2.976
492;489;3.365
492;496;2.974
493;474;4.029
493;478;3.644
493;489;2.937
493;490;3.341
493;496;3.421
493;497;3.109
493;552;3.246
494;490;3.03
494;497;3.261
494;498;3.009
494;536;3.756
494;537;3.392
495;491;2.972
495;498;3.03
495;499;3.066
496;467;3.605
496;471;3.112
496;492;2.974
496;493;3.421
496;499;3.034
496;500;3.347
497;493;3.109
497;494;3.261
497;500;2.863
497;532;2.814
497;533;3.762
497;536;3.886
497;552;3.984
498;494;3.009
498;495;3.03
498;501;2.839
498;502;3.466
499;464;3.979
499;495;3.066
499;496;3.034
499;502;3.168
499;503;3.106
500;468;3.257
500;496;3.347
500;497;2.863
500;504;2.961
500;529;3.617
500;533;3.808
500;555;3.485
501;498;2.839
501;504;3.457
501;505;3.086
501;533;3.404
502;498;3.466
502;499;3.168
502;506;3.105
503;464;3.8
503;499;3.106
503;506;3.488
503;507;2.944
503;555;2.728
503;558;2.729
504;500;2.961
504;501;3.457
504;507;3.26
504;508;3.083
504;529;3.56
505;501;3.086
505;508;3.207
505;509;3.365
506;450;3.366
506;451;3.306
506;502;3.105
506;503;3.488
506;509;3.459
506;510;3.052
507;503;2.944
507;504;3.26
507;510;3.037
507;511;3.119
507;515;2.668
507;516;3.591
507;522;2.789
508;504;3.083
508;505;3.207
508;516;3.825
508;517;3.832
509;449;2.775
509;450;3.365
509;505;3.365
509;506;3.459
510;449;2.843
510;506;3.052
510;507;3.037
511;456;3.925
511;507;3.119
511;515;3.606
512;515;2.976
512;516;2.943
513;517;3.004
514;518;2.885
515;507;2.668
515;511;3.606
515;512;2.976
515;518;3.064
515;519;2.928
516;507;3.591
516;508;3.825
516;512;2.943
516;522;3.263
516;526;2.907
517;508;3.832
517;513;3.004
518;514;2.885
518;515;3.064
519;515;2.928
519;522;2.956
519;523;3.047
520;523;3.473
520;524;3.014
521;524;3.997
521;525;3.016
521;563;2.945
521;566;3.831
522;507;2.789
522;516;3.263
522;519;2.956
522;525;3.414
522;526;2.969
523;519;3.047
523;520;3.473
523;526;3.41
523;527;2.996
524;520;3.014
524;521;3.997
524;527;3.404
524;528;3.033
524;554;4.014
525;521;3.016
525;522;3.414
525;528;3.202
525;529;2.913
525;555;2.641
525;558;3.829
526;516;2.907
526;522;2.969
526;523;3.41
526;530;2.992
527;523;2.996
527;524;3.404
527;530;3.256
527;531;3.079
528;524;3.033
528;525;3.202
528;532;3.023
529;500;3.617
529;504;3.56
529;525;2.913
529;533;2.917
529;555;3.725
530;526;2.992
530;527;3.256
530;534;2.977
531;527;3.079
531;535;3.174
531;548;3.586
532;497;2.814
532;528;3.023
532;536;3.378
532;552;3.018
533;497;3.762
533;500;3.808
533;501;3.404
533;529;2.917
533;536;3.148
533;537;2.892
534;530;2.977
534;537;3.285
534;538;3.028
535;531;3.174
535;539;2.987
535;540;3.036
535;549;3.919
536;494;3.756
536;497;3.886
536;532;3.378
536;533;3.148
536;540;3.692
536;549;3.918
537;494;3.392
537;533;2.892
537;534;3.285
538;534;3.028
539;535;2.987
539;541;2.925
540;535;3.036
540;536;3.692
540;546;2.843
541;539;2.925
541;546;3.185
542;545;2.78
543;546;3.188
543;547;2.953
544;547;3.266
544;548;2.967
544;1062;4.026
545;542;2.78
545;548;3.078
545;549;3.077
546;540;2.843
546;541;3.185
546;543;3.188
546;549;3.025
547;543;2.953
547;544;3.266
547;550;2.973
547;982;3.09
548;531;3.586
548;544;2.967
548;545;3.078
548;551;2.998
549;535;3.919
549;536;3.918
549;545;3.077
549;546;3.025
549;552;3.09
550;475;3.992
550;547;2.973
550;553;3.168
550;978;3.731
550;979;3.931
551;548;2.998
551;554;2.906
551;975;3.9
551;979;4.156
552;471;3.01
552;475;3.769
552;493;3.246
552;497;3.984
552;532;3.018
552;549;3.09
552;555;2.901
553;468;3.859
553;472;3.633
553;475;3.553
553;550;3.168
553;556;2.909
553;971;3.805
553;975;3.533
554;524;4.014
554;551;2.906
554;557;2.78
554;972;3.39
554;975;3.49
555;464;3.859
555;468;3.842
555;500;3.485
555;503;2.728
555;525;2.641
555;529;3.725
555;552;2.901
555;558;2.945
556;468;3.798
556;469;3.793
556;553;2.909
556;559;2.963
556;560;2.959
556;562;3.962
556;971;3.635
557;554;2.78
557;562;4.009
558;461;2.68
558;503;2.729
558;525;3.829
558;555;2.945
559;465;2.744
559;556;2.963
560;465;3.546
560;556;2.959
560;562;3.848
560;563;2.995
561;564;3.108
561;565;2.936
561;964;3.233
562;556;3.962
562;557;4.009
562;560;3.848
562;565;3.141
562;566;3.016
562;968;3.495
563;521;2.945
563;560;2.995
563;566;3.865
563;567;3.058
564;561;3.108
564;567;3.397
564;568;2.978
565;561;2.936
565;562;3.141
565;568;3.265
565;569;2.964
565;968;3.63
566;521;3.831
566;562;3.016
566;563;3.865
566;570;3.058
567;563;3.058
567;564;3.397
567;570;3.35
567;571;2.803
568;564;2.978
568;565;3.265
568;571;3.388
568;572;2.952
569;565;2.964
569;572;3.232
569;573;3.079
569;1076;3.586
570;566;3.058
570;567;3.35
570;573;2.998
571;567;2.803
571;568;3.388
571;574;2.974
572;568;2.952
572;569;3.232
572;575;3.059
572;576;3.097
572;676;3.71
572;1076;3.508
572;1080;3.502
573;569;3.079
573;570;2.998
573;577;2.981
573;1076;3.757
574;571;2.974
574;577;2.986
575;572;3.059
575;676;3.966
576;572;3.097
576;579;3.267
576;580;2.877
576;672;3.559
576;1076;3.817
577;573;2.981
577;574;2.986
577;581;3.045
578;106;3.297
578;110;3.305
578;581;3.199
578;582;3.258
579;110;3.997
579;576;3.267
579;582;3.088
579;583;3.03
579;671;3.453
579;672;3.826
580;576;2.877
580;584;2.929
581;577;3.045
581;578;3.199
581;584;3.316
581;585;3.077
582;107;3.704
582;578;3.258
582;579;3.088
582;585;3.459
582;586;3.043
583;579;3.03
583;586;3.451
583;587;2.968
583;634;3.961
584;580;2.929
584;581;3.316
584;588;2.994
585;100;3.526
585;581;3.077
585;582;3.459
585;588;3.301
585;589;3.026
586;582;3.043
586;583;3.451
586;589;3.259
586;590;2.95
586;664;3.726
587;583;2.968
587;591;2.93
587;627;3.528
587;630;3.819
588;19;3.66
588;23;3.741
588;584;2.994
588;585;3.301
588;591;3.281
588;592;3.017
588;623;3.502
589;94;3.989
589;97;3.958
589;98;3.968
589;585;3.026
589;586;3.259
589;592;3.213
589;593;2.998
590;586;2.95
590;594;2.948
590;630;3.793
590;660;3.999
590;661;3.466
590;664;3.945
591;587;2.93
591;588;3.281
591;594;3.216
591;595;3.0
591;623;3.843
591;626;3.923
592;94;3.637
592;588;3.017
592;589;3.213
592;596;3.297
593;94;3.737
593;589;2.998
593;596;3.307
593;597;3.006
594;590;2.948
594;591;3.216
594;598;3.005
594;599;2.814
594;620;3.712
595;25;3.311
595;591;3.0
595;599;3.049
595;600;3.12
595;622;3.766
596;91;3.599
596;592;3.297
596;593;3.307
597;87;4.004
597;91;3.649
597;593;3.006
597;600;2.819
598;594;3.005
598;601;3.006
598;602;3.531
598;616;3.478
598;653;4.006
598;654;3.369
598;657;4.003
599;594;2.814
599;595;3.049
599;616;3.784
600;595;3.12
600;597;2.819
601;598;3.006
601;613;4.107
601;616;3.022
602;598;3.531
602;614;3.067
602;616;2.981
602;642;3.816
602;643;3.345
602;650;2.768
602;654;3.512
603;612;2.651
603;613;3.277
603;643;3.673
603;644;2.933
604;607;3.019
604;608;2.885
604;609;2.825
604;610;2.761
605;644;2.784
605;646;3.596
606;609;3.846
607;604;3.019
607;612;3.912
608;604;2.885
609;604;2.825
609;606;3.846
610;604;2.761
611;617;3.493
612;603;2.651
612;607;3.912
613;601;4.107
613;603;3.277
613;617;3.448
614;602;3.067
614;617;3.099
614;618;3.054
614;641;2.872
614;642;3.566
615;618;3.272
615;619;2.861
615;629;4.038
615;640;3.869
616;598;3.478
616;599;3.784
616;601;3.022
616;602;2.981
616;620;3.699
616;642;3.599
617;611;3.493
617;613;3.448
617;614;3.099
617;621;3.748
618;614;3.054
618;615;3.272
618;1050;3.808
618;1056;3.446
619;615;2.861
619;625;3.203
619;629;3.756
619;1041;3.341
619;1045;4.005
620;594;3.712
620;616;3.699
620;625;3.769
620;629;3.667
621;617;3.748
621;1054;2.745
622;25;3.74
622;595;3.766
622;625;2.834
622;626;2.954
622;1057;2.894
623;25;3.292
623;588;3.502
623;591;3.843
623;626;3.482
623;627;2.952
624;627;3.095
624;628;2.964
624;1057;3.925
624;1060;3.953
624;1061;3.555
624;1064;3.817
625;619;3.203
625;620;3.769
625;622;2.834
625;628;3.398
625;629;2.985
625;1045;2.895
626;591;3.923
626;622;2.954
626;623;3.482
626;630;2.973
627;587;3.528
627;623;2.952
627;624;3.095
627;631;2.985
628;624;2.964
628;625;3.398
628;631;3.201
628;632;3.01
628;1045;3.993
628;1064;3.66
629;615;4.038
629;619;3.756
629;620;3.667
629;625;2.985
629;632;3.164
629;633;3.004
629;639;3.859
630;587;3.819
630;590;3.793
630;626;2.973
630;633;3.29
630;634;3.004
630;661;4.022
631;627;2.985
631;628;3.201
631;634;3.045
631;635;3.194
631;1037;4.025
631;1040;3.616
631;1064;3.692
631;1071;3.903
632;628;3.01
632;629;3.164
632;638;2.972
632;1041;3.5
633;629;3.004
633;630;3.29
633;636;2.963
633;658;3.43
633;661;3.553
633;662;3.92
634;583;3.961
634;630;3.004
634;631;3.045
634;665;3.724
635;631;3.194
635;1037;3.469
636;633;2.963
636;658;2.802
636;662;4.023
637;220;3.798
638;215;3.492
638;220;3.378
638;221;5.812
638;632;2.972
638;658;3.814
638;1042;3.853
639;629;3.859
639;642;3.49
639;658;3.291
640;615;3.869
640;1042;3.506
641;614;2.872
641;995;3.977
642;602;3.816
642;614;3.566
642;616;3.599
642;639;3.49
642;651;3.25
642;654;3.46
643;602;3.345
643;603;3.673
643;647;3.322
643;651;3.081
644;603;2.933
644;605;2.784
644;651;3.554
645;997;3.392
646;605;3.596
647;643;3.322
647;650;2.783
647;651;3.011
648;651;4.03
648;652;2.964
649;652;3.401
649;653;2.99
650;602;2.768
650;647;2.783
650;653;3.137
650;654;3.063
651;642;3.25
651;643;3.081
651;644;3.554
651;647;3.011
651;648;4.03
651;654;3.048
651;655;2.905
652;648;2.964
652;649;3.401
652;655;3.149
652;656;3.021
653;598;4.006
653;649;2.99
653;650;3.137
654;598;3.369
654;602;3.512
654;642;3.46
654;650;3.063
654;651;3.048
654;657;2.998
654;658;2.948
655;211;3.881
655;651;2.905
655;652;3.149
655;658;3.327
655;659;2.986
656;652;3.021
656;659;3.393
656;660;3.013
657;598;4.003
657;654;2.998
657;660;3.367
657;661;2.969
658;633;3.43
658;636;2.802
658;638;3.814
658;639;3.291
658;654;2.948
658;655;3.327
658;661;3.355
658;662;2.981
659;214;3.446
659;655;2.986
659;656;3.393
659;662;3.462
659;663;3.006
660;590;3.999
660;656;3.013
660;657;3.367
660;663;3.457
660;664;2.995
661;590;3.466
661;630;4.022
661;633;3.553
661;657;2.969
661;658;3.355
661;665;2.963
662;214;4.157
662;218;3.647
662;633;3.92
662;636;4.023
662;658;2.981
662;659;3.462
662;666;2.935
663;214;3.912
663;659;3.006
663;660;3.457
663;666;3.372
663;667;3.022
664;586;3.726
664;590;3.945
664;660;2.995
664;667;3.473
664;668;2.991
665;634;3.724
665;661;2.963
665;668;3.261
665;669;2.94
666;662;2.935
666;663;3.372
666;669;3.254
666;670;2.978
667;114;3.803
667;663;3.022
667;664;3.473
667;671;3.03
668;664;2.991
668;665;3.261
668;671;3.324
668;672;2.924
669;665;2.94
669;666;3.254
669;672;3.148
669;673;3.073
670;254;3.786
670;255;3.771
670;666;2.978
670;673;3.461
670;674;3.003
671;579;3.453
671;667;3.03
671;668;3.324
671;675;2.919
672;576;3.559
672;579;3.826
672;668;2.924
672;669;3.148
672;675;3.355
672;676;3.099
672;1079;3.393
673;255;3.661
673;259;3.733
673;669;3.073
673;670;3.461
673;676;3.438
673;677;2.939
673;1079;3.578
673;1082;3.68
673;1371;6.367
674;258;3.792
674;259;3.921
674;262;3.707
674;670;3.003
674;678;2.947
675;671;2.919
675;672;3.355
675;679;3.052
676;572;3.71
676;575;3.966
676;672;3.099
676;673;3.438
676;679;3.247
676;680;3.039
676;1079;3.602
676;1080;3.682
676;1083;3.572
677;259;3.47
677;673;2.939
677;680;3.344
677;681;2.956
677;1083;4.013
677;1086;3.404
678;262;3.919
678;266;3.992
678;674;2.947
678;682;3.043
679;675;3.052
679;676;3.247
679;682;2.96
679;683;3.066
680;676;3.039
680;677;3.344
680;683;2.955
680;684;3.057
680;1083;3.475
680;1087;3.634
681;263;5.947
681;677;2.956
681;686;3.409
681;1086;3.982
681;1087;3.567
681;1090;3.402
682;266;3.696
682;678;3.043
682;679;2.96
683;679;3.066
683;680;2.955
684;680;3.057
684;1087;4.012
685;1095;2.868
686;681;3.409
687;1094;3.581
688;1097;3.418
689;1098;3.233
690;692;3.05
691;693;2.976
691;696;3.464
691;711;3.569
692;690;3.05
693;691;2.976
693;696;3.595
694;1103;3.91
695;1099;3.747
695;1101;3.752
695;1103;3.394
696;691;3.464
696;693;3.595
696;1099;3.328
697;700;2.932
698;701;3.01
699;702;2.802
700;697;2.932
700;705;3.164
701;698;3.01
702;699;2.802
703;708;3.33
703;713;3.44
704;713;3.885
704;716;3.107
705;700;3.164
705;708;2.839
705;709;3.055
706;709;2.959
706;716;3.987
707;710;2.728
708;703;3.33
708;705;2.839
708;711;2.879
708;712;2.938
708;713;3.305
709;705;3.055
709;706;2.959
709;714;3.924
709;715;3.823
710;707;2.728
711;691;3.569
711;708;2.879
712;708;2.938
713;703;3.44
713;704;3.885
713;708;3.305
714;709;3.924
715;709;3.823
715;718;3.621
716;704;3.107
716;706;3.987
717;720;3.066
718;715;3.621
719;727;3.88
720;717;3.066
720;727;3.948
721;726;2.653
721;727;3.604
721;728;2.996
722;725;3.797
723;726;2.718
723;729;2.735
724;726;2.808
725;722;3.797
726;721;2.653
726;723;2.718
726;724;2.808
726;729;3.671
727;719;3.88
727;720;3.948
727;721;3.604
728;721;2.996
729;723;2.735
729;726;3.671
730;747;2.674
731;737;2.887
731;738;3.675
732;735;2.78
733;736;3.727
733;737;3.882
734;736;3.038
734;737;3.955
735;732;2.78
736;733;3.727
736;734;3.038
737;731;2.887
737;733;3.882
737;734;3.955
738;731;3.675
739;749;2.799
740;747;2.824
740;749;2.781
741;749;2.914
742;749;3.947
742;750;3.307
743;744;2.665
744;743;2.665
744;750;3.043
745;748;2.966
745;752;3.92
745;754;2.85
745;755;2.803
745;756;2.735
746;753;2.906
746;754;2.673
747;730;2.674
747;740;2.824
748;745;2.966
748;751;3.693
749;739;2.799
749;740;2.781
749;741;2.914
749;742;3.947
750;742;3.307
750;744;3.043
751;748;3.693
751;752;3.406
752;745;3.92
752;751;3.406
753;746;2.906
754;745;2.85
754;746;2.673
755;745;2.803
755;756;2.846
756;745;2.735
756;755;2.846
756;757;2.955
757;756;2.955
758;759;3.007
759;758;3.007
759;763;3.789
760;764;2.894
761;763;2.924
762;764;2.996
763;759;3.789
763;761;2.924
764;760;2.894
764;762;2.996
765;791;3.046
766;790;3.723
767;791;3.813
768;773;2.804
768;774;2.93
769;772;3.084
770;782;2.903
771;774;3.071
771;776;3.57
772;769;3.084
772;779;2.778
773;768;2.804
774;768;2.93
774;771;3.071
774;778;3.963
775;777;2.888
776;771;3.57
777;775;2.888
778;774;3.963
779;772;2.778
780;783;3.03
781;784;2.946
781;786;2.639
782;770;2.903
783;780;3.03
784;781;2.946
784;787;2.97
785;788;2.981
786;781;2.639
787;784;2.97
788;785;2.981
788;789;4.009
789;788;4.009
790;766;3.723
791;765;3.046
791;767;3.813
792;794;3.957
793;794;2.969
794;792;3.957
794;793;2.969
795;813;3.018
795;819;2.8
796;799;3.647
797;799;3.717
798;799;4.073
799;796;3.647
799;797;3.717
799;798;4.073
800;803;3.389
801;804;3.203
802;805;3.723
803;800;3.389
804;801;3.203
805;802;3.723
806;809;2.705
807;810;3.901
808;815;3.428
809;806;2.705
810;807;3.901
810;812;2.981
810;815;3.718
810;816;3.973
811;814;2.969
811;815;3.72
812;810;2.981
812;816;3.783
813;795;3.018
813;816;3.024
813;819;2.834
814;811;2.969
815;808;3.428
815;810;3.718
815;811;3.72
816;810;3.973
816;812;3.783
816;813;3.024
816;818;3.27
816;819;3.642
817;820;3.039
818;816;3.27
819;795;2.8
819;813;2.834
819;816;3.642
820;817;3.039
821;822;3.608
822;821;3.608
823;825;3.034
824;827;3.21
825;823;3.034
825;828;3.094
825;829;3.78
826;829;3.911
826;884;4.045
827;824;3.21
828;825;3.094
828;831;2.696
829;825;3.78
829;826;3.911
829;832;3.042
829;835;3.941
829;884;3.775
830;835;3.877
830;881;3.973
830;884;3.551
830;885;3.704
831;828;2.696
832;829;3.042
832;835;2.975
832;836;3.003
833;836;3.484
833;837;3.017
834;838;2.964
835;829;3.941
835;830;3.877
835;832;2.975
835;838;3.278
835;839;2.975
835;884;3.98
836;832;3.003
836;833;3.484
836;839;3.356
836;840;3.158
836;944;3.077
837;833;3.017
837;840;3.441
837;841;3.029
838;834;2.964
838;835;3.278
838;841;3.278
838;842;2.932
839;835;2.975
839;836;3.356
839;842;3.346
839;843;2.978
839;878;3.725
839;881;3.682
840;836;3.158
840;837;3.441
840;843;3.372
840;844;2.968
840;944;3.482
841;837;3.029
841;838;3.278
841;844;3.258
841;845;2.978
842;838;2.932
842;839;3.346
842;846;2.967
842;878;3.929
843;839;2.978
843;840;3.372
843;847;2.914
843;874;3.971
843;878;3.455
843;937;3.726
843;941;3.774
844;840;2.968
844;841;3.258
844;847;3.115
844;848;3.007
845;841;2.978
845;848;3.189
845;849;3.009
846;842;2.967
846;850;2.961
846;937;3.678
847;843;2.914
847;844;3.115
847;850;3.424
847;851;3.017
848;844;3.007
848;845;3.189
848;851;3.435
848;852;2.987
849;845;3.009
849;852;3.154
849;853;3.385
850;846;2.961
850;847;3.424
850;853;3.086
850;935;3.943
851;847;3.017
851;848;3.435
851;855;3.191
851;1278;3.977
852;848;2.987
852;849;3.154
852;855;3.091
852;856;3.038
852;859;3.509
852;863;3.87
852;867;3.969
853;849;3.385
853;850;3.086
853;860;2.783
853;928;2.685
854;857;3.077
854;860;2.706
854;1281;3.402
854;1336;3.105
855;851;3.191
855;852;3.091
855;1302;3.805
856;852;3.038
856;859;2.959
856;860;3.028
857;854;3.077
857;860;3.285
857;861;3.023
858;861;2.643
859;852;3.509
859;856;2.959
859;862;3.439
859;863;2.98
860;853;2.783
860;854;2.706
860;856;3.028
860;857;3.285
860;864;3.026
860;1335;3.972
860;1336;3.364
861;857;3.023
861;858;2.643
861;1337;3.415
862;859;3.439
863;852;3.87
863;859;2.98
863;866;3.137
863;867;3.005
864;860;3.026
864;867;3.494
864;868;2.826
865;869;3.015
866;863;3.137
866;869;3.369
866;870;2.997
867;852;3.969
867;863;3.005
867;864;3.494
867;870;2.982
867;871;3.258
868;864;2.826
868;871;2.99
868;872;3.041
868;928;2.794
868;931;3.807
869;865;3.015
869;866;3.369
869;872;2.907
869;873;2.947
870;866;2.997
870;867;2.982
870;874;2.939
871;867;3.258
871;868;2.99
871;875;2.976
871;931;3.945
871;934;3.756
872;868;3.041
872;869;2.907
872;875;3.38
872;876;3.041
873;869;2.947
873;876;3.452
873;877;2.995
874;843;3.971
874;870;2.939
874;877;3.225
874;878;2.935
874;937;3.551
875;871;2.976
875;872;3.38
875;879;2.972
875;934;3.876
876;872;3.041
876;873;3.452
876;880;3.032
877;873;2.995
877;874;3.225
877;880;4.033
877;881;2.953
878;839;3.725
878;842;3.929
878;843;3.455
878;874;2.935
878;882;3.003
878;940;3.673
879;875;2.972
879;882;3.283
879;883;2.962
879;907;3.923
879;911;3.7
880;876;3.032
880;877;4.033
880;883;3.41
880;884;2.959
881;830;3.973
881;839;3.682
881;877;2.953
881;884;3.387
881;885;2.68
881;940;3.605
882;878;3.003
882;879;3.283
882;886;2.961
882;904;3.815
883;879;2.962
883;880;3.41
883;886;3.423
883;887;3.002
884;826;4.045
884;829;3.775
884;830;3.551
884;835;3.98
884;880;2.959
884;881;3.387
884;887;4.008
884;888;3.017
885;830;3.704
885;881;2.68
885;888;3.366
885;889;3.09
885;894;3.788
885;900;3.951
885;903;2.686
886;882;2.961
886;883;3.423
886;889;3.017
886;890;2.947
886;891;3.74
886;894;6.279
886;895;3.671
887;883;3.002
887;884;4.008
888;884;3.017
888;885;3.366
889;885;3.09
889;886;3.017
889;893;2.827
889;894;3.968
889;897;3.78
889;900;3.611
890;886;2.947
890;894;2.985
891;886;3.74
891;894;3.456
891;895;3.018
892;895;2.848
892;896;3.483
893;889;2.827
893;897;3.344
894;885;3.788
894;886;6.279
894;889;3.968
894;890;2.985
894;891;3.456
894;897;3.055
894;900;3.731
894;904;3.797
895;886;3.671
895;891;3.018
895;892;2.848
895;901;3.631
895;904;3.621
896;892;3.483
897;889;3.78
897;893;3.344
897;894;3.055
897;900;3.147
897;901;2.943
898;901;3.4
898;902;2.962
899;902;3.435
899;903;3.011
899;943;3.175
899;952;3.783
900;885;3.951
900;889;3.611
900;894;3.731
900;897;3.147
900;903;3.148
900;904;2.992
901;895;3.631
901;897;2.943
901;898;3.4
901;904;6.283
901;905;2.994
902;898;2.962
902;899;3.435
902;905;3.033
903;885;2.686
903;899;3.011
903;900;3.148
903;940;2.958
903;943;2.811
904;882;3.815
904;894;3.797
904;895;3.621
904;900;2.992
904;901;6.283
904;907;3.022
904;908;2.983
905;901;2.994
905;902;3.033
905;909;3.029
906;936;4.012
906;940;3.778
907;879;3.923
907;904;3.022
907;910;3.3
907;911;3.097
908;904;2.983
908;911;2.822
908;912;2.9
909;905;3.029
909;913;2.966
909;933;3.806
910;907;3.3
910;913;3.848
910;914;3.074
910;934;2.833
911;879;3.7
911;907;3.097
911;908;2.822
911;914;3.286
911;915;2.988
912;908;2.9
912;915;3.196
912;916;2.983
913;909;2.966
913;910;3.848
913;916;3.41
913;917;2.983
914;910;3.074
914;911;3.286
914;917;3.276
914;918;3.001
914;927;3.79
915;911;2.988
915;912;3.196
915;918;3.43
915;919;2.98
916;912;2.983
916;913;3.41
916;919;3.196
916;920;3.016
917;913;2.983
917;914;3.276
917;920;3.087
917;922;3.054
917;926;3.417
917;927;3.454
917;930;3.44
918;914;3.001
918;915;3.43
918;921;2.991
919;915;2.98
919;916;3.196
920;916;3.016
920;917;3.087
921;918;2.991
922;917;3.054
923;926;3.858
923;927;3.134
924;927;4.01
924;928;2.994
925;928;2.725
925;929;3.198
926;917;3.417
926;923;3.858
926;930;3.001
927;914;3.79
927;917;3.454
927;923;3.134
927;924;4.01
927;931;2.972
928;853;2.685
928;868;2.794
928;924;2.994
928;925;2.725
928;1334;3.836
929;925;3.198
929;932;3.046
929;1283;3.895
929;1331;2.878
929;1332;3.531
929;1333;3.125
930;917;3.44
930;926;3.001
931;868;3.807
931;871;3.945
931;927;2.972
931;934;2.744
932;929;3.046
932;935;2.766
932;936;3.428
932;1279;3.626
933;909;3.806
933;936;2.789
934;871;3.756
934;875;3.876
934;910;2.833
934;931;2.744
934;937;2.806
935;850;3.943
935;932;2.766
936;906;4.012
936;932;3.428
936;933;2.789
936;939;2.984
936;940;2.995
936;1275;3.929
937;843;3.726
937;846;3.678
937;874;3.551
937;934;2.806
937;940;2.927
937;941;3.237
938;941;2.991
938;1275;3.611
939;936;2.984
939;942;2.789
939;1275;3.878
940;878;3.673
940;881;3.605
940;903;2.958
940;906;3.778
940;936;2.995
940;937;2.927
940;943;2.914
941;843;3.774
941;937;3.237
941;938;2.991
941;944;2.987
941;945;2.966
942;939;2.789
942;945;3.026
942;948;3.547
942;952;3.683
943;899;3.175
943;903;2.811
943;940;2.914
943;949;2.904
944;836;3.077
944;840;3.482
944;941;2.987
944;949;3.967
945;941;2.966
945;942;3.026
945;948;3.429
945;949;2.973
946;949;3.734
947;950;3.105
947;951;2.931
948;942;3.547
948;945;3.429
948;951;3.335
948;952;2.981
948;1267;3.858
948;1268;4.043
949;943;2.904
949;944;3.967
949;945;2.973
949;946;3.734
949;953;2.986
950;947;3.105
950;953;3.309
950;954;2.976
951;947;2.931
951;948;3.335
951;954;3.074
951;955;2.961
951;1264;3.733
951;1268;3.819
952;899;3.783
952;942;3.683
952;948;2.981
952;955;3.375
952;956;3.004
953;949;2.986
953;950;3.309
953;957;2.983
954;950;2.976
954;951;3.074
954;957;3.085
954;958;3.045
955;951;2.961
955;952;3.375
955;958;3.044
