source;destination;distance
0;3;2.764
1;47;3.59
2;7;3.634
2;48;3.672
3;0;2.764
4;7;3.253
4;8;2.971
5;9;2.968
6;10;2.969
7;2;3.634
7;4;3.253
7;10;3.13
7;11;2.968
7;43;3.975
7;47;3.749
8;4;2.971
8;11;3.475
8;12;2.97
9;5;2.968
9;13;2.928
10;6;2.969
10;7;3.13
10;14;2.943
11;7;2.968
11;8;3.475
11;14;3.422
11;15;3.026
11;44;3.624
12;8;2.97
12;16;2.987
12;104;3.956
13;9;2.928
13;16;3.332
13;17;2.93
14;10;2.943
14;11;3.422
14;18;3.013
14;37;3.789
15;11;3.026
15;19;2.982
15;37;3.745
15;99;3.948
15;100;3.598
16;12;2.987
16;13;3.332
16;19;3.162
16;20;3.081
17;13;2.93
17;20;3.305
17;21;2.98
18;14;3.013
18;21;3.571
18;22;2.961
18;37;2.994
18;96;3.186
19;15;2.982
19;16;3.162
19;22;3.152
19;97;3.505
19;592;3.499
20;16;3.081
20;17;3.305
21;17;2.98
21;18;3.571
21;24;2.985
21;30;3.629
21;33;3.402
22;18;2.961
22;19;3.152
22;93;4.104
22;96;3.883
22;97;3.97
23;592;3.771
24;21;2.985
24;27;4.044
25;599;3.226
25;626;3.689
25;627;3.289
26;30;3.835
27;24;4.044
27;30;2.843
28;31;2.72
28;32;3.022
29;32;3.319
29;33;2.987
30;21;3.629
30;26;3.835
30;27;2.843
30;33;3.415
30;34;2.996
31;28;2.72
31;34;3.441
31;35;3.001
32;28;3.022
32;29;3.319
32;36;2.984
33;21;3.402
33;29;2.987
33;30;3.415
33;36;3.269
33;37;2.952
34;30;2.996
34;31;3.441
34;37;3.355
34;38;2.934
34;93;2.824
34;96;3.696
35;31;3.001
35;38;3.378
35;39;2.973
35;81;3.727
36;32;2.984
36;33;3.269
36;39;3.371
36;40;3.001
37;14;3.789
37;15;3.745
37;18;2.994
37;33;2.952
37;34;3.355
37;40;3.015
37;41;2.852
37;96;3.933
38;34;2.934
38;35;3.378
38;42;2.984
38;80;2.612
39;35;2.973
39;36;3.371
39;42;3.193
39;43;2.991
40;36;3.001
40;37;3.015
40;43;3.424
40;44;2.905
41;37;2.852
41;45;2.958
41;73;3.486
41;99;3.506
42;38;2.984
42;39;3.193
42;45;3.3
42;46;2.975
43;7;3.975
43;39;2.991
43;40;3.424
43;46;3.411
43;47;3.057
44;11;3.624
44;40;2.905
44;47;3.242
44;48;2.781
44;99;2.644
45;41;2.958
45;42;3.3
45;49;2.987
45;56;3.97
45;73;3.937
46;42;2.975
46;43;3.411
46;50;3.078
46;51;3.949
47;1;3.59
47;7;3.749
47;43;3.057
47;44;3.242
48;2;3.672
48;44;2.781
48;66;3.171
48;69;2.656
49;45;2.987
49;56;4.002
49;59;3.844
49;66;3.692
50;46;3.078
50;55;3.655
51;46;3.949
52;55;3.133
52;58;3.437
53;56;2.982
54;57;2.993
55;50;3.655
55;52;3.133
55;58;3.003
56;45;3.97
56;49;4.002
56;53;2.982
56;59;3.044
56;70;3.948
57;54;2.993
57;60;3.019
58;52;3.437
58;55;3.003
58;61;3.031
59;49;3.844
59;56;3.044
59;62;2.976
59;63;3.821
59;66;3.486
59;67;3.994
59;70;3.78
60;57;3.019
61;58;3.031
62;59;2.976
63;59;3.821
63;66;3.451
63;67;2.929
64;67;3.453
64;68;3.038
65;68;3.015
65;69;3.054
65;102;3.426
65;108;3.209
65;111;3.861
66;48;3.171
66;49;3.692
66;59;3.486
66;63;3.451
66;69;3.702
66;70;2.973
67;59;3.994
67;63;2.929
67;64;3.453
67;70;3.431
67;71;2.951
68;64;3.038
68;65;3.015
68;72;2.997
68;101;3.918
69;48;2.656
69;65;3.054
69;66;3.702
69;72;3.347
69;73;2.923
69;99;3.273
69;102;2.607
70;56;3.948
70;59;3.78
70;66;2.973
70;67;3.431
70;73;3.175
70;74;2.99
71;67;2.951
71;74;3.439
71;75;2.984
72;68;2.997
72;69;3.347
72;76;2.922
72;95;3.624
73;41;3.486
73;45;3.937
73;69;2.923
73;70;3.175
73;76;3.413
73;77;2.889
74;70;2.99
74;71;3.439
74;77;3.431
74;78;3.01
75;71;2.984
75;78;3.483
75;79;2.991
75;89;3.565
75;92;3.279
76;72;2.922
76;73;3.413
76;79;3.01
76;80;2.864
77;73;2.889
77;74;3.431
77;81;2.966
78;74;3.01
78;75;3.483
78;82;3.001
79;75;2.991
79;76;3.01
79;83;3.928
79;89;2.665
80;38;2.612
80;76;2.864
80;96;3.923
81;35;3.727
81;77;2.966
82;78;3.001
82;84;2.984
83;79;3.928
83;90;2.935
83;93;3.615
84;82;2.984
85;89;3.645
86;89;3.141
87;90;2.871
87;91;3.17
87;601;3.931
88;91;3.22
89;75;3.565
89;79;2.665
89;85;3.645
89;86;3.141
89;92;3.008
90;83;2.935
90;87;2.871
91;87;3.17
91;88;3.22
91;94;3.016
91;600;3.273
91;601;3.698
92;75;3.279
92;89;3.008
92;95;2.982
93;22;4.104
93;34;2.824
93;83;3.615
93;96;2.946
94;91;3.016
94;97;2.891
94;593;3.937
94;596;3.65
94;597;3.716
95;72;3.624
95;92;2.982
95;98;3.165
95;99;3.021
96;18;3.186
96;22;3.883
96;34;3.696
96;37;3.933
96;80;3.923
96;93;2.946
96;99;3.074
97;19;3.505
97;22;3.97
97;94;2.891
97;100;3.014
98;95;3.165
98;101;2.736
98;593;3.98
99;15;3.948
99;41;3.506
99;44;2.644
99;69;3.273
99;95;3.021
99;96;3.074
99;102;2.778
99;103;3.391
100;15;3.598
100;97;3.014
100;103;2.995
100;104;2.955
100;107;3.66
100;589;3.541
101;68;3.918
101;98;2.736
101;111;3.805
102;65;3.426
102;69;2.607
102;99;2.778
102;108;2.782
103;99;3.391
103;100;2.995
104;12;3.956
104;100;2.955
104;107;3.093
104;108;2.985
105;108;3.371
105;109;2.946
106;110;3.125
106;582;3.435
107;100;3.66
107;104;3.093
107;110;3.424
107;111;3.014
107;586;3.672
108;65;3.209
108;102;2.782
108;104;2.985
108;105;3.371
108;111;3.426
108;112;2.971
109;105;2.946
109;112;3.282
109;113;3.036
110;106;3.125
110;107;3.424
110;113;3.094
110;114;2.992
110;582;3.331
111;65;3.861
111;101;3.805
111;107;3.014
111;108;3.426
111;114;3.315
111;115;3.03
112;108;2.971
112;109;3.282
112;115;3.442
112;116;2.999
113;109;3.036
113;110;3.094
113;116;3.227
113;117;3.038
114;110;2.992
114;111;3.315
114;117;3.079
114;118;3.288
114;671;3.814
115;111;3.03
115;112;3.442
115;118;2.979
116;112;2.999
116;113;3.227
116;119;2.8
116;259;3.826
117;113;3.038
117;114;3.079
117;120;3.131
117;121;3.004
118;114;3.288
118;115;2.979
118;122;3.003
119;116;2.8
119;263;2.708
120;117;3.131
120;259;3.524
120;262;2.629
120;263;2.83
121;117;3.004
121;124;3.312
121;125;2.931
121;256;4.005
122;118;3.003
122;126;2.987
123;126;3.187
123;127;3.094
123;1237;3.461
123;1238;2.936
124;121;3.312
124;127;3.441
124;128;3.167
124;248;3.612
124;1241;3.997
125;121;2.931
125;128;3.382
125;129;2.926
126;122;2.987
126;123;3.187
126;129;3.334
126;130;2.984
127;123;3.094
127;124;3.441
127;131;2.961
127;1232;4.016
127;1238;3.981
127;1241;3.81
128;124;3.167
128;125;3.382
128;131;3.321
128;132;2.887
128;248;3.445
129;125;2.926
129;126;3.334
129;132;3.487
129;133;3.02
130;126;2.984
130;133;3.431
130;134;2.93
130;1139;4.143
130;1228;3.689
130;1231;3.42
130;1232;3.825
131;127;2.961
131;128;3.321
131;134;3.476
131;135;2.867
132;128;2.887
132;129;3.487
132;136;2.971
132;208;3.753
132;211;4.023
133;129;3.02
133;130;3.431
133;136;3.187
133;137;3.005
134;130;2.93
134;131;3.476
134;137;3.27
134;138;2.969
134;1139;3.738
134;1228;3.76
135;131;2.867
135;139;2.945
135;211;3.58
135;237;3.711
135;241;3.827
135;244;3.675
136;132;2.971
136;133;3.187
136;140;2.926
136;204;3.793
136;208;3.929
137;133;3.005
137;134;3.27
137;140;3.238
137;141;3.136
137;204;3.834
137;1225;3.87
138;134;2.969
138;141;3.128
138;142;3.466
138;237;3.599
138;1222;3.664
138;1225;3.932
139;135;2.945
139;142;3.472
139;143;2.952
139;201;3.667
140;136;2.926
140;137;3.238
140;144;3.708
140;203;3.52
140;204;3.949
141;137;3.136
141;138;3.128
141;1222;3.655
141;1225;3.382
142;138;3.466
142;139;3.472
142;1218;3.656
142;1222;3.468
143;139;2.952
143;224;2.98
143;234;3.476
143;237;3.65
143;238;3.703
144;140;3.708
144;202;3.77
145;150;2.771
145;197;3.495
146;191;3.019
146;195;3.693
146;196;3.989
146;197;3.773
147;150;2.949
147;151;3.838
147;192;3.827
147;195;2.825
148;195;2.882
148;198;3.75
148;202;2.667
149;154;3.036
149;155;3.503
150;145;2.771
150;147;2.949
150;154;3.135
150;192;2.845
151;147;3.838
151;154;3.663
151;188;3.605
152;187;3.984
152;188;3.559
153;186;2.722
154;149;3.036
154;150;3.135
154;151;3.663
155;149;3.503
156;159;3.883
157;159;3.704
158;161;3.696
158;170;3.876
158;182;3.771
159;156;3.883
159;157;3.704
160;172;3.262
160;181;3.296
160;182;2.716
161;158;3.696
162;171;3.031
163;165;2.61
164;167;3.643
164;169;2.666
165;163;2.61
166;171;2.737
167;164;3.643
167;171;3.244
168;173;2.682
169;164;2.666
170;158;3.876
170;173;3.103
170;182;3.503
171;162;3.031
171;166;2.737
171;167;3.244
172;160;3.262
173;168;2.682
173;170;3.103
173;178;3.248
174;176;4.034
175;177;3.54
176;174;4.034
177;175;3.54
178;173;3.248
178;180;3.047
179;184;3.812
179;185;3.799
180;178;3.047
180;183;3.441
181;160;3.296
182;158;3.771
182;160;2.716
182;170;3.503
183;180;3.441
184;179;3.812
185;179;3.799
186;153;2.722
187;152;3.984
187;993;3.498
188;151;3.605
188;152;3.559
188;190;3.421
189;192;3.845
190;188;3.421
190;192;2.963
191;146;3.019
192;147;3.827
192;150;2.845
192;189;3.845
192;190;2.963
193;196;3.272
194;990;2.608
194;992;3.855
195;146;3.693
195;147;2.825
195;148;2.882
195;198;3.174
196;146;3.989
196;193;3.272
196;227;3.31
196;228;3.865
197;145;3.495
197;146;3.773
198;148;3.75
198;195;3.174
198;201;3.006
198;202;3.025
198;206;3.689
199;206;3.281
200;206;3.304
200;224;3.467
201;139;3.667
201;198;3.006
201;207;3.503
201;210;3.493
201;224;3.127
201;238;3.943
202;144;3.77
202;148;2.667
202;198;3.025
203;140;3.52
203;206;2.787
203;207;2.996
204;136;3.793
204;137;3.834
204;140;3.949
204;207;3.494
204;208;2.949
205;209;2.989
206;198;3.689
206;199;3.281
206;200;3.304
206;203;2.787
206;209;3.286
206;210;2.963
207;201;3.503
207;203;2.996
207;204;3.494
207;210;3.289
207;211;2.957
208;132;3.753
208;136;3.929
208;204;2.949
208;212;2.927
209;205;2.989
209;206;3.286
209;212;3.087
209;213;2.966
209;659;3.821
210;201;3.493
210;206;2.963
210;207;3.289
210;213;3.303
210;214;2.933
211;132;4.023
211;135;3.58
211;207;2.957
211;214;3.48
211;215;2.952
212;208;2.927
212;209;3.087
212;215;3.283
212;216;2.946
212;663;3.777
212;667;3.847
213;209;2.966
213;210;3.303
213;217;2.977
213;218;2.783
213;219;3.831
213;642;3.665
214;210;2.933
214;211;3.48
214;217;3.116
214;220;3.592
214;238;3.948
214;241;3.795
214;242;3.738
215;211;2.952
215;212;3.283
216;212;2.946
216;641;3.491
216;666;3.631
217;213;2.977
217;214;3.116
217;1303;3.118
217;1305;3.028
218;213;2.783
218;641;3.789
218;642;3.397
219;213;3.831
219;222;2.947
219;223;3.039
219;642;5.621
219;1310;3.986
220;214;3.592
220;224;3.075
220;225;3.164
220;239;3.903
220;242;3.368
220;1296;3.755
220;1299;3.607
220;1300;3.639
221;225;3.139
221;226;2.868
221;1296;3.748
221;1300;3.536
221;1335;3.409
221;1336;2.751
221;1337;3.329
222;219;2.947
222;226;3.75
222;1310;3.585
222;1337;3.365
223;219;3.039
223;226;3.179
224;143;2.98
224;200;3.467
224;201;3.127
224;220;3.075
224;234;3.059
224;238;6.166
225;220;3.164
225;221;3.139
225;228;2.936
225;235;3.42
225;1296;3.148
225;1335;3.488
226;221;2.868
226;222;3.75
226;223;3.179
226;1286;3.695
226;1334;3.799
226;1335;3.343
227;196;3.31
228;196;3.865
228;225;2.936
228;230;2.95
228;231;3.157
228;234;3.46
229;231;3.052
229;1286;3.94
229;1293;3.696
229;1331;2.842
229;1334;3.592
230;228;2.95
230;234;3.024
231;228;3.157
231;229;3.052
231;234;2.975
231;235;2.945
231;1332;3.783
231;1333;3.727
232;235;3.671
232;236;2.915
232;1330;2.837
232;1332;2.773
233;1215;3.691
233;1218;3.946
233;1219;3.301
233;1332;2.943
234;143;3.476
234;224;3.059
234;228;3.46
234;230;3.024
234;231;2.975
234;237;3.026
234;238;3.432
235;225;3.42
235;231;2.945
235;232;3.671
235;238;3.322
235;239;2.942
235;1296;3.521
235;1333;4.006
236;232;2.915
236;240;2.977
237;135;3.711
237;138;3.599
237;143;3.65
237;234;3.026
237;240;3.157
237;241;2.971
238;143;3.703
238;201;3.943
238;214;3.948
238;224;6.166
238;234;3.432
238;235;3.322
238;241;3.159
238;242;2.966
239;220;3.903
239;235;2.942
239;242;3.215
239;243;2.982
239;1299;3.99
240;236;2.977
240;237;3.157
240;244;2.931
241;135;3.827
241;214;3.795
241;237;2.971
241;238;3.159
241;245;2.898
242;214;3.738
242;220;3.368
242;238;2.966
242;239;3.215
242;245;3.485
242;246;2.937
242;1299;3.375
243;239;2.982
243;247;2.964
243;1299;3.346
244;135;3.675
244;240;2.931
244;248;2.906
245;241;2.898
245;242;3.485
245;249;2.927
246;242;2.937
246;249;3.453
246;250;2.981
247;243;2.964
247;250;3.408
247;251;2.927
247;1245;3.68
247;1252;3.635
248;124;3.612
248;128;3.445
248;244;2.906
248;251;3.145
248;252;2.868
249;245;2.927
249;246;3.453
249;252;3.338
249;253;2.965
250;246;2.981
250;247;3.408
250;253;3.965
250;254;2.984
250;1363;3.733
251;247;2.927
251;248;3.145
251;254;3.611
251;255;2.89
251;1241;3.146
251;1244;3.792
252;248;2.868
252;249;3.338
252;255;3.127
252;256;2.941
252;674;3.637
253;249;2.965
253;250;3.965
253;257;3.133
253;674;3.675
253;677;3.753
253;1360;3.438
254;250;2.984
254;251;3.611
254;257;3.48
254;258;2.92
254;1363;3.982
254;1364;3.926
254;1367;3.503
255;251;2.89
255;252;3.127
255;259;2.933
256;121;4.005
256;252;2.941
256;259;3.316
256;260;3.092
256;678;3.839
257;253;3.133
257;254;3.48
257;260;3.236
257;261;3.084
257;677;3.651
257;678;3.971
257;681;3.424
257;1364;3.481
258;254;2.92
258;262;2.908
258;1368;3.818
259;116;3.826
259;120;3.524
259;255;2.933
259;256;3.316
259;263;2.982
260;256;3.092
260;257;3.236
260;263;3.436
260;264;3.068
260;678;3.686
260;682;4.012
261;257;3.084
261;264;3.295
261;265;2.912
261;685;4.033
261;1368;3.59
262;120;2.629
262;258;2.908
262;265;3.334
262;266;3.478
263;119;2.708
263;120;2.83
263;259;2.982
263;260;3.436
263;272;2.82
264;260;3.068
264;261;3.295
264;272;2.748
264;273;3.073
265;261;2.912
265;262;3.334
265;271;3.436
265;277;3.289
266;262;3.478
266;270;2.764
266;271;2.773
267;269;3.61
267;694;3.616
268;274;3.597
268;275;3.972
268;694;3.161
268;708;3.851
269;267;3.61
269;271;3.43
270;266;2.764
271;265;3.436
271;266;2.773
271;269;3.43
271;274;3.024
272;263;2.82
272;264;2.748
273;264;3.073
273;274;3.316
273;277;3.688
274;268;3.597
274;271;3.024
274;273;3.316
274;277;2.983
275;268;3.972
276;279;3.04
276;283;3.911
277;265;3.289
277;273;3.688
277;274;2.983
278;280;2.898
278;282;3.8
278;283;3.804
278;692;3.753
278;708;3.774
279;276;3.04
280;278;2.898
280;283;2.861
280;297;3.779
280;692;3.676
281;284;3.052
281;293;2.794
281;294;2.75
281;295;2.737
281;296;3.804
282;278;3.8
282;285;2.961
282;286;2.615
282;291;3.765
282;708;3.635
283;276;3.911
283;278;3.804
283;280;2.861
284;281;3.052
285;282;2.961
285;292;2.828
285;293;2.749
286;282;2.615
287;289;2.929
288;706;2.651
289;287;2.929
290;715;3.66
291;282;3.765
292;285;2.828
293;281;2.794
293;285;2.749
294;281;2.75
295;281;2.737
295;309;2.677
296;281;3.804
296;298;3.791
297;280;3.779
298;296;3.791
299;688;2.803
299;689;3.33
300;1079;3.92
300;1082;3.507
300;1083;3.45
301;308;3.424
302;304;2.72
302;308;3.749
303;307;2.704
304;302;2.72
304;953;3.777
305;949;3.386
306;307;2.789
307;303;2.704
307;306;2.789
308;301;3.424
308;302;3.749
308;310;3.044
309;295;2.677
309;316;3.059
310;308;3.044
310;316;3.023
311;313;2.881
312;322;4.039
312;720;2.686
313;311;2.881
313;316;3.911
313;322;3.982
314;321;2.975
314;322;2.843
314;323;4.038
315;317;2.983
316;309;3.059
316;310;3.023
316;313;3.911
317;315;2.983
318;321;4.028
318;726;2.804
319;325;3.154
319;326;3.097
319;724;2.693
319;727;3.474
320;323;3.051
320;324;2.74
320;325;2.687
320;326;2.744
321;314;2.975
321;318;4.028
321;724;2.805
321;726;2.713
322;312;4.039
322;313;3.982
322;314;2.843
322;720;3.601
323;314;4.038
323;320;3.051
324;320;2.74
324;329;3.235
325;319;3.154
325;320;2.687
325;328;2.962
325;329;3.125
326;319;3.097
326;320;2.744
327;330;2.783
327;331;4.025
328;325;2.962
329;324;3.235
329;325;3.125
330;327;2.783
331;327;4.025
332;437;2.8
332;438;3.65
333;436;3.388
334;432;3.834
334;435;3.871
335;432;3.075
335;433;3.904
336;432;2.785
337;432;2.625
338;341;3.777
339;349;3.324
339;431;3.714
340;343;2.956
340;350;4.04
341;338;3.777
342;346;3.394
343;340;2.956
344;351;3.837
345;348;2.639
345;349;3.924
345;430;3.564
346;342;3.394
347;351;3.681
348;345;2.639
349;339;3.324
349;345;3.924
349;431;3.422
349;433;2.7
350;340;4.04
351;344;3.837
351;347;3.681
352;357;3.366
352;358;3.71
353;356;3.239
353;358;3.053
354;358;4.019
354;359;2.982
355;368;3.893
355;369;3.592
356;353;3.239
357;352;3.366
358;352;3.71
358;353;3.053
358;354;4.019
359;354;2.982
359;361;2.978
360;364;3.647
361;359;2.978
361;364;2.988
361;369;3.831
362;365;3.019
363;366;2.981
363;367;2.973
363;369;3.538
363;371;3.661
364;360;3.647
364;361;2.988
365;362;3.019
366;363;2.981
366;372;2.839
367;363;2.973
367;370;3.782
368;355;3.893
369;355;3.592
369;361;3.831
369;363;3.538
370;367;3.782
371;363;3.661
372;366;2.839
373;377;3.542
374;390;2.827
375;391;2.569
375;396;3.463
376;379;2.964
377;373;3.542
378;380;2.999
378;381;3.259
378;382;2.694
379;376;2.964
380;378;2.999
381;378;3.259
382;378;2.694
382;385;3.115
382;386;3.145
383;385;3.078
384;387;2.966
385;382;3.115
385;383;3.078
386;382;3.145
387;384;2.966
388;392;2.777
388;393;3.163
389;392;2.973
390;374;2.827
391;375;2.569
391;394;2.956
391;395;3.031
391;396;3.734
392;388;2.777
392;389;2.973
393;388;3.163
394;391;2.956
395;391;3.031
396;375;3.463
396;391;3.734
397;398;3.026
398;397;3.026
399;400;2.811
400;399;2.811
401;403;2.878
402;403;2.609
402;407;3.833
402;408;3.736
403;401;2.878
403;402;2.609
403;407;2.767
404;406;2.719
405;407;2.984
406;404;2.719
407;402;3.833
407;403;2.767
407;405;2.984
408;402;3.736
408;409;2.978
409;408;2.978
410;412;2.861
411;413;2.946
412;410;2.861
413;411;2.946
413;414;3.021
414;413;3.021
415;416;3.245
416;415;3.245
417;419;4.116
418;420;3.42
418;424;3.565
419;417;4.116
420;418;3.42
421;422;3.081
422;421;3.081
423;428;3.462
424;418;3.565
425;427;2.986
425;428;3.037
426;429;3.634
427;425;2.986
428;423;3.462
428;425;3.037
429;426;3.634
430;345;3.564
430;433;3.253
430;434;3.435
431;339;3.714
431;349;3.422
432;334;3.834
432;335;3.075
432;336;2.785
432;337;2.625
433;335;3.904
433;349;2.7
433;430;3.253
434;430;3.435
435;334;3.871
435;436;3.104
436;333;3.388
436;435;3.104
437;332;2.8
437;442;3.0
437;443;4.012
438;332;3.65
439;442;2.972
440;443;3.005
440;444;3.296
440;445;3.861
441;446;3.805
441;447;2.846
441;448;3.859
442;437;3.0
442;439;2.972
443;437;4.012
443;440;3.005
444;440;3.296
445;440;3.861
446;441;3.805
447;441;2.846
448;441;3.859
448;449;3.577
449;448;3.577
450;452;2.753
451;453;3.337
452;450;2.753
453;451;3.337
453;456;3.392
453;457;3.851
453;459;3.105
453;460;2.721
454;455;3.942
454;456;3.84
454;513;3.331
454;514;2.755
455;454;3.942
455;513;3.628
455;514;3.984
456;453;3.392
456;454;3.84
456;459;2.979
456;460;3.087
457;453;3.851
457;460;2.988
458;510;3.633
459;453;3.105
459;456;2.979
459;515;4.031
460;453;2.721
460;456;3.087
460;457;2.988
460;463;2.996
460;464;3.176
461;465;2.956
462;466;2.957
463;460;2.996
463;466;3.22
463;467;3.018
464;460;3.176
464;467;3.424
464;468;2.932
464;562;2.674
464;563;4.01
465;461;2.956
465;468;3.21
465;469;2.965
466;462;2.957
466;463;3.22
466;470;3.055
467;463;3.018
467;464;3.424
467;470;3.309
467;471;2.976
467;507;3.812
467;559;3.941
468;464;2.932
468;465;3.21
468;471;3.004
468;472;3.09
468;563;2.654
468;564;3.534
469;465;2.965
469;472;3.473
469;473;3.008
470;466;3.055
470;467;3.309
470;474;2.982
470;500;3.663
471;467;2.976
471;468;3.004
471;474;3.085
471;475;3.07
471;504;3.329
471;557;3.875
471;559;3.886
471;560;3.835
472;468;3.09
472;469;3.473
472;475;3.124
472;476;3.453
472;560;3.875
473;469;3.008
473;476;3.299
473;477;3.022
474;470;2.982
474;471;3.085
474;477;3.284
474;478;2.996
474;500;3.181
474;556;3.088
475;471;3.07
475;472;3.124
475;479;3.058
475;557;3.651
475;967;3.937
476;472;3.453
476;473;3.299
476;479;3.335
476;480;2.978
477;473;3.022
477;474;3.284
477;480;3.04
477;481;2.952
477;493;3.552
478;474;2.996
478;481;3.04
478;556;3.773
478;557;3.658
478;971;4.022
479;475;3.058
479;476;3.335
480;476;2.978
480;477;3.04
481;477;2.952
481;478;3.04
481;486;2.948
481;493;4.012
481;497;3.399
482;486;2.969
482;1014;3.209
483;1013;3.188
484;487;2.941
484;488;3.012
485;489;3.018
486;481;2.948
486;482;2.969
486;490;2.789
487;484;2.941
487;490;2.7
488;484;3.012
489;485;3.018
489;492;3.027
489;493;2.938
490;486;2.789
490;487;2.7
490;494;2.951
491;494;3.467
491;495;3.059
492;489;3.027
492;495;3.962
492;496;2.97
493;477;3.552
493;481;4.012
493;489;2.938
493;496;3.289
493;497;2.91
494;490;2.951
494;491;3.467
494;497;3.35
494;498;3.037
495;491;3.059
495;492;3.962
495;499;2.956
496;492;2.97
496;493;3.289
496;500;2.951
497;481;3.399
497;493;2.91
497;494;3.35
497;500;3.418
497;501;3.093
497;556;3.248
498;494;3.037
498;501;3.29
498;502;3.01
498;540;3.83
498;541;3.469
499;495;2.956
499;502;3.015
499;503;3.084
500;470;3.663
500;474;3.181
500;496;2.951
500;497;3.418
500;503;3.069
500;504;3.375
501;497;3.093
501;498;3.29
501;504;2.977
501;536;2.739
501;537;3.755
501;540;3.82
501;541;4.002
502;498;3.01
502;499;3.015
502;505;2.864
503;499;3.084
503;500;3.069
503;506;3.066
503;507;3.244
504;471;3.329
504;500;3.375
504;501;2.977
504;508;2.985
504;533;3.701
504;537;3.929
504;559;3.435
505;502;2.864
505;508;3.407
505;509;3.026
505;537;3.489
506;503;3.066
506;510;3.059
507;467;3.812
507;503;3.244
507;510;3.424
507;511;2.951
507;559;2.734
507;562;2.704
508;504;2.985
508;505;3.407
508;512;2.993
508;533;3.703
509;505;3.026
509;512;3.2
509;513;3.08
510;458;3.633
510;506;3.059
510;507;3.424
510;514;2.988
511;507;2.951
511;514;3.042
511;515;3.024
511;519;2.667
511;520;3.523
511;526;2.763
512;508;2.993
512;509;3.2
512;520;3.717
512;521;3.924
513;454;3.331
513;455;3.628
513;509;3.08
514;454;2.755
514;455;3.984
514;510;2.988
514;511;3.042
515;459;4.031
515;511;3.024
515;519;3.729
516;519;2.906
516;520;2.927
517;521;2.987
518;522;2.785
519;511;2.667
519;515;3.729
519;516;2.906
519;522;3.073
519;523;2.917
520;511;3.523
520;512;3.717
520;516;2.927
520;526;3.238
520;530;4.038
521;512;3.924
521;517;2.987
522;518;2.785
522;519;3.073
523;519;2.917
523;526;2.956
523;527;3.048
524;527;3.993
524;528;3.019
525;529;2.99
525;567;2.943
525;570;3.879
526;511;2.763
526;520;3.238
526;523;2.956
526;530;2.953
527;523;3.048
527;524;3.993
527;530;3.404
527;531;2.991
528;524;3.019
528;531;3.383
528;532;3.02
529;525;2.99
529;532;3.213
529;533;2.903
529;559;2.643
529;562;3.856
530;520;4.038
530;526;2.953
530;527;3.404
530;534;3.008
531;527;2.991
531;528;3.383
531;534;3.207
531;535;3.088
532;528;3.02
532;529;3.213
532;536;3.011
533;504;3.701
533;508;3.703
533;529;2.903
533;537;2.937
533;559;3.768
534;530;3.008
534;531;3.207
534;538;3.0
535;531;3.088
535;539;3.199
535;552;3.597
536;501;2.739
536;532;3.011
536;540;3.419
536;556;3.087
537;501;3.755
537;504;3.929
537;505;3.489
537;533;2.937
537;540;3.124
537;541;2.921
538;534;3.0
538;541;3.274
538;542;3.034
539;535;3.199
539;543;2.997
539;544;3.052
539;553;3.864
540;498;3.83
540;501;3.82
540;536;3.419
540;537;3.124
540;544;3.772
540;553;3.987
541;498;3.469
541;501;4.002
541;537;2.921
541;538;3.274
542;538;3.034
543;539;2.997
543;545;2.941
544;539;3.052
544;540;3.772
544;550;2.802
545;543;2.941
545;550;3.298
546;549;2.781
547;550;3.248
547;551;2.928
548;551;3.28
548;552;2.961
548;1053;3.869
549;546;2.781
549;552;3.076
549;553;3.081
550;544;2.802
550;545;3.298
550;547;3.248
550;553;2.947
551;547;2.928
551;548;3.28
551;554;2.994
551;975;3.11
552;535;3.597
552;548;2.961
552;549;3.076
552;555;2.983
553;539;3.864
553;540;3.987
553;549;3.081
553;550;2.947
553;556;3.062
554;551;2.994
554;557;3.185
554;971;3.741
554;972;3.909
555;552;2.983
555;558;2.896
555;968;3.871
556;474;3.088
556;478;3.773
556;497;3.248
556;536;3.087
556;553;3.062
556;559;2.975
557;471;3.875
557;475;3.651
557;478;3.658
557;554;3.185
557;560;2.934
557;964;3.822
557;968;3.529
558;555;2.896
558;561;2.786
558;965;3.381
558;968;3.485
559;467;3.941
559;471;3.886
559;504;3.435
559;507;2.734
559;529;2.643
559;533;3.768
559;556;2.975
559;562;2.97
560;471;3.835
560;472;3.875
560;557;2.934
560;563;2.979
560;564;2.938
560;566;3.896
560;964;3.639
561;558;2.786
561;566;4.036
562;464;2.674
562;507;2.704
562;529;3.856
562;559;2.97
563;464;4.01
563;468;2.654
563;560;2.979
564;468;3.534
564;560;2.938
564;566;3.921
564;567;3.018
565;568;3.062
565;569;2.919
565;957;3.119
566;560;3.896
566;561;4.036
566;564;3.921
566;569;3.244
566;570;3.007
566;961;3.509
567;525;2.943
567;564;3.018
567;570;3.828
567;571;3.046
568;565;3.062
568;572;2.986
569;565;2.919
569;566;3.244
569;572;3.25
569;573;2.956
569;958;4.031
569;961;3.682
570;525;3.879
570;566;3.007
570;567;3.828
570;574;3.059
571;567;3.046
571;574;3.412
571;575;2.752
572;568;2.986
572;569;3.25
572;575;3.362
572;576;2.929
572;1071;3.738
573;569;2.956
573;576;3.205
573;577;3.073
573;1067;3.571
574;570;3.059
574;571;3.412
574;577;3.0
575;571;2.752
575;572;3.362
575;578;2.993
576;572;2.929
576;573;3.205
576;579;3.114
576;580;3.091
576;680;3.606
576;1067;3.535
576;1071;3.728
577;573;3.073
577;574;3.0
577;581;2.971
577;1067;3.786
578;575;2.993
578;581;3.045
579;576;3.114
579;680;3.851
580;576;3.091
580;583;3.167
580;584;2.867
580;676;3.627
580;1067;3.824
581;577;2.971
581;578;3.045
581;585;3.055
582;106;3.435
582;110;3.331
582;585;3.23
582;586;3.296
583;580;3.167
583;586;3.047
583;587;3.024
583;675;3.496
583;676;3.721
584;580;2.867
584;588;2.929
585;581;3.055
585;582;3.23
585;588;3.289
585;589;3.055
586;107;3.672
586;582;3.296
586;583;3.047
586;589;3.449
586;590;3.03
587;583;3.024
587;590;3.479
587;591;2.962
587;638;3.989
588;584;2.929
588;585;3.289
588;592;2.973
589;100;3.541
589;585;3.055
589;586;3.449
589;592;3.291
589;593;3.0
590;586;3.03
590;587;3.479
590;593;3.308
590;594;2.945
590;668;3.709
591;587;2.962
591;594;3.475
591;595;2.924
591;631;3.475
591;634;3.806
592;19;3.499
592;23;3.771
592;588;2.973
592;589;3.291
592;595;3.288
592;596;3.002
592;627;3.476
593;94;3.937
593;98;3.98
593;589;3.0
593;590;3.308
593;596;3.263
593;597;2.999
594;590;2.945
594;591;3.475
594;598;2.954
594;634;3.814
594;664;4.084
594;665;3.538
594;668;3.901
595;591;2.924
595;592;3.288
595;598;3.252
595;599;3.001
595;627;3.769
595;630;3.998
595;631;4.037
596;94;3.65
596;592;3.002
596;593;3.263
596;600;3.338
597;94;3.716
597;593;2.999
597;600;3.311
597;601;3.022
598;594;2.954
598;595;3.252
598;602;3.003
598;603;2.813
598;624;3.811
599;25;3.226
599;595;3.001
599;603;3.054
599;604;3.144
599;626;3.954
600;91;3.273
600;596;3.338
600;597;3.311
601;87;3.931
601;91;3.698
601;597;3.022
601;604;2.794
602;598;3.003
602;605;3.016
602;606;3.563
602;620;3.506
602;658;3.413
603;598;2.813
603;599;3.054
603;620;3.737
604;599;3.144
604;601;2.794
605;602;3.016
605;617;4.102
605;620;3.0
606;602;3.563
606;618;3.078
606;620;2.944
606;646;3.793
606;647;3.365
606;654;2.692
606;658;3.578
607;616;2.639
607;617;3.358
607;618;3.884
607;647;3.742
607;648;2.919
608;611;2.999
608;612;2.84
608;613;2.805
608;614;2.742
609;647;4.109
609;648;2.762
609;650;3.626
610;613;3.893
611;608;2.999
611;616;3.979
612;608;2.84
613;608;2.805
613;610;3.893
613;1001;3.924
614;608;2.742
615;621;3.488
616;607;2.639
616;611;3.979
617;605;4.102
617;607;3.358
617;621;3.446
618;606;3.078
618;607;3.884
618;622;3.118
618;645;2.648
618;646;3.719
619;622;3.055
619;623;2.824
619;644;3.869
620;602;3.506
620;603;3.737
620;605;3.0
620;606;2.944
620;624;3.664
620;646;3.591
621;615;3.488
621;617;3.446
621;625;3.658
622;618;3.118
622;619;3.055
622;629;3.86
622;1037;4.017
622;1041;3.701
622;1047;3.996
623;619;2.824
623;629;3.373
623;633;3.92
623;1032;3.345
623;1036;3.932
624;598;3.811
624;620;3.664
624;629;3.829
624;633;3.63
624;646;4.042
625;621;3.658
625;1045;2.721
626;25;3.689
626;599;3.954
626;629;2.799
626;630;2.96
626;1048;2.723
627;25;3.289
627;592;3.476
627;595;3.769
627;630;3.489
627;631;2.943
628;631;3.167
628;632;2.989
628;1048;3.846
628;1051;3.975
628;1052;3.662
628;1055;3.83
629;622;3.86
629;623;3.373
629;624;3.829
629;626;2.799
629;632;3.362
629;633;2.998
629;1036;2.944
630;595;3.998
630;626;2.96
630;627;3.489
630;634;2.962
631;591;3.475
631;595;4.037
631;627;2.943
631;628;3.167
631;634;3.454
631;635;2.979
632;628;2.989
632;629;3.362
632;635;3.203
632;636;3.016
632;1036;3.927
632;1055;3.673
633;623;3.92
633;624;3.63
633;629;2.998
633;636;3.17
633;637;3.032
633;643;3.85
634;591;3.806
634;594;3.814
634;630;2.962
634;631;3.454
634;637;3.293
634;638;2.962
635;631;2.979
635;632;3.203
635;638;3.123
635;639;3.219
635;1028;5.812
635;1031;3.522
635;1055;3.776
635;1062;3.901
636;632;3.016
636;633;3.17
636;642;2.854
636;1032;3.533
637;633;3.032
637;634;3.293
637;640;3.012
637;643;3.8
637;662;3.512
637;665;3.598
637;666;3.997
638;587;3.989
638;634;2.962
638;635;3.123
638;669;3.77
639;635;3.219
639;1028;3.488
640;637;3.012
640;666;4.021
641;216;3.491
641;218;3.789
641;1028;3.789
641;1029;2.743
641;1030;2.819
642;213;3.665
642;218;3.397
642;219;5.621
642;636;2.854
642;662;4.032
642;1033;3.889
643;633;3.85
643;637;3.8
643;646;3.526
643;662;3.313
644;619;3.869
644;1033;3.514
645;618;2.648
645;988;3.886
646;606;3.793
646;618;3.719
646;620;3.591
646;624;4.042
646;643;3.526
646;655;3.262
646;658;3.475
647;606;3.365
647;607;3.742
647;609;4.109
647;651;3.388
647;655;2.949
648;607;2.919
648;609;2.762
648;655;3.656
649;989;3.446
650;609;3.626
651;647;3.388
651;654;2.756
651;655;3.068
652;656;2.938
653;656;3.373
653;657;2.987
654;606;2.692
654;651;2.756
654;657;3.243
654;658;3.057
655;646;3.262
655;647;2.949
655;648;3.656
655;651;3.068
655;658;3.053
655;659;2.89
656;652;2.938
656;653;3.373
656;659;3.208
656;660;3.031
657;653;2.987
657;654;3.243
658;602;3.413
658;606;3.578
658;646;3.475
658;654;3.057
658;655;3.053
658;661;3.008
658;662;2.92
659;209;3.821
659;655;2.89
659;656;3.208
659;662;3.38
659;663;2.958
660;656;3.031
660;663;3.449
660;664;3.006
661;658;3.008
661;664;3.354
661;665;2.96
662;637;3.512
662;642;4.032
662;643;3.313
662;658;2.92
662;659;3.38
662;665;3.365
662;666;2.99
663;212;3.777
663;659;2.958
663;660;3.449
663;666;3.408
663;667;2.992
664;594;4.084
664;660;3.006
664;661;3.354
664;667;3.467
664;668;2.996
665;594;3.538
665;637;3.598
665;661;2.96
665;662;3.365
665;669;2.957
666;216;3.631
666;637;3.997
666;640;4.021
666;662;2.99
666;663;3.408
666;670;2.922
667;212;3.847
667;663;2.992
667;664;3.467
667;670;3.441
667;671;3.033
668;590;3.709
668;594;3.901
668;664;2.996
668;671;3.444
668;672;2.987
669;638;3.77
669;665;2.957
669;672;3.175
669;673;2.924
670;666;2.922
670;667;3.441
670;673;3.278
670;674;2.98
671;114;3.814
671;667;3.033
671;668;3.444
671;675;3.029
672;668;2.987
672;669;3.175
672;675;3.325
672;676;2.918
673;669;2.924
673;670;3.278
673;676;3.106
673;677;3.076
674;252;3.637
674;253;3.675
674;670;2.98
674;678;3.016
675;583;3.496
675;671;3.029
675;672;3.325
675;679;2.916
676;580;3.627
676;583;3.721
676;672;2.918
676;673;3.106
676;679;3.414
676;680;3.128
676;1070;3.434
677;253;3.753
677;257;3.651
677;673;3.076
677;680;3.44
677;681;2.937
677;1070;3.644
677;1073;3.797
678;256;3.839
678;257;3.971
678;260;3.686
678;674;3.016
678;681;3.455
678;682;2.949
679;675;2.916
679;676;3.414
679;683;3.077
680;576;3.606
680;579;3.851
680;676;3.128
680;677;3.44
680;683;3.281
680;684;3.012
680;1070;3.649
680;1074;3.538
681;257;3.424
681;677;2.937
681;678;3.455
681;684;3.293
681;685;2.936
681;1077;3.45
682;260;4.012
682;678;2.949
682;685;3.326
682;686;3.028
683;679;3.077
683;680;3.281
683;686;3.152
683;687;3.127
684;680;3.012
684;681;3.293
684;687;2.951
684;688;2.989
684;1074;3.509
684;1078;3.511
685;261;4.033
685;681;2.936
685;682;3.326
685;690;3.541
685;1078;3.549
685;1081;3.471
686;682;3.028
686;683;3.152
686;690;3.692
687;683;3.127
687;684;2.951
688;299;2.803
688;684;2.989
688;1078;3.798
689;299;3.33
690;685;3.541
690;686;3.692
691;1081;3.526
691;1085;3.811
692;278;3.753
692;280;3.676
693;709;3.727
693;1085;2.875
693;1088;3.449
694;267;3.616
694;268;3.161
694;1085;2.698
695;1085;2.674
695;1088;3.685
696;703;3.73
696;707;3.629
697;702;3.563
697;703;3.392
698;1090;2.86
698;1093;3.333
699;702;3.96
699;1100;4.01
700;704;3.711
700;1100;3.38
701;1101;3.648
701;1102;3.675
701;1104;3.598
701;1373;3.756
702;697;3.563
702;699;3.96
703;696;3.73
703;697;3.392
704;700;3.711
705;1094;3.282
706;288;2.651
707;696;3.629
707;710;2.834
707;1088;3.473
708;268;3.851
708;278;3.774
708;282;3.635
709;693;3.727
709;713;2.745
709;1088;3.773
710;707;2.834
710;712;2.931
711;1089;3.979
711;1094;3.606
712;710;2.931
712;717;3.582
713;709;2.745
714;717;3.146
714;722;2.63
715;290;3.66
716;725;3.712
717;712;3.582
717;714;3.146
717;719;3.77
718;732;2.779
719;717;3.77
719;721;3.674
720;312;2.686
720;322;3.601
720;723;4.02
721;719;3.674
722;714;2.63
723;720;4.02
724;319;2.693
724;321;2.805
725;716;3.712
726;318;2.804
726;321;2.713
727;319;3.474
728;730;3.996
729;731;2.65
730;728;3.996
731;729;2.65
732;718;2.779
733;735;2.842
734;736;3.049
735;733;2.842
736;734;3.049
736;739;3.983
737;740;2.979
738;741;2.853
739;736;3.983
740;737;2.979
740;744;3.41
741;738;2.853
742;743;2.944
743;742;2.944
743;745;2.877
744;740;3.41
745;743;2.877
746;749;2.977
746;750;2.948
747;751;2.653
748;751;2.771
748;752;2.991
749;746;2.977
750;746;2.948
751;747;2.653
751;748;2.771
752;748;2.991
752;753;3.022
752;754;3.365
752;755;3.517
753;752;3.022
754;752;3.365
754;758;3.679
755;752;3.517
755;757;3.1
756;758;2.992
757;755;3.1
758;754;3.679
758;756;2.992
758;759;2.951
759;758;2.951
759;762;3.948
760;761;2.952
761;760;2.952
762;759;3.948
763;764;3.628
764;763;3.628
765;768;2.873
766;783;3.803
767;781;2.587
767;783;3.956
768;765;2.873
769;775;3.026
769;782;3.475
770;773;2.759
770;774;2.936
770;782;3.92
771;776;2.853
772;776;3.369
773;770;2.759
773;776;3.253
774;770;2.936
775;769;3.026
775;777;3.516
776;771;2.853
776;772;3.369
776;773;3.253
777;775;3.516
777;779;3.278
778;779;3.017
779;777;3.278
779;778;3.017
779;780;3.802
780;779;3.802
781;767;2.587
781;783;2.766
782;769;3.475
782;770;3.92
783;766;3.803
783;767;3.956
783;781;2.766
784;785;3.354
785;784;3.354
786;788;3.878
786;791;3.72
786;792;3.18
787;790;2.913
787;791;3.332
788;786;3.878
789;792;2.885
790;787;2.913
790;793;3.317
791;786;3.72
791;787;3.332
792;786;3.18
792;789;2.885
793;790;3.317
793;796;3.952
794;799;3.409
795;798;2.99
795;799;2.943
796;793;3.952
797;803;3.847
798;795;2.99
798;801;4.005
798;802;4.005
798;803;3.671
799;794;3.409
799;795;2.943
800;807;3.846
801;798;4.005
801;804;3.072
802;798;4.005
802;805;3.007
802;808;3.475
803;797;3.847
803;798;3.671
804;801;3.072
804;807;2.942
805;802;3.007
805;808;3.369
806;817;3.405
807;800;3.846
807;804;2.942
808;802;3.475
808;805;3.369
808;812;3.962
808;813;2.896
809;810;4.018
809;811;2.786
810;809;4.018
811;809;2.786
811;814;2.928
812;808;3.962
813;808;2.896
814;811;2.928
815;818;3.045
815;819;3.056
816;821;3.911
817;806;3.405
818;815;3.045
819;815;3.056
820;824;3.869
821;816;3.911
821;824;2.7
821;880;2.756
821;881;3.925
822;825;3.075
822;828;3.845
822;877;4.002
823;828;3.871
823;874;3.866
823;877;3.374
823;878;3.725
824;820;3.869
824;821;2.7
825;822;3.075
825;828;2.863
825;829;2.936
826;830;3.069
827;830;3.487
827;831;2.905
828;822;3.845
828;823;3.871
828;825;2.863
828;831;3.209
828;832;2.971
829;825;2.936
829;832;3.398
829;833;3.142
829;937;3.2
830;826;3.069
830;827;3.487
830;833;3.448
830;834;3.003
831;827;2.905
831;828;3.209
831;834;3.385
831;835;2.927
832;828;2.971
832;829;3.398
832;835;3.368
832;836;2.954
832;871;3.814
832;874;3.78
833;829;3.142
833;830;3.448
833;836;3.356
833;837;2.951
833;937;3.646
834;830;3.003
834;831;3.385
834;837;3.247
834;838;2.974
835;831;2.927
835;832;3.368
835;839;2.952
835;871;3.933
836;832;2.954
836;833;3.356
836;840;2.898
836;867;4.002
836;871;3.468
836;930;3.706
836;934;3.754
837;833;2.951
837;834;3.247
837;840;3.151
837;841;2.977
838;834;2.974
838;841;3.108
838;842;3.008
839;835;2.952
839;842;3.428
839;843;2.958
839;930;3.661
840;836;2.898
840;837;3.151
840;844;2.993
841;837;2.977
841;838;3.108
841;844;3.373
841;845;2.955
842;838;3.008
842;839;3.428
842;845;2.982
842;846;3.231
843;839;2.958
843;928;3.923
844;840;2.993
844;841;3.373
844;848;3.647
844;1268;3.853
845;841;2.955
845;842;2.982
845;848;3.077
845;849;3.03
845;852;3.451
845;856;3.938
846;842;3.231
846;853;2.737
846;921;2.741
847;850;3.333
847;853;2.675
847;1271;3.348
847;1325;3.058
848;844;3.647
848;845;3.077
848;1291;3.774
849;845;3.03
849;852;2.957
849;853;3.023
850;847;3.333
850;853;3.196
850;854;3.008
850;1326;3.932
851;854;2.62
852;845;3.451
852;849;2.957
852;855;3.337
852;856;2.963
853;846;2.737
853;847;2.675
853;849;3.023
853;850;3.196
853;857;3.021
853;1324;3.916
854;850;3.008
854;851;2.62
854;1326;3.47
855;852;3.337
856;845;3.938
856;852;2.963
856;859;3.116
856;860;3.032
857;853;3.021
857;861;2.736
858;862;3.03
859;856;3.116
859;862;3.387
859;863;2.989
860;856;3.032
860;863;2.982
860;864;3.273
861;857;2.736
861;864;3.003
861;865;3.036
861;921;2.81
861;924;3.754
862;858;3.03
862;859;3.387
862;865;2.904
862;866;2.955
863;859;2.989
863;860;2.982
863;866;3.49
863;867;2.924
864;860;3.273
864;861;3.003
864;868;3.002
864;927;3.778
865;861;3.036
865;862;2.904
865;868;3.344
865;869;3.04
866;862;2.955
866;863;3.49
866;870;2.989
867;836;4.002
867;863;2.924
867;870;3.228
867;871;2.929
867;927;4.031
867;930;3.644
868;864;3.002
868;865;3.344
868;872;2.984
868;927;3.886
869;865;3.04
869;873;3.04
870;866;2.989
870;867;3.228
870;873;4.003
870;874;2.953
871;832;3.814
871;835;3.933
871;836;3.468
871;867;2.929
871;875;3.01
871;933;3.666
872;868;2.984
872;875;3.415
872;876;2.973
872;900;3.864
872;904;3.689
873;869;3.04
873;870;4.003
873;876;3.321
873;877;2.951
874;823;3.866
874;832;3.78
874;870;2.953
874;877;3.47
874;878;2.708
874;933;3.558
875;871;3.01
875;872;3.415
875;878;3.406
875;879;2.952
875;897;3.878
876;872;2.973
876;873;3.321
876;879;4.006
876;880;3.011
877;822;4.002
877;823;3.374
877;873;2.951
877;874;3.47
877;880;3.425
877;881;2.997
878;823;3.725
878;874;2.708
878;875;3.406
878;881;3.303
878;882;3.106
878;887;3.73
878;893;4.15
878;896;2.678
879;875;2.952
879;876;4.006
879;882;3.01
879;883;2.925
879;884;3.873
879;887;6.398
879;888;3.657
880;821;2.756
880;876;3.011
880;877;3.425
881;821;3.925
881;877;2.997
881;878;3.303
882;878;3.106
882;879;3.01
882;886;2.692
882;887;3.928
882;890;4.021
882;893;3.647
883;879;2.925
883;887;2.985
884;879;3.873
884;888;3.004
885;888;2.803
885;889;2.934
886;882;2.692
887;878;3.73
887;879;6.398
887;882;3.928
887;883;2.985
887;890;3.037
887;893;3.657
887;897;3.756
888;879;3.657
888;884;3.004
888;885;2.803
888;894;3.747
888;897;3.708
889;885;2.934
890;882;4.021
890;887;3.037
890;893;3.195
890;894;2.945
891;894;3.483
891;895;2.97
892;895;3.291
892;896;2.984
892;936;3.208
892;945;3.971
893;878;4.15
893;882;3.647
893;887;3.657
893;890;3.195
893;896;3.167
893;897;2.983
894;888;3.747
894;890;2.945
894;891;3.483
894;897;5.649
894;898;2.965
895;891;2.97
895;892;3.291
895;898;3.28
896;878;2.678
896;892;2.984
896;893;3.167
896;933;2.93
896;936;2.651
897;875;3.878
897;887;3.756
897;888;3.708
897;893;2.983
897;894;5.649
897;900;3.024
897;901;2.963
898;894;2.965
898;895;3.28
898;902;3.03
899;929;4.029
899;933;3.678
900;872;3.864
900;897;3.024
900;903;3.045
900;904;3.092
901;897;2.963
901;904;2.871
901;905;2.913
902;898;3.03
902;906;2.973
902;926;3.7
903;900;3.045
903;906;3.982
903;907;3.061
903;927;2.856
904;872;3.689
904;900;3.092
904;901;2.871
904;907;3.327
904;908;2.983
905;901;2.913
905;908;3.197
905;909;2.997
906;902;2.973
906;903;3.982
906;909;3.473
906;910;2.993
907;903;3.061
907;904;3.327
907;910;3.312
907;911;2.99
907;920;3.752
908;904;2.983
908;905;3.197
908;911;3.234
908;912;2.933
909;905;2.997
909;906;3.473
909;912;3.194
909;913;2.971
910;906;2.993
910;907;3.312
910;915;3.043
910;919;3.324
910;920;3.291
910;923;3.693
911;907;2.99
911;908;3.234
911;914;3.003
912;908;2.933
912;909;3.194
913;909;2.971
914;911;3.003
915;910;3.043
916;919;3.846
917;920;3.481
917;921;3.022
918;921;2.738
918;922;3.216
919;910;3.324
919;916;3.846
919;923;2.957
920;907;3.752
920;910;3.291
920;917;3.481
920;924;2.963
921;846;2.741
921;861;2.81
921;917;3.022
921;918;2.738
921;924;3.699
921;1323;3.881
922;918;3.216
922;925;3.046
922;1273;3.918
922;1320;2.976
922;1321;3.645
922;1322;3.155
923;910;3.693
923;919;2.957
924;861;3.754
924;920;2.963
924;921;3.699
924;927;2.738
925;922;3.046
925;928;2.743
925;929;3.325
925;1269;3.589
926;902;3.7
926;929;2.981
927;864;3.778
927;867;4.031
927;868;3.886
927;903;2.856
927;924;2.738
927;930;2.831
928;843;3.923
928;925;2.743
929;899;4.029
929;925;3.325
929;926;2.981
929;932;2.94
929;933;3.007
929;1265;3.829
930;836;3.706
930;839;3.661
930;867;3.644
930;927;2.831
930;933;2.99
930;934;3.18
931;934;2.981
931;1265;3.64
932;929;2.94
932;935;2.766
932;1265;3.809
933;871;3.666
933;874;3.558
933;896;2.93
933;899;3.678
933;929;3.007
933;930;2.99
933;936;2.892
934;836;3.754
934;930;3.18
934;931;2.981
934;937;3.005
934;938;2.905
935;932;2.766
935;938;3.189
935;941;3.512
935;945;3.713
936;892;3.208
936;896;2.651
936;933;2.892
936;942;2.925
937;829;3.2
937;833;3.646
937;934;3.005
937;942;3.876
938;934;2.905
938;935;3.189
938;941;3.477
938;942;3.003
939;942;3.67
940;943;3.113
940;944;2.931
941;935;3.512
941;938;3.477
941;944;3.385
941;945;2.972
941;1257;3.893
941;1258;4.073
942;936;2.925
942;937;3.876
942;938;3.003
942;939;3.67
942;946;2.959
943;940;3.113
943;946;3.395
943;947;2.955
944;940;2.931
944;941;3.385
944;947;3.088
944;948;2.991
944;1254;3.705
944;1258;3.873
