source;destination;distance
0;3;2.785
1;47;3.599
2;7;3.563
2;48;3.679
3;0;2.785
4;7;3.241
4;8;2.98
5;9;2.976
6;10;2.977
7;2;3.563
7;4;3.241
7;10;3.109
7;11;2.967
7;43;3.967
7;47;3.729
8;4;2.98
8;11;3.489
8;12;2.985
9;5;2.976
9;13;2.926
10;6;2.977
10;7;3.109
10;14;2.947
11;7;2.967
11;8;3.489
11;14;3.415
11;15;3.023
11;44;3.594
12;8;2.985
12;16;2.984
12;104;3.883
13;9;2.926
13;16;3.349
13;17;2.936
14;10;2.947
14;11;3.415
14;18;3.007
14;37;3.63
14;40;4.013
15;11;3.023
15;19;2.99
15;37;3.768
15;99;3.863
15;100;3.591
16;12;2.984
16;13;3.349
16;19;3.16
16;20;3.088
17;13;2.936
17;20;3.316
17;21;2.985
18;14;3.007
18;22;2.963
18;37;3.141
18;96;3.636
19;15;2.99
19;16;3.16
19;22;3.151
19;97;3.504
19;606;3.548
20;16;3.088
20;17;3.316
21;17;2.985
21;24;2.981
21;30;3.593
21;33;3.408
22;18;2.963
22;19;3.151
22;93;4.033
23;606;3.681
24;21;2.981
24;27;3.924
25;613;3.238
25;640;3.711
25;641;3.252
26;30;3.836
27;24;3.924
27;30;2.842
28;31;2.715
28;32;3.027
29;32;3.302
29;33;2.974
30;21;3.593
30;26;3.836
30;27;2.842
30;33;3.382
30;34;3.006
31;28;2.715
31;34;3.485
31;35;3.024
32;28;3.027
32;29;3.302
32;36;2.997
33;21;3.408
33;29;2.974
33;30;3.382
33;36;3.256
33;37;2.944
34;30;3.006
34;31;3.485
34;37;3.34
34;38;2.934
34;93;2.804
34;96;3.071
35;31;3.024
35;38;3.376
35;39;2.97
35;81;3.352
36;32;2.997
36;33;3.256
36;39;3.339
36;40;2.999
37;14;3.63
37;15;3.768
37;18;3.141
37;33;2.944
37;34;3.34
37;40;3.004
37;41;2.865
37;96;3.415
38;34;2.934
38;35;3.376
38;41;3.994
38;42;2.976
38;80;2.769
39;35;2.97
39;36;3.339
39;42;3.215
39;43;2.986
40;14;4.013
40;36;2.999
40;37;3.004
40;43;3.481
40;44;2.906
41;37;2.865
41;38;3.994
41;44;3.494
41;45;2.944
41;73;3.475
41;99;3.501
42;38;2.976
42;39;3.215
42;45;3.312
42;46;2.973
43;7;3.967
43;39;2.986
43;40;3.481
43;46;3.39
43;47;3.055
44;11;3.594
44;40;2.906
44;41;3.494
44;47;3.27
44;48;2.822
44;99;2.648
45;41;2.944
45;42;3.312
45;49;2.988
45;56;3.957
45;73;3.937
46;42;2.973
46;43;3.39
46;50;3.063
46;51;3.997
47;1;3.599
47;7;3.729
47;43;3.055
47;44;3.27
48;2;3.679
48;44;2.822
48;66;3.196
48;69;2.672
49;45;2.988
49;56;4.028
49;59;3.851
49;66;3.698
50;46;3.063
50;53;3.057
50;55;3.673
51;46;3.997
52;55;3.675
52;58;3.472
53;50;3.057
53;56;2.986
54;57;2.987
55;50;3.673
55;52;3.675
55;58;2.999
56;45;3.957
56;49;4.028
56;53;2.986
56;59;3.041
56;70;3.902
57;54;2.987
57;60;3.02
58;52;3.472
58;55;2.999
58;61;3.028
59;49;3.851
59;56;3.041
59;62;2.982
59;63;3.815
59;66;3.506
59;67;3.975
59;70;3.757
60;57;3.02
61;58;3.028
62;59;2.982
63;59;3.815
63;66;3.449
63;67;2.933
64;67;3.461
64;68;3.031
65;68;3.037
65;69;3.053
65;102;3.409
65;108;3.206
65;111;3.788
66;48;3.196
66;49;3.698
66;59;3.506
66;63;3.449
66;69;3.733
66;70;2.987
67;59;3.975
67;63;2.933
67;64;3.461
67;70;3.376
67;71;2.95
68;64;3.031
68;65;3.037
68;72;2.997
68;101;3.908
69;48;2.672
69;65;3.053
69;66;3.733
69;72;3.449
69;73;2.929
69;99;3.122
69;102;2.774
70;56;3.902
70;59;3.757
70;66;2.987
70;67;3.376
70;73;3.137
70;74;2.975
71;67;2.95
71;74;3.426
71;75;2.991
72;68;2.997
72;69;3.449
72;76;2.936
72;95;3.55
73;41;3.475
73;45;3.937
73;69;2.929
73;70;3.137
73;76;3.467
73;77;2.906
74;70;2.975
74;71;3.426
74;77;3.279
74;78;3.001
75;71;2.991
75;78;3.455
75;79;2.982
75;89;3.562
75;92;3.298
76;72;2.936
76;73;3.467
76;79;3.007
76;80;2.874
77;73;2.906
77;74;3.279
77;81;2.98
78;74;3.001
78;75;3.455
78;82;3.003
79;75;2.982
79;76;3.007
79;83;3.983
79;89;2.754
80;38;2.769
80;76;2.874
80;83;3.249
80;96;3.561
81;35;3.352
81;77;2.98
82;78;3.003
82;84;3.001
83;79;3.983
83;80;3.249
83;90;2.92
83;93;3.558
84;82;3.001
85;89;3.688
86;89;3.137
87;90;2.872
87;91;3.175
87;615;3.928
88;91;3.223
89;75;3.562
89;79;2.754
89;85;3.688
89;86;3.137
89;92;3.006
90;83;2.92
90;87;2.872
91;87;3.175
91;88;3.223
91;94;3.002
91;614;3.509
91;615;3.649
92;75;3.298
92;89;3.006
92;95;2.855
93;22;4.033
93;34;2.804
93;83;3.558
93;96;2.879
94;91;3.002
94;97;2.946
94;607;4.024
94;610;3.59
94;611;3.7
95;72;3.55
95;92;2.855
95;98;3.064
95;99;3.023
96;18;3.636
96;34;3.071
96;37;3.415
96;80;3.561
96;93;2.879
97;19;3.504
97;94;2.946
97;100;3.047
98;95;3.064
98;101;2.929
98;607;3.905
99;15;3.863
99;41;3.501
99;44;2.648
99;69;3.122
99;95;3.023
99;102;2.947
100;15;3.591
100;97;3.047
100;103;2.992
100;104;2.948
100;107;3.59
100;603;3.494
101;68;3.908
101;98;2.929
101;111;3.892
102;65;3.409
102;69;2.774
102;99;2.947
102;108;2.832
103;100;2.992
104;12;3.883
104;100;2.948
104;108;2.975
105;108;3.276
105;109;2.951
106;110;3.103
106;596;3.344
107;100;3.59
107;110;3.378
107;111;2.994
107;600;3.717
108;65;3.206
108;102;2.832
108;104;2.975
108;105;3.276
108;111;3.465
108;112;2.98
109;105;2.951
109;112;3.23
109;113;3.029
110;106;3.103
110;107;3.378
110;113;3.119
110;114;2.992
110;596;3.307
111;65;3.788
111;101;3.892
111;107;2.994
111;108;3.465
111;114;3.275
111;115;3.034
112;108;2.98
112;109;3.23
112;115;3.425
112;116;3.018
113;109;3.029
113;110;3.119
113;116;3.23
113;117;3.031
114;110;2.992
114;111;3.275
114;117;3.082
114;118;3.205
114;685;3.824
115;111;3.034
115;112;3.425
115;118;2.958
116;112;3.018
116;113;3.23
116;119;2.792
117;113;3.031
117;114;3.082
117;120;3.276
117;121;3.043
117;259;3.788
117;262;3.854
118;114;3.205
118;115;2.958
118;122;3.002
119;116;2.792
119;122;3.429
119;266;2.709
120;117;3.276
120;262;3.821
120;265;2.655
120;266;2.76
121;117;3.043
121;125;2.927
121;259;4.029
122;118;3.002
122;119;3.429
122;126;2.985
123;126;3.119
123;127;3.082
123;1243;3.449
123;1244;2.93
124;127;3.424
124;128;3.153
124;251;3.547
124;255;4.015
124;1247;3.96
125;121;2.927
125;128;3.375
125;129;2.932
126;122;2.985
126;123;3.119
126;129;3.305
126;130;2.99
127;123;3.082
127;124;3.424
127;130;3.872
127;131;2.966
127;1238;3.984
127;1244;3.954
127;1247;3.804
128;124;3.153
128;125;3.375
128;131;3.292
128;132;2.899
128;251;3.25
129;125;2.932
129;126;3.305
129;132;3.474
129;133;3.015
130;126;2.99
130;127;3.872
130;133;3.458
130;134;2.944
130;1234;3.669
130;1237;3.415
130;1238;3.556
131;127;2.966
131;128;3.292
131;134;3.422
131;135;2.852
132;128;2.899
132;129;3.474
132;136;2.967
132;211;3.721
132;214;4.0
133;129;3.015
133;130;3.458
133;136;3.199
133;137;3.007
133;1145;4.038
134;130;2.944
134;131;3.422
134;137;3.286
134;138;2.974
134;1145;3.698
134;1234;3.844
135;131;2.852
135;139;2.942
135;214;3.58
135;240;3.683
135;244;3.821
135;247;3.592
136;132;2.967
136;133;3.199
136;140;2.93
136;207;3.653
136;211;3.886
137;133;3.007
137;134;3.286
137;140;3.227
137;141;3.116
137;1231;3.897
138;134;2.974
138;141;3.143
138;142;3.428
138;240;3.537
138;1228;3.69
138;1231;3.862
139;135;2.942
139;142;3.421
139;143;2.947
139;204;3.628
140;136;2.93
140;137;3.227
140;144;3.717
140;205;4.037
140;206;3.475
140;207;3.88
141;137;3.116
141;138;3.143
141;1228;3.586
141;1231;3.38
142;138;3.428
142;139;3.421
142;1224;3.707
142;1228;3.483
143;139;2.947
143;227;3.046
143;237;3.481
143;240;3.605
143;241;3.865
144;140;3.717
144;205;3.763
145;150;2.747
145;200;3.046
146;194;2.906
146;198;3.686
146;199;3.862
146;200;3.514
147;150;2.958
147;151;3.789
147;198;2.865
148;198;2.878
148;201;3.599
148;205;2.634
149;155;3.395
150;145;2.747
150;147;2.958
150;154;3.138
150;195;2.727
151;147;3.789
151;191;3.811
151;195;3.829
152;191;3.697
153;189;2.692
154;150;3.138
155;149;3.395
156;160;3.844
157;160;3.997
158;160;3.67
159;162;3.6
159;185;3.653
160;156;3.844
160;157;3.997
160;158;3.67
161;173;3.141
161;184;4.014
161;185;2.795
162;159;3.6
162;172;3.942
163;172;2.963
163;173;2.85
164;166;3.37
164;172;3.92
165;168;2.773
166;164;3.37
167;172;2.962
168;165;2.773
169;175;2.613
170;173;2.88
170;175;3.541
171;174;3.18
171;175;3.189
171;183;3.354
171;185;3.835
172;162;3.942
172;163;2.963
172;164;3.92
172;167;2.962
173;161;3.141
173;163;2.85
173;170;2.88
174;171;3.18
174;177;3.904
175;169;2.613
175;170;3.541
175;171;3.189
175;181;3.19
176;178;2.998
176;179;3.182
177;174;3.904
178;176;2.998
179;176;3.182
180;182;3.056
181;175;3.19
181;183;3.033
182;180;3.056
182;187;3.853
182;188;3.912
183;171;3.354
183;181;3.033
183;186;3.304
184;161;4.014
185;159;3.653
185;161;2.795
185;171;3.835
186;183;3.304
187;182;3.853
188;182;3.912
189;153;2.692
190;1006;4.126
190;1008;3.607
191;151;3.811
191;152;3.697
192;195;3.41
192;1007;3.651
193;195;3.846
194;146;2.906
195;150;2.727
195;151;3.829
195;192;3.41
195;193;3.846
196;199;3.232
196;1007;3.916
197;1005;2.689
197;1007;3.399
198;146;3.686
198;147;2.865
198;148;2.878
198;201;3.089
199;146;3.862
199;196;3.232
199;230;3.419
199;231;3.843
200;145;3.046
200;146;3.514
201;148;3.599
201;198;3.089
201;204;3.011
201;205;3.01
201;209;3.724
202;209;3.181
203;209;3.361
203;227;3.486
204;139;3.628
204;201;3.011
204;210;3.459
204;213;3.512
204;227;3.126
204;241;3.905
205;140;4.037
205;144;3.763
205;148;2.634
205;201;3.01
206;140;3.475
206;209;2.813
206;210;2.995
207;136;3.653
207;140;3.88
207;211;2.955
208;212;2.991
209;201;3.724
209;202;3.181
209;203;3.361
209;206;2.813
209;212;3.271
209;213;2.966
210;204;3.459
210;206;2.995
210;213;3.278
210;214;2.951
211;132;3.721
211;136;3.886
211;207;2.955
211;215;2.944
212;208;2.991
212;209;3.271
212;215;3.119
212;216;2.973
212;673;3.799
213;204;3.512
213;209;2.966
213;210;3.278
213;216;3.283
213;217;2.93
214;132;4.0
214;135;3.58
214;210;2.951
214;217;3.416
214;218;2.958
215;211;2.944
215;212;3.119
215;218;3.179
215;219;2.953
215;677;3.466
215;680;4.075
215;681;3.885
216;212;2.973
216;213;3.283
216;220;2.977
216;221;2.82
216;222;3.813
216;656;3.572
217;213;2.93
217;214;3.416
217;220;3.259
217;223;3.732
217;241;3.87
217;244;3.701
217;245;3.711
218;214;2.958
218;215;3.179
219;215;2.953
219;680;3.656
220;216;2.977
220;217;3.259
220;1309;3.215
220;1311;3.003
221;216;2.82
221;655;3.763
221;656;3.447
222;216;3.813
222;225;3.44
222;226;3.053
222;656;3.579
222;1306;3.553
222;1316;3.99
223;217;3.732
223;227;3.079
223;228;3.121
223;241;3.671
223;242;3.85
223;245;3.316
223;1302;3.437
223;1305;6.342
223;1306;3.276
224;228;3.133
224;229;2.876
224;1302;3.758
224;1306;3.635
224;1341;3.357
224;1342;2.801
224;1343;3.316
225;222;3.44
225;229;3.754
225;1316;3.684
225;1343;3.241
226;222;3.053
226;229;3.157
227;143;3.046
227;203;3.486
227;204;3.126
227;223;3.079
227;237;3.088
227;241;6.236
228;223;3.121
228;224;3.133
228;231;2.937
228;238;3.332
228;1302;3.171
228;1341;3.487
229;224;2.876
229;225;3.754
229;226;3.157
229;1292;3.613
229;1340;3.7
229;1341;3.398
230;199;3.419
231;199;3.843
231;228;2.937
231;233;2.962
231;234;3.131
231;237;3.444
232;234;3.079
232;1292;3.952
232;1299;3.727
232;1337;2.828
232;1340;3.575
233;231;2.962
233;237;3.019
234;231;3.131
234;232;3.079
234;237;2.989
234;238;2.942
234;1338;3.773
234;1339;3.747
235;238;3.633
235;239;2.925
235;1336;2.846
235;1338;2.784
236;1221;3.763
236;1224;3.735
236;1225;3.262
236;1338;2.972
237;143;3.481
237;227;3.088
237;231;3.444
237;233;3.019
237;234;2.989
237;240;3.044
237;241;3.398
238;228;3.332
238;234;2.942
238;235;3.633
238;241;3.365
238;242;2.943
238;1302;3.516
238;1339;4.005
239;235;2.925
239;243;2.97
240;135;3.683
240;138;3.537
240;143;3.605
240;237;3.044
240;243;3.102
240;244;2.968
241;143;3.865
241;204;3.905
241;217;3.87
241;223;3.671
241;227;6.236
241;237;3.398
241;238;3.365
241;244;3.243
241;245;2.991
242;223;3.85
242;238;2.943
242;245;3.107
242;246;2.97
242;1305;3.987
243;239;2.97
243;240;3.102
243;247;2.933
244;135;3.821
244;217;3.701
244;240;2.968
244;241;3.243
244;248;2.894
245;217;3.711
245;223;3.316
245;241;2.991
245;242;3.107
245;249;2.955
245;1305;3.406
246;242;2.97
246;250;2.958
246;1305;3.376
247;135;3.592
247;243;2.933
247;251;2.898
248;244;2.894
248;252;2.926
249;245;2.955
249;252;3.454
249;253;2.969
250;246;2.958
250;253;3.377
250;254;2.93
250;1251;3.631
250;1258;3.361
251;124;3.547
251;128;3.25
251;247;2.898
251;254;3.192
251;255;2.894
252;248;2.926
252;249;3.454
252;255;3.3
252;256;2.957
253;249;2.969
253;250;3.377
253;256;3.791
253;257;2.981
253;1369;3.737
254;250;2.93
254;251;3.192
254;257;3.552
254;258;2.906
254;1247;3.197
254;1250;3.775
255;124;4.015
255;251;2.894
255;252;3.3
255;258;3.187
255;259;2.941
255;688;3.762
256;252;2.957
256;253;3.791
256;260;3.075
256;688;3.722
256;691;3.663
256;1366;3.516
257;253;2.981
257;254;3.552
257;261;2.927
257;1369;3.95
257;1370;3.932
257;1373;3.572
258;254;2.906
258;255;3.187
258;262;2.926
259;117;3.788
259;121;4.029
259;255;2.941
259;262;3.332
259;263;3.062
259;692;3.753
260;256;3.075
260;263;3.213
260;264;3.083
260;691;3.703
260;692;3.928
260;695;3.446
260;1370;3.466
261;257;2.927
261;265;2.891
261;1374;3.903
262;117;3.854
262;120;3.821
262;258;2.926
262;259;3.332
262;266;2.975
263;259;3.062
263;260;3.213
263;267;3.096
263;692;3.651
264;260;3.083
264;267;2.975
264;268;2.901
264;699;6.267
264;1095;6.393
264;1374;3.617
265;120;2.655
265;261;2.891
265;269;3.666
266;119;2.709
266;120;2.76
266;262;2.975
266;275;2.846
267;263;3.096
267;264;2.975
267;274;4.039
267;275;2.769
267;276;3.207
268;264;2.901
268;274;3.412
268;277;3.562
268;279;3.484
269;265;3.666
269;273;3.017
269;274;2.712
270;272;3.341
270;707;3.712
271;277;3.7
271;719;4.02
272;270;3.341
272;274;3.572
273;269;3.017
274;267;4.039
274;268;3.412
274;269;2.712
274;272;3.572
274;277;3.19
275;266;2.846
275;267;2.769
276;267;3.207
276;277;3.533
277;268;3.562
277;271;3.7
277;274;3.19
277;276;3.533
277;279;3.011
278;281;3.073
278;285;3.456
279;268;3.484
279;277;3.011
280;282;2.927
280;285;3.899
280;719;3.612
281;278;3.073
282;280;2.927
282;285;2.825
282;286;3.832
282;705;3.653
283;286;3.132
283;295;2.714
283;296;2.885
284;287;2.923
284;288;2.644
285;278;3.456
285;280;3.899
285;282;2.825
285;288;3.041
286;282;3.832
286;283;3.132
287;284;2.923
287;291;3.86
287;294;2.911
287;295;2.808
288;284;2.644
288;285;3.041
288;293;3.534
289;291;3.119
290;717;2.661
291;287;3.86
291;289;3.119
292;727;3.612
293;288;3.534
293;725;3.859
294;287;2.911
295;283;2.714
295;287;2.808
296;283;2.885
297;311;2.727
298;299;3.703
299;298;3.703
300;702;2.794
300;1092;3.237
300;1093;3.811
300;1096;3.71
301;1093;3.345
301;1096;3.638
301;1097;3.885
302;310;3.237
302;311;3.844
303;305;3.568
303;310;3.851
304;308;2.591
305;303;3.568
305;969;3.695
306;965;3.62
307;308;3.222
308;304;2.591
308;307;3.222
309;314;2.924
310;302;3.237
310;303;3.851
310;312;3.113
310;314;2.87
311;297;2.727
311;302;3.844
311;319;3.957
312;310;3.113
312;319;3.004
313;316;2.949
314;309;2.924
314;310;2.87
315;732;2.713
316;313;2.949
316;319;3.736
316;326;3.766
317;325;2.961
317;326;2.822
318;320;3.016
319;311;3.957
319;312;3.004
319;316;3.736
320;318;3.016
320;329;2.695
321;325;3.827
321;738;2.719
322;330;3.607
323;736;2.688
324;327;3.015
324;328;2.8
324;330;2.715
325;317;2.961
325;321;3.827
325;736;2.875
325;738;2.645
326;316;3.766
326;317;2.822
327;324;3.015
328;324;2.8
329;320;2.695
329;332;3.008
330;322;3.607
330;324;2.715
331;333;2.752
331;335;3.904
332;329;3.008
333;331;2.752
334;336;3.045
335;331;3.904
336;334;3.045
337;447;3.506
337;448;3.389
337;449;2.894
338;448;3.268
339;443;3.22
340;443;3.027
340;444;3.595
341;443;2.767
342;442;3.098
342;443;2.693
343;346;3.711
344;355;3.456
344;443;3.818
345;347;3.841
345;349;2.945
345;350;3.773
346;343;3.711
347;345;3.841
347;394;3.915
348;352;3.48
349;345;2.945
350;345;3.773
350;356;3.8
351;354;2.835
351;355;3.852
351;440;3.682
351;441;3.462
352;348;3.48
353;356;3.61
354;351;2.835
354;440;2.823
355;344;3.456
355;351;3.852
355;440;3.768
355;441;2.823
355;444;2.699
356;350;3.8
356;353;3.61
357;362;3.351
357;363;3.556
358;361;3.063
358;363;3.04
359;364;2.969
360;373;3.75
361;358;3.063
362;357;3.351
363;357;3.556
363;358;3.04
364;359;2.969
364;366;3.018
365;369;3.657
366;364;3.018
366;369;2.974
366;373;3.803
367;370;2.968
368;371;2.986
368;372;3.004
368;373;3.545
369;365;3.657
369;366;2.974
370;367;2.968
371;368;2.986
372;368;3.004
372;374;3.687
373;360;3.75
373;366;3.803
373;368;3.545
374;372;3.687
375;377;3.938
376;380;2.847
376;383;3.571
377;375;3.938
378;380;3.635
379;398;3.418
380;376;2.847
380;378;3.635
380;398;2.923
381;399;2.937
381;404;3.739
382;385;2.976
383;376;3.571
383;387;3.957
384;386;3.01
384;387;3.176
384;388;2.857
385;382;2.976
386;384;3.01
387;383;3.957
387;384;3.176
388;384;2.857
388;391;3.16
388;392;3.324
389;391;2.905
390;393;2.979
391;388;3.16
391;389;2.905
392;388;3.324
393;390;2.979
394;347;3.915
395;401;3.79
396;400;2.68
396;401;3.689
397;400;2.989
398;379;3.418
398;380;2.923
399;381;2.937
399;402;2.96
399;403;3.045
400;396;2.68
400;397;2.989
401;395;3.79
401;396;3.689
402;399;2.96
403;399;3.045
404;381;3.739
405;406;2.838
406;405;2.838
407;409;2.813
408;409;2.824
408;414;3.906
408;415;3.751
409;407;2.813
409;408;2.824
409;414;2.803
410;413;2.845
411;414;4.025
412;414;3.001
413;410;2.845
414;408;3.906
414;409;2.803
414;411;4.025
414;412;3.001
415;408;3.751
415;416;2.982
416;415;2.982
417;420;4.02
418;420;2.87
419;421;2.961
420;417;4.02
420;418;2.87
421;419;2.961
421;422;3.024
422;421;3.024
423;425;3.881
424;446;2.662
425;423;3.881
426;427;3.702
427;426;3.702
428;433;3.837
429;430;3.214
429;434;3.895
430;429;3.214
430;434;3.614
431;432;3.053
432;431;3.053
433;428;3.837
433;435;2.841
433;438;3.992
434;429;3.895
434;430;3.614
435;433;2.841
435;437;2.986
435;438;3.015
436;439;3.78
437;435;2.986
438;433;3.992
438;435;3.015
439;436;3.78
440;351;3.682
440;354;2.823
440;355;3.768
440;444;2.983
440;445;3.786
441;351;3.462
441;355;2.823
442;342;3.098
443;339;3.22
443;340;3.027
443;341;2.767
443;342;2.693
443;344;3.818
444;340;3.595
444;355;2.699
444;440;2.983
445;440;3.786
446;424;2.662
446;448;3.077
447;337;3.506
448;337;3.389
448;338;3.268
448;446;3.077
449;337;2.894
449;454;3.598
450;453;2.999
451;454;2.989
451;455;3.122
451;456;3.918
452;457;3.664
452;458;2.859
452;459;3.7
453;450;2.999
454;449;3.598
454;451;2.989
455;451;3.122
456;451;3.918
457;452;3.664
458;452;2.859
459;452;3.7
459;460;3.405
460;459;3.405
461;464;2.733
462;465;3.622
463;466;3.024
464;461;2.733
465;462;3.622
466;463;3.024
466;468;3.133
466;470;3.044
466;473;3.291
466;474;2.727
467;469;3.899
467;470;3.609
467;527;3.439
467;528;2.747
468;466;3.133
469;467;3.899
469;527;3.672
470;466;3.044
470;467;3.609
470;473;2.943
470;474;3.067
471;474;2.994
472;524;3.626
473;466;3.291
473;470;2.943
474;466;2.727
474;470;3.067
474;471;2.994
474;477;2.917
474;478;3.183
475;479;2.957
476;480;2.955
477;474;2.917
477;480;3.229
477;481;3.01
478;474;3.183
478;481;3.428
478;482;2.935
478;576;2.675
478;577;3.978
479;475;2.957
479;482;3.208
479;483;2.98
480;476;2.955
480;477;3.229
480;484;3.052
481;477;3.01
481;478;3.428
481;484;3.307
481;485;2.977
481;517;4.009
481;521;3.818
481;573;3.929
482;478;2.935
482;479;3.208
482;485;3.005
482;486;3.087
482;577;2.714
482;578;3.546
483;479;2.98
483;486;3.437
483;487;3.005
484;480;3.052
484;481;3.307
484;488;2.993
484;514;3.677
485;481;2.977
485;482;3.005
485;488;3.075
485;489;3.065
485;518;3.322
485;571;3.892
485;573;3.871
485;574;3.818
486;482;3.087
486;483;3.437
486;489;3.13
486;490;3.424
486;574;3.809
487;483;3.005
487;490;3.331
487;491;3.011
488;484;2.993
488;485;3.075
488;491;3.281
488;492;2.991
488;514;3.178
488;570;3.11
489;485;3.065
489;486;3.13
489;493;3.042
489;571;3.63
489;983;3.903
490;486;3.424
490;487;3.331
490;493;3.296
490;494;3.002
491;487;3.011
491;488;3.281
491;494;3.006
491;495;2.945
491;507;3.522
492;488;2.991
492;495;3.05
492;570;3.784
492;571;3.661
492;987;4.005
493;489;3.042
493;490;3.296
494;490;3.002
494;491;3.006
494;499;3.822
495;491;2.945
495;492;3.05
495;500;3.002
495;507;4.005
495;511;3.507
496;500;2.981
496;1027;3.219
496;1028;3.081
497;500;3.556
497;501;2.833
498;501;2.983
498;502;3.01
499;494;3.822
499;503;3.015
500;495;3.002
500;496;2.981
500;497;3.556
500;504;2.798
501;497;2.833
501;498;2.983
501;504;2.748
502;498;3.01
503;499;3.015
503;506;3.079
503;507;2.934
504;500;2.798
504;501;2.748
504;508;2.971
505;508;3.252
505;509;3.036
506;503;3.079
506;509;3.918
506;510;2.953
507;491;3.522
507;495;4.005
507;503;2.934
507;510;3.389
507;511;2.935
508;504;2.971
508;505;3.252
508;511;3.396
508;512;3.032
509;505;3.036
509;506;3.918
509;513;2.959
510;506;2.953
510;507;3.389
510;514;2.979
511;495;3.507
511;507;2.935
511;508;3.396
511;514;3.386
511;515;3.099
511;570;3.253
512;508;3.032
512;515;3.334
512;516;3.011
512;554;3.78
512;555;3.367
513;509;2.959
513;516;3.031
513;517;3.085
514;484;3.677
514;488;3.178
514;510;2.979
514;511;3.386
514;517;3.041
514;518;3.339
515;511;3.099
515;512;3.334
515;518;2.907
515;550;2.853
515;551;3.754
515;554;3.802
516;512;3.011
516;513;3.031
516;519;2.879
517;481;4.009
517;513;3.085
517;514;3.041
517;520;3.069
517;521;3.219
518;485;3.322
518;514;3.339
518;515;2.907
518;522;2.975
518;547;3.631
518;551;3.937
518;573;3.48
519;516;2.879
519;522;3.405
519;523;3.037
519;551;3.469
520;517;3.069
520;524;3.069
521;481;3.818
521;517;3.219
521;524;3.388
521;525;2.953
521;573;2.737
521;576;2.749
522;518;2.975
522;519;3.405
522;526;3.005
522;547;3.627
523;519;3.037
523;526;3.201
523;527;3.081
524;472;3.626
524;520;3.069
524;521;3.388
524;527;4.039
524;528;2.988
525;521;2.953
525;528;3.014
525;529;3.038
525;533;2.669
525;534;3.625
525;540;2.776
526;522;3.005
526;523;3.201
526;534;3.724
526;535;3.904
527;467;3.439
527;469;3.672
527;523;3.081
527;524;4.039
528;467;2.747
528;524;2.988
528;525;3.014
529;525;3.038
529;533;3.781
530;533;2.93
530;534;2.931
531;535;2.985
532;536;3.063
533;525;2.669
533;529;3.781
533;530;2.93
533;536;3.08
533;537;2.928
534;525;3.625
534;526;3.724
534;530;2.931
534;540;3.203
534;544;3.261
535;526;3.904
535;531;2.985
536;532;3.063
536;533;3.08
537;533;2.928
537;540;2.966
537;541;3.037
538;541;3.966
538;542;3.019
539;543;2.993
539;581;2.959
539;584;3.846
540;525;2.776
540;534;3.203
540;537;2.966
540;544;2.973
541;537;3.037
541;538;3.966
541;544;3.393
541;545;2.991
542;538;3.019
542;545;3.444
542;546;3.023
542;572;3.966
543;539;2.993
543;546;3.197
543;547;2.906
543;573;2.637
543;576;3.878
544;534;3.261
544;540;2.973
544;541;3.393
544;548;2.989
545;541;2.991
545;542;3.444
545;548;3.174
545;549;3.077
546;542;3.023
546;543;3.197
546;550;3.012
547;518;3.631
547;522;3.627
547;543;2.906
547;551;2.937
547;573;3.726
548;544;2.989
548;545;3.174
548;552;2.983
549;545;3.077
549;553;3.191
549;566;3.559
550;515;2.853
550;546;3.012
550;554;3.426
550;570;3.071
551;515;3.754
551;518;3.937
551;519;3.469
551;547;2.937
551;554;3.153
551;555;2.91
552;548;2.983
552;555;3.286
552;556;3.039
553;549;3.191
553;557;3.007
553;558;3.077
553;567;3.867
554;512;3.78
554;515;3.802
554;550;3.426
554;551;3.153
554;558;3.761
554;567;3.928
555;512;3.367
555;551;2.91
555;552;3.286
556;552;3.039
557;553;3.007
557;559;2.935
558;553;3.077
558;554;3.761
558;564;2.833
559;557;2.935
559;564;3.272
560;563;2.795
561;565;2.935
562;565;3.262
562;566;2.972
562;1067;3.966
563;560;2.795
563;566;3.129
563;567;3.077
564;558;2.833
564;559;3.272
564;567;2.969
565;561;2.935
565;562;3.262
565;568;2.877
565;991;3.136
566;549;3.559
566;562;2.972
566;563;3.129
566;569;2.981
567;553;3.867
567;554;3.928
567;563;3.077
567;564;2.969
567;570;3.044
568;565;2.877
568;571;3.191
568;984;3.78
568;987;3.883
569;566;2.981
569;572;2.912
569;984;3.608
570;488;3.11
570;492;3.784
570;511;3.253
570;550;3.071
570;567;3.044
570;573;2.948
571;485;3.892
571;489;3.63
571;492;3.661
571;568;3.191
571;574;2.938
571;980;3.799
571;984;3.498
572;542;3.966
572;569;2.912
572;575;2.758
572;981;3.391
572;984;3.453
573;481;3.929
573;485;3.871
573;518;3.48
573;521;2.737
573;543;2.637
573;547;3.726
573;570;2.948
573;576;2.985
574;485;3.818
574;486;3.809
574;571;2.938
574;577;2.97
574;578;2.947
574;580;3.912
574;980;3.544
575;572;2.758
575;580;4.019
576;478;2.675
576;521;2.749
576;543;3.878
576;573;2.985
577;478;3.978
577;482;2.714
577;574;2.97
578;482;3.546
578;574;2.947
578;580;3.952
578;581;3.018
579;582;3.092
579;583;2.92
579;973;3.121
580;574;3.912
580;575;4.019
580;578;3.952
580;583;3.18
580;584;3.005
580;977;3.517
581;539;2.959
581;578;3.018
581;584;3.822
581;585;3.06
582;579;3.092
582;585;3.462
582;586;2.977
583;579;2.92
583;580;3.18
583;586;3.085
583;587;2.931
583;974;4.033
583;977;3.857
584;539;3.846
584;580;3.005
584;581;3.822
584;588;3.067
585;581;3.06
585;582;3.462
585;588;3.348
585;589;2.813
586;582;2.977
586;583;3.085
586;589;3.347
586;590;2.944
587;583;2.931
587;590;3.217
587;591;3.077
587;1081;3.575
588;584;3.067
588;585;3.348
588;591;3.01
589;585;2.813
589;586;3.347
589;592;2.971
590;586;2.944
590;587;3.217
590;593;3.08
590;594;3.081
590;694;3.776
590;1081;3.49
590;1085;3.602
591;587;3.077
591;588;3.01
591;594;3.48
591;595;2.968
591;1081;3.832
592;589;2.971
592;595;3.015
593;590;3.08
593;694;3.866
594;590;3.081
594;591;3.48
594;597;3.273
594;598;2.877
594;690;3.532
594;1081;3.836
595;591;2.968
595;592;3.015
595;599;3.046
596;106;3.344
596;110;3.307
596;599;3.231
596;600;3.281
597;594;3.273
597;600;3.066
597;601;3.023
597;689;3.47
597;690;3.874
598;594;2.877
598;602;2.92
599;595;3.046
599;596;3.231
599;602;3.302
599;603;3.062
600;107;3.717
600;596;3.281
600;597;3.066
600;603;3.457
600;604;3.033
601;597;3.023
601;604;3.468
601;605;2.962
601;652;3.912
602;598;2.92
602;599;3.302
602;606;2.973
603;100;3.494
603;599;3.062
603;600;3.457
603;606;3.312
603;607;3.009
604;600;3.033
604;601;3.468
604;607;3.292
604;608;2.946
604;682;3.708
605;601;2.962
605;608;3.468
605;609;2.924
605;645;3.53
605;648;3.787
606;19;3.548
606;23;3.681
606;602;2.973
606;603;3.312
606;609;3.3
606;610;3.016
606;641;3.519
607;94;4.024
607;98;3.905
607;603;3.009
607;604;3.292
607;610;3.23
607;611;2.989
608;604;2.946
608;605;3.468
608;612;2.953
608;648;3.783
608;678;4.051
608;679;3.546
608;682;3.892
609;605;2.924
609;606;3.3
609;612;3.204
609;613;2.99
609;641;3.932
609;644;3.989
609;645;3.986
610;94;3.59
610;606;3.016
610;607;3.23
610;614;3.308
611;94;3.7
611;607;2.989
611;614;3.302
611;615;3.023
612;608;2.953
612;609;3.204
612;616;3.001
612;617;2.813
612;638;3.821
613;25;3.238
613;609;2.99
613;617;3.057
613;618;3.161
613;640;4.014
614;91;3.509
614;610;3.308
614;611;3.302
615;87;3.928
615;91;3.649
615;611;3.023
615;618;2.801
616;612;3.001
616;619;3.009
616;620;3.541
616;634;3.495
616;638;4.101
616;671;4.04
616;672;3.421
616;675;4.022
617;612;2.813
617;613;3.057
617;634;3.768
618;613;3.161
618;615;2.801
619;616;3.009
619;631;4.14
619;634;2.986
620;616;3.541
620;632;3.085
620;634;2.975
620;660;3.801
620;661;3.345
620;668;2.781
620;672;3.562
621;630;2.635
621;631;3.649
621;661;3.529
621;662;2.932
622;625;3.022
622;626;2.856
622;627;2.817
622;628;2.75
623;661;4.103
623;662;2.771
623;664;3.646
624;627;3.811
625;622;3.022
625;630;4.002
626;622;2.856
627;622;2.817
627;624;3.811
628;622;2.75
629;635;3.582
629;636;3.082
630;621;2.635
630;625;4.002
631;619;4.14
631;621;3.649
631;635;3.496
632;620;3.085
632;635;3.101
632;636;3.134
632;659;2.831
632;660;3.577
633;636;3.042
633;637;2.855
633;647;4.029
633;658;3.922
634;616;3.495
634;617;3.768
634;619;2.986
634;620;2.975
634;638;3.661
634;660;3.589
635;629;3.582
635;631;3.496
635;632;3.101
635;639;3.484
636;629;3.082
636;632;3.134
636;633;3.042
636;643;4.002
636;1055;3.911
637;633;2.855
637;643;3.967
637;646;3.937
637;647;3.885
637;1046;3.327
637;1050;3.858
638;612;3.821
638;616;4.101
638;634;3.661
638;643;3.635
638;647;3.637
638;660;4.058
639;635;3.484
639;1059;2.726
640;25;3.711
640;613;4.014
640;643;2.874
640;644;2.94
640;1062;2.854
641;25;3.252
641;606;3.519
641;609;3.932
641;644;3.416
641;645;2.945
642;645;3.219
642;646;2.991
642;1062;3.641
642;1065;3.863
642;1066;3.592
642;1069;3.932
643;636;4.002
643;637;3.967
643;638;3.635
643;640;2.874
643;646;3.278
643;647;2.993
643;1065;3.109
644;609;3.989
644;640;2.94
644;641;3.416
644;648;2.97
645;605;3.53
645;609;3.986
645;641;2.945
645;642;3.219
645;648;3.492
645;649;2.981
646;637;3.937
646;642;2.991
646;643;3.278
646;649;3.286
646;650;3.029
646;1050;3.921
646;1069;3.519
647;633;4.029
647;637;3.885
647;638;3.637
647;643;2.993
647;650;3.195
647;651;3.031
647;657;3.863
648;605;3.787
648;608;3.783
648;644;2.97
648;645;3.492
648;651;3.262
648;652;2.968
649;645;2.981
649;646;3.286
649;652;3.058
649;653;3.195
649;1042;3.934
649;1045;3.494
649;1069;3.677
649;1076;3.888
650;646;3.029
650;647;3.195
650;656;2.915
650;1046;3.511
651;647;3.031
651;648;3.262
651;654;3.084
651;657;3.751
651;676;3.668
651;679;3.572
651;680;3.977
652;601;3.912
652;648;2.968
652;649;3.058
652;683;3.787
653;649;3.195
653;1042;3.502
654;651;3.084
655;221;3.763
656;216;3.572
656;221;3.447
656;222;3.579
656;650;2.915
656;1047;3.817
657;647;3.863
657;651;3.751
657;660;3.526
657;676;3.347
658;633;3.922
658;1047;3.548
659;632;2.831
660;620;3.801
660;632;3.577
660;634;3.589
660;638;4.058
660;657;3.526
660;669;3.219
660;672;3.457
661;620;3.345
661;621;3.529
661;623;4.103
661;665;3.373
661;669;2.966
662;621;2.932
662;623;2.771
662;669;3.638
663;1004;3.312
664;623;3.646
665;661;3.373
665;668;2.762
665;669;3.052
666;670;2.949
667;670;3.351
667;671;2.99
668;620;2.781
668;665;2.762
668;671;3.222
668;672;3.06
669;660;3.219
669;661;2.966
669;662;3.638
669;665;3.052
669;672;3.058
669;673;2.896
670;666;2.949
670;667;3.351
670;673;3.172
670;674;3.024
671;616;4.04
671;667;2.99
671;668;3.222
672;616;3.421
672;620;3.562
672;660;3.457
672;668;3.06
672;669;3.058
672;675;3.001
672;676;2.94
673;212;3.799
673;669;2.896
673;670;3.172
673;676;3.343
673;677;2.955
674;670;3.024
674;677;3.47
674;678;3.009
675;616;4.022
675;672;3.001
675;678;3.304
675;679;2.941
676;651;3.668
676;657;3.347
676;672;2.94
676;673;3.343
676;679;3.457
676;680;3.008
677;215;3.466
677;673;2.955
677;674;3.47
677;680;3.393
677;681;2.997
678;608;4.051
678;674;3.009
678;675;3.304
678;681;3.441
678;682;2.985
679;608;3.546
679;651;3.572
679;675;2.941
679;676;3.457
679;683;2.953
680;215;4.075
680;219;3.656
680;651;3.977
680;676;3.008
680;677;3.393
680;684;2.927
681;215;3.885
681;677;2.997
681;678;3.441
681;684;3.403
681;685;3.024
682;604;3.708
682;608;3.892
682;678;2.985
682;685;3.439
682;686;2.986
683;652;3.787
683;679;2.953
683;686;3.221
683;687;2.936
684;680;2.927
684;681;3.403
684;687;3.288
684;688;2.979
685;114;3.824
685;681;3.024
685;682;3.439
685;689;3.033
686;682;2.986
686;683;3.221
686;689;3.338
686;690;2.919
687;683;2.936
687;684;3.288
687;690;3.156
687;691;3.071
688;255;3.762
688;256;3.722
688;684;2.979
688;691;3.448
688;692;3.01
689;597;3.47
689;685;3.033
689;686;3.338
689;693;2.916
690;594;3.532
690;597;3.874
690;686;2.919
690;687;3.156
690;693;3.388
690;694;3.126
690;1084;3.345
691;256;3.663
691;260;3.703
691;687;3.071
691;688;3.448
691;694;3.456
691;695;2.942
691;1084;3.549
691;1087;3.756
691;1366;6.366
692;259;3.753
692;260;3.928
692;263;3.651
692;688;3.01
692;696;2.959
693;689;2.916
693;690;3.388
693;697;3.062
694;590;3.776
694;593;3.866
694;690;3.126
694;691;3.456
694;697;3.341
694;698;3.016
694;1084;3.622
694;1085;3.745
694;1088;3.506
695;260;3.446
695;691;2.942
695;698;3.421
695;699;2.969
695;1088;4.006
695;1091;3.437
696;692;2.959
696;699;3.307
696;700;3.028
697;693;3.062
697;694;3.341
697;700;3.017
697;701;3.106
698;694;3.016
698;695;3.421
698;701;2.978
698;702;3.005
698;1088;3.442
698;1092;3.532
699;264;6.267
699;695;2.969
699;696;3.307
699;703;3.474
699;1092;3.648
699;1095;3.177
700;696;3.028
700;697;3.017
700;703;3.692
701;697;3.106
701;698;2.978
702;300;2.794
702;698;3.005
702;1092;3.587
703;699;3.474
703;700;3.692
704;1095;3.417
704;1099;3.823
705;282;3.653
706;720;3.849
706;1099;3.862
706;1102;3.601
707;270;3.712
707;1099;2.88
708;1099;2.724
708;1101;2.647
708;1102;3.806
709;718;3.764
709;722;3.6
710;713;3.709
710;714;3.494
711;1112;3.646
712;1115;2.84
713;710;3.709
713;1113;3.903
713;1379;3.555
714;710;3.494
715;716;3.249
716;715;3.249
717;290;2.661
718;709;3.764
718;722;3.544
719;271;4.02
719;280;3.612
720;706;3.849
720;1102;3.915
721;725;2.919
722;709;3.6
722;718;3.544
722;1102;3.752
722;1104;3.603
723;1104;3.755
724;729;3.579
725;293;3.859
725;721;2.919
726;729;3.142
726;734;2.68
727;292;3.612
728;737;3.823
729;724;3.579
729;726;3.142
730;744;2.972
730;745;2.808
731;733;3.801
732;315;2.713
732;735;3.727
733;731;3.801
734;726;2.68
735;732;3.727
736;323;2.688
736;325;2.875
737;728;3.823
738;321;2.719
738;325;2.645
739;741;3.822
740;743;2.937
741;739;3.822
742;744;2.919
743;740;2.937
744;730;2.972
744;742;2.919
745;730;2.808
746;749;3.737
747;749;3.531
748;750;3.049
749;746;3.737
749;747;3.531
750;748;3.049
750;754;3.616
751;754;3.153
752;755;2.96
753;756;2.833
754;750;3.616
754;751;3.153
755;752;2.96
756;753;2.833
757;760;2.944
758;759;2.923
758;760;2.862
759;758;2.923
760;757;2.944
760;758;2.862
761;764;3.012
761;765;2.996
762;765;3.362
762;766;2.681
763;766;3.487
763;767;2.884
764;761;3.012
765;761;2.996
765;762;3.362
766;762;2.681
766;763;3.487
767;763;2.884
767;768;2.997
767;769;3.508
767;770;3.796
768;767;2.997
769;767;3.508
769;773;3.712
770;767;3.796
770;772;3.22
771;773;2.987
772;770;3.22
773;769;3.712
773;771;2.987
773;774;2.984
774;773;2.984
774;777;3.994
775;776;2.954
776;775;2.954
777;774;3.994
778;779;3.724
779;778;3.724
780;783;2.887
781;800;3.834
782;796;3.959
782;797;2.677
782;800;3.961
783;780;2.887
784;799;4.008
785;790;3.036
785;798;3.351
786;788;2.964
786;789;2.948
786;798;3.871
787;791;3.297
788;786;2.964
788;791;3.298
789;786;2.948
789;791;3.022
790;785;3.036
790;791;2.8
790;792;3.548
791;787;3.297
791;788;3.298
791;789;3.022
791;790;2.8
792;790;3.548
792;794;3.57
793;794;3.014
794;792;3.57
794;793;3.014
794;795;3.042
795;794;3.042
796;782;3.959
797;782;2.677
797;800;2.814
798;785;3.351
798;786;3.871
799;784;4.008
800;781;3.834
800;782;3.961
800;797;2.814
801;802;3.052
802;801;3.052
803;807;3.943
803;808;3.348
804;808;2.931
805;806;3.918
805;807;3.831
805;808;2.922
805;810;3.524
805;811;3.064
806;805;3.918
806;809;3.208
806;810;3.466
807;803;3.943
807;805;3.831
808;803;3.348
808;804;2.931
808;805;2.922
808;811;3.112
809;806;3.208
809;812;3.139
810;805;3.524
810;806;3.466
811;805;3.064
811;808;3.112
812;809;3.139
812;815;3.798
813;818;3.45
814;817;3.152
814;818;3.02
815;812;3.798
816;822;4.0
817;814;3.152
817;820;2.991
817;821;3.711
817;822;3.699
818;813;3.45
818;814;3.02
819;826;3.923
820;817;2.991
820;823;3.043
821;817;3.711
821;824;2.97
821;827;3.093
822;816;4.0
822;817;3.699
823;820;3.043
823;826;2.996
824;821;2.97
824;827;3.229
825;833;3.681
826;819;3.923
826;823;2.996
827;821;3.093
827;824;3.229
827;830;2.888
828;829;2.95
829;828;2.95
829;831;2.88
829;832;2.836
830;827;2.888
831;829;2.88
832;829;2.836
832;834;3.069
832;835;3.053
833;825;3.681
834;832;3.069
835;832;3.053
836;840;3.935
837;840;2.742
837;896;2.769
837;897;3.934
838;841;3.091
838;844;3.954
838;893;4.011
839;844;3.86
839;890;3.753
839;893;3.387
839;894;3.453
840;836;3.935
840;837;2.742
841;838;3.091
841;844;2.91
841;845;2.955
842;846;3.047
843;847;2.911
844;838;3.954
844;839;3.86
844;841;2.91
844;847;3.208
844;848;2.948
845;841;2.955
845;848;3.429
845;849;3.175
845;953;3.186
846;842;3.047
846;849;3.424
846;850;3.007
847;843;2.911
847;844;3.208
847;850;3.291
847;851;2.927
848;844;2.948
848;845;3.429
848;851;3.36
848;852;2.957
848;887;3.737
848;890;3.784
849;845;3.175
849;846;3.424
849;852;3.36
849;853;2.959
849;953;3.433
850;846;3.007
850;847;3.291
850;853;3.229
850;854;2.979
851;847;2.927
851;848;3.36
851;855;2.961
851;887;3.979
852;848;2.957
852;849;3.36
852;856;2.9
852;883;3.942
852;887;3.38
852;946;3.701
852;950;3.764
853;849;2.959
853;850;3.229
853;856;3.153
853;857;2.988
854;850;2.979
854;857;3.138
854;858;3.015
855;851;2.961
855;858;3.43
855;859;2.953
855;946;3.679
856;852;2.9
856;853;3.153
856;860;2.981
857;853;2.988
857;854;3.138
857;860;3.417
857;861;2.968
858;854;3.015
858;855;3.43
858;861;3.045
858;862;3.301
859;855;2.953
859;944;3.936
860;856;2.981
860;857;3.417
860;864;3.367
860;1274;3.996
861;857;2.968
861;858;3.045
861;864;3.05
861;865;3.025
861;868;3.564
861;872;3.71
861;876;3.835
862;858;3.301
862;869;2.742
862;937;2.691
863;866;3.246
863;869;2.665
863;1277;3.382
863;1331;3.027
864;860;3.367
864;861;3.05
864;1297;3.775
865;861;3.025
865;868;2.969
865;869;3.036
866;863;3.246
866;869;3.228
866;870;3.02
867;870;2.638
868;861;3.564
868;865;2.969
868;871;3.295
868;872;2.978
869;862;2.742
869;863;2.665
869;865;3.036
869;866;3.228
869;873;3.035
869;1330;3.906
870;866;3.02
870;867;2.638
870;1332;3.434
871;868;3.295
872;861;3.71
872;868;2.978
872;875;3.111
872;876;3.036
873;869;3.035
873;877;2.795
874;878;3.017
875;872;3.111
875;878;3.365
875;879;2.982
876;861;3.835
876;872;3.036
876;879;3.061
876;880;3.264
877;873;2.795
877;880;2.979
877;881;3.028
877;937;2.836
877;940;3.783
878;874;3.017
878;875;3.365
878;881;2.9
878;882;2.949
879;875;2.982
879;876;3.061
879;883;2.931
880;876;3.264
880;877;2.979
880;884;2.981
880;940;3.937
880;943;3.747
881;877;3.028
881;878;2.9
881;884;3.364
881;885;3.037
882;878;2.949
882;885;3.481
882;886;2.981
883;852;3.942
883;879;2.931
883;886;3.287
883;887;2.944
883;943;3.993
883;946;3.559
884;880;2.981
884;881;3.364
884;888;2.957
884;943;3.754
885;881;3.037
885;882;3.481
885;889;3.022
886;882;2.981
886;883;3.287
886;890;2.943
887;848;3.737
887;851;3.979
887;852;3.38
887;883;2.944
887;891;3.006
887;949;3.662
888;884;2.957
888;891;3.368
888;892;2.967
888;916;4.009
888;920;3.708
889;885;3.022
889;892;3.373
889;893;2.96
890;839;3.753
890;848;3.784
890;886;2.943
890;893;3.471
890;894;2.739
890;949;3.606
891;887;3.006
891;888;3.368
891;894;3.464
891;895;2.957
891;913;3.873
892;888;2.967
892;889;3.373
892;895;4.032
892;896;3.005
893;838;4.011
893;839;3.387
893;889;2.96
893;890;3.471
893;896;3.418
893;897;2.997
894;839;3.453
894;890;2.739
894;891;3.464
894;897;3.252
894;898;3.098
894;903;3.888
894;909;4.046
894;912;2.675
895;891;2.957
895;892;4.032
895;898;3.002
895;899;2.938
895;900;3.756
895;903;6.425
895;904;3.663
896;837;2.769
896;892;3.005
896;893;3.418
897;837;3.934
897;893;2.997
897;894;3.252
898;894;3.098
898;895;3.002
898;902;2.867
898;903;4.003
898;906;3.855
898;909;3.649
899;895;2.938
899;903;2.996
900;895;3.756
900;903;3.46
900;904;3.002
901;904;2.776
901;905;2.798
902;898;2.867
903;894;3.888
903;895;6.425
903;898;4.003
903;899;2.996
903;900;3.46
903;906;3.044
903;909;3.64
903;913;3.71
904;895;3.663
904;900;3.002
904;901;2.776
904;910;3.598
904;913;3.637
905;901;2.798
906;898;3.855
906;903;3.044
906;909;3.104
906;910;2.957
907;910;3.43
907;911;2.973
908;911;3.357
908;912;3.003
908;958;3.802
908;961;3.828
909;894;4.046
909;898;3.649
909;903;3.64
909;906;3.104
909;912;3.137
909;913;2.988
910;904;3.598
910;906;2.957
910;907;3.43
910;913;3.969
910;914;2.983
911;907;2.973
911;908;3.357
911;914;3.132
912;894;2.675
912;908;3.003
912;909;3.137
912;949;2.943
912;952;2.771
913;891;3.873
913;903;3.71
913;904;3.637
913;909;2.988
913;910;3.969
913;916;3.031
913;917;2.975
914;910;2.983
914;911;3.132
914;918;3.028
915;949;3.777
916;888;4.009
916;913;3.031
916;919;3.338
916;920;3.097
917;913;2.975
917;920;2.82
917;921;2.907
918;914;3.028
918;922;2.956
918;942;3.727
919;916;3.338
919;922;3.927
919;923;3.052
919;943;2.823
920;888;3.708
920;916;3.097
920;917;2.82
920;923;3.331
920;924;2.986
921;917;2.907
921;924;3.16
921;925;2.991
922;918;2.956
922;919;3.927
922;925;3.429
922;926;2.971
923;919;3.052
923;920;3.331
923;926;3.275
923;927;2.98
923;936;3.739
924;920;2.986
924;921;3.16
924;927;3.135
924;928;2.932
925;921;2.991
925;922;3.429
925;928;3.1
925;929;2.964
926;922;2.971
926;923;3.275
926;931;3.045
926;935;3.299
926;936;3.396
926;939;3.636
927;923;2.98
927;924;3.135
927;930;2.993
928;924;2.932
928;925;3.1
929;925;2.964
930;927;2.993
931;926;3.045
932;935;3.819
932;936;3.145
933;936;3.981
933;937;3.002
934;937;2.721
934;938;3.198
935;926;3.299
935;932;3.819
935;939;2.995
936;923;3.739
936;926;3.396
936;932;3.145
936;933;3.981
936;940;2.979
937;862;2.691
937;877;2.836
937;933;3.002
937;934;2.721
937;1329;3.824
938;934;3.198
938;941;3.07
938;1279;3.893
938;1326;2.997
938;1327;3.549
938;1328;3.14
939;926;3.636
939;935;2.995
940;877;3.783
940;880;3.937
940;936;2.979
940;943;2.731
941;938;3.07
941;944;2.763
941;945;3.302
941;1275;3.62
942;918;3.727
942;945;2.973
943;880;3.747
943;883;3.993
943;884;3.754
943;919;2.823
943;940;2.731
943;946;2.86
944;859;3.936
944;941;2.763
945;941;3.302
945;942;2.973
945;948;3.027
945;949;3.005
945;1271;3.781
946;852;3.701
946;855;3.679
946;883;3.559
946;943;2.86
946;949;2.985
946;950;3.161
947;950;2.952
947;1271;3.59
948;945;3.027
948;951;2.769
948;1271;3.809
949;887;3.662
949;890;3.606
949;912;2.943
949;915;3.777
949;945;3.005
949;946;2.985
949;952;2.898
950;852;3.764
950;946;3.161
950;947;2.952
950;953;2.985
