source;destination;distance
0;3;2.784
1;47;3.605
2;7;3.569
2;48;3.675
3;0;2.784
4;7;3.249
4;8;2.975
5;9;2.97
6;10;2.975
7;2;3.569
7;4;3.249
7;10;3.125
7;11;2.965
7;43;4.037
7;47;3.741
8;4;2.975
8;11;3.495
8;12;2.989
9;5;2.97
9;13;2.932
10;6;2.975
10;7;3.125
10;14;2.949
11;7;2.965
11;8;3.495
11;14;3.415
11;15;3.021
11;44;3.594
12;8;2.989
12;16;2.985
12;104;3.89
13;9;2.932
13;16;3.366
13;17;2.939
14;10;2.949
14;11;3.415
14;18;3.011
14;37;3.641
14;40;4.024
15;11;3.021
15;19;2.988
15;37;3.768
15;99;3.854
15;100;3.613
16;12;2.985
16;13;3.366
16;19;3.143
16;20;3.087
17;13;2.939
17;20;3.331
17;21;2.986
18;14;3.011
18;22;2.966
18;37;3.126
18;96;3.631
19;15;2.988
19;16;3.143
19;22;3.152
19;97;3.538
19;611;3.571
20;16;3.087
20;17;3.331
21;17;2.986
21;24;2.981
21;30;3.603
21;33;3.402
22;18;2.966
22;19;3.152
22;93;4.012
23;611;3.762
24;21;2.981
24;27;3.954
25;618;3.24
25;645;3.706
25;646;3.276
26;30;3.845
27;24;3.954
27;30;2.842
28;31;2.707
28;32;3.038
29;32;3.331
29;33;2.972
30;21;3.603
30;26;3.845
30;27;2.842
30;33;3.397
30;34;3.001
31;28;2.707
31;34;3.468
31;35;3.003
32;28;3.038
32;29;3.331
32;36;3.003
33;21;3.402
33;29;2.972
33;30;3.397
33;36;3.222
33;37;2.945
34;30;3.001
34;31;3.468
34;37;3.375
34;38;2.933
34;93;2.819
34;96;2.948
35;31;3.003
35;38;3.309
35;39;2.961
35;81;3.938
36;32;3.003
36;33;3.222
36;39;3.355
36;40;3.001
37;14;3.641
37;15;3.768
37;18;3.126
37;33;2.945
37;34;3.375
37;40;2.99
37;41;2.863
37;96;3.428
38;34;2.933
38;35;3.309
38;41;4.015
38;42;2.989
38;80;2.769
39;35;2.961
39;36;3.355
39;42;3.206
39;43;2.982
40;14;4.024
40;36;3.001
40;37;2.99
40;43;3.482
40;44;2.909
41;37;2.863
41;38;4.015
41;45;2.952
41;73;3.46
41;99;3.514
42;38;2.989
42;39;3.206
42;45;3.302
42;46;2.968
43;7;4.037
43;39;2.982
43;40;3.482
43;46;3.389
43;47;3.058
44;11;3.594
44;40;2.909
44;47;3.252
44;48;2.839
44;99;2.653
45;41;2.952
45;42;3.302
45;49;2.985
45;56;3.951
45;73;3.933
46;42;2.968
46;43;3.389
46;50;3.068
46;51;4.02
47;1;3.605
47;7;3.741
47;43;3.058
47;44;3.252
48;2;3.675
48;44;2.839
48;66;3.222
48;69;2.67
49;45;2.985
49;59;3.835
49;66;3.688
50;46;3.068
50;53;3.067
50;55;3.653
51;46;4.02
52;55;3.694
52;58;3.463
53;50;3.067
53;56;2.987
54;57;2.99
55;50;3.653
55;52;3.694
55;58;3.001
56;45;3.951
56;53;2.987
56;59;3.043
56;70;3.981
57;54;2.99
57;60;3.016
57;70;4.026
58;52;3.463
58;55;3.001
58;61;3.033
59;49;3.835
59;56;3.043
59;62;2.983
59;63;3.757
59;66;3.498
59;67;3.96
59;70;3.802
60;57;3.016
60;67;3.92
61;58;3.033
62;59;2.983
63;59;3.757
63;67;2.912
64;67;3.409
64;68;3.036
65;68;3.044
65;69;3.047
65;102;3.428
65;108;3.293
65;111;3.834
66;48;3.222
66;49;3.688
66;59;3.498
66;69;3.781
66;70;2.984
67;59;3.96
67;60;3.92
67;63;2.912
67;64;3.409
67;70;3.485
67;71;2.962
68;64;3.036
68;65;3.044
68;72;3.004
68;101;3.877
69;48;2.67
69;65;3.047
69;66;3.781
69;72;3.348
69;73;2.916
69;99;3.132
69;102;2.82
70;56;3.981
70;57;4.026
70;59;3.802
70;66;2.984
70;67;3.485
70;73;3.275
70;74;3.002
71;67;2.962
71;74;3.409
71;75;2.987
72;68;3.004
72;69;3.348
72;76;2.924
72;95;3.559
73;41;3.46
73;45;3.933
73;69;2.916
73;70;3.275
73;76;3.487
73;77;2.915
74;70;3.002
74;71;3.409
74;77;3.337
74;78;3.007
75;71;2.987
75;78;3.449
75;79;2.982
75;89;3.535
75;92;3.312
76;72;2.924
76;73;3.487
76;79;2.998
76;80;2.869
77;73;2.915
77;74;3.337
77;81;2.975
78;74;3.007
78;75;3.449
78;82;3.002
79;75;2.982
79;76;2.998
79;83;3.958
79;89;2.744
80;38;2.769
80;76;2.869
80;96;3.56
81;35;3.938
81;77;2.975
82;78;3.002
82;84;2.987
83;79;3.958
83;90;2.897
83;93;3.615
84;82;2.987
85;89;3.712
86;89;3.171
87;90;2.855
87;91;3.179
87;620;3.898
88;91;3.103
89;75;3.535
89;79;2.744
89;85;3.712
89;86;3.171
89;92;3.001
90;83;2.897
90;87;2.855
91;87;3.179
91;88;3.103
91;94;2.999
91;619;3.455
91;620;3.833
92;75;3.312
92;89;3.001
92;95;2.87
93;22;4.012
93;34;2.819
93;83;3.615
93;96;2.883
94;91;2.999
94;97;2.958
94;612;4.024
94;615;3.593
94;616;3.67
95;72;3.559
95;92;2.87
95;98;3.072
95;99;3.027
96;18;3.631
96;34;2.948
96;37;3.428
96;80;3.56
96;93;2.883
97;19;3.538
97;94;2.958
97;100;3.036
98;95;3.072
98;101;2.929
98;612;3.925
99;15;3.854
99;41;3.514
99;44;2.653
99;69;3.132
99;95;3.027
99;102;2.947
100;15;3.613
100;97;3.036
100;103;2.987
100;104;2.948
100;107;3.603
100;608;3.535
101;68;3.877
101;98;2.929
101;111;3.893
102;65;3.428
102;69;2.82
102;99;2.947
102;108;2.83
103;100;2.987
104;12;3.89
104;100;2.948
104;108;2.981
105;108;3.3
105;109;2.955
106;110;3.112
106;601;3.343
107;100;3.603
107;110;3.38
107;111;3.002
107;605;3.713
108;65;3.293
108;102;2.83
108;104;2.981
108;105;3.3
108;111;3.47
108;112;2.984
109;105;2.955
109;112;3.103
109;113;3.015
110;106;3.112
110;107;3.38
110;113;3.091
110;114;2.999
110;601;3.293
111;65;3.834
111;101;3.893
111;107;3.002
111;108;3.47
111;114;3.284
111;115;3.041
112;108;2.984
112;109;3.103
112;115;3.443
112;116;3.004
113;109;3.015
113;110;3.091
113;116;3.211
113;117;3.039
114;110;2.999
114;111;3.284
114;117;3.118
114;118;3.281
114;690;3.819
115;111;3.041
115;112;3.443
115;118;2.974
116;112;3.004
116;113;3.211
116;119;2.813
116;263;3.832
117;113;3.039
117;114;3.118
117;120;3.086
117;121;3.011
118;114;3.281
118;115;2.974
118;122;3.01
119;116;2.813
119;122;3.49
119;267;2.716
120;117;3.086
120;123;3.475
120;263;3.877
120;266;2.649
120;267;2.793
121;117;3.011
121;124;3.335
121;125;2.928
121;260;3.994
122;118;3.01
122;119;3.49
122;126;2.972
123;120;3.475
123;126;3.246
123;127;3.123
123;1247;3.47
123;1248;2.889
124;121;3.335
124;127;3.416
124;128;3.176
124;252;3.624
124;1251;4.02
125;121;2.928
125;128;3.342
125;129;2.919
126;122;2.972
126;123;3.246
126;129;3.306
126;130;2.983
127;123;3.123
127;124;3.416
127;130;3.94
127;131;2.968
127;1242;3.998
127;1248;3.992
127;1251;3.8
128;124;3.176
128;125;3.342
128;131;3.34
128;132;2.895
128;252;3.479
129;125;2.919
129;126;3.306
129;132;3.49
129;133;3.015
130;126;2.983
130;127;3.94
130;133;3.42
130;134;2.941
130;1238;3.699
130;1241;3.419
130;1242;3.628
131;127;2.968
131;128;3.34
131;135;2.878
132;128;2.895
132;129;3.49
132;136;2.971
132;212;3.694
132;215;3.931
133;129;3.015
133;130;3.42
133;136;3.139
133;137;3.031
134;130;2.941
134;137;3.262
134;138;2.963
134;1149;3.75
134;1238;3.866
135;131;2.878
135;139;2.924
135;215;3.562
135;241;3.676
135;245;3.869
135;248;4.037
136;132;2.971
136;133;3.139
136;140;2.991
136;208;3.607
136;212;3.956
137;133;3.031
137;134;3.262
137;140;3.464
137;141;3.147
137;1235;3.983
138;134;2.963
138;141;3.176
138;142;3.446
138;241;3.721
138;1232;3.612
138;1235;3.886
139;135;2.924
139;143;2.998
139;205;3.662
140;136;2.991
140;137;3.464
140;143;3.203
140;144;3.004
140;206;3.564
141;137;3.147
141;138;3.176
141;1232;3.788
141;1235;3.357
142;138;3.446
142;155;3.335
142;1228;3.756
142;1232;3.404
143;139;2.998
143;140;3.203
143;153;3.702
143;238;3.611
143;241;3.576
143;242;3.798
144;140;3.004
144;147;3.969
144;153;4.014
144;154;3.603
144;205;3.907
145;205;3.072
146;149;3.169
146;201;3.728
146;231;3.665
147;144;3.969
147;153;3.805
147;202;3.316
147;206;3.723
148;152;3.428
148;233;2.869
149;146;3.169
149;202;2.913
149;1009;5.379
150;163;2.846
150;166;2.887
151;159;3.4
151;161;3.802
151;162;3.914
151;163;4.124
151;164;3.879
152;148;3.428
152;155;3.171
152;159;3.592
153;143;3.702
153;144;4.014
153;147;3.805
154;144;3.603
154;159;2.838
155;142;3.335
155;152;3.171
156;1224;3.735
156;1225;3.894
157;159;3.828
157;160;3.55
158;164;3.571
159;151;3.4
159;152;3.592
159;154;2.838
159;157;3.828
159;164;3.923
160;157;3.55
161;151;3.802
162;151;3.914
163;150;2.846
163;151;4.124
163;165;3.035
164;151;3.879
164;158;3.571
164;159;3.923
165;163;3.035
166;150;2.887
167;170;2.828
168;171;2.96
169;172;3.737
170;167;2.828
170;173;3.938
171;168;2.96
171;176;2.779
172;169;3.737
172;189;3.96
172;196;3.837
173;170;3.938
173;183;3.31
174;179;2.725
174;183;3.724
174;184;3.088
175;177;3.084
175;178;2.878
176;171;2.779
176;183;3.559
177;175;3.084
178;175;2.878
179;174;2.725
180;182;2.941
180;183;3.828
181;185;3.758
182;180;2.941
183;173;3.31
183;174;3.724
183;176;3.559
183;180;3.828
184;174;3.088
185;181;3.758
186;190;3.018
187;191;3.649
188;191;3.013
188;194;3.597
189;172;3.96
189;195;2.698
190;186;3.018
190;671;3.421
191;187;3.649
191;188;3.013
191;207;3.251
191;209;3.451
192;210;3.561
192;671;3.623
193;668;3.855
193;671;3.691
193;674;3.973
194;188;3.597
195;189;2.698
195;199;3.91
195;669;4.027
195;670;3.048
195;671;3.827
196;172;3.837
197;669;3.554
198;629;3.639
198;669;3.471
199;195;3.91
200;202;3.995
200;668;3.209
201;146;3.728
202;147;3.316
202;149;2.913
202;200;3.995
203;210;3.205
204;210;3.536
204;228;3.682
205;139;3.662
205;144;3.907
205;145;3.072
205;211;3.38
205;214;3.37
205;215;3.846
205;228;3.337
205;242;4.022
206;140;3.564
206;147;3.723
206;210;3.536
207;191;3.251
207;210;2.838
207;211;2.917
208;136;3.607
208;211;3.468
208;212;2.95
209;191;3.451
209;213;2.994
210;192;3.561
210;203;3.205
210;204;3.536
210;206;3.536
210;207;2.838
210;213;3.351
210;214;2.927
211;205;3.38
211;207;2.917
211;208;3.468
211;214;3.322
211;215;2.934
212;132;3.694
212;136;3.956
212;208;2.95
212;216;2.941
213;209;2.994
213;210;3.351
213;216;3.068
213;217;2.972
213;678;3.824
214;205;3.37
214;210;2.927
214;211;3.322
214;217;3.367
214;218;2.94
215;132;3.931
215;135;3.562
215;205;3.846
215;211;2.934
215;218;3.428
215;219;2.937
216;212;2.941
216;213;3.068
216;219;3.252
216;220;2.942
216;682;3.478
216;686;3.822
217;213;2.972
217;214;3.367
217;221;2.964
217;222;2.843
217;223;3.897
217;661;3.353
218;214;2.94
218;215;3.428
218;221;3.126
218;224;3.614
218;242;3.847
218;245;3.726
218;246;3.726
219;215;2.937
219;216;3.252
220;216;2.942
220;685;3.607
221;217;2.964
221;218;3.126
221;1313;3.13
221;1315;3.013
222;217;2.843
222;660;3.796
222;661;3.443
223;217;3.897
223;226;3.697
223;227;3.064
223;661;3.648
223;1310;3.704
223;1320;3.885
224;218;3.614
224;228;3.041
224;229;3.099
224;243;3.958
224;246;3.296
224;1306;3.756
224;1309;3.666
224;1310;3.302
225;228;3.404
225;229;3.086
225;230;3.031
225;1306;3.621
225;1310;3.551
225;1345;3.452
225;1346;2.776
225;1347;3.051
226;223;3.697
226;1320;3.582
226;1347;3.172
227;223;3.064
228;204;3.682
228;205;3.337
228;224;3.041
228;225;3.404
228;238;2.853
228;242;3.939
229;224;3.099
229;225;3.086
229;231;2.92
229;239;3.358
229;1306;3.143
229;1345;3.454
230;225;3.031
230;1296;3.788
230;1345;3.496
231;146;3.665
231;229;2.92
231;234;2.934
231;235;3.053
231;238;3.546
232;235;3.087
232;1303;3.747
232;1341;2.856
232;1344;3.572
233;148;2.869
234;231;2.934
234;238;3.04
235;231;3.053
235;232;3.087
235;238;2.957
235;239;2.95
235;1342;3.797
235;1343;3.777
236;239;3.428
236;240;2.957
236;1340;2.865
236;1342;2.719
237;1225;3.901
237;1228;3.615
237;1229;3.39
237;1342;2.969
238;143;3.611
238;228;2.853
238;231;3.546
238;234;3.04
238;235;2.957
238;241;3.03
238;242;3.376
239;229;3.358
239;235;2.95
239;236;3.428
239;242;3.405
239;243;2.954
239;1306;3.419
239;1343;3.898
239;1344;3.843
240;236;2.957
240;244;2.972
241;135;3.676
241;138;3.721
241;143;3.576
241;238;3.03
241;244;3.138
241;245;2.962
242;143;3.798
242;205;4.022
242;218;3.847
242;228;3.939
242;238;3.376
242;239;3.405
242;245;3.172
242;246;2.966
243;224;3.958
243;239;2.954
243;246;3.191
243;247;2.967
243;1309;3.963
244;240;2.972
244;241;3.138
244;248;2.939
245;135;3.869
245;218;3.726
245;241;2.962
245;242;3.172
245;249;2.898
246;218;3.726
246;224;3.296
246;242;2.966
246;243;3.191
246;250;2.953
246;1309;3.442
247;243;2.967
247;251;2.953
247;1309;3.488
248;135;4.037
248;244;2.939
248;252;2.923
249;245;2.898
249;253;2.942
250;246;2.953
250;253;3.447
250;254;2.985
251;247;2.953
251;254;3.425
251;255;2.94
251;1255;3.683
251;1262;3.638
252;124;3.624
252;128;3.479
252;248;2.923
252;255;3.172
252;256;2.879
253;249;2.942
253;250;3.447
253;256;3.358
253;257;2.961
254;250;2.985
254;251;3.425
254;257;3.838
254;258;2.997
254;1373;3.786
255;251;2.94
255;252;3.172
255;258;3.636
255;259;2.895
255;1251;3.159
255;1254;3.803
256;252;2.879
256;253;3.358
256;259;3.134
256;260;2.953
256;693;3.613
257;253;2.961
257;254;3.838
257;261;3.085
257;693;3.742
257;696;3.676
257;1370;3.53
258;254;2.997
258;255;3.636
258;262;2.925
258;1373;3.998
258;1374;3.961
258;1377;3.5
259;255;2.895
259;256;3.134
259;263;2.939
260;121;3.994
260;256;2.953
260;263;3.296
260;264;3.091
260;697;3.805
261;257;3.085
261;264;3.253
261;265;3.076
261;696;3.66
261;697;4.0
261;700;3.448
261;1374;3.487
262;258;2.925
262;266;2.896
263;116;3.832
263;120;3.877
263;259;2.939
263;260;3.296
263;267;3.003
264;260;3.091
264;261;3.253
264;268;3.094
264;697;3.689
265;261;3.076
265;268;2.959
265;269;2.859
265;701;3.968
265;704;5.828
265;1098;6.058
265;1378;3.836
266;120;2.649
266;262;2.896
266;269;3.004
266;270;3.58
267;119;2.716
267;120;2.793
267;263;3.003
267;277;2.811
268;264;3.094
268;265;2.959
268;276;4.016
268;277;2.761
268;278;3.002
269;265;2.859
269;266;3.004
269;276;3.434
269;278;3.811
269;280;3.048
270;266;3.58
270;275;2.708
270;276;2.76
271;280;3.687
272;274;2.984
273;280;3.488
273;281;3.945
274;272;2.984
275;270;2.708
276;268;4.016
276;269;3.434
276;270;2.76
277;267;2.811
277;268;2.761
278;268;3.002
278;269;3.811
279;282;2.8
280;269;3.048
280;271;3.687
280;273;3.488
280;283;2.987
281;273;3.945
282;279;2.8
282;285;2.982
283;280;2.987
283;710;4.104
284;286;2.944
284;292;3.85
285;282;2.982
286;284;2.944
286;289;2.754
286;712;3.999
287;290;2.858
287;291;2.683
287;297;3.737
287;298;3.951
287;300;3.889
288;291;2.991
288;292;2.964
288;296;3.996
288;713;2.825
288;714;2.838
288;1108;3.765
289;286;2.754
289;292;3.043
290;287;2.858
291;287;2.683
291;288;2.991
291;297;3.447
291;298;3.403
292;284;3.85
292;288;2.964
292;289;3.043
292;296;3.929
293;294;3.067
294;293;3.067
295;1109;4.101
296;288;3.996
296;292;3.929
297;287;3.737
297;291;3.447
298;287;3.951
298;291;3.403
299;302;3.475
299;315;2.666
300;287;3.889
300;302;3.868
300;712;4.03
301;708;3.744
302;299;3.475
302;300;3.868
302;708;3.442
302;712;3.791
303;707;2.928
303;708;3.426
303;1096;3.498
303;1099;3.724
304;1096;3.576
304;1099;3.687
304;1100;3.659
305;313;3.191
306;308;2.717
306;313;3.721
307;311;2.709
308;306;2.717
308;971;3.746
309;967;3.456
310;311;2.78
311;307;2.709
311;310;2.78
312;318;3.944
313;305;3.191
313;306;3.721
313;316;3.111
314;319;3.88
315;299;2.666
316;313;3.111
316;323;3.969
317;320;2.99
317;323;3.814
318;312;3.944
319;314;3.88
320;317;2.99
320;323;3.859
321;330;3.106
321;331;2.842
321;332;3.989
322;325;3.029
323;316;3.969
323;317;3.814
323;320;3.859
324;718;2.823
325;322;3.029
326;330;3.463
326;332;3.055
326;333;2.857
326;334;2.674
327;330;2.883
327;334;3.605
327;335;3.829
327;717;3.689
328;335;3.841
328;730;3.724
329;332;2.913
329;334;2.734
329;335;2.785
330;321;3.106
330;326;3.463
330;327;2.883
330;716;2.967
331;321;2.842
332;321;3.989
332;326;3.055
332;329;2.913
333;326;2.857
333;338;2.912
334;326;2.674
334;327;3.605
334;329;2.734
334;337;3.012
334;338;3.196
335;327;3.829
335;328;3.841
335;329;2.785
335;729;2.735
335;730;3.708
336;339;3.977
337;334;3.012
338;333;2.912
338;334;3.196
339;336;3.977
340;455;2.854
340;456;2.871
341;343;3.97
342;448;3.128
342;452;4.013
343;341;3.97
343;448;2.916
343;449;3.793
344;448;2.808
345;448;2.634
346;351;2.851
346;446;3.829
347;349;2.925
347;350;3.379
347;351;3.118
348;352;3.582
349;347;2.925
350;347;3.379
350;356;4.009
351;346;2.851
351;347;3.118
351;354;3.781
351;355;3.766
352;348;3.582
353;354;3.055
354;351;3.781
354;353;3.055
354;445;2.844
354;449;2.713
355;351;3.766
356;350;4.009
357;363;3.674
358;363;3.501
358;364;3.022
359;362;3.141
359;364;3.049
360;364;3.989
360;365;2.948
361;374;3.979
361;375;4.035
362;359;3.141
363;357;3.674
363;358;3.501
364;358;3.022
364;359;3.049
364;360;3.989
365;360;2.948
365;367;2.946
366;370;3.72
367;365;2.946
367;370;2.971
368;371;3.051
369;372;2.993
369;373;2.987
369;375;3.369
369;376;2.831
369;377;4.086
370;366;3.72
370;367;2.971
370;373;3.192
371;368;3.051
372;369;2.993
373;369;2.987
373;370;3.192
373;376;3.834
374;361;3.979
375;361;4.035
375;369;3.369
376;369;2.831
376;373;3.834
377;369;4.086
378;380;2.849
378;381;3.991
379;383;3.793
379;387;3.56
380;378;2.849
381;378;3.991
382;401;2.83
383;379;3.793
383;401;3.992
384;402;3.968
384;407;3.739
385;401;3.499
386;389;2.95
387;379;3.56
388;390;3.005
388;391;3.437
388;393;2.822
389;386;2.95
390;388;3.005
391;388;3.437
392;394;3.979
393;388;2.822
393;396;2.723
393;397;3.163
394;392;3.979
395;398;3.079
396;393;2.723
397;393;3.163
398;395;3.079
399;403;2.821
399;404;3.633
400;403;2.993
401;382;2.83
401;383;3.992
401;385;3.499
401;404;3.411
402;384;3.968
402;405;2.98
402;406;3.038
402;407;3.85
403;399;2.821
403;400;2.993
404;399;3.633
404;401;3.411
405;402;2.98
406;402;3.038
407;384;3.739
407;402;3.85
408;409;2.767
409;408;2.767
410;412;2.798
410;418;3.667
411;419;3.98
412;410;2.798
412;417;3.051
413;416;2.799
413;417;3.805
414;417;3.761
415;417;2.979
416;413;2.799
417;412;3.051
417;413;3.805
417;414;3.761
417;415;2.979
418;410;3.667
418;420;3.1
419;411;3.98
420;418;3.1
421;423;2.988
422;424;2.953
423;421;2.988
424;422;2.953
424;425;3.031
425;424;3.031
426;428;3.91
427;452;2.712
428;426;3.91
429;430;3.369
430;429;3.369
430;431;2.916
431;430;2.916
431;433;3.151
432;434;2.999
432;438;3.45
433;431;3.151
434;432;2.999
434;438;3.644
435;436;2.863
436;435;2.863
437;443;3.642
438;432;3.45
438;434;3.644
438;439;3.037
439;438;3.037
439;442;2.988
439;443;3.079
440;443;2.897
441;444;3.602
442;439;2.988
443;437;3.642
443;439;3.079
443;440;2.897
444;441;3.602
445;354;2.844
445;449;3.763
446;346;3.829
447;450;3.97
448;342;3.128
448;343;2.916
448;344;2.808
448;345;2.634
449;343;3.793
449;354;2.713
449;445;3.763
450;447;3.97
451;454;3.711
452;342;4.013
452;427;2.712
453;461;2.963
454;451;3.711
455;340;2.854
455;461;3.71
456;340;2.871
457;460;3.003
458;461;2.937
458;462;3.119
458;463;3.94
459;464;3.83
459;465;2.891
459;466;3.471
460;457;3.003
461;453;2.963
461;455;3.71
461;458;2.937
462;458;3.119
463;458;3.94
464;459;3.83
465;459;2.891
466;459;3.471
467;468;3.634
468;467;3.634
469;471;2.721
470;472;3.076
471;469;2.721
472;470;3.076
472;474;3.015
472;476;3.161
472;479;3.141
472;480;2.759
473;475;3.845
473;476;3.612
473;533;2.746
474;472;3.015
475;473;3.845
475;532;3.672
475;533;4.02
476;472;3.161
476;473;3.612
476;479;2.94
476;480;3.103
477;480;3.003
478;529;3.655
479;472;3.141
479;476;2.94
480;472;2.759
480;476;3.103
480;477;3.003
480;483;2.949
480;484;3.171
481;485;2.969
482;486;2.954
483;480;2.949
483;486;3.234
483;487;3.014
484;480;3.171
484;487;3.435
484;488;2.941
484;581;2.685
484;582;3.983
485;481;2.969
485;488;3.195
485;489;2.968
486;482;2.954
486;483;3.234
486;490;3.054
487;483;3.014
487;484;3.435
487;490;3.308
487;491;2.972
487;522;4.013
487;526;3.814
487;578;3.934
488;484;2.941
488;485;3.195
488;491;2.996
488;492;3.085
488;582;2.734
488;583;3.562
489;485;2.968
489;492;3.478
489;493;3.003
490;486;3.054
490;487;3.308
490;494;2.987
490;519;3.672
491;487;2.972
491;488;2.996
491;494;3.08
491;495;3.068
491;523;3.348
491;576;3.871
491;578;3.887
491;579;3.83
492;488;3.085
492;489;3.478
492;495;3.116
492;496;3.445
492;579;3.901
493;489;3.003
493;496;3.277
493;497;3.016
494;490;2.987
494;491;3.08
494;497;3.282
494;498;2.99
494;519;3.177
494;575;3.082
495;491;3.068
495;492;3.116
495;499;3.053
495;576;3.657
495;985;3.899
496;492;3.445
496;493;3.277
496;499;3.317
496;500;2.989
497;493;3.016
497;494;3.282
497;500;3.002
497;501;2.944
497;512;3.545
498;494;2.99
498;501;3.041
498;575;3.76
498;576;3.662
498;989;4.021
499;495;3.053
499;496;3.317
500;496;2.989
500;497;3.002
500;504;3.582
501;497;2.944
501;498;3.041
501;505;2.915
501;512;4.007
501;516;3.44
502;505;2.951
502;1030;3.206
502;1031;3.019
503;506;2.956
503;507;3.047
504;500;3.582
504;508;3.014
505;501;2.915
505;502;2.951
505;509;2.815
506;503;2.956
506;509;2.746
507;503;3.047
508;504;3.014
508;511;3.052
508;512;2.936
509;505;2.815
509;506;2.746
509;513;2.97
510;513;3.308
510;514;3.038
511;508;3.052
511;514;3.945
511;515;2.964
512;497;3.545
512;501;4.007
512;508;2.936
512;515;3.297
512;516;2.92
513;509;2.97
513;510;3.308
513;516;3.355
513;517;3.034
514;510;3.038
514;511;3.945
514;518;2.963
515;511;2.964
515;512;3.297
515;519;2.967
516;501;3.44
516;512;2.92
516;513;3.355
516;519;3.398
516;520;3.09
516;575;3.263
517;513;3.034
517;520;3.321
517;521;3.008
517;559;3.84
517;560;3.378
518;514;2.963
518;521;3.021
518;522;3.091
519;490;3.672
519;494;3.177
519;515;2.967
519;516;3.398
519;522;3.066
519;523;3.351
520;516;3.09
520;517;3.321
520;523;2.959
520;555;2.822
520;556;3.766
520;559;3.845
521;517;3.008
521;518;3.021
521;524;2.864
522;487;4.013
522;518;3.091
522;519;3.066
522;525;3.061
522;526;3.248
523;491;3.348
523;519;3.351
523;520;2.959
523;527;2.983
523;552;3.672
523;556;3.934
523;578;3.468
524;521;2.864
524;527;3.421
524;528;3.029
524;556;3.484
525;522;3.061
525;529;3.065
526;487;3.814
526;522;3.248
526;529;3.43
526;530;2.942
526;578;2.751
526;581;2.74
527;523;2.983
527;524;3.421
527;531;3.002
527;552;3.622
528;524;3.029
528;531;3.213
528;532;3.078
529;478;3.655
529;525;3.065
529;526;3.43
529;533;2.985
530;526;2.942
530;533;3.036
530;534;3.035
530;538;2.685
530;539;3.623
530;545;2.773
531;527;3.002
531;528;3.213
531;539;3.727
531;540;3.914
532;475;3.672
532;528;3.078
533;473;2.746
533;475;4.02
533;529;2.985
533;530;3.036
534;530;3.035
534;538;3.789
535;538;2.912
535;539;2.927
536;540;2.984
537;541;2.844
538;530;2.685
538;534;3.789
538;535;2.912
538;541;3.073
538;542;2.914
539;530;3.623
539;531;3.727
539;535;2.927
539;545;3.178
539;549;3.184
540;531;3.914
540;536;2.984
541;537;2.844
541;538;3.073
542;538;2.914
542;545;2.956
542;546;3.043
543;546;4.003
543;547;3.017
544;548;2.993
544;586;2.935
544;589;3.89
545;530;2.773
545;539;3.178
545;542;2.956
545;549;2.958
546;542;3.043
546;543;4.003
546;549;3.399
546;550;2.99
547;543;3.017
547;550;3.419
547;551;3.023
548;544;2.993
548;551;3.212
548;552;2.902
548;578;2.648
548;581;3.887
549;539;3.184
549;545;2.958
549;546;3.399
549;553;3.015
550;546;2.99
550;547;3.419
550;553;3.183
550;554;3.085
551;547;3.023
551;548;3.212
551;555;3.017
552;523;3.672
552;527;3.622
552;548;2.902
552;556;2.937
552;578;3.751
553;549;3.015
553;550;3.183
553;557;2.979
554;550;3.085
554;558;3.272
554;571;3.592
555;520;2.822
555;551;3.017
555;559;3.422
555;575;3.089
556;520;3.766
556;523;3.934
556;524;3.484
556;552;2.937
556;559;3.135
556;560;2.904
557;553;2.979
557;560;3.288
557;561;3.022
558;554;3.272
558;562;2.998
558;563;3.012
558;572;3.863
559;517;3.84
559;520;3.845
559;555;3.422
559;556;3.135
559;563;3.732
559;572;3.985
560;517;3.378
560;556;2.904
560;557;3.288
561;557;3.022
562;558;2.998
562;564;2.941
563;558;3.012
563;559;3.732
563;569;2.838
564;562;2.941
564;569;3.23
565;568;2.795
566;569;3.289
566;570;2.931
567;570;3.29
567;571;2.962
567;1070;3.994
568;565;2.795
568;571;3.047
568;572;3.085
569;563;2.838
569;564;3.23
569;566;3.289
569;572;2.945
570;566;2.931
570;567;3.29
570;573;2.999
570;993;3.137
571;554;3.592
571;567;2.962
571;568;3.047
571;574;2.982
572;558;3.863
572;559;3.985
572;568;3.085
572;569;2.945
572;575;3.037
573;570;2.999
573;576;3.185
573;989;3.703
573;990;3.927
574;571;2.982
574;577;2.9
574;986;3.883
575;494;3.082
575;498;3.76
575;516;3.263
575;555;3.089
575;572;3.037
575;578;2.962
576;491;3.871
576;495;3.657
576;498;3.662
576;573;3.185
576;579;2.925
576;982;3.837
576;986;3.528
577;574;2.9
577;580;2.787
577;983;3.388
577;986;3.497
578;487;3.934
578;491;3.887
578;523;3.468
578;526;2.751
578;548;2.648
578;552;3.751
578;575;2.962
578;581;2.984
579;491;3.83
579;492;3.901
579;576;2.925
579;582;2.983
579;583;2.941
579;585;3.868
579;982;3.632
580;577;2.787
580;585;4.011
581;484;2.685
581;526;2.74
581;548;3.887
581;578;2.984
582;484;3.983
582;488;2.734
582;579;2.983
583;488;3.562
583;579;2.941
583;585;3.901
583;586;3.018
584;587;3.126
584;588;2.935
584;975;3.225
585;579;3.868
585;580;4.011
585;583;3.901
585;588;3.191
585;589;3.006
585;979;3.484
586;544;2.935
586;583;3.018
586;589;3.838
586;590;3.057
587;584;3.126
587;590;3.426
587;591;2.98
588;584;2.935
588;585;3.191
588;591;3.264
588;592;2.963
588;976;4.025
588;979;3.577
589;544;3.89
589;585;3.006
589;586;3.838
589;593;3.055
590;586;3.057
590;587;3.426
590;593;3.448
590;594;2.771
591;587;2.98
591;588;3.264
591;595;2.973
591;1088;3.659
592;588;2.963
592;595;3.063
592;596;3.077
592;1084;3.588
593;589;3.055
593;590;3.448
593;596;2.954
594;590;2.771
594;597;3.031
595;591;2.973
595;592;3.063
595;598;3.071
595;599;3.08
595;699;3.53
595;1084;3.425
595;1088;3.106
596;592;3.077
596;593;2.954
596;600;2.972
596;1084;3.926
597;594;3.031
597;600;3.036
598;595;3.071
598;699;3.849
599;595;3.08
599;602;3.298
599;603;2.875
599;695;3.555
599;1084;3.796
600;596;2.972
600;597;3.036
600;604;3.049
601;106;3.343
601;110;3.293
601;604;3.23
601;605;3.294
602;599;3.298
602;605;3.039
602;606;3.023
602;694;3.51
602;695;3.777
603;599;2.875
603;607;2.931
604;600;3.049
604;601;3.23
604;607;3.313
604;608;3.059
605;107;3.713
605;601;3.294
605;602;3.039
605;608;3.451
605;609;3.029
606;602;3.023
606;609;3.48
606;610;2.962
606;657;3.979
607;603;2.931
607;604;3.313
607;611;2.974
608;100;3.535
608;604;3.059
608;605;3.451
608;611;3.303
608;612;3.007
609;605;3.029
609;606;3.48
609;612;3.278
609;613;2.945
609;687;3.725
610;606;2.962
610;613;3.48
610;614;2.92
610;650;3.505
610;653;3.798
611;19;3.571
611;23;3.762
611;607;2.974
611;608;3.303
611;614;3.312
611;615;3.014
611;646;3.49
612;94;4.024
612;98;3.925
612;608;3.007
612;609;3.278
612;615;3.231
612;616;2.994
613;609;2.945
613;610;3.48
613;617;2.956
613;653;3.8
613;683;4.108
613;684;3.555
613;687;3.903
614;610;2.92
614;611;3.312
614;617;3.235
614;618;2.994
614;646;3.822
614;649;3.982
614;650;4.008
615;94;3.593
615;611;3.014
615;612;3.231
615;619;3.313
616;94;3.67
616;612;2.994
616;619;3.313
616;620;3.022
617;613;2.956
617;614;3.235
617;621;3.002
617;622;2.805
617;643;3.842
618;25;3.24
618;614;2.994
618;622;3.048
618;623;3.146
618;645;3.998
619;91;3.455
619;615;3.313
619;616;3.313
620;87;3.898
620;91;3.833
620;616;3.022
620;623;2.765
621;617;3.002
621;624;2.985
621;625;3.531
621;639;3.532
621;643;3.999
621;677;3.383
622;617;2.805
622;618;3.048
622;639;3.74
623;618;3.146
623;620;2.765
624;621;2.985
624;636;4.155
624;639;3.01
625;621;3.531
625;637;3.093
625;639;2.98
625;665;3.895
625;666;3.237
625;673;2.739
625;677;3.461
626;635;2.673
626;636;3.339
626;666;3.879
626;667;2.939
627;630;3.017
627;631;2.864
627;632;2.832
627;633;2.759
628;666;4.145
628;667;2.716
628;669;3.213
629;198;3.639
630;627;3.017
631;627;2.864
632;627;2.832
632;1017;3.755
633;627;2.759
634;640;3.571
634;641;3.239
635;626;2.673
636;624;4.155
636;626;3.339
636;640;3.56
637;625;3.093
637;640;3.162
637;641;3.124
637;664;2.86
637;665;3.535
638;641;3.022
638;642;2.851
638;663;3.918
639;621;3.532
639;622;3.74
639;624;3.01
639;625;2.98
639;643;3.683
639;665;3.618
640;634;3.571
640;636;3.56
640;637;3.162
640;644;3.46
641;634;3.239
641;637;3.124
641;638;3.022
641;1058;3.633
642;638;2.851
642;648;4.006
642;651;3.933
642;652;3.924
642;1049;3.412
642;1053;3.872
643;617;3.842
643;621;3.999
643;639;3.683
643;648;3.674
643;652;3.644
643;665;4.06
644;640;3.46
644;1062;2.731
645;25;3.706
645;618;3.998
645;648;2.881
645;649;2.945
645;1065;2.868
646;25;3.276
646;611;3.49
646;614;3.822
646;649;3.431
646;650;2.944
647;650;3.226
647;651;2.992
647;1065;3.639
647;1068;3.904
647;1069;3.622
647;1072;3.972
648;642;4.006
648;643;3.674
648;645;2.881
648;651;3.277
648;652;2.987
648;1068;3.057
649;614;3.982
649;645;2.945
649;646;3.431
649;653;2.97
650;610;3.505
650;614;4.008
650;646;2.944
650;647;3.226
650;653;3.472
650;654;2.978
651;642;3.933
651;647;2.992
651;648;3.277
651;654;3.242
651;655;3.031
651;1053;3.944
651;1072;3.62
652;642;3.924
652;643;3.644
652;648;2.987
652;655;3.16
652;656;3.035
652;662;3.873
653;610;3.798
653;613;3.8
653;649;2.97
653;650;3.472
653;656;3.287
653;657;2.964
654;650;2.978
654;651;3.242
654;657;3.092
654;658;3.197
654;1045;3.94
654;1048;3.613
654;1072;3.709
654;1079;3.917
655;651;3.031
655;652;3.16
655;661;2.826
655;1049;3.533
656;652;3.035
656;653;3.287
656;659;3.019
656;662;3.766
656;681;3.498
656;684;3.589
656;685;4.013
657;606;3.979
657;653;2.964
657;654;3.092
657;688;3.766
658;654;3.197
658;1045;3.481
659;656;3.019
659;685;3.993
660;222;3.796
660;1045;3.834
660;1046;2.75
660;1047;2.854
661;217;3.353
661;222;3.443
661;223;3.648
661;655;2.826
661;1050;3.897
662;652;3.873
662;656;3.766
662;665;3.511
662;681;3.34
663;638;3.918
663;1050;3.543
664;637;2.86
664;1006;3.912
665;625;3.895
665;637;3.535
665;639;3.618
665;643;4.06
665;662;3.511
665;674;3.325
665;677;3.448
666;625;3.237
666;626;3.879
666;628;4.145
666;670;3.369
666;674;2.909
667;626;2.939
667;628;2.716
667;674;3.843
668;193;3.855
668;200;3.209
669;195;4.027
669;197;3.554
669;198;3.471
669;628;3.213
670;195;3.048
670;666;3.369
670;673;2.978
671;190;3.421
671;192;3.623
671;193;3.691
671;195;3.827
671;675;2.94
672;676;3.039
673;625;2.739
673;670;2.978
673;676;3.255
673;677;3.012
674;193;3.973
674;665;3.325
674;666;2.909
674;667;3.843
674;677;3.036
674;678;2.88
675;671;2.94
675;678;3.115
675;679;3.021
676;672;3.039
676;673;3.255
677;621;3.383
677;625;3.461
677;665;3.448
677;673;3.012
677;674;3.036
677;680;3.273
677;681;2.898
678;213;3.824
678;674;2.88
678;675;3.115
678;681;3.344
678;682;2.954
679;675;3.021
679;682;3.412
679;683;2.996
680;677;3.273
680;683;3.353
680;684;2.961
681;656;3.498
681;662;3.34
681;677;2.898
681;678;3.344
681;684;3.357
681;685;2.987
682;216;3.478
682;678;2.954
682;679;3.412
682;685;3.43
682;686;2.994
683;613;4.108
683;679;2.996
683;680;3.353
683;686;3.474
683;687;2.99
684;613;3.555
684;656;3.589
684;680;2.961
684;681;3.357
684;688;2.953
685;220;3.607
685;656;4.013
685;659;3.993
685;681;2.987
685;682;3.43
685;689;2.927
686;216;3.822
686;682;2.994
686;683;3.474
686;689;3.461
686;690;3.036
687;609;3.725
687;613;3.903
687;683;2.99
687;690;3.439
687;691;2.988
688;657;3.766
688;684;2.953
688;691;3.193
688;692;2.927
689;685;2.927
689;686;3.461
689;692;3.249
689;693;2.975
690;114;3.819
690;686;3.036
690;687;3.439
690;694;3.028
691;687;2.988
691;688;3.193
691;694;3.374
691;695;2.921
692;688;2.927
692;689;3.249
692;695;3.137
692;696;3.077
693;256;3.613
693;257;3.742
693;689;2.975
693;696;3.466
693;697;3.02
694;602;3.51
694;690;3.028
694;691;3.374
694;698;2.906
695;599;3.555
695;602;3.777
695;691;2.921
695;692;3.137
695;698;3.404
695;699;3.13
695;1087;3.365
696;257;3.676
696;261;3.66
696;692;3.077
696;693;3.466
696;699;3.422
696;700;2.936
696;1087;3.583
696;1090;3.761
696;1370;6.364
697;260;3.805
697;261;4.0
697;264;3.689
697;693;3.02
697;700;3.461
697;701;2.953
698;694;2.906
698;695;3.404
698;702;3.064
699;595;3.53
699;598;3.849
699;695;3.13
699;696;3.422
699;702;3.318
699;703;3.014
699;1087;3.672
699;1088;3.659
699;1091;3.53
700;261;3.448
700;696;2.936
700;697;3.461
700;703;3.475
700;704;2.975
700;1094;3.462
701;265;3.968
701;697;2.953
701;704;3.259
701;705;3.059
702;698;3.064
702;699;3.318
702;705;3.067
702;706;3.111
703;699;3.014
703;700;3.475
703;706;2.978
703;707;3.029
703;1091;3.502
703;1095;3.483
704;265;5.828
704;700;2.975
704;701;3.259
704;1095;3.72
704;1098;3.332
705;701;3.059
705;702;3.067
706;702;3.111
706;703;2.978
707;303;2.928
707;703;3.029
707;1095;3.701
708;301;3.744
708;302;3.442
708;303;3.426
708;712;3.578
709;1098;3.851
709;1102;2.866
710;283;4.104
710;1103;2.808
711;714;3.52
711;1108;3.985
712;286;3.999
712;300;4.03
712;302;3.791
712;708;3.578
713;288;2.825
714;288;2.838
714;711;3.52
714;1108;3.678
715;819;3.689
716;330;2.967
717;327;3.689
717;731;3.71
718;324;2.823
719;722;2.914
720;723;2.943
720;724;2.955
721;724;3.992
722;719;2.914
723;720;2.943
723;733;3.728
724;720;2.955
724;721;3.992
725;727;3.767
725;728;2.812
725;732;3.793
726;727;3.045
727;725;3.767
727;726;3.045
728;725;2.812
729;335;2.735
729;732;2.947
730;328;3.724
730;335;3.708
731;717;3.71
731;733;3.97
732;725;3.793
732;729;2.947
733;723;3.728
733;731;3.97
733;752;2.809
734;751;3.812
734;753;3.606
735;745;3.784
736;746;3.542
737;741;2.816
737;746;3.101
738;741;3.273
739;743;2.825
740;743;2.734
741;737;2.816
741;738;3.273
741;743;3.908
741;744;2.668
742;750;2.806
742;762;2.841
743;739;2.825
743;740;2.734
743;741;3.908
744;741;2.668
744;747;2.759
745;735;3.784
745;748;3.406
745;750;3.788
746;736;3.542
746;737;3.101
746;748;2.972
747;744;2.759
748;745;3.406
748;746;2.972
748;750;2.946
749;762;2.936
750;742;2.806
750;745;3.788
750;748;2.946
751;734;3.812
752;733;2.809
753;734;3.606
753;755;2.947
754;756;3.022
755;753;2.947
756;754;3.022
757;758;2.821
757;820;2.818
757;1112;3.601
758;757;2.821
758;822;3.764
758;1112;2.822
759;1112;3.374
759;1113;2.783
760;1113;3.132
761;763;2.813
762;742;2.841
762;749;2.936
763;761;2.813
764;765;3.045
765;764;3.045
766;788;3.521
767;769;2.961
768;791;2.687
769;767;2.961
769;771;2.796
770;785;3.704
771;769;2.796
772;774;3.888
772;775;2.798
772;786;3.801
773;786;3.322
774;772;3.888
774;785;3.697
774;786;3.619
775;772;2.798
775;780;3.649
775;785;3.876
776;779;2.992
777;781;3.609
777;785;3.967
778;780;2.954
779;776;2.992
780;775;3.649
780;778;2.954
780;785;3.88
781;777;3.609
781;785;3.589
782;783;3.439
783;782;3.439
784;787;2.809
784;789;3.142
785;770;3.704
785;774;3.697
785;775;3.876
785;777;3.967
785;780;3.88
785;781;3.589
786;772;3.801
786;773;3.322
786;774;3.619
787;784;2.809
787;790;2.988
788;766;3.521
789;784;3.142
790;787;2.988
791;768;2.687
792;797;2.749
793;797;2.769
794;797;2.72
795;796;3.044
796;795;3.044
797;792;2.749
797;793;2.769
797;794;2.72
798;799;4.038
799;798;4.038
800;801;3.15
801;800;3.15
802;807;2.788
803;807;2.988
804;806;2.95
804;807;3.024
805;810;3.722
806;804;2.95
807;802;2.788
807;803;2.988
807;804;3.024
807;809;3.658
808;811;3.895
809;807;3.658
810;805;3.722
811;808;3.895
812;825;4.028
812;826;2.903
812;827;2.964
813;816;2.92
814;816;2.871
814;817;3.161
815;821;4.062
816;813;2.92
816;814;2.871
817;814;3.161
818;820;3.054
819;715;3.689
820;757;2.818
820;818;3.054
820;1111;3.605
821;815;4.062
822;758;3.764
823;825;3.102
824;1119;3.66
825;812;4.028
825;823;3.102
826;812;2.903
826;828;2.802
827;812;2.964
828;826;2.802
828;830;2.748
829;838;2.929
830;828;2.748
831;834;2.948
831;838;3.809
831;839;4.021
832;835;3.8
832;838;3.629
833;835;3.522
834;831;2.948
835;832;3.8
835;833;3.522
835;838;3.22
836;839;2.967
837;840;3.795
838;829;2.929
838;831;3.809
838;832;3.629
838;835;3.22
839;831;4.021
839;836;2.967
839;842;2.823
840;837;3.795
841;846;3.871
841;847;3.384
841;895;3.754
841;896;3.697
842;839;2.823
843;846;2.845
843;847;3.008
844;848;3.065
845;849;2.933
846;841;3.871
846;843;2.845
846;849;3.282
846;850;2.983
847;841;3.384
847;843;3.008
847;850;3.326
847;851;3.159
847;955;3.321
848;844;3.065
848;851;3.452
848;852;3.021
849;845;2.933
849;846;3.282
849;852;3.369
849;853;2.929
850;846;2.983
850;847;3.326
850;853;3.383
850;854;2.949
850;889;3.831
850;892;3.766
851;847;3.159
851;848;3.452
851;854;3.454
851;855;2.969
851;955;3.698
852;848;3.021
852;849;3.369
852;855;3.204
852;856;2.972
853;849;2.929
853;850;3.383
853;857;2.956
853;889;4.018
854;850;2.949
854;851;3.454
854;858;2.897
854;885;3.994
854;889;3.439
854;948;3.717
854;952;3.76
855;851;2.969
855;852;3.204
855;858;3.178
855;859;2.985
856;852;2.972
856;859;3.106
856;860;3.009
857;853;2.956
857;860;3.427
857;861;2.958
857;948;3.634
858;854;2.897
858;855;3.178
858;861;4.038
858;862;2.998
859;855;2.985
859;856;3.106
859;862;3.368
859;863;2.96
860;856;3.009
860;857;3.427
860;863;2.991
860;864;3.24
861;857;2.958
861;858;4.038
861;946;3.943
861;949;4.038
862;858;2.998
862;859;3.368
862;866;3.446
862;1278;3.842
863;859;2.96
863;860;2.991
863;866;3.064
863;867;3.029
863;870;3.458
863;874;3.899
864;860;3.24
864;871;2.776
864;939;2.786
865;868;3.299
865;871;2.667
865;1281;3.349
865;1335;3.085
866;862;3.446
866;863;3.064
866;1301;3.766
867;863;3.029
867;870;2.96
867;871;3.023
868;865;3.299
868;871;3.203
868;872;3.007
868;1336;4.018
869;872;2.641
870;863;3.458
870;867;2.96
870;873;3.289
870;874;2.959
871;864;2.776
871;865;2.667
871;867;3.023
871;868;3.203
871;875;3.02
871;1334;3.897
872;868;3.007
872;869;2.641
872;1336;3.496
873;870;3.289
874;863;3.899
874;870;2.959
874;877;3.105
874;878;3.025
875;871;3.02
875;879;2.751
876;880;3.027
877;874;3.105
877;880;3.401
877;881;2.992
878;874;3.025
878;881;2.988
878;882;3.272
879;875;2.751
879;882;3.007
879;883;3.035
879;939;2.87
879;942;3.809
880;876;3.027
880;877;3.401
880;883;2.924
880;884;2.948
881;877;2.992
881;878;2.988
881;885;2.924
882;878;3.272
882;879;3.007
882;886;2.997
882;945;3.823
883;879;3.035
883;880;2.924
883;886;3.367
883;887;3.038
884;880;2.948
884;888;2.983
885;854;3.994
885;881;2.924
885;888;3.269
885;889;2.931
885;948;3.614
886;882;2.997
886;883;3.367
886;890;2.977
886;945;3.876
887;883;3.038
887;891;3.031
888;884;2.983
888;885;3.269
888;892;2.943
889;850;3.831
889;853;4.018
889;854;3.439
889;885;2.931
889;893;3.008
889;951;3.652
890;886;2.977
890;893;3.359
890;894;2.962
890;918;3.869
890;922;3.656
891;887;3.031
891;894;3.382
891;895;2.961
892;850;3.766
892;888;2.943
892;895;3.357
892;896;2.68
892;951;3.582
893;889;3.008
893;890;3.359
893;897;2.971
893;915;3.876
894;890;2.962
894;891;3.382
894;897;3.44
894;898;2.99
895;841;3.754
895;891;2.961
895;892;3.357
895;898;3.446
895;899;3.013
896;841;3.697
896;892;2.68
896;900;3.081
896;905;3.782
896;911;4.101
896;914;2.687
897;893;2.971
897;894;3.44
897;900;3.034
897;901;2.932
897;902;3.78
897;905;6.358
897;906;3.67
898;894;2.99
898;895;3.446
899;895;3.013
900;896;3.081
900;897;3.034
900;904;2.802
900;905;3.942
900;908;3.802
900;911;3.595
901;897;2.932
901;905;2.986
902;897;3.78
902;905;3.488
902;906;3.005
903;906;2.838
903;907;2.863
904;900;2.802
905;896;3.782
905;897;6.358
905;900;3.942
905;901;2.986
905;902;3.488
905;908;3.042
905;911;3.655
905;915;3.786
906;897;3.67
906;902;3.005
906;903;2.838
906;912;3.617
906;915;3.693
907;903;2.863
908;900;3.802
908;905;3.042
908;911;3.125
908;912;2.946
909;912;3.494
909;913;2.973
910;913;3.333
910;914;3.0
910;954;3.183
910;963;3.951
911;896;4.101
911;900;3.595
911;905;3.655
911;908;3.125
911;914;3.145
911;915;2.986
912;906;3.617
912;908;2.946
912;909;3.494
912;915;4.003
912;916;2.981
913;909;2.973
913;910;3.333
913;916;3.246
914;896;2.687
914;910;3.0
914;911;3.145
914;951;2.922
914;954;2.776
915;893;3.876
915;905;3.786
915;906;3.693
915;911;2.986
915;912;4.003
915;918;3.028
915;919;2.958
916;912;2.981
916;913;3.246
916;920;3.034
917;947;3.986
917;951;3.672
918;890;3.869
918;915;3.028
918;921;3.038
918;922;3.089
919;915;2.958
919;922;2.961
919;923;2.917
920;916;3.034
920;924;2.972
920;944;3.701
921;918;3.038
921;924;3.877
921;925;3.055
921;945;2.86
922;890;3.656
922;918;3.089
922;919;2.961
922;925;3.354
922;926;2.986
923;919;2.917
923;926;3.204
923;927;3.008
924;920;2.972
924;921;3.877
924;927;3.264
924;928;2.958
925;921;3.055
925;922;3.354
925;928;3.336
925;929;2.995
925;938;3.79
926;922;2.986
926;923;3.204
926;929;3.253
926;930;2.942
927;923;3.008
927;924;3.264
927;930;3.163
927;931;2.974
928;924;2.958
928;925;3.336
928;933;3.034
928;937;3.29
928;938;3.305
928;941;3.661
929;925;2.995
929;926;3.253
929;932;2.999
930;926;2.942
930;927;3.163
931;927;2.974
932;929;2.999
933;928;3.034
934;937;3.849
935;938;3.452
935;939;3.023
936;939;2.743
936;940;3.211
937;928;3.29
937;934;3.849
937;941;2.963
938;925;3.79
938;928;3.305
938;935;3.452
938;942;2.957
939;864;2.786
939;879;2.87
939;935;3.023
939;936;2.743
939;942;3.794
939;1333;3.925
940;936;3.211
940;943;3.041
940;1283;3.921
940;1330;3.01
940;1331;3.621
940;1332;3.147
941;928;3.661
941;937;2.963
942;879;3.809
942;938;2.957
942;939;3.794
942;945;2.745
943;940;3.041
943;946;2.745
943;947;3.328
943;1279;3.588
944;920;3.701
944;947;2.982
945;882;3.823
945;886;3.876
945;921;2.86
945;942;2.745
945;948;2.856
946;861;3.943
946;943;2.745
947;917;3.986
947;943;3.328
947;944;2.982
947;950;2.93
947;951;3.003
947;1275;3.866
948;854;3.717
948;857;3.634
948;885;3.614
948;945;2.856
948;951;2.977
948;952;3.172
949;861;4.038
949;952;3.007
949;1275;3.634
950;947;2.93
950;953;2.775
950;1275;3.824
951;889;3.652
951;892;3.582
951;914;2.922
951;917;3.672
951;947;3.003
951;948;2.977
951;954;2.911
952;854;3.76
952;948;3.172
952;949;3.007
952;955;3.002
952;956;2.912
953;950;2.775
953;956;3.194
953;959;3.519
953;963;3.696
954;910;3.183
954;914;2.776
954;951;2.911
954;960;2.909
955;847;3.321
955;851;3.698
955;952;3.002
955;960;3.928
956;952;2.912
956;953;3.194
956;959;3.48
956;960;2.999
957;960;3.684
