source;destination;distance
0;3;2.788
1;47;3.594
2;7;3.576
2;48;3.664
3;0;2.788
4;7;3.255
4;8;2.974
5;9;2.974
6;10;2.973
7;2;3.576
7;4;3.255
7;10;3.11
7;11;2.967
7;43;4.034
7;47;3.763
8;4;2.974
8;11;3.459
8;12;2.977
9;5;2.974
9;13;2.93
10;6;2.973
10;7;3.11
10;13;3.499
10;14;2.944
11;7;2.967
11;8;3.459
11;14;3.419
11;15;3.01
11;44;3.608
12;8;2.977
12;16;2.977
12;104;4.014
13;9;2.93
13;10;3.499
13;16;3.367
13;17;2.942
14;10;2.944
14;11;3.419
14;18;3.01
14;37;3.627
14;40;4.029
15;11;3.01
15;19;2.98
15;37;3.752
15;99;3.95
15;100;3.564
16;12;2.977
16;13;3.367
16;19;3.138
16;20;3.089
17;13;2.942
17;20;3.281
17;21;2.978
18;14;3.01
18;22;2.96
18;37;3.152
18;96;3.594
19;15;2.98
19;16;3.138
19;22;3.207
19;97;3.52
19;607;3.511
20;16;3.089
20;17;3.281
21;17;2.978
21;24;2.981
21;30;3.616
21;33;3.397
22;18;2.96
22;19;3.207
22;93;4.034
23;607;3.742
24;21;2.981
24;27;3.989
25;614;3.248
25;641;3.693
25;642;3.273
26;30;3.839
27;24;3.989
27;30;2.847
28;31;2.725
28;32;3.033
29;32;3.303
29;33;2.972
30;21;3.616
30;26;3.839
30;27;2.847
30;33;3.428
30;34;3.002
31;28;2.725
31;34;3.487
31;35;3.004
32;28;3.033
32;29;3.303
32;36;2.991
33;21;3.397
33;29;2.972
33;30;3.428
33;36;3.222
33;37;2.945
34;30;3.002
34;31;3.487
34;37;3.361
34;38;2.937
34;93;2.803
34;96;3.136
35;31;3.004
35;38;3.304
35;39;2.958
35;81;3.92
36;32;2.991
36;33;3.222
36;39;3.346
36;40;3.005
37;14;3.627
37;15;3.752
37;18;3.152
37;33;2.945
37;34;3.361
37;40;2.998
37;41;2.87
37;96;3.458
38;34;2.937
38;35;3.304
38;41;3.993
38;42;2.983
38;80;2.752
39;35;2.958
39;36;3.346
39;42;3.209
39;43;2.98
40;14;4.029
40;36;3.005
40;37;2.998
40;43;3.498
40;44;2.915
41;37;2.87
41;38;3.993
41;45;2.952
41;73;3.463
41;99;3.481
42;38;2.983
42;39;3.209
42;45;3.272
42;46;2.971
43;7;4.034
43;39;2.98
43;40;3.498
43;46;3.384
43;47;3.058
44;11;3.608
44;40;2.915
44;47;3.273
44;48;2.81
44;99;2.644
45;41;2.952
45;42;3.272
45;49;2.986
45;56;3.973
45;73;3.936
46;42;2.971
46;43;3.384
46;50;3.073
46;51;3.95
47;1;3.594
47;7;3.763
47;43;3.058
47;44;3.273
48;2;3.664
48;44;2.81
48;66;3.196
48;69;2.663
49;45;2.986
49;56;4.026
49;59;3.822
49;66;3.686
50;46;3.073
50;53;3.327
50;55;3.579
51;46;3.95
52;55;3.618
52;58;3.451
53;50;3.327
53;56;2.993
54;57;2.988
55;50;3.579
55;52;3.618
55;58;2.989
56;45;3.973
56;49;4.026
56;53;2.993
56;59;3.037
56;70;3.953
57;54;2.988
57;60;3.013
57;70;4.015
58;52;3.451
58;55;2.989
58;61;3.044
59;49;3.822
59;56;3.037
59;62;2.961
59;63;3.836
59;66;3.518
59;67;3.799
59;70;3.714
60;57;3.013
60;67;3.747
61;58;3.044
62;59;2.961
63;59;3.836
63;66;3.478
63;67;2.909
64;67;3.416
64;68;3.034
65;68;3.032
65;69;3.055
65;102;3.375
65;108;3.211
65;111;3.809
66;48;3.196
66;49;3.686
66;59;3.518
66;63;3.478
66;69;3.72
66;70;2.98
67;59;3.799
67;60;3.747
67;63;2.909
67;64;3.416
67;70;3.498
67;71;2.971
68;64;3.034
68;65;3.032
68;72;2.99
68;101;3.855
69;48;2.663
69;65;3.055
69;66;3.72
69;72;3.417
69;73;2.923
69;99;3.179
69;102;2.739
70;56;3.953
70;57;4.015
70;59;3.714
70;66;2.98
70;67;3.498
70;73;3.228
70;74;2.996
71;67;2.971
71;74;3.404
71;75;2.982
72;68;2.99
72;69;3.417
72;76;2.922
72;95;3.53
73;41;3.463
73;45;3.936
73;69;2.923
73;70;3.228
73;76;3.47
73;77;2.901
74;70;2.996
74;71;3.404
74;77;3.37
74;78;3.01
75;71;2.982
75;78;3.44
75;79;2.985
75;89;3.551
75;92;3.323
76;72;2.922
76;73;3.47
76;79;2.997
76;80;2.871
77;73;2.901
77;74;3.37
77;81;2.974
78;74;3.01
78;75;3.44
78;82;2.999
79;75;2.985
79;76;2.997
79;83;3.936
79;89;2.749
80;38;2.752
80;76;2.871
80;96;3.603
81;35;3.92
81;77;2.974
82;78;2.999
82;84;2.983
83;79;3.936
83;90;2.936
83;93;3.665
84;82;2.983
85;89;3.488
86;89;3.116
87;90;2.918
87;91;3.189
87;616;3.909
88;91;3.105
89;75;3.551
89;79;2.749
89;85;3.488
89;86;3.116
89;92;3.006
90;83;2.936
90;87;2.918
91;87;3.189
91;88;3.105
91;94;3.015
91;615;3.429
91;616;3.853
92;75;3.323
92;89;3.006
92;95;2.864
93;22;4.034
93;34;2.803
93;83;3.665
93;96;2.901
94;91;3.015
94;97;2.87
94;608;3.961
94;611;3.629
94;612;3.69
95;72;3.53
95;92;2.864
95;98;3.167
95;99;3.012
96;18;3.594
96;34;3.136
96;37;3.458
96;80;3.603
96;93;2.901
96;99;3.191
97;19;3.52
97;94;2.87
97;100;2.973
98;95;3.167
98;101;2.737
98;608;3.964
99;15;3.95
99;41;3.481
99;44;2.644
99;69;3.179
99;95;3.012
99;96;3.191
99;102;2.934
100;15;3.564
100;97;2.973
100;103;2.984
100;104;3.015
100;107;3.621
100;604;3.514
101;68;3.855
101;98;2.737
101;111;3.808
102;65;3.375
102;69;2.739
102;99;2.934
102;108;2.808
103;100;2.984
104;12;4.014
104;100;3.015
104;107;3.093
104;108;2.985
105;108;3.356
105;109;2.949
106;110;3.133
106;597;3.425
107;100;3.621
107;104;3.093
107;110;3.423
107;111;3.008
107;601;3.692
108;65;3.211
108;102;2.808
108;104;2.985
108;105;3.356
108;111;3.464
108;112;2.978
109;105;2.949
109;112;3.223
109;113;3.033
110;106;3.133
110;107;3.423
110;113;3.095
110;114;3.003
110;597;3.339
110;598;3.977
111;65;3.809
111;101;3.808
111;107;3.008
111;108;3.464
111;114;3.233
111;115;3.041
112;108;2.978
112;109;3.223
112;115;3.495
112;116;3.008
113;109;3.033
113;110;3.095
113;116;3.211
113;117;3.048
114;110;3.003
114;111;3.233
114;117;3.001
114;118;3.225
114;685;3.779
115;111;3.041
115;112;3.495
115;118;2.984
116;112;3.008
116;113;3.211
116;119;2.776
116;266;4.004
117;113;3.048
117;114;3.001
117;120;3.089
117;121;3.017
117;266;4.001
118;114;3.225
118;115;2.984
118;122;3.018
119;116;2.776
119;270;2.73
120;117;3.089
120;123;3.385
120;266;3.451
120;269;2.642
120;270;2.87
121;117;3.017
121;124;3.353
121;125;2.93
121;263;3.91
122;118;3.018
122;126;2.974
123;120;3.385
123;126;3.192
123;127;3.094
123;1243;3.469
123;1244;2.956
124;121;3.353
124;127;3.434
124;128;3.169
124;255;3.6
124;1247;4.02
125;121;2.93
125;128;3.382
125;129;2.92
126;122;2.974
126;123;3.192
126;129;3.32
126;130;2.974
127;123;3.094
127;124;3.434
127;131;2.962
127;1238;4.021
127;1244;3.981
127;1247;3.793
128;124;3.169
128;125;3.382
128;131;3.342
128;132;2.891
128;255;3.465
129;125;2.92
129;126;3.32
129;132;3.493
129;133;3.012
130;126;2.974
130;133;3.412
130;134;2.937
130;1145;4.131
130;1234;3.684
130;1237;3.372
130;1238;3.805
131;127;2.962
131;128;3.342
131;134;3.475
131;135;2.87
132;128;2.891
132;129;3.493
132;136;2.972
132;215;3.715
133;129;3.012
133;130;3.412
133;136;3.124
133;137;3.008
134;130;2.937
134;131;3.475
134;137;3.272
134;138;2.966
134;1145;3.727
134;1234;3.759
135;131;2.87
135;139;2.905
135;218;3.543
135;244;3.713
135;248;3.757
135;251;3.694
136;132;2.972
136;133;3.124
136;140;2.956
136;211;3.738
136;215;3.906
137;133;3.008
137;134;3.272
137;140;3.422
137;141;3.104
137;211;3.727
137;1231;3.977
138;134;2.966
138;141;3.193
138;142;3.366
138;244;3.57
138;1228;3.627
138;1231;3.827
139;135;2.905
139;142;3.409
139;143;2.919
140;136;2.956
140;137;3.422
140;143;3.289
140;209;3.999
141;137;3.104
141;138;3.193
141;1228;3.725
141;1231;3.373
142;138;3.366
142;139;3.409
142;1224;3.788
142;1227;3.769
142;1228;3.419
143;139;2.919
143;140;3.289
143;241;3.824
143;244;3.553
143;245;5.838
144;147;3.867
144;149;3.875
145;149;3.14
145;202;2.948
146;149;3.653
146;166;3.328
146;203;3.898
146;204;2.935
147;144;3.867
147;209;3.938
148;151;2.926
148;209;2.674
149;144;3.875
149;145;3.14
149;146;3.653
149;167;3.761
150;153;2.998
150;156;2.771
150;159;2.742
150;167;3.903
151;148;2.926
152;154;3.346
153;150;2.998
153;195;3.943
154;152;3.346
155;159;3.707
156;150;2.771
156;196;2.867
157;182;3.861
157;183;2.709
158;183;2.907
159;150;2.742
159;155;3.707
159;164;2.833
160;181;3.373
160;183;3.626
161;168;2.975
162;1007;3.342
163;1006;4.009
164;159;2.833
164;167;3.885
164;168;3.479
165;1005;3.738
166;146;3.328
167;149;3.761
167;150;3.903
167;164;3.885
167;173;3.942
168;161;2.975
168;164;3.479
168;173;3.896
168;181;4.037
169;182;3.55
170;173;2.854
170;174;2.731
170;198;2.822
171;174;3.02
171;201;3.879
172;175;2.986
172;176;3.705
172;203;6.167
172;236;3.758
172;1217;4.008
173;167;3.942
173;168;3.896
173;170;2.854
174;170;2.731
174;171;3.02
174;177;3.921
174;178;3.818
175;172;2.986
176;172;3.705
177;174;3.921
178;174;3.818
179;184;3.662
180;183;2.829
181;160;3.373
181;168;4.037
182;157;3.861
182;169;3.55
183;157;2.709
183;158;2.907
183;160;3.626
183;180;2.829
184;179;3.662
184;187;2.926
184;198;2.851
185;188;3.008
185;189;3.382
185;190;3.055
186;189;3.013
187;184;2.926
188;185;3.008
189;185;3.382
189;186;3.013
190;185;3.055
190;195;3.949
191;195;3.592
192;194;3.928
193;195;3.786
194;192;3.928
194;197;3.795
195;153;3.943
195;190;3.949
195;191;3.592
195;193;3.786
196;156;2.867
197;194;3.795
198;170;2.822
198;184;2.851
198;199;2.748
199;198;2.748
200;1227;3.307
201;171;3.879
202;145;2.948
202;231;3.066
202;234;3.845
203;146;3.898
203;172;6.167
203;236;3.524
204;146;2.935
205;208;3.058
205;209;3.138
205;213;3.893
206;213;3.606
207;213;3.572
207;231;3.377
208;205;3.058
208;213;4.022
208;214;3.523
208;217;3.425
208;231;3.487
208;245;3.458
209;140;3.999
209;147;3.938
209;148;2.674
209;205;3.138
210;213;2.791
210;214;2.981
211;136;3.738
211;137;3.727
211;215;2.962
212;216;2.987
213;205;3.893
213;206;3.606
213;207;3.572
213;208;4.022
213;210;2.791
213;216;3.253
213;217;2.956
214;208;3.523
214;210;2.981
214;217;3.213
214;218;2.948
215;132;3.715
215;136;3.906
215;211;2.962
215;219;2.941
216;212;2.987
216;213;3.253
216;219;3.141
216;220;2.969
216;673;3.841
217;208;3.425
217;213;2.956
217;214;3.213
217;220;3.394
217;221;2.943
218;135;3.543
218;214;2.948
218;221;3.956
218;222;2.958
219;215;2.941
219;216;3.141
219;222;3.217
219;223;2.942
219;677;3.476
219;681;3.873
220;216;2.969
220;217;3.394
220;224;2.968
220;225;2.826
220;226;3.761
220;657;3.762
221;217;2.943
221;218;3.956
221;224;3.072
221;227;3.469
221;245;3.658
221;248;3.733
221;249;3.649
222;218;2.958
222;219;3.217
223;219;2.942
223;680;3.607
224;220;2.968
224;221;3.072
224;1309;3.126
224;1311;3.01
225;220;2.826
225;656;3.781
225;657;3.447
226;220;3.761
226;229;3.618
226;230;3.041
226;657;5.689
226;1306;3.676
227;221;3.469
227;231;3.094
227;232;3.197
227;245;3.638
227;246;3.845
227;249;3.284
227;1302;3.395
227;1306;3.334
228;232;3.165
228;233;3.005
228;1302;3.674
228;1306;3.583
228;1341;3.343
228;1342;2.795
228;1343;3.129
229;226;3.618
229;233;3.819
229;1316;3.443
229;1343;3.343
230;226;3.041
230;233;3.054
231;202;3.066
231;207;3.377
231;208;3.487
231;227;3.094
231;234;3.967
231;241;3.983
231;245;6.458
232;227;3.197
232;228;3.165
232;234;2.913
232;241;3.454
232;242;3.364
232;1302;3.138
232;1341;3.36
233;228;3.005
233;229;3.819
233;230;3.054
233;1292;3.741
233;1340;3.728
233;1341;3.387
234;202;3.845
234;231;3.967
234;232;2.913
234;237;2.92
234;238;3.155
234;241;3.697
235;238;3.082
235;1299;3.735
235;1337;2.838
235;1340;3.559
236;172;3.758
236;203;3.524
237;234;2.92
237;241;2.989
238;234;3.155
238;235;3.082
238;241;2.996
238;242;2.958
238;1338;3.794
238;1339;3.776
239;242;3.657
239;243;2.928
239;1336;2.847
239;1338;2.771
240;1221;3.764
240;1224;3.806
240;1225;3.29
240;1338;3.009
241;143;3.824
241;231;3.983
241;232;3.454
241;234;3.697
241;237;2.989
241;238;2.996
241;244;3.022
241;245;3.096
242;232;3.364
242;238;2.958
242;239;3.657
242;245;3.367
242;246;2.951
242;1302;3.514
242;1339;3.96
242;1340;4.034
243;239;2.928
243;247;2.966
244;135;3.713
244;138;3.57
244;143;3.553
244;241;3.022
244;247;3.346
244;248;2.996
245;143;5.838
245;208;3.458
245;221;3.658
245;227;3.638
245;231;6.458
245;241;3.096
245;242;3.367
245;248;3.138
245;249;2.963
246;227;3.845
246;242;2.951
246;249;3.289
246;250;2.99
247;243;2.966
247;244;3.346
247;251;2.942
248;135;3.757
248;221;3.733
248;244;2.996
248;245;3.138
248;252;2.9
249;221;3.649
249;227;3.284
249;245;2.963
249;246;3.289
249;252;3.466
249;253;2.931
249;1305;3.479
250;246;2.99
250;254;2.959
250;1305;3.295
251;135;3.694
251;247;2.942
251;255;2.909
252;248;2.9
252;249;3.466
252;256;2.937
253;249;2.931
253;256;3.451
253;257;2.978
254;250;2.959
254;257;3.41
254;258;2.939
254;1251;3.663
254;1258;3.6
255;124;3.6
255;128;3.465
255;251;2.909
255;258;3.166
255;259;2.877
256;252;2.937
256;253;3.451
256;259;3.358
256;260;2.963
257;253;2.978
257;254;3.41
257;260;3.807
257;261;3.004
257;1369;3.761
258;254;2.939
258;255;3.166
258;261;3.638
258;262;2.9
258;1247;3.157
258;1250;3.797
259;255;2.877
259;256;3.358
259;262;3.133
259;263;2.952
259;688;3.583
260;256;2.963
260;257;3.807
260;264;3.067
260;688;3.731
260;691;3.675
260;1366;3.536
261;257;3.004
261;258;3.638
261;265;2.921
261;1369;3.983
261;1370;3.945
261;1373;3.486
262;258;2.9
262;259;3.133
262;266;2.947
263;121;3.91
263;259;2.952
263;266;3.379
263;267;3.079
263;692;3.818
264;260;3.067
264;267;3.195
264;268;3.072
264;691;3.7
264;692;4.006
264;695;3.443
264;1370;3.476
265;261;2.921
265;269;2.897
266;116;4.004
266;117;4.001
266;120;3.451
266;262;2.947
266;263;3.379
266;269;4.029
266;270;2.96
267;263;3.079
267;264;3.195
267;271;3.082
267;692;3.654
268;264;3.072
268;271;3.069
268;272;2.841
268;696;3.947
268;699;3.801
268;1093;6.114
268;1374;6.277
269;120;2.642
269;265;2.897
269;266;4.029
269;272;3.073
269;273;3.534
270;119;2.73
270;120;2.87
270;266;2.96
270;280;2.887
271;267;3.082
271;268;3.069
271;280;3.201
271;281;3.038
272;268;2.841
272;269;3.073
272;279;3.564
272;283;3.149
273;269;3.534
273;278;2.695
273;279;2.92
274;283;3.603
275;277;3.058
276;283;3.444
277;275;3.058
277;279;3.571
278;273;2.695
279;272;3.564
279;273;2.92
279;277;3.571
280;270;2.887
280;271;3.201
281;271;3.038
281;283;4.021
282;284;3.047
283;272;3.149
283;274;3.603
283;276;3.444
283;281;4.021
283;285;2.977
284;282;3.047
284;287;3.021
285;283;2.977
285;705;3.851
286;288;2.891
286;291;3.552
287;284;3.021
288;286;2.891
288;291;2.941
288;707;3.702
289;292;2.866
289;293;2.653
289;299;3.625
290;293;2.974
290;294;2.903
290;297;3.999
290;706;3.365
290;708;2.785
290;709;2.802
290;1103;3.954
291;286;3.552
291;288;2.941
291;294;3.034
292;289;2.866
293;289;2.653
293;290;2.974
293;299;3.653
294;290;2.903
294;291;3.034
294;297;4.025
295;296;3.216
296;295;3.216
297;290;3.999
297;294;4.025
298;1104;3.659
299;289;3.625
299;293;3.653
299;708;3.701
300;302;3.626
300;314;2.702
301;302;3.62
301;707;3.941
302;300;3.626
302;301;3.62
302;703;3.457
302;707;3.764
303;702;2.88
303;703;3.383
303;1091;3.5
303;1094;3.571
304;1091;3.412
304;1094;3.753
304;1095;3.708
305;312;3.278
306;312;3.868
307;310;2.684
308;969;3.647
309;965;3.673
310;307;2.684
311;317;3.809
312;305;3.278
312;306;3.868
312;315;3.286
313;318;3.912
314;300;2.702
315;312;3.286
315;322;2.951
316;319;2.993
316;322;3.823
317;311;3.809
318;313;3.912
319;316;2.993
319;322;3.634
319;330;3.742
320;329;3.076
320;330;2.795
320;331;3.972
321;324;3.128
322;315;2.951
322;316;3.823
322;319;3.634
323;713;2.78
324;321;3.128
324;334;2.685
325;329;3.598
325;331;3.054
325;332;2.868
325;334;2.681
326;329;3.079
326;334;3.643
326;712;3.614
327;335;3.589
327;724;3.722
328;331;2.915
328;333;2.847
328;335;2.67
329;320;3.076
329;325;3.598
329;326;3.079
329;711;2.854
330;319;3.742
330;320;2.795
331;320;3.972
331;325;3.054
331;328;2.915
332;325;2.868
332;338;2.922
333;328;2.847
334;324;2.685
334;325;2.681
334;326;3.643
334;337;3.023
335;327;3.589
335;328;2.67
336;339;2.834
337;334;3.023
338;332;2.922
339;336;2.834
340;449;3.267
340;450;2.918
340;451;3.476
341;343;3.575
342;444;3.168
342;447;3.981
343;341;3.575
343;444;2.946
343;445;3.605
344;444;2.785
345;444;2.622
346;349;3.929
347;352;2.846
348;350;2.949
348;351;3.442
348;352;3.068
348;356;4.025
349;346;3.929
350;348;2.949
351;348;3.442
352;347;2.846
352;348;3.068
352;354;3.936
352;355;3.819
352;356;3.862
353;354;3.039
353;356;3.822
354;352;3.936
354;353;3.039
354;441;3.792
354;442;2.798
354;443;3.319
354;445;2.723
355;352;3.819
356;348;4.025
356;352;3.862
356;353;3.822
357;361;3.486
357;362;3.569
358;360;3.052
358;362;3.028
359;362;3.966
359;363;2.947
360;358;3.052
361;357;3.486
362;357;3.569
362;358;3.028
362;359;3.966
363;359;2.947
363;364;2.949
364;363;2.949
364;367;3.012
365;368;2.959
366;369;3.025
366;370;3.015
366;371;2.963
366;372;2.94
366;373;3.936
367;364;3.012
367;370;3.258
368;365;2.959
369;366;3.025
369;374;2.97
370;366;3.015
370;367;3.258
370;372;3.794
371;366;2.963
372;366;2.94
372;370;3.794
373;366;3.936
374;369;2.97
375;377;3.625
376;379;3.68
376;383;3.664
376;396;3.996
377;375;3.625
378;397;3.013
379;376;3.68
379;397;3.069
380;398;3.751
380;403;3.537
381;397;3.661
382;385;2.943
383;376;3.664
384;386;3.0
384;387;3.187
384;389;3.041
384;390;2.729
385;382;2.943
386;384;3.0
387;384;3.187
388;391;3.888
389;384;3.041
390;384;2.729
390;393;2.775
391;388;3.888
392;394;2.989
393;390;2.775
394;392;2.989
395;399;3.704
395;400;3.506
396;376;3.996
396;399;2.961
397;378;3.013
397;379;3.069
397;381;3.661
398;380;3.751
398;401;2.98
398;402;3.035
399;395;3.704
399;396;2.961
400;395;3.506
401;398;2.98
402;398;3.035
403;380;3.537
404;405;2.811
405;404;2.811
406;408;2.809
406;414;3.713
407;415;3.932
408;406;2.809
408;413;3.061
409;412;2.809
409;413;3.78
410;413;3.779
411;413;3.001
412;409;2.809
413;408;3.061
413;409;3.78
413;410;3.779
413;411;3.001
414;406;3.713
414;416;3.1
415;407;3.932
416;414;3.1
417;419;3.302
418;420;2.972
419;417;3.302
420;418;2.972
420;421;3.047
421;420;3.047
422;424;3.724
423;447;2.723
424;422;3.724
425;426;3.306
426;425;3.306
426;427;2.898
427;426;2.898
427;429;3.097
428;430;2.991
428;434;3.617
429;427;3.097
430;428;2.991
430;434;3.576
431;432;2.939
432;431;2.939
433;439;3.616
434;428;3.617
434;430;3.576
434;435;2.936
435;434;2.936
435;438;2.989
435;439;3.046
436;439;2.939
437;440;3.694
438;435;2.989
439;433;3.616
439;435;3.046
439;436;2.939
440;437;3.694
441;354;3.792
441;445;3.687
442;354;2.798
443;354;3.319
444;342;3.168
444;343;2.946
444;344;2.785
444;345;2.622
445;343;3.605
445;354;2.723
445;441;3.687
446;449;3.532
447;342;3.981
447;423;2.723
448;456;2.848
449;340;3.267
449;446;3.532
450;340;2.918
450;455;3.431
450;456;3.573
451;340;3.476
452;455;3.034
453;456;2.973
453;457;3.128
453;458;3.931
454;459;3.894
454;460;2.885
454;461;3.654
455;450;3.431
455;452;3.034
456;448;2.848
456;450;3.573
456;453;2.973
457;453;3.128
458;453;3.931
459;454;3.894
460;454;2.885
461;454;3.654
462;463;3.615
463;462;3.615
464;466;2.722
465;467;3.183
466;464;2.722
467;465;3.183
467;469;2.967
467;471;3.403
467;475;2.728
468;470;3.969
468;471;3.782
468;528;3.496
468;529;2.758
469;467;2.967
470;468;3.969
470;528;3.625
470;529;3.951
471;467;3.403
471;468;3.782
471;474;2.98
471;475;3.086
472;475;3.008
473;525;3.609
474;471;2.98
474;530;3.932
475;467;2.728
475;471;3.086
475;472;3.008
475;478;2.944
475;479;3.184
476;480;2.945
477;481;2.961
478;475;2.944
478;481;3.237
478;482;3.017
479;475;3.184
479;482;3.409
479;483;2.93
479;577;2.671
480;476;2.945
480;483;3.202
480;484;2.974
481;477;2.961
481;478;3.237
481;485;3.051
482;478;3.017
482;479;3.409
482;485;3.316
482;486;2.976
482;522;3.799
482;574;3.952
483;479;2.93
483;480;3.202
483;486;3.003
483;487;3.086
483;578;2.735
483;579;3.591
484;480;2.974
484;487;3.448
484;488;3.006
485;481;3.051
485;482;3.316
485;489;2.984
485;515;3.662
486;482;2.976
486;483;3.003
486;489;3.08
486;490;3.066
486;519;3.306
486;572;3.898
486;574;3.857
486;575;3.833
487;483;3.086
487;484;3.448
487;490;3.122
487;491;3.441
487;575;3.777
488;484;3.006
488;491;3.303
488;492;3.019
489;485;2.984
489;486;3.08
489;492;3.294
489;493;2.995
489;515;3.166
489;571;3.079
490;486;3.066
490;487;3.122
490;494;3.04
490;572;3.647
490;983;3.887
491;487;3.441
491;488;3.303
491;494;3.296
491;495;2.988
492;488;3.019
492;489;3.294
492;495;3.005
492;496;2.946
492;508;3.535
493;489;2.995
493;496;3.037
493;571;3.773
493;572;3.632
493;987;3.993
494;490;3.04
494;491;3.296
495;491;2.988
495;492;3.005
496;492;2.946
496;493;3.037
496;501;3.0
496;512;3.546
497;501;2.983
497;1025;3.957
497;1026;3.245
498;1025;2.883
499;502;2.952
499;503;3.045
500;504;3.019
501;496;3.0
501;497;2.983
501;505;2.791
502;499;2.952
502;505;2.732
503;499;3.045
504;500;3.019
504;507;3.07
504;508;2.938
505;501;2.791
505;502;2.732
505;509;2.971
506;509;3.298
506;510;3.04
507;504;3.07
507;510;3.922
507;511;2.964
508;492;3.535
508;504;2.938
508;511;3.356
508;512;2.928
509;505;2.971
509;506;3.298
509;512;3.388
509;513;3.033
510;506;3.04
510;507;3.922
510;514;2.955
511;507;2.964
511;508;3.356
511;515;2.978
512;496;3.546
512;508;2.928
512;509;3.388
512;515;3.36
512;516;3.089
512;571;3.253
513;509;3.033
513;516;3.338
513;517;3.013
513;555;3.811
513;556;3.386
514;510;2.955
514;517;3.016
514;518;3.086
515;485;3.662
515;489;3.166
515;511;2.978
515;512;3.36
515;518;3.072
515;519;3.373
516;512;3.089
516;513;3.338
516;519;2.943
516;551;2.835
516;552;3.765
516;555;3.822
517;513;3.013
517;514;3.016
517;520;2.862
518;514;3.086
518;515;3.072
518;521;3.058
518;522;3.24
519;486;3.306
519;515;3.373
519;516;2.943
519;523;2.986
519;548;3.668
519;552;3.918
519;574;3.412
520;517;2.862
520;523;3.412
520;524;3.029
520;552;3.489
521;518;3.058
521;525;3.067
522;482;3.799
522;518;3.24
522;525;3.409
522;526;2.944
522;574;2.743
522;577;2.754
523;519;2.986
523;520;3.412
523;527;2.989
523;548;3.682
524;520;3.029
524;527;3.229
524;528;3.088
525;473;3.609
525;521;3.067
525;522;3.409
525;529;2.983
526;522;2.944
526;529;3.034
526;530;3.028
526;534;2.676
526;535;3.616
526;541;2.771
527;523;2.989
527;524;3.229
527;535;3.75
527;536;3.935
528;468;3.496
528;470;3.625
528;524;3.088
529;468;2.758
529;470;3.951
529;525;2.983
529;526;3.034
530;474;3.932
530;526;3.028
530;534;3.668
531;534;2.912
531;535;2.922
532;536;2.974
533;537;3.07
534;526;2.676
534;530;3.668
534;531;2.912
534;537;3.069
534;538;2.928
535;526;3.616
535;527;3.75
535;531;2.922
535;541;3.196
535;545;3.17
536;527;3.935
536;532;2.974
537;533;3.07
537;534;3.069
538;534;2.928
538;541;2.962
538;542;3.035
539;542;3.977
539;543;3.006
540;544;2.99
540;582;2.943
540;585;3.978
541;526;2.771
541;535;3.196
541;538;2.962
541;544;3.5
541;545;2.956
542;538;3.035
542;539;3.977
542;545;3.4
542;546;2.987
543;539;3.006
543;546;3.433
543;547;3.017
543;573;3.982
544;540;2.99
544;541;3.5
544;547;3.215
544;548;2.903
544;574;2.642
544;577;3.875
545;535;3.17
545;541;2.956
545;542;3.4
545;549;3.003
546;542;2.987
546;543;3.433
546;549;3.189
546;550;3.084
547;543;3.017
547;544;3.215
547;551;3.009
548;519;3.668
548;523;3.682
548;544;2.903
548;552;2.936
548;574;3.737
549;545;3.003
549;546;3.189
549;553;2.987
550;546;3.084
550;554;3.197
550;567;3.56
551;516;2.835
551;547;3.009
551;555;3.428
551;571;3.067
552;516;3.765
552;519;3.918
552;520;3.489
552;548;2.936
552;555;3.148
552;556;2.911
553;549;2.987
553;556;3.305
553;557;3.041
554;550;3.197
554;558;2.996
554;559;3.063
554;568;3.841
555;513;3.811
555;516;3.822
555;551;3.428
555;552;3.148
555;559;3.765
555;568;3.932
556;513;3.386
556;552;2.911
556;553;3.305
557;553;3.041
558;554;2.996
558;560;2.941
559;554;3.063
559;555;3.765
559;565;2.835
560;558;2.941
560;565;3.251
561;564;2.785
562;565;3.243
562;566;2.928
563;566;3.256
563;567;2.963
563;1065;3.863
564;561;2.785
564;567;3.101
564;568;3.079
565;559;2.835
565;560;3.251
565;562;3.243
565;568;2.947
566;562;2.928
566;563;3.256
566;569;2.967
566;991;3.123
567;550;3.56
567;563;2.963
567;564;3.101
567;570;2.972
568;554;3.841
568;555;3.932
568;564;3.079
568;565;2.947
568;571;3.036
569;566;2.967
569;572;3.181
569;987;3.733
569;988;3.873
570;567;2.972
570;573;2.897
570;984;3.637
571;489;3.079
571;493;3.773
571;512;3.253
571;551;3.067
571;568;3.036
571;574;2.939
572;486;3.898
572;490;3.647
572;493;3.632
572;569;3.181
572;575;2.949
572;980;3.835
572;984;3.502
573;543;3.982
573;570;2.897
573;576;2.763
573;981;3.445
573;984;3.485
574;482;3.952
574;486;3.857
574;519;3.412
574;522;2.743
574;544;2.642
574;548;3.737
574;571;2.939
574;577;2.986
575;486;3.833
575;487;3.777
575;572;2.949
575;578;2.969
575;579;2.947
575;581;3.885
575;980;3.551
576;573;2.763
577;479;2.671
577;522;2.754
577;544;3.875
577;574;2.986
578;483;2.735
578;575;2.969
579;483;3.591
579;575;2.947
579;581;3.927
579;582;3.023
580;583;3.061
580;584;2.922
580;973;3.151
581;575;3.885
581;579;3.927
581;584;3.223
581;585;3.019
581;977;3.463
582;540;2.943
582;579;3.023
582;585;3.868
582;586;3.053
583;580;3.061
583;586;3.46
583;587;2.97
584;580;2.922
584;581;3.223
584;587;3.261
584;588;2.949
584;977;3.579
585;540;3.978
585;581;3.019
585;582;3.868
585;589;3.054
586;582;3.053
586;583;3.46
586;589;3.4
586;590;2.757
587;583;2.97
587;584;3.261
587;590;3.293
587;591;2.931
588;584;2.949
588;591;3.208
588;592;3.075
588;1079;3.604
589;585;3.054
589;586;3.4
589;592;3.018
590;586;2.757
590;587;3.293
590;593;2.971
591;587;2.931
591;588;3.208
591;594;3.079
591;595;3.082
591;694;3.78
591;1079;3.502
591;1083;3.497
592;588;3.075
592;589;3.018
592;596;2.975
592;1079;3.858
593;590;2.971
593;596;3.027
594;591;3.079
594;694;3.932
595;591;3.082
595;598;3.269
595;599;2.871
595;690;3.565
595;1079;3.836
596;592;2.975
596;593;3.027
596;600;3.05
597;106;3.425
597;110;3.339
597;600;3.204
597;601;3.287
598;110;3.977
598;595;3.269
598;601;3.079
598;602;3.024
598;689;3.489
598;690;3.811
599;595;2.871
599;603;2.929
600;596;3.05
600;597;3.204
600;603;3.287
600;604;3.05
601;107;3.692
601;597;3.287
601;598;3.079
601;604;3.464
601;605;3.033
602;598;3.024
602;605;3.466
602;606;2.957
602;653;3.91
603;599;2.929
603;600;3.287
603;607;2.977
604;100;3.514
604;600;3.05
604;601;3.464
604;607;3.297
604;608;3.0
605;601;3.033
605;602;3.466
605;608;3.308
605;609;2.949
605;682;3.703
606;602;2.957
606;610;2.929
606;646;3.547
606;649;3.8
607;19;3.511
607;23;3.742
607;603;2.977
607;604;3.297
607;610;3.27
607;611;3.001
607;642;3.483
608;94;3.961
608;98;3.964
608;604;3.0
608;605;3.308
608;611;3.272
608;612;2.996
609;605;2.949
609;613;2.961
609;649;3.778
609;678;4.054
609;679;3.532
609;682;3.884
610;606;2.929
610;607;3.27
610;613;3.252
610;614;2.992
610;642;3.724
610;645;3.967
611;94;3.629
611;607;3.001
611;608;3.272
611;615;3.307
612;94;3.69
612;608;2.996
612;615;3.34
612;616;3.026
613;609;2.961
613;610;3.252
613;617;3.006
613;618;2.813
613;639;3.827
614;25;3.248
614;610;2.992
614;618;3.051
614;619;3.145
614;641;3.953
615;91;3.429
615;611;3.307
615;612;3.34
616;87;3.909
616;91;3.853
616;612;3.026
616;619;2.809
617;613;3.006
617;620;3.01
617;621;3.604
617;635;3.501
617;639;4.024
617;672;3.404
617;675;4.002
618;613;2.813
618;614;3.051
618;635;3.748
619;614;3.145
619;616;2.809
620;617;3.01
620;632;4.116
620;635;2.991
621;617;3.604
621;633;3.086
621;635;2.964
621;661;3.814
621;662;3.427
621;668;2.788
621;672;3.518
622;631;2.651
622;632;3.348
622;662;3.7
622;663;2.916
623;626;3.009
623;627;2.874
623;628;2.843
623;629;2.763
624;662;4.16
624;663;2.802
624;664;3.675
625;628;3.818
626;623;3.009
626;631;3.976
627;623;2.874
628;623;2.843
628;625;3.818
629;623;2.763
630;636;3.566
630;637;3.183
631;622;2.651
631;626;3.976
632;620;4.116
632;622;3.348
632;636;3.514
633;621;3.086
633;636;3.174
633;637;3.126
633;660;2.866
633;661;3.551
634;637;3.032
634;638;2.848
634;659;3.94
635;617;3.501
635;618;3.748
635;620;2.991
635;621;2.964
635;639;3.675
635;661;3.607
636;630;3.566
636;632;3.514
636;633;3.174
636;640;3.521
637;630;3.183
637;633;3.126
637;634;3.032
637;1053;3.63
638;634;2.848
638;644;4.01
638;647;3.874
638;648;3.779
638;1044;3.471
638;1048;3.757
639;613;3.827
639;617;4.024
639;635;3.675
639;644;3.651
639;648;3.654
639;661;4.031
640;636;3.521
640;1057;2.731
641;25;3.693
641;614;3.953
641;644;2.895
641;645;2.941
641;1060;2.872
642;25;3.273
642;607;3.483
642;610;3.724
642;645;3.444
642;646;2.943
643;646;3.242
643;647;2.991
643;1060;3.634
643;1063;3.878
643;1064;3.613
643;1067;3.952
644;638;4.01
644;639;3.651
644;641;2.895
644;647;3.268
644;648;2.98
644;1063;3.115
645;610;3.967
645;641;2.941
645;642;3.444
645;648;4.011
645;649;2.974
646;606;3.547
646;642;2.943
646;643;3.242
646;649;3.481
646;650;2.974
647;638;3.874
647;643;2.991
647;644;3.268
647;650;3.24
647;651;3.031
647;1048;3.948
647;1067;3.606
648;638;3.779
648;639;3.654
648;644;2.98
648;645;4.011
648;651;3.117
648;652;3.013
648;658;3.797
649;606;3.8
649;609;3.778
649;645;2.974
649;646;3.481
649;652;3.388
649;653;2.994
649;679;4.035
650;646;2.974
650;647;3.24
650;653;3.057
650;654;3.217
650;1040;3.925
650;1043;3.483
650;1067;3.701
650;1074;3.916
651;647;3.031
651;648;3.117
651;657;2.834
651;1044;3.528
652;648;3.013
652;649;3.388
652;655;2.964
652;676;3.415
652;679;3.562
652;680;3.968
653;602;3.91
653;649;2.994
653;650;3.057
653;683;3.783
654;650;3.217
654;1040;3.455
655;652;2.964
655;676;2.889
655;680;3.996
656;225;3.781
656;1040;3.786
656;1041;2.746
656;1042;2.866
657;220;3.762
657;225;3.447
657;226;5.689
657;651;2.834
657;676;3.881
657;1045;3.896
658;648;3.797
658;661;3.498
658;676;3.272
659;634;3.94
659;1045;3.531
660;633;2.866
661;621;3.814
661;633;3.551
661;635;3.607
661;639;4.031
661;658;3.498
661;669;3.271
661;672;3.441
662;621;3.427
662;622;3.7
662;624;4.16
662;665;3.354
662;669;2.966
663;622;2.916
663;624;2.802
663;669;3.609
664;624;3.675
665;662;3.354
665;668;2.776
665;669;3.07
666;670;2.949
667;670;3.175
667;671;2.984
668;621;2.788
668;665;2.776
668;671;3.225
668;672;3.09
669;661;3.271
669;662;2.966
669;663;3.609
669;665;3.07
669;672;3.421
669;673;2.912
670;666;2.949
670;667;3.175
670;673;3.293
670;674;3.012
671;667;2.984
671;668;3.225
671;674;3.465
671;675;3.353
672;617;3.404
672;621;3.518
672;661;3.441
672;668;3.09
672;669;3.421
672;675;3.45
672;676;2.944
673;216;3.841
673;669;2.912
673;670;3.293
673;676;3.252
673;677;2.962
674;670;3.012
674;671;3.465
674;677;3.406
674;678;3.016
675;617;4.002
675;671;3.353
675;672;3.45
675;678;3.339
675;679;2.995
676;652;3.415
676;655;2.889
676;657;3.881
676;658;3.272
676;672;2.944
676;673;3.252
676;679;3.287
676;680;2.986
677;219;3.476
677;673;2.962
677;674;3.406
677;680;3.427
677;681;2.997
678;609;4.054
678;674;3.016
678;675;3.339
678;681;3.487
678;682;3.012
679;609;3.532
679;649;4.035
679;652;3.562
679;675;2.995
679;676;3.287
679;683;2.955
680;223;3.607
680;652;3.968
680;655;3.996
680;676;2.986
680;677;3.427
680;684;2.929
681;219;3.873
681;677;2.997
681;678;3.487
681;684;3.417
681;685;3.034
682;605;3.703
682;609;3.884
682;678;3.012
682;685;3.407
682;686;2.988
683;653;3.783
683;679;2.955
683;686;3.195
683;687;2.935
684;680;2.929
684;681;3.417
684;687;3.259
684;688;2.984
685;114;3.779
685;681;3.034
685;682;3.407
685;689;3.025
686;682;2.988
686;683;3.195
686;689;3.307
686;690;2.911
687;683;2.935
687;684;3.259
687;690;3.153
687;691;3.081
688;259;3.583
688;260;3.731
688;684;2.984
688;692;3.018
689;598;3.489
689;685;3.025
689;686;3.307
689;693;2.915
690;595;3.565
690;598;3.811
690;686;2.911
690;687;3.153
690;693;3.382
690;694;3.134
690;1082;3.369
691;260;3.675
691;264;3.7
691;687;3.081
691;694;3.441
691;695;2.947
691;1082;3.561
691;1085;3.769
691;1366;6.381
692;263;3.818
692;264;4.006
692;267;3.654
692;688;3.018
692;695;3.4
692;696;2.951
693;689;2.915
693;690;3.382
693;697;3.079
694;591;3.78
694;594;3.932
694;690;3.134
694;691;3.441
694;697;3.322
694;698;3.012
694;1082;3.648
694;1083;3.737
694;1086;3.568
695;264;3.443
695;691;2.947
695;692;3.4
695;698;3.419
695;699;2.96
695;1089;3.453
696;268;3.947
696;692;2.951
696;699;3.319
696;700;3.059
697;693;3.079
697;694;3.322
697;700;3.047
697;701;3.111
698;694;3.012
698;695;3.419
698;701;2.958
698;702;3.012
698;1086;3.489
698;1090;3.514
699;268;3.801
699;695;2.96
699;696;3.319
699;1090;3.595
699;1093;3.215
700;696;3.059
700;697;3.047
701;697;3.111
701;698;2.958
702;303;2.88
702;698;3.012
702;1090;3.684
703;302;3.457
703;303;3.383
703;707;3.451
704;1093;3.678
704;1097;2.839
705;285;3.851
705;1098;2.797
706;290;3.365
706;709;3.277
707;288;3.702
707;301;3.941
707;302;3.764
707;703;3.451
708;290;2.785
708;299;3.701
709;290;2.802
709;706;3.277
710;818;3.891
711;329;2.854
712;326;3.614
712;718;3.746
712;725;3.878
713;323;2.78
714;717;2.926
715;718;2.843
715;719;2.95
716;720;2.834
717;714;2.926
717;720;2.92
717;723;3.851
718;712;3.746
718;715;2.843
718;725;3.925
718;728;3.697
719;715;2.95
720;716;2.834
720;717;2.92
720;722;3.543
720;726;4.033
721;722;2.952
722;720;3.543
722;721;2.952
722;727;3.303
723;717;3.851
723;726;2.997
724;327;3.722
725;712;3.878
725;718;3.925
725;728;3.955
726;720;4.033
726;723;2.997
727;722;3.303
728;718;3.697
728;725;3.955
728;747;2.883
729;740;3.678
729;744;2.953
729;747;3.158
730;741;3.746
731;734;2.769
731;741;4.03
732;736;2.808
733;736;3.615
734;731;2.769
734;738;2.833
735;738;2.702
736;732;2.808
736;733;3.615
736;738;3.874
736;739;2.706
737;739;3.394
737;743;2.932
737;746;2.832
738;734;2.833
738;735;2.702
738;736;3.874
739;736;2.706
739;737;3.394
739;742;3.191
739;743;2.739
740;729;3.678
740;744;2.847
740;746;3.513
741;730;3.746
741;731;4.03
741;744;2.854
742;739;3.191
743;737;2.932
743;739;2.739
744;729;2.953
744;740;2.847
744;741;2.854
744;746;2.953
745;757;2.755
746;737;2.832
746;740;3.513
746;744;2.953
747;728;2.883
747;729;3.158
748;750;2.93
748;751;3.041
749;751;3.016
750;748;2.93
750;818;3.656
751;748;3.041
751;749;3.016
752;819;2.708
753;816;4.0
754;1107;3.44
754;1108;2.886
755;1108;3.823
755;1111;4.008
756;758;2.731
757;745;2.755
758;756;2.731
759;761;3.012
760;763;3.465
761;759;3.012
762;786;3.325
763;760;3.465
764;766;2.97
764;767;3.912
764;788;3.972
765;788;2.666
766;764;2.97
766;769;2.817
767;764;3.912
768;783;3.72
769;766;2.817
770;772;3.936
770;773;2.827
770;784;3.728
771;784;3.48
772;770;3.936
772;783;3.648
772;784;3.986
773;770;2.827
773;778;3.703
773;783;3.938
774;777;2.947
774;778;3.081
775;779;3.517
775;783;4.002
776;778;2.917
776;780;2.925
777;774;2.947
778;773;3.703
778;774;3.081
778;776;2.917
778;783;3.765
779;775;3.517
779;783;3.61
780;776;2.925
780;781;3.694
781;780;3.694
782;785;3.013
783;768;3.72
783;772;3.648
783;773;3.938
783;775;4.002
783;778;3.765
783;779;3.61
784;770;3.728
784;771;3.48
784;772;3.986
785;782;3.013
785;787;2.983
786;762;3.325
787;785;2.983
788;764;3.972
788;765;2.666
789;791;3.455
790;794;3.973
790;795;2.779
790;796;2.651
791;789;3.455
792;793;2.994
793;792;2.994
794;790;3.973
795;790;2.779
796;790;2.651
797;798;3.15
798;797;3.15
799;804;2.79
800;804;2.984
801;803;2.951
801;804;3.026
802;807;3.709
803;801;2.951
804;799;2.79
804;800;2.984
804;801;3.026
804;806;3.633
805;808;3.896
806;804;3.633
807;802;3.709
808;805;3.896
809;825;2.867
809;826;2.785
810;814;2.916
811;821;2.946
812;814;2.925
812;815;3.229
813;817;3.889
813;820;3.572
814;810;2.916
814;812;2.925
815;812;3.229
816;753;4.0
817;813;3.889
818;710;3.891
818;750;3.656
819;752;2.708
819;1106;3.835
820;813;3.572
821;811;2.946
822;1107;3.907
822;1108;4.11
822;1110;3.852
823;1114;3.565
824;1110;3.275
824;1114;3.797
825;809;2.867
826;809;2.785
827;829;2.769
828;836;3.357
829;827;2.769
830;833;2.963
830;836;3.581
831;834;3.365
831;836;3.646
832;834;3.338
833;830;2.963
834;831;3.365
834;832;3.338
834;836;3.95
835;837;3.011
835;838;3.96
836;828;3.357
836;830;3.581
836;831;3.646
836;834;3.95
837;835;3.011
837;840;2.736
838;835;3.96
838;893;3.899
839;844;3.807
839;845;3.403
839;893;3.684
839;894;3.655
840;837;2.736
841;844;2.869
841;845;3.0
842;846;3.056
843;847;2.919
844;839;3.807
844;841;2.869
844;847;3.179
844;848;2.948
844;893;3.997
845;839;3.403
845;841;3.0
845;848;3.456
845;849;3.215
845;953;3.186
846;842;3.056
846;849;3.39
846;850;3.02
847;843;2.919
847;844;3.179
847;850;3.292
847;851;2.916
848;844;2.948
848;845;3.456
848;851;3.35
848;852;2.951
848;887;3.801
848;890;3.725
849;845;3.215
849;846;3.39
849;852;3.414
849;853;2.955
849;953;3.446
850;846;3.02
850;847;3.292
850;853;3.251
850;854;2.969
851;847;2.916
851;848;3.35
851;855;2.956
851;887;4.005
852;848;2.951
852;849;3.414
852;856;2.892
852;883;3.977
852;887;3.44
852;946;3.711
852;950;3.785
853;849;2.955
853;850;3.251
853;856;3.161
853;857;2.981
854;850;2.969
854;857;3.104
854;858;3.005
855;851;2.956
855;858;3.428
855;859;2.957
855;946;3.63
856;852;2.892
856;853;3.161
856;860;3.001
857;853;2.981
857;854;3.104
857;860;3.389
857;861;2.96
858;854;3.005
858;855;3.428
858;861;2.978
858;862;3.229
859;855;2.957
859;944;3.919
860;856;3.001
860;857;3.389
860;864;3.428
860;1274;3.843
861;857;2.96
861;858;2.978
861;864;3.071
861;865;3.032
861;868;3.463
861;872;3.817
861;876;4.03
862;858;3.229
862;869;2.774
862;937;2.703
863;866;3.306
863;869;2.662
863;1277;3.349
863;1331;3.063
864;860;3.428
864;861;3.071
864;1297;3.755
865;861;3.032
865;868;2.962
865;869;3.026
866;863;3.306
866;869;3.205
866;870;3.01
866;1332;3.997
867;870;2.637
868;861;3.463
868;865;2.962
868;871;3.288
868;872;2.963
869;862;2.774
869;863;2.662
869;865;3.026
869;866;3.205
869;873;3.02
869;1330;3.866
870;866;3.01
870;867;2.637
870;1332;3.491
871;868;3.288
872;861;3.817
872;868;2.963
872;875;3.127
872;876;3.028
873;869;3.02
873;877;2.749
874;878;3.023
875;872;3.127
875;878;3.357
875;879;2.983
876;861;4.03
876;872;3.028
876;879;2.989
876;880;3.269
877;873;2.749
877;880;2.992
877;881;3.031
877;937;2.877
877;940;3.76
878;874;3.023
878;875;3.357
878;881;2.91
878;882;2.946
879;875;2.983
879;876;2.989
879;883;2.922
880;876;3.269
880;877;2.992
880;884;3.01
880;943;3.806
881;877;3.031
881;878;2.91
881;884;3.348
881;885;3.036
882;878;2.946
882;886;2.986
883;852;3.977
883;879;2.922
883;886;3.25
883;887;2.932
883;946;3.6
884;880;3.01
884;881;3.348
884;888;2.974
884;943;3.85
885;881;3.036
885;889;3.029
886;882;2.986
886;883;3.25
886;890;2.945
887;848;3.801
887;851;4.005
887;852;3.44
887;883;2.932
887;891;3.007
887;949;3.645
888;884;2.974
888;891;3.36
888;892;2.968
888;916;3.848
888;920;3.662
889;885;3.029
889;892;3.354
889;893;2.96
890;848;3.725
890;886;2.945
890;893;3.398
890;894;2.692
890;949;3.578
891;887;3.007
891;888;3.36
891;895;2.964
891;913;3.875
892;888;2.968
892;889;3.354
892;895;3.484
892;896;2.991
893;838;3.899
893;839;3.684
893;844;3.997
893;889;2.96
893;890;3.398
893;896;3.413
893;897;3.01
894;839;3.655
894;890;2.692
894;898;3.08
894;903;3.731
894;909;4.041
894;912;2.672
895;891;2.964
895;892;3.484
895;898;3.028
895;899;2.918
895;900;3.86
895;903;6.269
895;904;3.662
896;892;2.991
896;893;3.413
897;893;3.01
898;894;3.08
898;895;3.028
898;902;2.831
898;903;3.982
898;906;3.793
898;909;3.614
899;895;2.918
899;903;2.977
900;895;3.86
900;903;3.444
900;904;3.02
901;904;3.069
901;905;2.891
902;898;2.831
903;894;3.731
903;895;6.269
903;898;3.982
903;899;2.977
903;900;3.444
903;906;3.029
903;909;3.677
903;913;3.783
904;895;3.662
904;900;3.02
904;901;3.069
904;910;3.736
904;913;3.706
905;901;2.891
906;898;3.793
906;903;3.029
906;909;3.053
906;910;2.935
907;911;2.981
908;911;3.3
908;912;2.997
908;958;3.756
908;961;3.93
909;894;4.041
909;898;3.614
909;903;3.677
909;906;3.053
909;912;3.194
909;913;2.979
910;904;3.736
910;906;2.935
910;913;5.73
910;914;2.96
911;907;2.981
911;908;3.3
911;914;3.255
912;894;2.672
912;908;2.997
912;909;3.194
912;949;2.939
912;952;2.753
913;891;3.875
913;903;3.783
913;904;3.706
913;909;2.979
913;910;5.73
913;916;3.03
913;917;2.951
914;910;2.96
914;911;3.255
914;918;3.021
915;945;4.015
915;949;3.66
916;888;3.848
916;913;3.03
916;919;3.286
916;920;3.1
917;913;2.951
917;920;2.852
917;921;2.907
918;914;3.021
918;922;2.964
918;942;3.724
919;916;3.286
919;922;3.998
919;923;3.05
919;943;2.86
920;888;3.662
920;916;3.1
920;917;2.852
920;923;3.343
920;924;2.985
921;917;2.907
921;924;3.196
921;925;2.99
922;918;2.964
922;919;3.998
922;925;3.494
922;926;2.991
923;919;3.05
923;920;3.343
923;926;3.275
923;927;2.982
923;936;3.75
924;920;2.985
924;921;3.196
924;927;3.202
924;928;2.93
925;921;2.99
925;922;3.494
925;928;3.164
925;929;2.965
926;922;2.991
926;923;3.275
926;931;3.04
926;935;3.308
926;936;3.354
926;939;3.664
927;923;2.982
927;924;3.202
927;930;3.004
928;924;2.93
928;925;3.164
929;925;2.965
930;927;3.004
931;926;3.04
932;935;3.786
932;936;3.183
933;936;3.486
933;937;3.003
934;937;2.737
934;938;3.258
935;926;3.308
935;932;3.786
935;939;2.993
936;923;3.75
936;926;3.354
936;932;3.183
936;933;3.486
936;940;2.979
937;862;2.703
937;877;2.877
937;933;3.003
937;934;2.737
937;1329;3.813
937;1330;3.967
938;934;3.258
938;941;3.04
938;1326;3.052
938;1327;3.638
938;1328;3.157
939;926;3.664
939;935;2.993
940;877;3.76
940;936;2.979
940;943;2.76
941;938;3.04
941;944;2.76
941;945;3.337
941;1275;3.55
942;918;3.724
942;945;2.978
943;880;3.806
943;884;3.85
943;919;2.86
943;940;2.76
943;946;2.852
944;859;3.919
944;941;2.76
945;915;4.015
945;941;3.337
945;942;2.978
945;948;2.932
945;949;3.006
945;1271;3.839
946;852;3.711
946;855;3.63
946;883;3.6
946;943;2.852
946;949;2.978
946;950;3.174
947;950;2.961
947;1271;3.624
948;945;2.932
948;951;2.778
948;1271;3.806
949;887;3.645
949;890;3.578
949;912;2.939
949;915;3.66
949;945;3.006
949;946;2.978
949;952;2.932
950;852;3.785
950;946;3.174
950;947;2.961
950;953;2.979
950;954;2.946
