source;destination;distance
0;3;2.787
1;47;3.593
2;7;3.573
2;48;3.671
3;0;2.787
4;7;3.29
4;8;2.972
5;9;2.976
6;10;2.975
7;2;3.573
7;4;3.29
7;10;3.114
7;11;2.968
7;43;4.016
7;47;3.745
8;4;2.972
8;11;3.367
8;12;2.963
9;5;2.976
9;13;2.928
10;6;2.975
10;7;3.114
10;14;2.949
11;7;2.968
11;8;3.367
11;14;3.402
11;15;3.01
11;44;3.6
12;8;2.963
12;16;2.976
12;104;4.014
13;9;2.928
13;16;3.364
13;17;2.931
14;10;2.949
14;11;3.402
14;18;3.012
14;37;3.606
14;40;4.015
15;11;3.01
15;19;2.985
15;37;3.786
15;99;3.887
15;100;3.701
16;12;2.976
16;13;3.364
16;19;3.151
16;20;3.079
17;13;2.931
17;20;3.315
17;21;2.982
18;14;3.012
18;22;2.983
18;37;3.177
18;96;3.582
19;15;2.985
19;16;3.151
19;22;3.188
19;97;3.507
19;596;3.529
20;16;3.079
20;17;3.315
21;17;2.982
21;24;2.986
21;30;3.607
21;33;3.398
22;18;2.983
22;19;3.188
22;93;4.002
23;596;3.733
24;21;2.986
24;27;3.989
25;603;3.245
25;630;3.704
25;631;3.266
26;30;3.834
27;24;3.989
27;30;2.848
28;31;2.727
28;32;3.029
29;32;3.304
29;33;2.974
30;21;3.607
30;26;3.834
30;27;2.848
30;33;3.4
30;34;2.999
31;28;2.727
31;34;3.463
31;35;3.001
32;28;3.029
32;29;3.304
32;36;2.994
33;21;3.398
33;29;2.974
33;30;3.4
33;36;3.223
33;37;2.944
34;30;2.999
34;31;3.463
34;37;3.385
34;38;2.931
34;93;2.81
34;96;2.959
35;31;3.001
35;38;3.354
35;39;2.967
35;81;6.24
36;32;2.994
36;33;3.223
36;39;3.312
36;40;2.996
37;14;3.606
37;15;3.786
37;18;3.177
37;33;2.944
37;34;3.385
37;40;3.0
37;41;2.863
37;96;3.396
38;34;2.931
38;35;3.354
38;41;4.008
38;42;2.989
38;80;2.77
39;35;2.967
39;36;3.312
39;42;3.176
39;43;2.977
40;14;4.015
40;36;2.996
40;37;3.0
40;43;3.491
40;44;2.911
41;37;2.863
41;38;4.008
41;45;2.954
41;73;3.448
41;99;3.509
42;38;2.989
42;39;3.176
42;45;3.288
42;46;2.975
43;7;4.016
43;39;2.977
43;40;3.491
43;46;3.41
43;47;3.055
44;11;3.6
44;40;2.911
44;47;3.26
44;48;2.841
44;99;2.651
45;41;2.954
45;42;3.288
45;49;2.982
45;56;3.965
45;73;3.938
46;42;2.975
46;43;3.41
46;50;3.076
46;51;3.964
47;1;3.593
47;7;3.745
47;43;3.055
47;44;3.26
48;2;3.671
48;44;2.841
48;66;3.227
48;69;2.668
49;45;2.982
49;56;4.0
49;59;3.843
49;66;3.698
50;46;3.076
50;55;3.64
51;46;3.964
52;55;3.116
52;58;3.444
53;56;2.98
54;57;2.992
55;50;3.64
55;52;3.116
55;58;3.002
56;45;3.965
56;49;4.0
56;53;2.98
56;59;3.041
56;70;3.915
57;54;2.992
57;60;3.013
58;52;3.444
58;55;3.002
58;61;3.027
59;49;3.843
59;56;3.041
59;62;2.984
59;63;3.728
59;66;3.502
59;70;3.809
60;57;3.013
61;58;3.027
62;59;2.984
63;59;3.728
63;66;3.478
63;67;2.932
64;67;3.462
64;68;3.038
65;68;3.031
65;69;3.059
65;102;3.428
65;108;3.318
65;111;3.843
66;48;3.227
66;49;3.698
66;59;3.502
66;63;3.478
66;69;3.731
66;70;2.988
67;63;2.932
67;64;3.462
67;70;3.383
67;71;2.942
68;64;3.038
68;65;3.031
68;72;3.003
68;101;3.913
69;48;2.668
69;65;3.059
69;66;3.731
69;72;3.447
69;73;2.934
69;99;3.109
69;102;2.804
70;56;3.915
70;59;3.809
70;66;2.988
70;67;3.383
70;73;3.21
70;74;2.981
71;67;2.942
71;74;3.419
71;75;2.985
72;68;3.003
72;69;3.447
72;76;2.929
72;95;3.535
73;41;3.448
73;45;3.938
73;69;2.934
73;70;3.21
73;76;3.478
73;77;2.911
74;70;2.981
74;71;3.419
74;77;3.348
74;78;3.009
75;71;2.985
75;78;3.448
75;79;2.982
75;89;3.528
75;92;3.31
76;72;2.929
76;73;3.478
76;79;2.992
76;80;2.865
77;73;2.911
77;74;3.348
77;81;2.972
78;74;3.009
78;75;3.448
78;82;3.004
79;75;2.982
79;76;2.992
79;83;3.961
79;89;2.747
80;38;2.77
80;76;2.865
80;96;3.547
81;35;6.24
81;77;2.972
82;78;3.004
82;84;2.983
83;79;3.961
83;90;2.886
83;93;3.611
84;82;2.983
85;89;3.713
86;89;3.136
87;90;2.868
87;91;3.178
87;605;3.891
88;91;3.115
89;75;3.528
89;79;2.747
89;85;3.713
89;86;3.136
89;92;2.998
90;83;2.886
90;87;2.868
91;87;3.178
91;88;3.115
91;94;3.014
91;604;3.444
91;605;3.873
92;75;3.31
92;89;2.998
92;95;2.862
93;22;4.002
93;34;2.81
93;83;3.611
93;96;2.884
94;91;3.014
94;97;2.818
94;98;3.473
94;597;3.946
94;600;3.636
94;601;3.674
95;72;3.535
95;92;2.862
95;98;3.828
95;99;3.008
96;18;3.582
96;34;2.959
96;37;3.396
96;80;3.547
96;93;2.884
97;19;3.507
97;94;2.818
97;100;3.043
98;94;3.473
98;95;3.828
98;101;2.935
98;597;3.923
99;15;3.887
99;41;3.509
99;44;2.651
99;69;3.109
99;95;3.008
99;102;2.943
100;15;3.701
100;97;3.043
100;103;2.976
100;104;2.971
100;107;3.766
100;593;3.821
101;68;3.913
101;98;2.935
101;111;3.904
102;65;3.428
102;69;2.804
102;99;2.943
102;108;2.816
103;100;2.976
104;12;4.014
104;100;2.971
104;107;3.095
104;108;2.991
105;108;3.419
105;109;2.953
106;110;3.14
106;586;3.438
107;100;3.766
107;104;3.095
107;110;3.389
107;111;2.998
107;590;3.694
108;65;3.318
108;102;2.816
108;104;2.991
108;105;3.419
108;111;3.462
108;112;2.983
109;105;2.953
109;112;3.12
109;113;3.019
110;106;3.14
110;107;3.389
110;113;3.095
110;114;3.001
110;586;3.332
110;587;3.983
111;65;3.843
111;101;3.904
111;107;2.998
111;108;3.462
111;114;3.259
111;115;3.048
112;108;2.983
112;109;3.12
112;115;3.449
112;116;3.0
113;109;3.019
113;110;3.095
113;116;3.236
113;117;3.055
114;110;3.001
114;111;3.259
114;117;2.997
114;118;3.247
114;675;3.825
115;111;3.048
115;112;3.449
115;118;2.99
116;112;3.0
116;113;3.236
116;119;2.774
116;254;3.96
117;113;3.055
117;114;2.997
117;120;3.06
117;121;3.017
117;254;3.958
118;114;3.247
118;115;2.99
118;122;3.003
119;116;2.774
119;258;2.742
120;117;3.06
120;123;3.382
120;254;3.461
120;257;2.641
120;258;2.865
121;117;3.017
121;124;3.361
121;125;2.933
121;251;3.974
122;118;3.003
122;126;2.98
123;120;3.382
123;126;3.187
123;127;3.1
123;1262;3.454
123;1263;2.929
124;121;3.361
124;127;3.438
124;128;3.163
124;243;3.616
124;1266;4.01
125;121;2.933
125;128;3.394
125;129;2.921
126;122;2.98
126;123;3.187
126;129;3.317
126;130;2.98
127;123;3.1
127;124;3.438
127;130;3.857
127;131;2.958
127;1257;3.947
127;1263;3.961
127;1266;3.822
128;124;3.163
128;125;3.394
128;131;3.349
128;132;2.892
128;243;3.427
129;125;2.921
129;126;3.317
129;132;3.465
129;133;3.012
130;126;2.98
130;127;3.857
130;133;3.385
130;134;2.927
130;1253;3.658
130;1256;3.394
130;1257;3.563
131;127;2.958
131;128;3.349
131;134;3.459
131;135;2.864
132;128;2.892
132;129;3.465
132;136;2.97
132;203;3.737
132;206;4.011
133;129;3.012
133;130;3.385
133;136;3.212
133;137;3.004
134;130;2.927
134;131;3.459
134;137;3.281
134;138;2.969
134;1164;3.721
134;1253;3.889
135;131;2.864
135;139;2.938
135;206;3.588
135;232;3.706
135;236;3.787
135;239;3.656
136;132;2.97
136;133;3.212
136;140;2.931
136;199;3.646
136;203;3.919
137;133;3.004
137;134;3.281
137;140;3.193
137;141;3.127
137;1250;3.945
138;134;2.969
138;141;3.151
138;142;3.458
138;232;3.566
138;1247;3.661
138;1250;3.907
139;135;2.938
139;142;3.446
139;143;2.948
139;196;3.523
140;136;2.931
140;137;3.193
140;144;3.658
140;197;4.02
140;198;3.52
140;199;3.911
140;202;4.039
141;137;3.127
141;138;3.151
141;1247;3.601
141;1250;3.399
142;138;3.458
142;139;3.446
142;1243;3.65
142;1247;3.506
143;139;2.948
143;219;3.055
143;229;3.387
143;232;3.567
143;233;3.688
144;140;3.658
144;197;3.808
145;150;2.718
145;192;2.987
146;186;2.991
146;190;3.807
146;192;3.078
147;150;2.945
147;151;3.758
147;190;2.822
148;190;2.869
148;197;2.655
149;153;2.79
150;145;2.718
150;147;2.945
150;187;2.897
151;147;3.758
151;184;3.798
151;187;3.967
152;184;3.598
153;149;2.79
153;182;2.774
154;157;3.68
155;157;3.571
156;159;3.96
156;179;3.888
157;154;3.68
157;155;3.571
158;167;3.279
158;178;3.232
159;156;3.96
160;166;3.099
160;167;3.742
161;163;3.33
161;165;3.758
162;163;2.744
163;161;3.33
163;162;2.744
164;170;2.997
165;161;3.758
165;168;3.871
165;170;3.83
166;160;3.099
166;169;2.779
166;179;2.753
167;158;3.279
167;160;3.742
168;165;3.871
169;166;2.779
169;175;4.006
169;177;2.77
170;164;2.997
170;165;3.83
170;173;3.16
171;174;3.725
172;174;3.989
173;170;3.16
174;171;3.725
174;172;3.989
175;169;4.006
176;180;3.64
176;181;3.622
177;169;2.77
178;158;3.232
179;156;3.888
179;166;2.753
180;176;3.64
181;176;3.622
182;153;2.774
183;1018;4.002
183;1020;3.709
184;151;3.798
184;152;3.598
185;187;3.589
186;146;2.991
187;150;2.897
187;151;3.967
187;185;3.589
188;191;3.051
189;1017;2.84
189;1019;3.527
190;146;3.807
190;147;2.822
190;148;2.869
190;193;3.205
191;188;3.051
191;222;3.518
191;223;3.931
192;145;2.987
192;146;3.078
193;190;3.205
193;196;2.999
193;197;3.013
193;201;3.72
194;201;3.128
195;201;3.428
195;219;3.473
196;139;3.523
196;193;2.999
196;202;3.344
196;205;3.602
196;219;3.161
196;233;6.224
197;140;4.02
197;144;3.808
197;148;2.655
197;193;3.013
198;140;3.52
198;201;2.785
198;202;2.976
199;136;3.646
199;140;3.911
199;203;2.952
200;204;2.988
201;193;3.72
201;194;3.128
201;195;3.428
201;198;2.785
201;204;3.338
201;205;2.968
202;140;4.039
202;196;3.344
202;198;2.976
202;205;3.235
202;206;2.954
203;132;3.737
203;136;3.919
203;199;2.952
203;207;2.937
204;200;2.988
204;201;3.338
204;207;3.073
204;208;2.967
204;663;3.811
205;196;3.602
205;201;2.968
205;202;3.235
205;208;3.306
205;209;2.936
206;132;4.011
206;135;3.588
206;202;2.954
206;209;3.882
206;210;2.959
207;203;2.937
207;204;3.073
207;210;3.232
207;211;2.948
207;667;3.443
207;671;3.879
208;204;2.967
208;205;3.306
208;212;2.973
208;213;2.814
208;214;3.851
208;646;3.631
209;205;2.936
209;206;3.882
209;212;3.092
209;215;3.633
209;233;3.906
209;236;3.784
209;237;3.743
210;206;2.959
210;207;3.232
211;207;2.948
211;645;3.499
211;670;3.636
212;208;2.973
212;209;3.092
212;1328;3.145
212;1330;2.991
213;208;2.814
213;645;3.784
213;646;3.416
214;208;3.851
214;217;3.333
214;218;3.005
214;646;5.654
214;1325;3.748
214;1335;4.034
215;209;3.633
215;219;3.05
215;220;3.169
215;234;3.901
215;237;3.309
215;1321;3.759
215;1324;3.575
215;1325;3.334
216;220;3.131
216;221;2.999
216;1321;3.697
216;1325;3.607
216;1360;3.497
216;1361;2.795
216;1362;3.134
217;214;3.333
217;1335;3.469
217;1362;3.165
218;214;3.005
218;221;3.052
219;143;3.055
219;195;3.473
219;196;3.161
219;215;3.05
219;229;2.844
220;215;3.169
220;216;3.131
220;223;2.947
220;230;3.363
220;1321;3.163
220;1360;3.474
221;216;2.999
221;218;3.052
221;1311;3.757
221;1360;3.471
222;191;3.518
223;191;3.931
223;220;2.947
223;225;2.938
223;226;3.119
223;229;3.629
224;226;3.06
224;1318;3.681
224;1356;2.844
224;1359;3.493
225;223;2.938
225;229;3.013
226;223;3.119
226;224;3.06
226;229;2.974
226;230;2.938
226;1357;3.789
226;1358;3.742
227;230;3.654
227;231;2.922
227;1355;2.84
227;1357;2.773
228;1240;3.717
228;1243;3.852
228;1244;3.288
228;1357;2.944
229;143;3.387
229;219;2.844
229;223;3.629
229;225;3.013
229;226;2.974
229;232;3.023
229;233;3.292
230;220;3.363
230;226;2.938
230;227;3.654
230;233;3.35
230;234;2.943
230;1321;3.474
230;1358;3.973
230;1359;3.995
231;227;2.922
231;235;2.977
232;135;3.706
232;138;3.566
232;143;3.567
232;229;3.023
232;235;3.144
232;236;2.971
233;143;3.688
233;196;6.224
233;209;3.906
233;229;3.292
233;230;3.35
233;236;3.241
233;237;2.99
234;215;3.901
234;230;2.943
234;237;3.181
234;238;2.981
234;1324;3.986
235;231;2.977
235;232;3.144
235;239;2.935
236;135;3.787
236;209;3.784
236;232;2.971
236;233;3.241
236;240;2.902
237;209;3.743
237;215;3.309
237;233;2.99
237;234;3.181
237;241;2.957
237;1324;3.398
238;234;2.981
238;242;2.958
238;1324;3.372
239;135;3.656
239;235;2.935
239;243;2.912
240;236;2.902
240;244;2.938
241;237;2.957
241;244;3.32
241;245;2.952
242;238;2.958
242;245;3.43
242;246;2.933
242;1270;3.703
242;1277;3.594
243;124;3.616
243;128;3.427
243;239;2.912
243;246;3.184
243;247;2.876
244;240;2.938
244;241;3.32
244;247;3.324
244;248;2.956
245;241;2.952
245;242;3.43
245;248;3.922
245;249;2.983
245;1388;3.749
246;242;2.933
246;243;3.184
246;249;3.624
246;250;2.899
246;1266;3.171
246;1269;3.783
247;243;2.876
247;244;3.324
247;250;3.108
247;251;2.935
247;678;3.621
248;244;2.956
248;245;3.922
248;252;3.126
248;678;3.672
248;681;3.697
248;1385;3.523
249;245;2.983
249;246;3.624
249;252;3.48
249;253;2.924
249;1388;4.002
249;1389;3.93
249;1392;3.489
250;246;2.899
250;247;3.108
250;254;2.93
251;121;3.974
251;247;2.935
251;254;3.329
251;255;3.093
251;682;3.812
252;248;3.126
252;249;3.48
252;255;3.183
252;256;3.086
252;681;3.599
252;682;3.947
252;685;3.517
252;1389;3.511
253;249;2.924
253;257;2.895
253;1393;3.808
254;116;3.96
254;117;3.958
254;120;3.461
254;250;2.93
254;251;3.329
254;257;3.239
254;258;2.973
255;251;3.093
255;252;3.183
255;259;3.063
255;682;3.699
256;252;3.086
256;259;3.449
256;260;2.906
256;689;3.893
256;1109;6.065
256;1393;3.62
257;120;2.641
257;253;2.895
257;254;3.239
257;260;3.023
257;261;3.65
258;119;2.742
258;120;2.865
258;254;2.973
258;268;2.884
259;255;3.063
259;256;3.449
259;267;3.97
259;268;3.296
259;269;3.022
260;256;2.906
260;257;3.023
260;267;3.497
260;269;3.388
260;271;2.989
261;257;3.65
261;266;3.096
261;267;2.816
262;271;3.664
262;697;3.989
263;265;3.389
264;271;3.575
264;273;4.011
264;701;3.798
265;263;3.389
266;261;3.096
267;259;3.97
267;260;3.497
267;261;2.816
268;258;2.884
268;259;3.296
269;259;3.022
269;260;3.388
270;272;3.114
271;260;2.989
271;262;3.664
271;264;3.575
271;273;2.993
272;270;3.114
272;275;3.02
272;279;3.491
273;264;4.011
273;271;2.993
273;696;3.504
273;700;3.751
273;702;3.564
274;276;2.89
275;272;3.02
276;274;2.89
276;279;2.971
276;293;3.858
277;280;3.089
277;287;2.85
277;288;2.776
277;289;2.917
277;705;3.447
278;281;2.984
278;282;3.008
278;704;2.682
279;272;3.491
279;276;2.971
279;282;3.039
280;277;3.089
280;291;3.343
281;278;2.984
281;289;2.834
282;278;3.008
282;279;3.039
282;703;2.856
283;286;3.158
284;721;3.859
285;730;2.778
286;283;3.158
286;730;3.186
287;277;2.85
287;703;3.795
287;705;3.513
287;706;2.994
288;277;2.776
289;277;2.917
289;281;2.834
290;307;2.73
291;280;3.343
292;294;3.83
293;276;3.858
294;292;3.83
295;692;2.885
295;1106;3.898
295;1110;3.802
296;1110;3.521
296;1111;3.79
297;306;3.161
297;307;4.063
298;306;3.893
299;302;3.924
299;304;2.689
300;980;3.732
301;976;3.453
302;299;3.924
302;304;3.212
303;304;2.848
304;299;2.689
304;302;3.212
304;303;2.848
305;310;3.934
306;297;3.161
306;298;3.893
306;308;3.17
307;290;2.73
307;297;4.063
308;306;3.17
308;314;2.865
309;311;3.0
310;305;3.934
311;309;3.0
311;314;3.896
311;320;3.917
312;319;3.055
312;320;2.786
312;321;3.728
313;315;3.023
314;308;2.865
314;311;3.896
315;313;3.023
316;319;2.83
316;321;2.709
316;323;2.735
317;319;2.85
318;321;2.968
318;322;2.73
318;324;2.649
319;312;3.055
319;316;2.83
319;317;2.85
320;311;3.917
320;312;2.786
321;312;3.728
321;316;2.709
321;318;2.968
322;318;2.73
323;316;2.735
323;326;3.03
324;318;2.649
325;327;2.751
325;328;3.98
326;323;3.03
327;325;2.751
328;325;3.98
329;330;2.986
330;329;2.986
331;439;3.85
331;440;2.924
331;441;2.76
332;434;3.125
332;437;3.964
333;434;2.928
334;434;2.781
335;434;2.672
336;339;3.988
337;343;2.888
338;341;2.948
338;342;3.403
338;343;3.032
339;336;3.988
340;344;3.58
341;338;2.948
342;338;3.403
343;337;2.888
343;338;3.032
343;346;3.704
343;347;3.833
344;340;3.58
345;346;3.055
345;348;4.003
346;343;3.704
346;345;3.055
346;432;2.94
346;433;3.348
346;435;2.645
347;343;3.833
348;345;4.003
349;355;3.715
350;355;3.605
350;356;2.86
351;354;3.02
351;356;3.026
352;356;4.036
352;357;2.952
353;366;3.71
354;351;3.02
355;349;3.715
355;350;3.605
356;350;2.86
356;351;3.026
356;352;4.036
357;352;2.952
357;359;2.979
358;362;3.626
359;357;2.979
359;362;3.0
359;366;3.879
360;363;3.011
361;364;3.006
361;365;3.01
361;366;3.625
362;358;3.626
362;359;3.0
362;365;3.371
363;360;3.011
364;361;3.006
364;368;3.208
365;361;3.01
365;362;3.371
365;367;3.76
365;368;4.008
366;353;3.71
366;359;3.879
366;361;3.625
367;365;3.76
368;364;3.208
368;365;4.008
369;371;3.439
370;373;2.722
370;376;3.618
370;389;3.784
371;369;3.439
372;390;3.295
373;370;2.722
373;390;3.742
374;391;2.875
374;396;3.48
375;378;3.477
375;379;2.954
376;370;3.618
377;380;3.007
377;381;3.237
377;382;3.632
377;383;2.732
378;375;3.477
379;375;2.954
380;377;3.007
381;377;3.237
382;377;3.632
383;377;2.732
383;386;2.794
384;386;4.033
385;387;2.952
386;383;2.794
386;384;4.033
387;385;2.952
388;392;3.645
388;393;3.466
389;370;3.784
389;392;2.975
390;372;3.295
390;373;3.742
391;374;2.875
391;394;2.943
391;395;3.028
392;388;3.645
392;389;2.975
393;388;3.466
394;391;2.943
395;391;3.028
396;374;3.48
397;398;2.764
398;397;2.764
399;400;2.822
399;406;3.669
400;399;2.822
400;405;3.045
401;404;2.788
401;405;3.821
402;405;3.765
403;405;2.975
404;401;2.788
405;400;3.045
405;401;3.821
405;402;3.765
405;403;2.975
406;399;3.669
406;407;3.073
407;406;3.073
408;410;3.281
409;411;2.948
410;408;3.281
411;409;2.948
411;412;3.028
412;411;3.028
412;414;3.47
413;437;2.731
414;412;3.47
415;416;3.472
416;415;3.472
417;419;3.062
418;420;2.975
418;424;3.675
419;417;3.062
420;418;2.975
420;424;3.532
421;422;3.375
422;421;3.375
423;429;3.387
424;418;3.675
424;420;3.532
424;425;2.904
425;424;2.904
425;428;2.982
425;429;3.043
426;429;2.931
427;430;3.672
428;425;2.982
429;423;3.387
429;425;3.043
429;426;2.931
430;427;3.672
431;435;3.889
432;346;2.94
433;346;3.348
434;332;3.125
434;333;2.928
434;334;2.781
434;335;2.672
435;346;2.645
435;431;3.889
436;439;3.512
437;332;3.964
437;413;2.731
438;446;2.764
439;331;3.85
439;436;3.512
440;331;2.924
440;445;3.158
440;446;3.256
441;331;2.76
442;445;2.999
443;446;3.051
443;447;3.217
443;448;3.921
444;449;2.852
444;450;2.767
445;440;3.158
445;442;2.999
446;438;2.764
446;440;3.256
446;443;3.051
447;443;3.217
448;443;3.921
449;444;2.852
450;444;2.767
451;452;3.376
452;451;3.376
453;455;2.71
454;456;3.213
455;453;2.71
456;454;3.213
456;458;2.974
456;460;3.383
456;461;3.828
456;463;2.971
456;464;2.768
457;459;3.896
457;460;3.845
457;517;3.368
457;518;2.77
458;456;2.974
459;457;3.896
459;514;3.976
459;517;3.52
459;518;3.966
460;456;3.383
460;457;3.845
460;463;2.993
460;464;3.111
461;456;3.828
461;464;2.981
462;514;3.684
463;456;2.971
463;460;2.993
463;515;3.727
464;456;2.768
464;460;3.111
464;461;2.981
464;467;2.974
464;468;3.152
465;469;2.958
466;470;2.966
467;464;2.974
467;470;3.213
467;471;3.013
468;464;3.152
468;471;3.415
468;472;2.934
468;566;2.681
469;465;2.958
469;472;3.211
469;473;2.974
470;466;2.966
470;467;3.213
470;474;3.052
471;467;3.013
471;468;3.415
471;474;3.319
471;475;2.98
471;507;3.98
471;511;3.81
471;563;3.952
472;468;2.934
472;469;3.211
472;475;2.998
472;476;3.089
472;567;2.747
472;568;3.603
473;469;2.974
473;476;3.458
473;477;3.007
474;470;3.052
474;471;3.319
474;478;2.988
474;504;3.658
475;471;2.98
475;472;2.998
475;478;3.082
475;479;3.072
475;508;3.314
475;561;3.898
475;563;3.897
475;564;3.835
476;472;3.089
476;473;3.458
476;479;3.114
476;480;3.439
476;564;3.796
477;473;3.007
477;480;3.292
477;481;3.019
478;474;2.988
478;475;3.082
478;481;3.279
478;482;2.992
478;504;3.193
478;560;3.068
479;475;3.072
479;476;3.114
479;483;3.054
479;561;3.649
479;994;3.933
480;476;3.439
480;477;3.292
480;483;3.313
480;484;2.978
481;477;3.019
481;478;3.279
481;484;3.042
481;485;2.951
481;497;3.531
482;478;2.992
482;485;3.042
482;558;4.037
482;560;3.763
482;561;3.615
482;998;4.027
483;479;3.054
483;480;3.313
484;480;2.978
484;481;3.042
485;481;2.951
485;482;3.042
485;490;3.02
485;497;4.034
485;501;3.434
486;490;2.952
486;1041;4.013
486;1042;3.214
487;1041;3.293
488;491;2.944
488;492;3.028
489;493;3.023
490;485;3.02
490;486;2.952
490;494;2.799
491;488;2.944
491;494;2.724
492;488;3.028
493;489;3.023
493;496;3.051
493;497;2.944
494;490;2.799
494;491;2.724
494;498;2.952
495;498;3.479
495;499;3.063
496;493;3.051
496;499;4.003
496;500;2.962
497;481;3.531
497;485;4.034
497;493;2.944
497;500;3.354
497;501;2.926
498;494;2.952
498;495;3.479
498;501;3.325
498;502;3.033
499;495;3.063
499;496;4.003
499;503;2.962
500;496;2.962
500;497;3.354
500;504;2.97
501;485;3.434
501;497;2.926
501;498;3.325
501;504;3.384
501;505;3.087
501;560;3.262
502;498;3.033
502;505;3.327
502;506;3.009
502;544;3.786
502;545;3.377
503;499;2.962
503;506;3.016
503;507;3.087
504;474;3.658
504;478;3.193
504;500;2.97
504;501;3.384
504;507;3.074
504;508;3.371
505;501;3.087
505;502;3.327
505;508;2.953
505;540;2.828
505;541;3.742
505;544;3.802
506;502;3.009
506;503;3.016
506;509;2.872
507;471;3.98
507;503;3.087
507;504;3.074
507;510;3.054
507;511;3.242
508;475;3.314
508;504;3.371
508;505;2.953
508;512;2.983
508;537;3.674
508;541;3.907
508;563;3.428
509;506;2.872
509;512;3.416
509;513;3.029
509;541;3.494
510;507;3.054
510;514;3.057
511;471;3.81
511;507;3.242
511;514;3.438
511;515;2.947
511;563;2.744
511;566;2.723
512;508;2.983
512;509;3.416
512;516;2.982
512;537;3.684
513;509;3.029
513;516;3.211
513;517;3.087
514;459;3.976
514;462;3.684
514;510;3.057
514;511;3.438
514;518;2.981
515;463;3.727
515;511;2.947
515;518;3.015
515;519;3.025
515;523;2.675
515;524;3.637
515;530;2.766
516;512;2.982
516;513;3.211
516;524;3.71
516;525;3.965
517;457;3.368
517;459;3.52
517;513;3.087
518;457;2.77
518;459;3.966
518;514;2.981
518;515;3.015
519;515;3.025
519;523;3.758
520;523;2.907
520;524;2.921
521;525;2.982
522;526;2.838
523;515;2.675
523;519;3.758
523;520;2.907
523;526;3.072
523;527;2.913
524;515;3.637
524;516;3.71
524;520;2.921
524;530;3.194
524;534;2.933
525;516;3.965
525;521;2.982
526;522;2.838
526;523;3.072
527;523;2.913
527;530;2.96
527;531;3.04
528;531;3.972
528;532;3.012
529;533;2.993
529;571;2.977
529;574;3.86
530;515;2.766
530;524;3.194
530;527;2.96
530;534;2.955
531;527;3.04
531;528;3.972
531;534;3.401
531;535;2.989
532;528;3.012
532;535;3.433
532;536;3.018
532;562;3.97
533;529;2.993
533;536;3.206
533;537;2.902
533;563;2.643
533;566;3.878
534;524;2.933
534;530;2.955
534;531;3.401
534;538;3.008
535;531;2.989
535;532;3.433
535;538;3.197
535;539;3.088
536;532;3.018
536;533;3.206
536;540;3.009
537;508;3.674
537;512;3.684
537;533;2.902
537;541;2.936
537;563;3.744
538;534;3.008
538;535;3.197
538;542;2.993
539;535;3.088
539;543;3.207
539;556;3.561
540;505;2.828
540;536;3.009
540;544;3.421
540;560;3.091
541;505;3.742
541;508;3.907
541;509;3.494
541;537;2.936
541;544;3.155
541;545;2.913
542;538;2.993
542;545;3.305
542;546;3.032
543;539;3.207
543;547;2.998
543;548;3.06
543;557;3.808
544;502;3.786
544;505;3.802
544;540;3.421
544;541;3.155
544;548;3.755
544;557;3.951
545;502;3.377
545;541;2.913
545;542;3.305
546;542;3.032
547;543;2.998
547;549;2.946
548;543;3.06
548;544;3.755
548;554;2.827
549;547;2.946
549;554;3.267
550;553;2.786
551;554;3.234
551;555;2.931
552;555;3.269
552;556;2.955
552;1081;3.982
553;550;2.786
553;556;3.089
553;557;3.081
554;548;2.827
554;549;3.267
554;551;3.234
554;557;2.944
555;551;2.931
555;552;3.269
555;558;2.986
555;1002;3.122
556;539;3.561
556;552;2.955
556;553;3.089
556;559;2.975
557;543;3.808
557;544;3.951
557;553;3.081
557;554;2.944
557;560;3.043
558;482;4.037
558;555;2.986
558;561;3.181
558;998;3.743
558;999;3.891
559;556;2.975
559;562;2.89
559;995;3.663
560;478;3.068
560;482;3.763
560;501;3.262
560;540;3.091
560;557;3.043
560;563;2.948
561;475;3.898
561;479;3.649
561;482;3.615
561;558;3.181
561;564;2.941
561;991;3.814
561;995;3.505
562;532;3.97
562;559;2.89
562;565;2.763
562;992;3.441
562;995;3.481
563;471;3.952
563;475;3.897
563;508;3.428
563;511;2.744
563;533;2.643
563;537;3.744
563;560;2.948
563;566;2.987
564;475;3.835
564;476;3.796
564;561;2.941
564;567;2.97
564;568;2.944
564;570;3.879
564;991;3.537
565;562;2.763
566;468;2.681
566;511;2.723
566;533;3.878
566;563;2.987
567;472;2.747
567;564;2.97
568;472;3.603
568;564;2.944
568;570;3.931
568;571;3.023
569;572;3.093
569;573;2.914
569;984;3.151
570;564;3.879
570;568;3.931
570;573;3.2
570;574;3.008
570;988;3.467
571;529;2.977
571;568;3.023
571;574;3.832
571;575;3.06
572;569;3.093
572;575;3.298
572;576;2.956
573;569;2.914
573;570;3.2
573;576;3.305
573;577;2.934
573;985;4.026
573;988;3.608
574;529;3.86
574;570;3.008
574;571;3.832
574;578;3.038
575;571;3.06
575;572;3.298
575;579;2.769
576;572;2.956
576;573;3.305
576;579;3.137
576;580;2.919
576;1099;3.584
577;573;2.934
577;580;3.219
577;581;3.071
577;1095;3.599
578;574;3.038
578;581;3.018
579;575;2.769
579;576;3.137
579;582;2.975
580;576;2.919
580;577;3.219
580;583;3.075
580;584;3.085
580;684;3.807
580;1095;3.499
580;1099;3.4
581;577;3.071
581;578;3.018
581;585;2.983
581;1095;3.868
582;579;2.975
582;585;3.039
583;580;3.075
583;684;3.931
584;580;3.085
584;587;3.25
584;588;2.872
584;680;3.561
584;1095;3.859
585;581;2.983
585;582;3.039
585;589;3.054
586;106;3.438
586;110;3.332
586;589;3.21
586;590;3.299
587;110;3.983
587;584;3.25
587;590;3.059
587;591;3.023
587;679;3.509
587;680;3.808
588;584;2.872
588;592;2.93
589;585;3.054
589;586;3.21
589;592;3.29
589;593;3.063
590;107;3.694
590;586;3.299
590;587;3.059
590;593;3.408
590;594;3.025
591;587;3.023
591;594;3.5
591;595;2.957
591;642;3.933
591;676;4.04
592;588;2.93
592;589;3.29
592;596;2.972
593;100;3.821
593;589;3.063
593;590;3.408
593;596;3.396
593;597;3.026
594;590;3.025
594;591;3.5
594;597;3.254
594;598;2.943
594;672;3.72
595;591;2.957
595;598;3.492
595;599;2.928
595;635;3.52
595;638;3.809
596;19;3.529
596;23;3.733
596;592;2.972
596;593;3.396
596;599;3.283
596;600;3.007
596;631;3.495
597;94;3.946
597;98;3.923
597;593;3.026
597;594;3.254
597;600;3.246
597;601;2.993
598;594;2.943
598;595;3.492
598;602;2.958
598;638;3.781
598;668;4.093
598;669;3.505
598;672;3.914
599;595;2.928
599;596;3.283
599;602;3.25
599;603;2.995
599;631;3.766
599;634;3.965
599;635;4.015
600;94;3.636
600;596;3.007
600;597;3.246
600;604;3.316
601;94;3.674
601;597;2.993
601;604;3.294
601;605;3.016
602;598;2.958
602;599;3.25
602;606;3.003
602;607;2.811
602;628;3.813
603;25;3.245
603;599;2.995
603;607;3.047
603;608;3.153
603;630;3.961
604;91;3.444
604;600;3.316
604;601;3.294
605;87;3.891
605;91;3.873
605;601;3.016
605;608;2.801
606;602;3.003
606;609;3.007
606;610;3.549
606;624;3.506
606;628;4.109
606;662;3.41
607;602;2.811
607;603;3.047
607;624;3.764
608;603;3.153
608;605;2.801
609;606;3.007
609;624;2.964
610;606;3.549
610;622;3.077
610;624;2.974
610;650;3.811
610;651;3.347
610;658;2.794
610;662;3.591
611;620;2.659
611;621;3.642
611;651;3.542
611;652;2.919
612;615;3.014
612;616;2.858
612;617;2.822
612;618;2.749
613;651;4.097
613;652;2.761
613;654;3.658
614;617;3.841
615;612;3.014
615;620;4.03
616;612;2.858
617;612;2.822
617;614;3.841
617;1029;3.973
618;612;2.749
619;625;3.567
619;626;3.215
620;611;2.659
620;615;4.03
621;611;3.642
621;625;3.525
622;610;3.077
622;625;3.163
622;626;3.134
622;649;2.855
622;650;3.574
623;626;3.026
623;627;2.842
623;648;3.9
624;606;3.506
624;607;3.764
624;609;2.964
624;610;2.974
624;628;3.672
624;650;3.595
625;619;3.567
625;621;3.525
625;622;3.163
625;629;3.502
626;619;3.215
626;622;3.134
626;623;3.026
626;1069;3.609
627;623;2.842
627;633;4.036
627;636;3.916
627;637;3.813
627;1060;3.488
627;1064;3.761
628;602;3.813
628;606;4.109
628;624;3.672
628;633;3.648
628;637;3.648
628;650;4.015
629;625;3.502
629;1073;2.721
630;25;3.704
630;603;3.961
630;633;2.89
630;634;2.945
630;1076;2.866
631;25;3.266
631;596;3.495
631;599;3.766
631;634;3.423
631;635;2.941
632;635;3.232
632;636;2.997
632;1076;3.617
632;1079;3.898
632;1080;3.632
632;1083;4.015
633;627;4.036
633;628;3.648
633;630;2.89
633;636;3.26
633;637;2.979
633;1079;3.138
634;599;3.965
634;630;2.945
634;631;3.423
634;638;2.97
635;595;3.52
635;599;4.015
635;631;2.941
635;632;3.232
635;638;3.481
635;639;2.973
636;627;3.916
636;632;2.997
636;633;3.26
636;639;3.26
636;640;3.036
636;1064;3.951
636;1083;3.605
637;627;3.813
637;628;3.648
637;633;2.979
637;640;3.127
637;641;3.012
637;647;3.795
638;595;3.809
638;598;3.781
638;634;2.97
638;635;3.481
638;641;3.406
638;642;3.0
639;635;2.973
639;636;3.26
639;642;3.055
639;643;3.209
639;1056;3.962
639;1059;3.602
639;1083;3.703
639;1090;3.911
640;636;3.036
640;637;3.127
640;646;2.862
640;1060;3.537
641;637;3.012
641;638;3.406
641;644;2.976
641;666;3.407
641;669;3.562
641;670;3.981
642;591;3.933
642;638;3.0
642;639;3.055
642;673;3.772
643;639;3.209
643;1056;3.476
644;641;2.976
644;666;2.876
644;670;3.999
645;211;3.499
645;213;3.784
645;1056;3.816
645;1057;2.751
645;1058;2.84
646;208;3.631
646;213;3.416
646;214;5.654
646;640;2.862
646;666;3.861
646;1061;3.891
647;637;3.795
647;650;3.492
647;666;3.285
648;623;3.9
648;1061;3.491
649;622;2.855
649;1015;3.833
650;610;3.811
650;622;3.574
650;624;3.595
650;628;4.015
650;647;3.492
650;659;3.296
650;662;3.477
651;610;3.347
651;611;3.542
651;613;4.097
651;655;3.377
651;659;2.941
652;611;2.919
652;613;2.761
652;659;3.671
653;1016;3.394
654;613;3.658
655;651;3.377
655;658;2.781
655;659;3.067
656;660;2.957
657;660;3.407
657;661;2.985
658;610;2.794
658;655;2.781
658;661;3.208
658;662;3.048
659;650;3.296
659;651;2.941
659;652;3.671
659;655;3.067
659;662;3.054
659;663;2.901
660;656;2.957
660;657;3.407
660;663;3.163
660;664;3.023
661;657;2.985
661;658;3.208
662;606;3.41
662;610;3.591
662;650;3.477
662;658;3.048
662;659;3.054
662;665;3.007
662;666;2.922
663;204;3.811
663;659;2.901
663;660;3.163
663;666;3.346
663;667;2.968
664;660;3.023
664;667;3.443
664;668;3.003
665;662;3.007
665;668;3.377
665;669;2.969
666;641;3.407
666;644;2.876
666;646;3.861
666;647;3.285
666;662;2.922
666;663;3.346
666;669;3.32
666;670;2.977
667;207;3.443
667;663;2.968
667;664;3.443
667;670;3.424
667;671;2.995
668;598;4.093
668;664;3.003
668;665;3.377
668;671;3.471
668;672;2.999
669;598;3.505
669;641;3.562
669;665;2.969
669;666;3.32
669;673;2.955
670;211;3.636
670;641;3.981
670;644;3.999
670;666;2.977
670;667;3.424
670;674;2.931
671;207;3.879
671;667;2.995
671;668;3.471
671;674;3.428
671;675;3.034
672;594;3.72
672;598;3.914
672;668;2.999
672;675;3.423
672;676;2.989
673;642;3.772
673;669;2.955
673;676;3.196
673;677;2.93
674;670;2.931
674;671;3.428
674;677;3.251
674;678;2.979
675;114;3.825
675;671;3.034
675;672;3.423
675;679;3.03
676;591;4.04
676;672;2.989
676;673;3.196
676;679;3.358
676;680;2.922
677;673;2.93
677;674;3.251
677;680;3.122
677;681;3.08
678;247;3.621
678;248;3.672
678;674;2.979
678;681;3.459
678;682;3.022
679;587;3.509
679;675;3.03
679;676;3.358
679;683;2.909
680;584;3.561
680;587;3.808
680;676;2.922
680;677;3.122
680;683;3.384
680;684;3.133
680;1098;3.379
681;248;3.697
681;252;3.599
681;677;3.08
681;678;3.459
681;684;3.483
681;685;2.952
681;1098;3.626
681;1101;3.777
682;251;3.812
682;252;3.947
682;255;3.699
682;678;3.022
682;685;3.347
682;686;2.953
683;679;2.909
683;680;3.384
683;687;3.08
684;580;3.807
684;583;3.931
684;680;3.133
684;681;3.483
684;687;3.284
684;688;2.992
684;1098;3.65
684;1099;3.847
684;1102;3.587
685;252;3.517
685;681;2.952
685;682;3.347
685;688;3.485
685;689;2.994
685;1102;4.001
685;1105;3.509
686;682;2.953
686;689;3.292
686;690;3.044
687;683;3.08
687;684;3.284
687;690;3.075
687;691;3.103
688;684;2.992
688;685;3.485
688;691;2.981
688;1102;3.48
688;1106;3.435
689;256;3.893
689;685;2.994
689;686;3.292
689;1106;3.549
689;1109;3.229
690;686;3.044
690;687;3.075
691;687;3.103
691;688;2.981
692;295;2.885
692;1106;3.476
693;1110;3.56
694;1109;3.664
695;704;3.591
695;1113;2.829
695;1114;2.794
696;273;3.504
696;704;3.754
696;1113;2.777
697;262;3.989
697;700;2.835
697;1116;3.335
698;704;3.197
698;705;3.639
698;1116;3.462
698;1117;3.065
699;718;2.64
699;1123;2.994
700;273;3.751
700;697;2.835
701;264;3.798
702;273;3.564
703;282;2.856
703;287;3.795
704;278;2.682
704;695;3.591
704;696;3.754
704;698;3.197
705;277;3.447
705;287;3.513
705;698;3.639
706;287;2.994
707;720;2.83
708;718;3.67
708;719;3.84
708;1121;3.761
709;1118;4.015
709;1119;3.707
709;1120;3.218
709;1121;3.42
710;713;3.586
710;1119;3.438
710;1120;3.577
711;827;2.851
711;828;3.774
712;827;3.809
712;830;2.811
712;831;2.758
713;710;3.586
713;717;3.831
713;1120;2.829
714;795;3.99
715;797;3.6
715;805;3.437
716;1122;3.429
717;713;3.831
717;1122;3.987
718;699;2.64
718;708;3.67
718;1121;3.316
719;708;3.84
719;722;3.448
719;804;3.231
720;707;2.83
721;284;3.859
721;730;2.805
722;719;3.448
722;730;3.99
723;730;3.764
724;729;4.03
724;809;3.766
724;811;3.652
724;812;3.761
725;728;2.946
726;808;3.771
727;811;2.721
728;725;2.946
729;724;4.03
729;731;2.963
729;733;3.561
730;285;2.778
730;286;3.186
730;721;2.805
730;722;3.99
730;723;3.764
731;729;2.963
731;812;2.646
732;734;2.881
732;735;2.896
732;747;2.888
732;748;3.997
732;749;2.788
733;729;3.561
734;732;2.881
734;747;3.937
735;732;2.896
736;738;2.862
737;745;3.514
738;736;2.862
739;743;3.629
740;742;2.876
741;744;3.54
742;740;2.876
743;739;3.629
743;748;3.554
744;741;3.54
745;737;3.514
745;748;2.989
746;760;3.382
746;764;3.978
747;732;2.888
747;734;3.937
747;760;2.868
748;732;3.997
748;743;3.554
748;745;2.989
749;732;2.788
749;754;3.287
749;755;3.612
750;754;3.343
750;762;3.94
750;769;3.997
751;772;2.721
752;768;3.785
753;768;3.039
753;771;2.813
754;749;3.287
754;750;3.343
754;761;3.809
755;749;3.612
756;761;3.741
757;759;3.028
758;765;2.804
759;757;3.028
760;746;3.382
760;747;2.868
760;765;3.874
761;754;3.809
761;756;3.741
761;768;2.945
762;750;3.94
763;767;3.749
764;746;3.978
765;758;2.804
765;760;3.874
766;767;2.948
767;763;3.749
767;766;2.948
767;770;3.001
768;752;3.785
768;753;3.039
768;761;2.945
768;771;2.731
769;750;3.997
769;773;2.88
770;767;3.001
771;753;2.813
771;768;2.731
772;751;2.721
773;769;2.88
773;777;3.737
774;777;3.635
774;778;3.59
775;776;2.953
776;775;2.953
777;773;3.737
777;774;3.635
778;774;3.59
779;782;3.978
779;783;3.114
780;787;2.763
781;786;2.905
782;779;3.978
782;785;3.147
783;779;3.114
784;789;2.909
785;782;3.147
785;788;2.94
786;781;2.905
786;793;3.027
786;1127;2.663
787;780;2.763
788;785;2.94
789;784;2.909
790;800;3.522
790;1127;3.359
791;798;3.729
792;795;2.744
792;1127;3.353
793;786;3.027
794;796;2.705
795;714;3.99
795;792;2.744
795;798;3.573
796;794;2.705
797;715;3.6
797;805;3.833
797;806;3.443
798;791;3.729
798;795;3.573
799;801;3.314
799;802;3.072
799;803;3.669
800;790;3.522
801;799;3.314
802;799;3.072
803;799;3.669
803;806;3.211
803;808;3.433
804;719;3.231
805;715;3.437
805;797;3.833
805;809;2.834
806;797;3.443
806;803;3.211
807;810;3.282
808;726;3.771
808;803;3.433
809;724;3.766
809;805;2.834
810;807;3.282
811;724;3.652
811;727;2.721
811;812;3.798
812;724;3.761
812;731;2.646
812;811;3.798
813;814;2.896
814;813;2.896
815;817;3.03
816;818;3.737
816;823;3.455
817;815;3.03
818;816;3.737
818;823;3.157
819;822;3.608
820;822;3.042
821;824;3.018
822;819;3.608
822;820;3.042
823;816;3.455
823;818;3.157
823;826;3.731
824;821;3.018
824;825;2.829
824;826;2.782
825;824;2.829
826;823;3.731
826;824;2.782
827;711;2.851
827;712;3.809
828;711;3.774
828;830;3.049
829;838;4.129
829;841;3.832
830;712;2.811
830;828;3.049
830;833;3.897
831;712;2.758
832;836;4.028
833;830;3.897
834;837;2.954
835;839;2.63
835;912;2.723
836;832;4.028
837;834;2.954
838;829;4.129
838;840;3.011
838;842;2.775
838;843;3.05
839;835;2.63
840;838;3.011
840;842;3.105
841;829;3.832
842;838;2.775
842;840;3.105
843;838;3.05
844;846;3.593
844;847;3.81
845;848;2.791
846;844;3.593
847;844;3.81
847;851;3.771
848;845;2.791
848;851;2.693
848;907;2.88
848;908;2.804
849;852;3.038
850;855;3.791
850;901;3.972
850;904;3.411
850;905;3.571
851;847;3.771
851;848;2.693
851;908;3.986
852;849;3.038
852;855;2.856
852;856;2.954
853;857;3.032
854;858;2.939
855;850;3.791
855;852;2.856
855;858;3.233
855;859;2.964
856;852;2.954
856;859;3.389
856;860;3.191
856;964;3.102
857;853;3.032
857;860;3.437
857;861;3.027
858;854;2.939
858;855;3.233
858;861;3.281
858;862;2.923
859;855;2.964
859;856;3.389
859;862;3.412
859;863;2.967
859;898;3.761
859;901;3.776
860;856;3.191
860;857;3.437
860;863;3.376
860;864;2.954
860;964;3.454
861;857;3.027
861;858;3.281
861;864;3.244
861;865;2.973
862;858;2.923
862;859;3.412
862;866;2.957
862;898;3.962
863;859;2.967
863;860;3.376
863;867;2.896
863;894;3.941
863;898;3.381
863;957;3.7
863;961;3.774
864;860;2.954
864;861;3.244
864;867;3.179
864;868;2.987
865;861;2.973
865;868;3.099
865;869;3.009
866;862;2.957
866;869;3.434
866;870;2.957
866;957;3.605
867;863;2.896
867;864;3.179
867;871;2.993
868;864;2.987
868;865;3.099
868;871;3.386
868;872;2.956
869;865;3.009
869;866;3.434
869;872;3.001
869;873;3.25
870;866;2.957
870;955;3.902
870;958;4.033
871;867;2.993
871;868;3.386
871;875;3.438
871;1293;3.959
872;868;2.956
872;869;3.001
872;875;3.064
872;876;3.022
872;879;3.501
872;883;3.84
872;887;3.988
873;869;3.25
873;880;2.772
873;948;2.688
874;877;3.297
874;880;2.664
874;1296;3.356
874;1350;3.075
875;871;3.438
875;872;3.064
875;1316;3.778
876;872;3.022
876;879;2.96
876;880;3.02
877;874;3.297
877;880;3.198
877;881;3.004
877;1351;4.018
878;881;2.639
879;872;3.501
879;876;2.96
879;882;3.283
879;883;2.958
880;873;2.772
880;874;2.664
880;876;3.02
880;877;3.198
880;884;3.02
880;1349;3.86
881;877;3.004
881;878;2.639
881;1351;3.488
882;879;3.283
883;872;3.84
883;879;2.958
883;886;3.116
883;887;3.03
884;880;3.02
884;888;2.765
885;889;3.024
886;883;3.116
886;889;3.335
886;890;2.987
887;872;3.988
887;883;3.03
887;890;2.998
887;891;3.283
888;884;2.765
888;891;2.998
888;892;3.028
888;948;2.879
888;951;3.751
889;885;3.024
889;886;3.335
889;892;2.909
889;893;2.959
890;886;2.987
890;887;2.998
890;893;3.475
890;894;2.917
891;887;3.283
891;888;2.998
891;895;3.004
891;954;3.842
892;888;3.028
892;889;2.909
892;895;3.405
892;896;3.043
893;889;2.959
893;890;3.475
893;897;2.974
894;863;3.941
894;890;2.917
894;897;3.293
894;898;2.953
894;957;3.561
895;891;3.004
895;892;3.405
895;899;2.974
895;954;3.763
896;892;3.043
896;900;3.021
897;893;2.974
897;894;3.293
897;900;4.027
897;901;2.939
898;859;3.761
898;862;3.962
898;863;3.381
898;894;2.953
898;902;3.007
898;960;3.709
899;895;2.974
899;902;3.216
899;903;2.96
899;927;3.885
899;931;3.622
900;896;3.021
900;897;4.027
900;903;3.401
900;904;2.942
901;850;3.972
901;859;3.776
901;897;2.939
901;905;2.739
901;960;3.605
902;898;3.007
902;899;3.216
902;906;2.962
902;924;3.752
902;928;4.037
903;899;2.96
903;900;3.401
903;906;3.379
903;907;2.992
904;850;3.411
904;900;2.942
904;907;3.996
904;908;2.966
905;850;3.571
905;901;2.739
905;908;3.44
905;909;3.064
905;914;3.729
905;920;4.104
905;923;2.673
906;902;2.962
906;903;3.379
906;909;3.007
906;910;2.915
906;911;3.785
906;914;6.08
906;915;3.676
907;848;2.88
907;903;2.992
907;904;3.996
908;848;2.804
908;851;3.986
908;904;2.966
908;905;3.44
909;905;3.064
909;906;3.007
909;913;2.9
909;914;4.003
909;917;3.74
909;920;3.634
910;906;2.915
910;913;2.941
910;914;2.985
911;906;3.785
911;914;3.429
911;915;3.008
912;835;2.723
912;915;3.046
912;916;2.886
913;909;2.9
913;910;2.941
914;905;3.729
914;906;6.08
914;909;4.003
914;910;2.985
914;911;3.429
914;917;3.03
914;920;3.677
914;924;3.864
915;906;3.676
915;911;3.008
915;912;3.046
915;921;6.486
915;924;5.121
916;912;2.886
917;909;3.74
917;914;3.03
917;920;3.054
917;921;2.936
918;922;2.982
919;922;3.427
919;923;2.996
919;969;4.004
919;972;3.941
920;905;4.104
920;909;3.634
920;914;3.677
920;917;3.054
920;923;3.21
920;924;2.978
921;915;6.486
921;917;2.936
921;924;3.67
921;925;2.966
922;918;2.982
922;919;3.427
922;925;3.26
923;905;2.673
923;919;2.996
923;920;3.21
923;960;2.96
923;963;2.796
924;902;3.752
924;914;3.864
924;915;5.121
924;920;2.978
924;921;3.67
924;927;3.02
924;928;2.953
925;921;2.966
925;922;3.26
925;929;3.015
926;956;3.984
926;960;3.736
927;899;3.885
927;924;3.02
927;930;3.047
927;931;3.085
928;902;4.037
928;924;2.953
928;931;2.977
928;932;2.913
929;925;3.015
929;933;2.974
929;953;3.697
930;927;3.047
930;933;3.991
930;934;3.057
930;954;2.908
931;899;3.622
931;927;3.085
931;928;2.977
931;934;3.037
931;935;2.881
932;928;2.913
932;935;3.259
932;936;3.006
933;929;2.974
933;930;3.991
933;936;3.477
933;937;3.0
934;930;3.057
934;931;3.037
934;937;3.31
934;938;2.996
934;947;3.756
935;931;2.881
935;932;3.259
935;938;3.216
935;939;2.938
936;932;3.006
936;933;3.477
936;939;3.29
936;940;2.985
937;933;3.0
937;934;3.31
937;942;3.047
937;946;3.316
937;947;3.274
937;950;3.658
938;934;2.996
938;935;3.216
938;941;3.002
939;935;2.938
939;936;3.29
940;936;2.985
941;938;3.002
942;937;3.047
943;946;3.823
944;947;3.488
944;948;3.01
945;948;2.738
945;949;3.218
946;937;3.316
946;943;3.823
946;950;2.966
947;934;3.756
947;937;3.274
947;944;3.488
947;951;2.944
948;873;2.688
948;888;2.879
948;944;3.01
948;945;2.738
948;1348;3.857
949;945;3.218
949;952;3.052
949;1298;3.911
949;1345;2.974
949;1346;3.658
949;1347;3.142
950;937;3.658
950;946;2.966
951;888;3.751
951;947;2.944
951;954;2.741
952;949;3.052
952;955;2.746
952;956;3.327
952;1294;3.595
953;929;3.697
953;956;2.98
954;891;3.842
954;895;3.763
954;930;2.908
954;951;2.741
954;957;2.86
955;870;3.902
955;952;2.746
956;926;3.984
956;952;3.327
956;953;2.98
956;959;2.946
956;960;3.001
956;1290;3.853
957;863;3.7
957;866;3.605
957;894;3.561
957;954;2.86
957;960;2.976
957;961;3.177
958;870;4.033
958;961;2.949
958;1290;3.632
959;956;2.946
959;962;2.766
959;1290;3.798
960;898;3.709
960;901;3.605
960;923;2.96
960;926;3.736
