source;destination;distance
0;3;2.785
1;47;3.586
2;7;3.581
2;48;3.705
3;0;2.785
4;7;3.2
4;8;2.979
5;9;2.978
6;10;2.976
7;2;3.581
7;4;3.2
7;10;3.09
7;11;2.964
7;43;3.944
7;47;3.747
8;4;2.979
8;11;3.471
8;12;2.989
9;5;2.978
9;13;2.932
10;6;2.976
10;7;3.09
10;14;2.949
11;7;2.964
11;8;3.471
11;14;3.419
11;15;3.021
11;44;3.604
12;8;2.989
12;16;2.986
12;104;3.922
13;9;2.932
13;16;3.3
13;17;2.943
14;10;2.949
14;11;3.419
14;18;3.01
14;37;3.62
14;40;4.018
15;11;3.021
15;19;2.994
15;37;3.76
15;99;3.923
15;100;3.552
16;12;2.986
16;13;3.3
16;19;3.145
16;20;3.089
17;13;2.943
17;20;3.297
17;21;2.981
18;14;3.01
18;22;2.955
18;37;3.09
18;96;3.586
19;15;2.994
19;16;3.145
19;22;3.155
19;23;3.491
19;97;3.487
19;604;3.481
20;16;3.089
20;17;3.297
21;17;2.981
21;24;2.978
21;30;3.616
21;33;3.391
22;18;2.955
22;19;3.155
22;93;4.085
23;19;3.491
23;604;3.733
24;21;2.978
24;27;3.969
25;611;3.311
25;638;3.761
25;639;3.194
26;30;3.847
27;24;3.969
27;30;2.843
28;31;2.726
28;32;3.041
29;32;3.292
29;33;2.972
30;21;3.616
30;26;3.847
30;27;2.843
30;33;3.426
30;34;3.01
31;28;2.726
31;34;3.476
31;35;3.018
32;28;3.041
32;29;3.292
32;36;2.999
33;21;3.391
33;29;2.972
33;30;3.426
33;36;3.223
33;37;2.951
34;30;3.01
34;31;3.476
34;37;3.343
34;38;2.941
34;93;2.806
34;96;3.181
35;31;3.018
35;38;3.306
35;39;2.956
35;81;4.01
36;32;2.999
36;33;3.223
36;39;3.357
36;40;3.001
37;14;3.62
37;15;3.76
37;18;3.09
37;33;2.951
37;34;3.343
37;40;3.01
37;41;2.868
37;96;3.459
38;34;2.941
38;35;3.306
38;41;3.995
38;42;2.99
38;80;2.751
39;35;2.956
39;36;3.357
39;42;3.182
39;43;2.991
40;14;4.018
40;36;3.001
40;37;3.01
40;43;3.422
40;44;2.911
41;37;2.868
41;38;3.995
41;45;2.956
41;73;3.461
41;99;3.489
42;38;2.99
42;39;3.182
42;45;3.261
42;46;2.97
43;7;3.944
43;39;2.991
43;40;3.422
43;46;3.39
43;47;3.048
44;11;3.604
44;40;2.911
44;47;3.283
44;48;2.826
44;99;2.648
45;41;2.956
45;42;3.261
45;49;2.992
45;56;3.953
45;73;3.963
46;42;2.97
46;43;3.39
46;50;3.076
46;51;4.023
47;1;3.586
47;7;3.747
47;43;3.048
47;44;3.283
48;2;3.705
48;44;2.826
48;66;3.162
48;69;2.669
49;45;2.992
49;56;4.034
49;59;3.873
49;66;3.582
50;46;3.076
50;53;3.037
50;55;3.662
50;58;4.009
51;46;4.023
52;55;3.707
52;58;3.469
53;50;3.037
53;56;2.979
54;57;2.991
55;50;3.662
55;52;3.707
55;58;2.993
56;45;3.953
56;49;4.034
56;53;2.979
56;59;3.054
57;54;2.991
57;60;3.021
58;50;4.009
58;52;3.469
58;55;2.993
58;61;3.046
59;49;3.873
59;56;3.054
59;62;2.991
59;63;3.782
59;66;3.517
59;67;3.855
59;70;3.733
60;57;3.021
60;67;3.853
60;70;3.961
61;58;3.046
62;59;2.991
63;59;3.782
63;67;2.906
64;67;3.407
64;68;3.03
65;68;3.031
65;69;3.048
65;102;3.47
65;108;3.277
65;111;3.826
66;48;3.162
66;49;3.582
66;59;3.517
66;69;3.896
66;70;2.986
67;59;3.855
67;60;3.853
67;63;2.906
67;64;3.407
67;70;5.342
67;71;2.971
68;64;3.03
68;65;3.031
68;72;2.988
68;101;3.897
69;48;2.669
69;65;3.048
69;66;3.896
69;72;3.423
69;73;2.926
69;99;3.173
69;102;2.737
70;59;3.733
70;60;3.961
70;66;2.986
70;67;5.342
70;73;3.194
70;74;3.001
71;67;2.971
71;74;3.403
71;75;2.983
72;68;2.988
72;69;3.423
72;76;2.937
72;95;3.55
73;41;3.461
73;45;3.963
73;69;2.926
73;70;3.194
73;77;2.907
74;70;3.001
74;71;3.403
74;77;3.311
74;78;3.001
75;71;2.983
75;78;3.456
75;79;2.991
75;89;3.636
75;92;3.311
76;72;2.937
76;79;2.999
76;80;2.862
77;73;2.907
77;74;3.311
77;81;2.964
78;74;3.001
78;75;3.456
78;82;3.003
79;75;2.991
79;76;2.999
79;83;3.915
79;89;2.73
80;38;2.751
80;76;2.862
80;83;3.044
80;96;3.62
81;35;4.01
81;77;2.964
82;78;3.003
82;84;2.98
83;79;3.915
83;80;3.044
83;90;2.908
83;93;3.671
84;82;2.98
85;89;3.596
86;89;3.13
87;90;2.897
87;91;3.263
87;613;3.947
88;91;3.111
89;75;3.636
89;79;2.73
89;85;3.596
89;86;3.13
89;92;2.996
90;83;2.908
90;87;2.897
91;87;3.263
91;88;3.111
91;94;3.021
91;612;3.41
91;613;3.839
92;75;3.311
92;89;2.996
92;95;2.978
93;22;4.085
93;34;2.806
93;83;3.671
93;96;2.955
94;91;3.021
94;97;2.881
94;605;3.949
94;608;3.672
94;609;3.718
95;72;3.55
95;92;2.978
95;98;3.818
95;99;2.982
96;18;3.586
96;34;3.181
96;37;3.459
96;80;3.62
96;93;2.955
96;99;3.256
97;19;3.487
97;94;2.881
97;100;2.985
98;95;3.818
98;101;2.903
98;605;3.955
99;15;3.923
99;41;3.489
99;44;2.648
99;69;3.173
99;95;2.982
99;96;3.256
99;102;2.949
100;15;3.552
100;97;2.985
100;103;2.998
100;104;2.984
100;107;3.649
100;601;3.511
101;68;3.897
101;98;2.903
101;111;3.865
102;65;3.47
102;69;2.737
102;99;2.949
102;108;2.817
103;100;2.998
104;12;3.922
104;100;2.984
104;108;2.984
105;108;3.257
105;109;2.963
106;109;4.035
106;110;3.106
106;594;3.327
107;100;3.649
107;110;3.401
107;111;2.999
107;598;3.718
108;65;3.277
108;102;2.817
108;104;2.984
108;105;3.257
108;111;3.434
108;112;2.99
109;105;2.963
109;106;4.035
109;112;3.144
109;113;3.021
110;106;3.106
110;107;3.401
110;113;3.147
110;114;3.001
110;594;3.308
111;65;3.826
111;101;3.865
111;107;2.999
111;108;3.434
111;114;3.278
111;115;3.029
112;108;2.99
112;109;3.144
112;115;3.441
112;116;3.016
113;109;3.021
113;110;3.147
113;116;3.193
113;117;3.013
114;110;3.001
114;111;3.278
114;117;3.065
114;118;3.284
114;683;3.812
115;111;3.029
115;112;3.441
115;118;2.967
116;112;3.016
116;113;3.193
116;119;2.855
116;260;3.851
117;113;3.013
117;114;3.065
117;120;3.149
117;121;3.004
118;114;3.284
118;115;2.967
118;122;3.002
119;116;2.855
119;264;2.732
120;117;3.149
120;260;3.447
120;263;2.635
120;264;2.832
121;117;3.004
121;124;3.278
121;125;2.934
121;257;4.0
122;118;3.002
122;126;2.987
123;126;3.171
123;127;3.087
123;1233;3.438
123;1234;2.937
124;121;3.278
124;127;3.428
124;128;3.159
124;249;3.554
124;253;3.947
124;1237;3.892
125;121;2.934
125;128;3.315
125;129;2.926
126;122;2.987
126;123;3.171
126;129;3.344
126;130;2.995
127;123;3.087
127;124;3.428
127;130;3.484
127;131;2.964
127;1228;3.966
127;1234;3.979
127;1237;3.769
128;124;3.159
128;125;3.315
128;131;3.32
128;132;2.895
128;249;3.246
129;125;2.926
129;126;3.344
129;132;3.475
129;133;3.019
130;126;2.995
130;127;3.484
130;133;3.438
130;134;2.945
130;1224;3.672
130;1227;3.432
130;1228;3.794
131;127;2.964
131;128;3.32
131;134;3.443
131;135;2.866
132;128;2.895
132;129;3.475
132;136;2.967
132;209;3.749
132;212;4.027
133;129;3.019
133;130;3.438
133;136;3.2
133;137;3.018
134;130;2.945
134;131;3.443
134;137;3.259
134;138;2.977
134;1135;3.76
134;1224;3.747
135;131;2.866
135;139;2.953
135;212;3.564
135;245;3.561
136;132;2.967
136;133;3.2
136;140;2.941
136;205;3.668
136;209;3.878
137;133;3.018
137;134;3.259
137;140;3.264
137;141;3.111
137;1221;3.928
138;134;2.977
138;141;3.064
138;142;3.402
138;238;3.677
138;1218;3.681
138;1221;3.98
139;135;2.953
139;142;3.447
139;143;2.941
139;202;3.601
140;136;2.941
140;137;3.264
140;144;3.729
140;204;3.487
140;205;3.846
141;137;3.111
141;138;3.064
141;1218;3.604
141;1221;3.409
142;138;3.402
142;139;3.447
142;1214;3.655
142;1218;3.474
143;139;2.941
143;225;3.128
143;235;3.461
143;238;3.74
143;239;3.8
144;140;3.729
144;203;3.821
145;150;2.776
145;198;3.017
146;192;3.213
146;193;2.884
146;196;3.744
146;198;3.029
147;150;2.937
147;151;3.674
147;196;3.29
148;199;3.611
148;203;2.643
149;153;3.749
149;155;3.949
150;145;2.776
150;147;2.937
150;154;3.311
150;193;2.792
151;147;3.674
151;189;3.903
151;193;3.8
152;189;3.857
153;149;3.749
153;187;2.87
154;150;3.311
155;149;3.949
156;159;3.775
157;159;3.784
158;161;3.595
158;184;3.622
159;156;3.775
159;157;3.784
159;184;3.072
160;170;3.325
160;183;3.682
160;184;2.754
161;158;3.595
161;169;3.941
162;169;3.003
162;170;3.927
163;169;3.544
164;167;2.83
165;169;2.776
166;172;2.643
167;164;2.83
167;172;3.815
167;175;2.859
168;171;3.221
168;172;2.938
168;182;3.223
169;161;3.941
169;162;3.003
169;163;3.544
169;165;2.776
170;160;3.325
170;162;3.927
171;168;3.221
171;174;3.784
172;166;2.643
172;167;3.815
172;168;2.938
172;180;3.295
173;176;3.025
173;178;3.081
174;171;3.784
175;167;2.859
176;173;3.025
177;180;3.539
178;173;3.081
179;181;3.072
180;172;3.295
180;177;3.539
180;182;3.291
181;179;3.072
181;185;3.837
181;186;3.869
182;168;3.223
182;180;3.291
183;160;3.682
184;158;3.622
184;159;3.072
184;160;2.754
185;181;3.837
186;181;3.869
187;153;2.87
188;991;3.38
189;151;3.903
189;152;3.857
190;193;3.38
191;193;3.928
192;146;3.213
193;146;2.884
193;150;2.792
193;151;3.8
193;190;3.38
193;191;3.928
194;197;3.179
195;988;2.849
195;990;3.776
196;146;3.744
196;147;3.29
196;199;3.374
197;194;3.179
197;228;3.5
197;229;3.835
198;145;3.017
198;146;3.029
199;148;3.611
199;196;3.374
199;202;3.017
199;203;3.026
199;207;3.714
200;207;3.256
201;207;3.419
201;225;3.489
202;139;3.601
202;199;3.017
202;208;3.46
202;211;3.493
202;225;3.139
202;239;3.843
203;144;3.821
203;148;2.643
203;199;3.026
203;207;3.993
204;140;3.487
204;207;2.78
204;208;2.984
205;136;3.668
205;140;3.846
205;208;3.498
205;209;2.96
206;210;2.986
207;199;3.714
207;200;3.256
207;201;3.419
207;203;3.993
207;204;2.78
207;210;3.261
207;211;2.963
208;202;3.46
208;204;2.984
208;205;3.498
208;211;3.263
208;212;2.951
209;132;3.749
209;136;3.878
209;205;2.96
209;213;2.94
210;206;2.986
210;207;3.261
210;213;3.1
210;214;2.972
210;671;3.821
211;202;3.493
211;207;2.963
211;208;3.263
211;214;3.303
211;215;2.932
212;132;4.027
212;135;3.564
212;208;2.951
212;215;3.453
212;216;2.951
213;209;2.94
213;210;3.1
213;216;3.209
213;217;2.946
213;675;3.513
213;678;4.112
213;679;3.959
214;210;2.972
214;211;3.303
214;218;2.971
214;219;2.808
214;220;3.996
214;654;3.5
215;211;2.932
215;212;3.453
215;218;3.108
215;221;3.643
215;239;3.857
215;242;3.687
215;243;3.723
216;212;2.951
216;213;3.209
217;213;2.946
217;678;3.634
218;214;2.971
218;215;3.108
218;1299;3.156
218;1301;3.049
219;214;2.808
219;653;3.791
219;654;3.349
220;214;3.996
220;223;3.137
220;224;3.048
220;654;5.067
221;215;3.643
221;225;3.07
221;226;3.077
221;240;3.888
221;243;3.323
221;1292;3.754
221;1295;3.551
221;1296;3.607
222;226;3.136
222;227;2.888
222;1292;3.754
222;1296;3.627
222;1331;3.407
222;1332;2.805
222;1333;3.265
223;220;3.137
223;227;3.71
223;1306;3.704
223;1333;3.356
224;220;3.048
224;227;3.052
225;143;3.128
225;201;3.489
225;202;3.139
225;221;3.07
225;235;3.107
225;239;6.316
226;221;3.077
226;222;3.136
226;229;2.942
226;236;3.37
226;1292;3.059
226;1331;3.464
227;222;2.888
227;223;3.71
227;224;3.052
227;1282;3.695
227;1330;3.803
227;1331;3.387
228;197;3.5
229;197;3.835
229;226;2.942
229;231;2.952
229;232;3.103
229;235;3.471
230;232;3.068
230;1289;3.676
230;1327;2.851
230;1330;3.487
231;229;2.952
231;235;3.019
232;229;3.103
232;230;3.068
232;235;2.975
232;236;2.938
232;1328;3.786
232;1329;3.785
233;236;3.635
233;237;2.927
233;1326;2.879
233;1328;2.758
234;1211;3.727
234;1214;3.84
234;1215;3.244
234;1328;2.989
235;143;3.461
235;225;3.107
235;229;3.471
235;231;3.019
235;232;2.975
235;238;3.035
235;239;3.424
236;226;3.37
236;232;2.938
236;233;3.635
236;239;3.378
236;240;2.935
236;1292;3.492
236;1329;3.971
237;233;2.927
237;241;2.979
238;138;3.677
238;143;3.74
238;235;3.035
238;241;3.106
238;242;2.964
239;143;3.8
239;202;3.843
239;215;3.857
239;225;6.316
239;235;3.424
239;236;3.378
239;242;3.13
239;243;2.98
240;221;3.888
240;236;2.935
240;243;3.129
240;244;2.981
240;1295;3.972
241;237;2.979
241;238;3.106
241;245;2.937
242;215;3.687
242;238;2.964
242;239;3.13
242;246;2.901
243;215;3.723
243;221;3.323
243;239;2.98
243;240;3.129
243;247;2.958
243;1295;3.391
244;240;2.981
244;248;2.967
244;1295;3.328
245;135;3.561
245;241;2.937
245;249;2.914
246;242;2.901
246;250;2.939
247;243;2.958
247;250;3.381
247;251;2.966
248;244;2.967
248;251;3.4
248;252;2.942
248;1241;3.684
248;1248;3.611
249;124;3.554
249;128;3.246
249;245;2.914
249;252;3.18
249;253;2.902
250;246;2.939
250;247;3.381
250;253;3.273
250;254;2.959
251;247;2.966
251;248;3.4
251;254;3.789
251;255;2.992
251;1359;3.733
252;248;2.942
252;249;3.18
252;255;3.628
252;256;2.903
252;1237;3.117
252;1240;3.738
253;124;3.947
253;249;2.902
253;250;3.273
253;256;3.147
253;257;2.955
253;686;3.847
254;250;2.959
254;251;3.789
254;258;3.093
254;686;3.748
254;689;3.63
254;1356;3.507
255;251;2.992
255;252;3.628
255;258;3.491
255;259;2.923
255;1359;3.949
255;1360;3.961
255;1363;3.488
256;252;2.903
256;253;3.147
256;260;2.927
257;121;4.0
257;253;2.955
257;260;3.329
257;261;3.078
257;690;3.802
258;254;3.093
258;255;3.491
258;261;3.26
258;262;3.06
258;689;3.659
258;690;3.911
258;693;3.554
258;1360;3.473
259;255;2.923
259;263;2.899
259;1364;3.837
260;116;3.851
260;120;3.447
260;256;2.927
260;257;3.329
260;264;2.985
261;257;3.078
261;258;3.26
261;265;3.11
261;690;3.655
262;258;3.06
262;265;2.953
262;266;2.876
262;697;3.968
262;1081;5.999
262;1364;3.873
263;120;2.635
263;259;2.899
263;266;3.311
263;267;3.61
264;119;2.732
264;120;2.832
264;260;2.985
264;274;2.819
265;261;3.11
265;262;2.953
265;273;4.006
265;274;2.744
265;275;3.196
266;262;2.876
266;263;3.311
266;273;3.408
267;263;3.61
267;272;2.812
267;273;2.757
268;708;3.539
269;276;3.35
269;708;3.116
269;710;3.758
270;712;3.52
271;273;3.754
272;267;2.812
273;265;4.006
273;266;3.408
273;267;2.757
273;271;3.754
273;276;3.173
274;264;2.819
274;265;2.744
275;265;3.196
275;276;3.61
276;269;3.35
276;273;3.173
276;275;3.61
276;278;2.986
277;280;3.009
277;710;3.3
278;276;2.986
279;281;2.926
279;283;3.959
279;284;3.763
279;287;3.866
279;705;3.766
280;277;3.009
281;279;2.926
281;284;2.885
281;297;3.871
281;704;3.8
282;285;3.167
282;293;2.763
282;294;2.799
282;295;2.751
283;279;3.959
283;286;2.919
283;287;2.717
283;291;3.755
283;706;2.751
284;279;3.763
284;281;2.885
284;287;3.039
285;282;3.167
285;296;3.463
286;283;2.919
286;292;2.757
286;293;2.943
287;279;3.866
287;283;2.717
287;284;3.039
287;705;3.884
288;290;3.127
289;711;3.776
289;712;3.396
289;713;3.841
290;288;3.127
291;283;3.755
292;286;2.757
293;282;2.763
293;286;2.943
294;282;2.799
295;282;2.751
295;298;3.78
296;285;3.463
297;281;3.871
298;295;3.78
298;701;3.37
299;700;2.831
299;701;3.334
299;1079;3.933
299;1082;3.864
300;1079;3.78
300;1082;3.48
300;1083;3.362
301;308;3.238
301;310;2.731
302;310;2.968
303;305;3.9
303;308;3.806
304;307;2.758
305;303;3.9
306;947;3.583
307;304;2.758
308;301;3.238
308;303;3.806
308;311;2.995
309;313;3.904
310;301;2.731
310;302;2.968
310;317;3.135
311;308;2.995
311;317;3.723
312;314;2.958
312;317;4.024
313;309;3.904
314;312;2.958
314;317;3.761
315;323;2.985
315;324;3.082
315;325;3.769
316;318;3.061
317;310;3.135
317;311;3.723
317;312;4.024
317;314;3.761
318;316;3.061
318;327;2.704
319;323;3.851
320;328;3.65
321;328;3.406
322;326;2.776
322;328;2.665
323;315;2.985
323;319;3.851
324;315;3.082
325;315;3.769
326;322;2.776
326;331;3.351
327;318;2.704
327;330;2.978
327;331;2.923
328;320;3.65
328;321;3.406
328;322;2.665
329;332;3.23
330;327;2.978
331;326;3.351
331;327;2.923
332;329;3.23
333;334;3.242
334;333;3.242
335;447;2.878
335;448;3.48
336;446;3.437
337;440;3.493
337;444;3.859
338;440;3.386
338;441;3.507
339;440;2.792
340;440;2.635
341;350;3.692
341;438;3.557
342;344;2.951
343;347;3.598
344;342;2.951
345;351;3.988
346;349;2.948
346;350;3.789
346;437;3.787
347;343;3.598
348;351;3.65
349;346;2.948
349;437;2.781
350;341;3.692
350;346;3.789
350;439;3.413
350;441;2.723
351;345;3.988
351;348;3.65
352;357;3.476
352;358;3.472
353;356;2.914
353;358;3.053
354;358;4.012
354;359;2.952
355;368;3.722
355;369;3.453
356;353;2.914
357;352;3.476
358;352;3.472
358;353;3.053
358;354;4.012
359;354;2.952
359;361;3.333
360;364;3.69
361;359;3.333
361;364;2.989
361;369;3.707
362;365;2.981
363;366;3.006
363;367;3.02
363;369;3.391
364;360;3.69
364;361;2.989
364;367;3.176
365;362;2.981
366;363;3.006
366;372;2.869
367;363;3.02
367;364;3.176
367;370;3.886
367;371;3.779
367;372;3.808
368;355;3.722
369;355;3.453
369;361;3.707
369;363;3.391
370;367;3.886
371;367;3.779
372;366;2.869
372;367;3.808
373;381;3.579
373;394;3.871
374;376;3.375
375;395;2.949
376;374;3.375
377;396;2.793
378;395;3.583
379;394;3.979
380;383;2.976
381;373;3.579
381;385;3.974
382;384;3.255
382;385;3.24
382;387;2.76
383;380;2.976
384;382;3.255
385;381;3.974
385;382;3.24
386;388;3.79
387;382;2.76
387;391;2.789
388;386;3.79
389;391;2.989
390;392;2.918
391;387;2.789
391;389;2.989
392;390;2.918
393;397;2.825
393;398;3.091
394;373;3.871
394;379;3.979
394;397;2.944
395;375;2.949
395;378;3.583
396;377;2.793
396;399;2.996
396;400;3.141
397;393;2.825
397;394;2.944
398;393;3.091
399;396;2.996
400;396;3.141
401;402;3.324
402;401;3.324
403;404;3.014
404;403;3.014
405;406;2.77
406;405;2.77
407;409;2.84
408;409;2.756
408;414;3.736
408;415;3.731
409;407;2.84
409;408;2.756
409;414;2.788
410;413;2.828
410;414;4.027
411;414;3.918
412;414;2.993
413;410;2.828
414;408;3.736
414;409;2.788
414;410;4.027
414;411;3.918
414;412;2.993
415;408;3.731
415;416;3.001
416;415;3.001
417;420;4.036
418;420;2.883
419;421;2.951
420;417;4.036
420;418;2.883
421;419;2.951
421;422;3.025
422;421;3.025
423;424;3.427
424;423;3.427
425;426;3.221
426;425;3.221
426;430;3.766
427;428;3.016
428;427;3.016
429;431;2.844
430;426;3.766
431;429;2.844
431;434;2.984
431;435;3.047
432;435;4.006
433;436;3.795
434;431;2.984
435;431;3.047
435;432;4.006
436;433;3.795
437;346;3.787
437;349;2.781
437;441;3.024
437;442;3.418
438;341;3.557
439;350;3.413
440;337;3.493
440;338;3.386
440;339;2.792
440;340;2.635
441;338;3.507
441;350;2.723
441;437;3.024
442;437;3.418
443;446;3.887
444;337;3.859
444;446;2.966
445;453;2.809
446;336;3.437
446;443;3.887
446;444;2.966
447;335;2.878
447;452;3.91
447;453;3.153
448;335;3.48
449;452;3.22
450;453;2.974
450;454;3.25
450;455;3.951
451;456;2.825
451;457;3.033
452;447;3.91
452;449;3.22
453;445;2.809
453;447;3.153
453;450;2.974
454;450;3.25
455;450;3.951
456;451;2.825
457;451;3.033
458;459;3.753
459;458;3.753
460;463;2.745
461;464;4.003
462;465;3.158
463;460;2.745
464;461;4.003
465;462;3.158
465;468;2.989
465;469;4.013
465;471;2.975
465;472;2.787
466;467;3.345
466;468;3.57
466;526;2.794
467;466;3.345
467;525;4.015
467;526;3.994
468;465;2.989
468;466;3.57
468;471;3.024
468;526;4.026
469;465;4.013
469;472;2.999
470;522;3.605
471;465;2.975
471;468;3.024
471;527;3.423
472;465;2.787
472;469;2.999
472;475;2.928
472;476;3.166
473;477;2.954
474;478;2.967
475;472;2.928
475;478;3.223
475;479;3.008
476;472;3.166
476;479;3.449
476;480;2.943
476;574;2.7
477;473;2.954
477;480;3.185
477;481;2.969
478;474;2.967
478;475;3.223
478;482;3.048
479;475;3.008
479;476;3.449
479;482;3.309
479;483;2.967
479;515;3.976
479;519;3.801
479;571;3.867
480;476;2.943
480;477;3.185
480;483;3.005
480;484;3.083
480;575;2.722
480;576;3.747
481;477;2.969
481;484;3.458
481;485;3.005
482;478;3.048
482;479;3.309
482;486;2.988
482;512;3.632
483;479;2.967
483;480;3.005
483;486;3.066
483;487;3.062
483;516;3.308
483;569;3.891
483;571;3.859
483;572;3.805
484;480;3.083
484;481;3.458
484;487;3.096
484;488;3.442
484;572;3.874
485;481;3.005
485;488;3.299
485;489;3.017
486;482;2.988
486;483;3.066
486;489;3.295
486;490;2.997
486;512;3.17
486;568;3.099
487;483;3.062
487;484;3.096
487;491;3.042
487;569;3.635
487;965;3.87
488;484;3.442
488;485;3.299
488;491;3.291
488;492;3.005
489;485;3.017
489;486;3.295
489;492;3.043
489;493;2.949
489;505;3.517
490;486;2.997
490;493;3.035
490;566;4.006
490;568;3.801
490;569;3.65
490;969;4.006
491;487;3.042
491;488;3.291
492;488;3.005
492;489;3.043
492;497;3.595
493;489;2.949
493;490;3.035
493;498;2.899
493;505;4.024
493;509;3.537
494;498;2.974
494;1013;3.067
494;1014;3.06
495;498;3.891
495;499;2.838
496;499;2.962
496;500;3.046
497;492;3.595
497;501;3.02
498;493;2.899
498;494;2.974
498;495;3.891
498;502;2.802
499;495;2.838
499;496;2.962
499;502;2.757
500;496;3.046
501;497;3.02
501;504;3.085
501;505;2.938
502;498;2.802
502;499;2.757
502;506;2.958
503;506;3.227
503;507;3.015
504;501;3.085
504;507;3.93
504;508;2.962
505;489;3.517
505;493;4.024
505;501;2.938
505;508;3.382
505;509;2.936
506;502;2.958
506;503;3.227
506;509;3.365
506;510;3.029
507;503;3.015
507;504;3.93
507;511;2.957
508;504;2.962
508;505;3.382
508;512;2.977
509;493;3.537
509;505;2.936
509;506;3.365
509;512;3.377
509;513;3.1
509;568;3.255
510;506;3.029
510;513;3.313
510;514;3.009
510;552;3.779
510;553;3.398
511;507;2.957
511;514;3.012
511;515;3.089
512;482;3.632
512;486;3.17
512;508;2.977
512;509;3.377
512;515;3.041
512;516;3.352
513;509;3.1
513;510;3.313
513;516;2.929
513;548;2.823
513;549;3.782
513;552;3.887
513;568;4.007
514;510;3.009
514;511;3.012
514;517;2.867
515;479;3.976
515;511;3.089
515;512;3.041
515;518;3.071
515;519;3.206
516;483;3.308
516;512;3.352
516;513;2.929
516;520;2.983
516;545;3.652
516;549;3.956
516;571;3.504
517;514;2.867
517;520;3.415
517;521;3.028
517;549;3.471
518;515;3.071
518;522;3.07
519;479;3.801
519;515;3.206
519;522;3.434
519;523;2.947
519;571;2.738
519;574;2.747
520;516;2.983
520;517;3.415
520;524;2.984
520;545;3.653
521;517;3.028
521;524;3.27
521;525;3.083
522;470;3.605
522;518;3.07
522;519;3.434
522;525;3.472
522;526;2.97
523;519;2.947
523;526;3.003
523;527;3.043
523;531;2.659
523;532;3.649
523;538;2.771
524;520;2.984
524;521;3.27
524;532;3.724
524;533;3.919
525;467;4.015
525;521;3.083
525;522;3.472
526;466;2.794
526;467;3.994
526;468;4.026
526;522;2.97
526;523;3.003
527;471;3.423
527;523;3.043
527;531;3.609
528;531;2.921
528;532;2.931
529;533;2.98
530;534;3.098
531;523;2.659
531;527;3.609
531;528;2.921
531;534;3.064
531;535;2.924
532;523;3.649
532;524;3.724
532;528;2.931
532;538;3.186
532;542;2.966
533;524;3.919
533;529;2.98
534;530;3.098
534;531;3.064
535;531;2.924
535;538;2.965
535;539;3.045
536;539;3.941
536;540;3.014
537;541;3.002
537;579;2.946
537;582;3.898
538;523;2.771
538;532;3.186
538;535;2.965
538;542;2.968
539;535;3.045
539;536;3.941
539;542;3.387
539;543;2.989
540;536;3.014
540;543;3.451
540;544;3.027
540;570;3.969
541;537;3.002
541;544;3.158
541;545;2.906
541;571;2.639
541;574;3.881
542;532;2.966
542;538;2.968
542;539;3.387
542;546;3.005
543;539;2.989
543;540;3.451
543;546;3.173
543;547;3.077
544;540;3.027
544;541;3.158
544;548;3.024
545;516;3.652
545;520;3.653
545;541;2.906
545;549;2.926
545;571;3.722
546;542;3.005
546;543;3.173
546;550;2.979
547;543;3.077
547;551;3.191
547;564;3.553
548;513;2.823
548;544;3.024
548;552;3.419
548;568;3.019
549;513;3.782
549;516;3.956
549;517;3.471
549;545;2.926
549;552;3.11
549;553;2.894
550;546;2.979
550;553;3.331
550;554;3.033
551;547;3.191
551;555;2.986
551;556;3.05
551;565;3.884
552;510;3.779
552;513;3.887
552;548;3.419
552;549;3.11
552;556;3.699
552;565;3.927
553;510;3.398
553;549;2.894
553;550;3.331
554;550;3.033
555;551;2.986
555;557;2.942
556;551;3.05
556;552;3.699
556;562;2.834
557;555;2.942
557;562;3.295
558;561;2.79
559;562;3.203
559;563;2.935
560;563;3.265
560;564;2.966
560;1053;3.918
561;558;2.79
561;564;3.084
561;565;3.082
562;556;2.834
562;557;3.295
562;559;3.203
562;565;2.96
563;559;2.935
563;560;3.265
563;566;2.947
563;973;3.131
564;547;3.553
564;560;2.966
564;561;3.084
564;567;2.972
565;551;3.884
565;552;3.927
565;561;3.082
565;562;2.96
565;568;3.077
566;490;4.006
566;563;2.947
566;569;3.17
566;969;3.717
566;970;3.886
567;564;2.972
567;570;2.893
567;966;3.6
567;970;4.075
568;486;3.099
568;490;3.801
568;509;3.255
568;513;4.007
568;548;3.019
568;565;3.077
568;571;2.914
569;483;3.891
569;487;3.635
569;490;3.65
569;566;3.17
569;572;2.951
569;962;3.818
569;966;3.509
570;540;3.969
570;567;2.893
570;573;2.758
570;963;3.41
570;966;3.429
571;479;3.867
571;483;3.859
571;516;3.504
571;519;2.738
571;541;2.639
571;545;3.722
571;568;2.914
571;574;2.981
572;483;3.805
572;484;3.874
572;569;2.951
572;575;2.968
572;576;2.951
572;578;3.936
572;962;3.649
573;570;2.758
573;578;4.001
574;476;2.7
574;519;2.747
574;541;3.881
574;571;2.981
575;480;2.722
575;572;2.968
576;480;3.747
576;572;2.951
576;578;3.722
576;579;3.012
577;580;3.161
577;581;2.941
577;955;3.195
578;572;3.936
578;573;4.001
578;576;3.722
578;581;3.194
578;582;3.007
578;959;3.469
579;537;2.946
579;576;3.012
579;582;3.869
579;583;3.061
580;577;3.161
580;583;3.336
580;584;2.979
581;577;2.941
581;578;3.194
581;584;3.262
581;585;2.931
581;956;4.03
581;959;3.62
582;537;3.898
582;578;3.007
582;579;3.869
582;586;3.053
583;579;3.061
583;580;3.336
583;586;3.43
583;587;2.751
584;580;2.979
584;581;3.262
584;587;3.204
584;588;2.927
584;1071;3.475
585;581;2.931
585;588;3.215
585;589;3.076
585;1067;3.586
586;582;3.053
586;583;3.43
586;589;3.021
587;583;2.751
587;584;3.204
587;590;2.958
588;584;2.927
588;585;3.215
588;591;3.082
588;592;3.093
588;692;3.774
588;1067;3.5
588;1071;3.402
589;585;3.076
589;586;3.021
589;593;2.979
589;1067;3.823
590;587;2.958
590;593;3.024
591;588;3.082
591;692;3.945
592;588;3.093
592;595;3.272
592;596;2.875
592;688;3.529
592;1067;3.865
593;589;2.979
593;590;3.024
593;597;3.044
594;106;3.327
594;110;3.308
594;597;3.224
594;598;3.267
595;592;3.272
595;598;3.095
595;599;3.029
595;687;3.466
595;688;3.866
596;592;2.875
596;600;2.923
597;593;3.044
597;594;3.224
597;600;3.334
597;601;3.066
598;107;3.718
598;594;3.267
598;595;3.095
598;601;3.456
598;602;3.029
599;595;3.029
599;602;3.469
599;603;2.963
599;650;3.941
600;596;2.923
600;597;3.334
600;604;2.982
601;100;3.511
601;597;3.066
601;598;3.456
601;604;3.273
601;605;3.003
602;598;3.029
602;599;3.469
602;605;3.276
602;606;2.947
602;680;3.729
603;599;2.963
603;607;2.923
603;643;3.507
603;646;3.792
604;19;3.481
604;23;3.733
604;600;2.982
604;601;3.273
604;607;3.286
604;608;3.007
604;639;3.473
605;94;3.949
605;98;3.955
605;601;3.003
605;602;3.276
605;608;3.245
605;609;2.997
606;602;2.947
606;610;2.95
606;646;3.778
606;676;4.069
606;677;3.537
606;680;3.884
607;603;2.923
607;604;3.286
607;610;3.208
607;611;2.99
607;639;3.823
607;642;3.96
607;643;3.995
608;94;3.672
608;604;3.007
608;605;3.245
608;612;3.305
609;94;3.718
609;605;2.997
609;612;3.34
609;613;3.014
610;606;2.95
610;607;3.208
610;614;3.005
610;615;2.812
610;636;3.729
611;25;3.311
611;607;2.99
611;615;3.049
611;616;3.126
611;638;3.796
612;91;3.41
612;608;3.305
612;609;3.34
613;87;3.947
613;91;3.839
613;609;3.014
613;616;2.815
614;610;3.005
614;617;2.993
614;618;3.601
614;632;3.504
614;636;4.159
614;670;3.332
614;673;3.968
615;610;2.812
615;611;3.049
615;632;3.78
616;611;3.126
616;613;2.815
617;614;2.993
617;632;3.037
618;614;3.601
618;630;3.074
618;632;2.967
618;658;3.791
618;659;3.367
618;666;2.791
618;670;3.496
619;628;2.648
619;629;3.335
619;659;3.639
619;660;2.909
620;623;3.015
620;624;2.88
620;625;2.83
620;626;2.746
621;659;4.125
621;660;2.759
621;662;3.661
622;625;3.832
623;620;3.015
623;628;3.916
624;620;2.88
625;620;2.83
625;622;3.832
625;1000;3.968
626;620;2.746
627;633;3.49
628;619;2.648
628;623;3.916
629;619;3.335
629;633;3.529
630;618;3.074
630;633;3.146
630;634;3.055
630;657;2.842
630;658;3.574
631;634;3.164
631;635;2.844
631;656;3.885
632;614;3.504
632;615;3.78
632;617;3.037
632;618;2.967
632;636;3.736
632;658;3.599
633;627;3.49
633;629;3.529
633;630;3.146
633;637;3.689
634;630;3.055
634;631;3.164
634;1041;3.842
634;1047;3.562
635;631;2.844
635;641;3.185
635;644;3.979
635;645;3.848
635;1032;3.393
635;1036;5.6
636;610;3.729
636;614;4.159
636;632;3.736
636;641;3.738
636;645;3.643
636;658;4.145
637;633;3.689
637;1045;2.756
638;25;3.761
638;611;3.796
638;641;2.852
638;642;2.943
638;1048;2.883
639;25;3.194
639;604;3.473
639;607;3.823
639;642;3.491
639;643;2.955
640;643;3.077
640;644;2.968
640;1048;3.924
640;1051;4.016
640;1052;3.541
640;1055;3.766
641;635;3.185
641;636;3.738
641;638;2.852
641;644;3.402
641;645;2.985
641;1036;2.916
642;607;3.96
642;638;2.943
642;639;3.491
642;646;2.97
643;603;3.507
643;607;3.995
643;639;2.955
643;640;3.077
643;646;3.493
643;647;2.979
644;635;3.979
644;640;2.968
644;641;3.402
644;647;3.207
644;648;3.014
644;1036;3.92
644;1055;3.656
645;635;3.848
645;636;3.643
645;641;2.985
645;648;3.149
645;649;3.009
645;655;3.839
646;603;3.792
646;606;3.778
646;642;2.97
646;643;3.493
646;649;3.273
646;650;3.001
647;643;2.979
647;644;3.207
647;650;3.036
647;651;3.195
647;1028;3.975
647;1031;3.617
647;1055;3.683
647;1062;3.911
648;644;3.014
648;645;3.149
648;654;2.928
648;1032;3.505
649;645;3.009
649;646;3.273
649;652;2.992
649;674;3.41
649;677;3.572
649;678;3.936
650;599;3.941
650;646;3.001
650;647;3.036
650;681;3.747
651;647;3.195
651;1028;3.513
652;649;2.992
652;674;2.823
652;678;4.015
653;219;3.791
654;214;3.5
654;219;3.349
654;220;5.067
654;648;2.928
654;674;3.824
654;1029;4.022
654;1033;3.898
655;645;3.839
655;658;3.495
655;674;3.287
656;631;3.885
656;986;4.039
656;1033;3.504
657;630;2.842
657;986;3.825
658;618;3.791
658;630;3.574
658;632;3.599
658;636;4.145
658;655;3.495
658;667;3.186
658;670;3.453
659;618;3.367
659;619;3.639
659;621;4.125
659;663;3.332
659;667;3.126
660;619;2.909
660;621;2.759
660;667;3.594
661;987;3.357
662;621;3.661
663;659;3.332
663;666;2.772
663;667;3.044
664;668;2.953
665;668;3.303
665;669;3.005
666;618;2.791
666;663;2.772
666;669;3.194
666;670;3.093
667;658;3.186
667;659;3.126
667;660;3.594
667;663;3.044
667;670;3.431
667;671;2.912
668;664;2.953
668;665;3.303
668;671;3.263
668;672;3.01
669;665;3.005
669;666;3.194
669;673;3.406
670;614;3.332
670;618;3.496
670;658;3.453
670;666;3.093
670;667;3.431
670;673;3.229
670;674;2.925
671;210;3.821
671;667;2.912
671;668;3.263
671;674;3.253
671;675;2.974
672;668;3.01
672;675;3.396
672;676;3.024
673;614;3.968
673;669;3.406
673;670;3.229
673;676;3.316
673;677;2.989
674;649;3.41
674;652;2.823
674;654;3.824
674;655;3.287
674;670;2.925
674;671;3.253
674;677;3.309
674;678;2.985
675;213;3.513
675;671;2.974
675;672;3.396
675;678;3.443
675;679;3.004
676;606;4.069
676;672;3.024
676;673;3.316
676;679;3.488
676;680;3.008
677;606;3.537
677;649;3.572
677;673;2.989
677;674;3.309
677;681;2.955
678;213;4.112
678;217;3.634
678;649;3.936
678;652;4.015
678;674;2.985
678;675;3.443
678;682;2.934
679;213;3.959
679;675;3.004
679;676;3.488
679;682;3.393
679;683;3.024
680;602;3.729
680;606;3.884
680;676;3.008
680;683;3.448
680;684;2.995
681;650;3.747
681;677;2.955
681;684;3.194
681;685;2.933
682;678;2.934
682;679;3.393
682;685;3.248
682;686;2.982
683;114;3.812
683;679;3.024
683;680;3.448
683;687;3.026
684;680;2.995
684;681;3.194
684;687;3.33
684;688;2.919
685;681;2.933
685;682;3.248
685;688;3.155
685;689;3.075
686;253;3.847
686;254;3.748
686;682;2.982
686;689;3.439
686;690;3.009
687;595;3.466
687;683;3.026
687;684;3.33
687;691;2.919
688;592;3.529
688;595;3.866
688;684;2.919
688;685;3.155
688;691;3.381
688;692;3.124
688;1070;3.342
689;254;3.63
689;258;3.659
689;685;3.075
689;686;3.439
689;692;3.47
689;693;2.947
689;1070;3.602
689;1073;3.689
689;1356;6.486
690;257;3.802
690;258;3.911
690;261;3.655
690;686;3.009
690;693;3.431
690;694;2.958
691;687;2.919
691;688;3.381
691;695;3.068
692;588;3.774
692;591;3.945
692;688;3.124
692;689;3.47
692;695;3.258
692;696;3.019
692;1070;3.629
692;1071;3.773
692;1074;3.567
693;258;3.554
693;689;2.947
693;690;3.431
693;697;2.99
693;1074;3.94
693;1077;3.407
694;690;2.958
694;698;3.057
695;691;3.068
695;692;3.258
695;698;3.063
695;699;3.109
696;692;3.019
696;699;2.962
696;700;3.036
696;1074;3.471
696;1078;3.484
697;262;3.968
697;693;2.99
697;702;3.607
697;1078;3.864
697;1081;3.729
698;694;3.057
698;695;3.063
699;695;3.109
699;696;2.962
700;299;2.831
700;696;3.036
700;1078;3.926
701;298;3.37
701;299;3.334
702;697;3.607
702;1086;2.821
703;1081;3.58
703;1085;3.712
703;1086;2.789
704;281;3.8
705;279;3.766
705;287;3.884
705;710;3.752
706;283;2.751
706;1088;3.81
707;1085;2.651
707;1088;3.392
708;268;3.539
708;269;3.116
709;711;3.043
710;269;3.758
710;277;3.3
710;705;3.752
711;289;3.776
711;709;3.043
712;270;3.52
712;289;3.396
713;289;3.841
714;718;3.871
714;719;3.656
714;721;3.163
714;722;3.814
715;718;2.955
716;725;2.682
716;726;2.806
717;723;3.652
717;736;2.893
717;737;3.711
717;738;2.824
718;714;3.871
718;715;2.955
719;714;3.656
720;723;3.911
720;1089;2.733
721;714;3.163
722;714;3.814
723;717;3.652
723;720;3.911
724;1100;3.736
725;716;2.682
725;735;3.718
726;716;2.806
726;729;3.222
727;731;3.867
728;731;2.875
729;726;3.222
730;732;2.88
731;727;3.867
731;728;2.875
731;733;3.005
731;756;3.417
731;757;3.968
732;730;2.88
733;731;3.005
733;735;3.08
733;755;2.821
733;756;3.686
734;740;3.703
734;748;2.736
735;725;3.718
735;733;3.08
736;717;2.893
736;739;2.861
737;717;3.711
738;717;2.824
738;741;3.025
739;736;2.861
739;808;3.845
739;809;3.508
740;734;3.703
741;738;3.025
742;747;2.755
743;746;2.629
744;747;2.651
745;747;3.419
746;743;2.629
747;742;2.755
747;744;2.651
747;745;3.419
748;734;2.736
749;752;2.962
750;753;2.981
750;758;3.927
751;754;3.282
752;749;2.962
753;750;2.981
754;751;3.282
754;757;2.687
755;733;2.821
756;731;3.417
756;733;3.686
757;731;3.968
757;754;2.687
757;790;2.751
758;750;3.927
758;791;3.23
759;761;2.975
759;762;4.033
759;763;3.854
759;788;2.692
760;763;3.119
760;767;3.563
760;775;2.957
761;759;2.975
762;759;4.033
763;759;3.854
763;760;3.119
763;767;3.643
764;766;3.621
765;767;3.015
765;769;3.605
765;770;2.993
766;764;3.621
766;767;3.223
767;760;3.563
767;763;3.643
767;765;3.015
767;766;3.223
767;771;3.576
768;771;2.965
769;765;3.605
770;765;2.993
771;767;3.576
771;768;2.965
772;774;3.997
772;775;2.783
772;778;3.653
773;776;2.992
773;777;3.732
774;772;3.997
775;760;2.957
775;772;2.783
776;773;2.992
777;773;3.732
778;772;3.653
779;780;3.836
780;779;3.836
781;783;3.042
782;784;3.442
782;786;3.587
783;781;3.042
784;782;3.442
785;787;3.025
785;789;2.725
786;782;3.587
787;785;3.025
788;759;2.692
788;790;2.717
789;785;2.725
790;757;2.751
790;788;2.717
791;758;3.23
792;794;3.256
793;796;3.332
793;797;3.818
793;798;3.47
794;792;3.256
795;798;3.603
796;793;3.332
797;793;3.818
797;799;3.947
798;793;3.47
798;795;3.603
799;797;3.947
800;801;3.693
801;800;3.693
802;803;3.936
803;802;3.936
804;806;3.553
805;810;3.783
806;804;3.553
807;809;4.001
807;810;4.04
808;739;3.845
809;739;3.508
809;807;4.001
810;805;3.783
810;807;4.04
811;812;2.709
812;811;2.709
813;1095;2.67
814;816;3.844
815;880;2.749
815;884;2.791
816;814;3.844
817;879;3.264
818;822;3.521
819;822;2.944
819;879;2.901
820;823;3.046
820;875;4.003
821;826;3.825
821;872;3.911
821;875;3.439
821;876;3.494
822;818;3.521
822;819;2.944
823;820;3.046
823;826;2.903
823;827;2.959
824;828;3.066
825;828;3.491
825;829;2.911
826;821;3.825
826;823;2.903
826;829;3.264
826;830;2.98
827;823;2.959
827;830;3.326
827;831;3.131
827;935;3.253
828;824;3.066
828;825;3.491
828;831;3.432
828;832;2.995
829;825;2.911
829;826;3.264
829;832;3.337
829;833;2.929
830;826;2.98
830;827;3.326
830;833;3.389
830;834;2.968
830;869;3.775
830;872;3.757
831;827;3.131
831;828;3.432
831;834;3.37
831;835;2.968
831;935;3.656
832;828;2.995
832;829;3.337
832;835;3.199
832;836;2.973
833;829;2.929
833;830;3.389
833;837;2.958
833;869;3.983
834;830;2.968
834;831;3.37
834;838;2.906
834;865;3.982
834;869;3.432
834;928;3.766
834;932;3.753
835;831;2.968
835;832;3.199
835;838;3.168
835;839;2.992
836;832;2.973
836;839;3.156
836;840;3.013
837;833;2.958
837;840;3.457
837;841;2.948
837;928;3.679
838;834;2.906
838;835;3.168
838;841;3.491
838;842;3.02
839;835;2.992
839;836;3.156
839;842;3.315
839;843;2.984
840;836;3.013
840;837;3.457
840;843;3.104
840;844;3.308
841;837;2.948
841;838;3.491
841;926;3.96
842;838;3.02
842;839;3.315
842;846;3.189
842;1264;3.977
843;839;2.984
843;840;3.104
843;846;3.061
843;847;3.018
843;850;3.586
843;854;3.688
843;858;3.838
844;840;3.308
844;851;2.777
844;919;2.692
845;848;3.362
845;851;2.68
845;1267;3.369
845;1321;3.043
846;842;3.189
846;843;3.061
846;1287;3.841
847;843;3.018
847;850;2.969
847;851;3.026
848;845;3.362
848;851;3.293
848;852;3.029
848;1322;4.03
849;852;2.639
850;843;3.586
850;847;2.969
850;853;3.396
850;854;2.976
851;844;2.777
851;845;2.68
851;847;3.026
851;848;3.293
851;855;3.032
851;1320;3.917
852;848;3.029
852;849;2.639
852;1322;3.43
853;850;3.396
854;843;3.688
854;850;2.976
854;857;3.109
854;858;3.029
855;851;3.032
855;859;2.752
856;860;3.017
857;854;3.109
857;860;3.387
857;861;2.99
858;843;3.838
858;854;3.029
858;861;2.999
858;862;3.278
859;855;2.752
859;862;2.977
859;863;3.033
859;919;2.878
859;922;3.851
860;856;3.017
860;857;3.387
860;863;2.9
860;864;2.949
861;857;2.99
861;858;2.999
861;864;3.488
861;865;2.918
862;858;3.278
862;859;2.977
862;866;3.0
862;922;4.037
862;925;3.774
863;859;3.033
863;860;2.9
863;866;3.337
863;867;3.029
864;860;2.949
864;861;3.488
864;868;2.995
865;834;3.982
865;861;2.918
865;868;3.203
865;869;2.937
865;928;3.553
866;862;3.0
866;863;3.337
866;870;2.973
866;925;3.868
867;863;3.029
867;871;3.043
868;864;2.995
868;865;3.203
868;871;4.032
868;872;2.955
869;830;3.775
869;833;3.983
869;834;3.432
869;865;2.937
869;873;3.007
869;931;3.693
870;866;2.973
870;873;3.378
870;874;2.971
870;898;3.952
870;902;3.711
871;867;3.043
871;868;4.032
871;874;3.331
871;875;2.963
872;821;3.911
872;830;3.757
872;868;2.955
872;875;3.485
872;876;2.764
872;931;3.61
873;869;3.007
873;870;3.378
873;876;3.393
873;877;2.929
873;895;3.863
874;870;2.971
874;871;3.331
874;877;3.972
874;878;3.027
875;820;4.003
875;821;3.439
875;871;2.963
875;872;3.485
875;878;3.423
875;879;3.015
876;821;3.494
876;872;2.764
876;873;3.393
876;880;3.075
876;885;3.698
876;894;2.699
877;873;2.929
877;874;3.972
877;880;3.013
877;881;2.913
877;882;3.849
877;885;6.384
877;886;3.627
878;874;3.027
878;875;3.423
879;817;3.264
879;819;2.901
879;875;3.015
880;815;2.749
880;876;3.075
880;877;3.013
880;884;2.983
880;885;4.017
880;888;3.67
880;891;3.658
881;877;2.913
881;884;2.978
881;885;2.998
882;877;3.849
882;885;3.321
882;886;3.004
883;886;2.843
883;887;3.485
884;815;2.791
884;880;2.983
884;881;2.978
885;876;3.698
885;877;6.384
885;880;4.017
885;881;2.998
885;882;3.321
885;888;3.049
885;891;3.732
885;895;3.889
886;877;3.627
886;882;3.004
886;883;2.843
886;892;3.715
886;895;3.646
887;883;3.485
888;880;3.67
888;885;3.049
888;891;3.3
888;892;2.951
889;893;2.979
890;893;3.325
890;894;2.989
890;943;3.94
891;880;3.658
891;885;3.732
891;888;3.3
891;894;3.173
891;895;2.995
892;886;3.715
892;888;2.951
892;895;5.514
892;896;2.974
893;889;2.979
893;890;3.325
893;896;3.195
894;876;2.699
894;890;2.989
894;891;3.173
894;931;2.945
894;934;2.799
895;873;3.863
895;885;3.889
895;886;3.646
895;891;2.995
895;892;5.514
895;898;3.023
895;899;2.966
896;892;2.974
896;893;3.195
896;900;3.04
897;927;4.027
897;931;3.704
898;870;3.952
898;895;3.023
898;901;3.167
898;902;3.074
899;895;2.966
899;902;2.954
899;903;2.914
900;896;3.04
900;904;2.965
900;924;3.752
901;898;3.167
901;904;3.954
901;905;3.053
901;925;2.87
902;870;3.711
902;898;3.074
902;899;2.954
902;905;3.337
902;906;2.982
903;899;2.914
903;906;3.18
903;907;2.996
904;900;2.965
904;901;3.954
904;907;3.457
904;908;2.983
905;901;3.053
905;902;3.337
905;908;3.287
905;909;2.976
905;918;3.712
906;902;2.982
906;903;3.18
906;909;3.176
906;910;2.939
907;903;2.996
907;904;3.457
907;910;3.121
907;911;2.98
908;904;2.983
908;905;3.287
908;913;3.026
908;917;3.27
908;918;3.357
908;921;3.641
909;905;2.976
909;906;3.176
909;912;2.992
910;906;2.939
910;907;3.121
911;907;2.98
912;909;2.992
913;908;3.026
914;917;3.825
914;918;3.166
915;918;3.486
915;919;2.991
916;919;2.724
916;920;3.217
917;908;3.27
917;914;3.825
917;921;2.999
918;905;3.712
918;908;3.357
918;914;3.166
918;915;3.486
918;922;2.976
919;844;2.692
919;859;2.878
919;915;2.991
919;916;2.724
919;1319;3.84
920;916;3.217
920;923;3.054
920;1269;3.892
920;1316;2.984
920;1317;3.615
920;1318;3.143
921;908;3.641
921;917;2.999
922;859;3.851
922;862;4.037
922;918;2.976
922;925;2.745
923;920;3.054
923;926;2.765
923;927;3.34
923;1265;3.625
924;900;3.752
924;927;2.791
925;862;3.774
925;866;3.868
925;901;2.87
925;922;2.745
925;928;2.823
926;841;3.96
926;923;2.765
927;897;4.027
927;923;3.34
927;924;2.791
927;930;2.965
927;931;2.997
927;1261;3.919
928;834;3.766
928;837;3.679
928;865;3.553
928;925;2.823
928;931;2.944
928;932;3.205
929;932;3.014
929;1261;3.633
930;927;2.965
930;933;2.771
930;1261;3.869
931;869;3.693
931;872;3.61
931;894;2.945
931;897;3.704
931;927;2.997
931;928;2.944
931;934;2.894
932;834;3.753
932;928;3.205
932;929;3.014
932;935;3.003
932;936;2.927
933;930;2.771
933;936;3.125
933;939;3.493
933;943;3.693
934;894;2.799
934;931;2.894
934;940;2.987
935;827;3.253
935;831;3.656
935;932;3.003
935;940;3.911
936;932;2.927
936;933;3.125
936;939;3.479
936;940;3.0
937;940;3.619
938;941;3.117
938;942;2.934
939;933;3.493
939;936;3.479
939;942;3.374
939;943;3.003
939;1253;3.891
939;1254;4.045
940;934;2.987
940;935;3.911
940;936;3.0
940;937;3.619
940;944;2.982
941;938;3.117
941;944;3.386
941;945;2.908
942;938;2.934
942;939;3.374
942;945;3.216
942;946;2.993
942;1250;3.655
942;1254;3.841
943;890;3.94
943;933;3.693
943;939;3.003
943;946;3.499
943;947;2.962
944;940;2.982
944;941;3.386
944;947;3.329
