source;destination;distance
0;3;2.768
1;47;3.594
2;7;3.568
2;48;3.666
3;0;2.768
4;7;3.247
4;8;2.975
5;9;2.978
6;10;2.972
7;2;3.568
7;4;3.247
7;10;3.125
7;11;2.97
7;43;4.025
7;47;3.739
8;4;2.975
8;11;3.47
8;12;2.98
9;5;2.978
9;13;2.932
10;6;2.972
10;7;3.125
10;13;3.497
10;14;2.945
11;7;2.97
11;8;3.47
11;14;3.427
11;15;3.021
11;44;3.628
12;8;2.98
12;16;2.989
12;104;4.002
13;9;2.932
13;10;3.497
13;16;3.405
13;17;2.935
14;10;2.945
14;11;3.427
14;18;3.008
14;37;3.802
15;11;3.021
15;19;2.972
15;37;3.738
15;99;3.958
15;100;3.578
16;12;2.989
16;13;3.405
16;19;3.178
16;20;3.082
17;13;2.935
17;20;3.305
17;21;2.988
18;14;3.008
18;21;3.554
18;22;2.958
18;37;3.005
18;96;3.12
19;15;2.972
19;16;3.178
19;22;3.179
19;97;3.507
19;613;3.527
20;16;3.082
20;17;3.305
21;17;2.988
21;18;3.554
21;24;2.982
21;30;3.619
21;33;3.412
22;18;2.958
22;19;3.179
22;93;4.094
22;96;3.885
22;97;3.924
23;613;3.768
24;21;2.982
24;27;4.005
25;620;3.216
25;647;3.687
25;648;3.286
26;30;3.816
27;24;4.005
27;30;2.846
28;31;2.717
28;32;3.017
29;32;3.312
29;33;2.977
30;21;3.619
30;26;3.816
30;27;2.846
30;33;3.421
30;34;3.004
31;28;2.717
31;34;3.46
31;35;3.008
32;28;3.017
32;29;3.312
32;36;2.989
33;21;3.412
33;29;2.977
33;30;3.421
33;36;3.23
33;37;2.955
34;30;3.004
34;31;3.46
34;37;3.337
34;38;2.933
34;93;2.815
34;96;3.738
35;31;3.008
35;38;3.332
35;39;2.96
35;81;3.882
36;32;2.989
36;33;3.23
36;39;3.387
36;40;3.01
37;14;3.802
37;15;3.738
37;18;3.005
37;33;2.955
37;34;3.337
37;40;3.02
37;41;2.86
37;96;3.92
38;34;2.933
38;35;3.332
38;42;2.989
38;80;2.614
39;35;2.96
39;36;3.387
39;42;3.199
39;43;2.991
40;36;3.01
40;37;3.02
40;43;3.469
40;44;2.911
41;37;2.86
41;45;2.954
41;73;3.5
41;99;3.507
42;38;2.989
42;39;3.199
42;45;3.295
42;46;2.974
43;7;4.025
43;39;2.991
43;40;3.469
43;46;3.383
43;47;3.058
44;11;3.628
44;40;2.911
44;47;3.244
44;48;2.779
44;99;2.636
45;41;2.954
45;42;3.295
45;49;2.992
45;56;3.971
45;73;3.931
46;42;2.974
46;43;3.383
46;50;3.066
46;51;4.039
47;1;3.594
47;7;3.739
47;43;3.058
47;44;3.244
48;2;3.666
48;44;2.779
48;66;3.157
48;69;2.667
49;45;2.992
49;56;4.023
49;59;3.818
49;66;3.72
50;46;3.066
50;53;3.065
50;55;3.687
51;46;4.039
52;55;3.661
52;58;3.429
53;50;3.065
53;56;2.984
54;57;2.991
55;50;3.687
55;52;3.661
55;58;2.997
56;45;3.971
56;49;4.023
56;53;2.984
56;59;3.048
56;70;3.893
57;54;2.991
57;60;3.016
58;52;3.429
58;55;2.997
58;61;3.027
59;49;3.818
59;56;3.048
59;62;2.968
59;63;3.758
59;66;3.501
59;67;3.963
59;70;3.753
60;57;3.016
61;58;3.027
62;59;2.968
63;59;3.758
63;66;3.462
63;67;2.933
64;67;3.448
64;68;3.034
65;68;3.016
65;69;3.04
65;102;3.489
65;108;3.217
65;111;3.774
66;48;3.157
66;49;3.72
66;59;3.501
66;63;3.462
66;69;3.55
66;70;2.973
67;59;3.963
67;63;2.933
67;64;3.448
67;70;3.368
67;71;2.944
68;64;3.034
68;65;3.016
68;72;3.01
68;101;3.962
69;48;2.667
69;65;3.04
69;66;3.55
69;72;3.326
69;73;2.927
69;99;3.234
69;102;2.607
70;56;3.893
70;59;3.753
70;66;2.973
70;67;3.368
70;73;3.145
70;74;2.983
71;67;2.944
71;74;3.412
71;75;2.986
72;68;3.01
72;69;3.326
72;76;2.925
72;95;3.579
73;41;3.5
73;45;3.931
73;69;2.927
73;70;3.145
73;76;3.406
73;77;2.89
74;70;2.983
74;71;3.412
74;77;3.416
74;78;3.014
75;71;2.986
75;78;3.493
75;79;2.994
75;89;3.56
75;92;3.311
76;72;2.925
76;73;3.406
76;79;3.005
76;80;2.864
77;73;2.89
77;74;3.416
77;81;2.983
78;74;3.014
78;75;3.493
78;82;3.008
79;75;2.994
79;76;3.005
79;83;3.913
79;89;2.683
80;38;2.614
80;76;2.864
80;96;3.9
81;35;3.882
81;77;2.983
82;78;3.008
82;84;2.987
83;79;3.913
83;90;2.952
83;93;3.627
84;82;2.987
85;89;3.65
86;89;3.139
87;90;2.887
87;91;3.187
87;622;3.925
88;91;3.131
89;75;3.56
89;79;2.683
89;85;3.65
89;86;3.139
89;92;3.005
90;83;2.952
90;87;2.887
91;87;3.187
91;88;3.131
91;94;3.009
91;621;3.36
91;622;3.82
92;75;3.311
92;89;3.005
92;95;2.866
93;22;4.094
93;34;2.815
93;83;3.627
93;96;2.903
94;91;3.009
94;97;2.845
94;614;3.925
94;617;3.655
94;618;3.696
95;72;3.579
95;92;2.866
95;98;3.848
95;99;3.006
95;614;4.004
96;18;3.12
96;22;3.885
96;34;3.738
96;37;3.92
96;80;3.9
96;93;2.903
96;99;3.089
97;19;3.507
97;22;3.924
97;94;2.845
97;100;3.01
98;95;3.848
98;101;2.91
98;614;3.954
99;15;3.958
99;41;3.507
99;44;2.636
99;69;3.234
99;95;3.006
99;96;3.089
99;102;2.942
100;15;3.578
100;97;3.01
100;103;2.998
100;104;3.005
100;107;3.594
100;610;3.538
101;68;3.962
101;98;2.91
101;111;3.884
102;65;3.489
102;69;2.607
102;99;2.942
102;108;2.805
103;100;2.998
104;12;4.002
104;100;3.005
104;107;3.098
104;108;2.983
105;108;3.36
105;109;2.951
106;110;3.13
106;603;3.429
107;100;3.594
107;104;3.098
107;110;3.421
107;111;2.999
107;607;3.711
108;65;3.217
108;102;2.805
108;104;2.983
108;105;3.36
108;111;3.451
108;112;2.976
109;105;2.951
109;112;3.291
109;113;3.028
110;106;3.13
110;107;3.421
110;113;3.124
110;114;3.002
110;603;3.337
110;604;4.032
111;65;3.774
111;101;3.884
111;107;2.999
111;108;3.451
111;114;3.197
111;115;3.018
112;108;2.976
112;109;3.291
112;115;3.452
112;116;3.013
113;109;3.028
113;110;3.124
113;116;3.224
113;117;3.039
114;110;3.002
114;111;3.197
114;117;3.082
114;118;3.265
114;692;3.763
115;111;3.018
115;112;3.452
115;118;2.977
116;112;3.013
116;113;3.224
116;119;2.814
116;257;3.801
117;113;3.039
117;114;3.082
117;120;3.106
117;121;3.012
118;114;3.265
118;115;2.977
118;122;3.005
119;116;2.814
119;122;3.463
119;261;2.689
120;117;3.106
120;257;3.798
120;260;2.63
120;261;2.78
121;117;3.012
121;124;3.293
121;125;2.933
121;254;3.991
122;118;3.005
122;119;3.463
122;126;2.987
123;126;3.2
123;127;3.1
123;1256;3.465
123;1257;2.958
124;121;3.293
124;127;3.437
124;128;3.152
124;246;3.586
125;121;2.933
125;128;3.327
125;129;2.93
126;122;2.987
126;123;3.2
126;129;3.296
126;130;2.981
127;123;3.1
127;124;3.437
127;130;3.876
127;131;2.968
127;1251;3.994
127;1257;3.969
127;1260;3.821
128;124;3.152
128;125;3.327
128;131;3.307
128;132;2.89
128;246;3.408
129;125;2.93
129;126;3.296
129;132;3.498
129;133;3.002
130;126;2.981
130;127;3.876
130;133;3.453
130;134;2.939
130;1247;3.702
130;1250;3.425
130;1251;3.594
131;127;2.968
131;128;3.307
131;134;3.405
131;135;2.866
132;128;2.89
132;129;3.498
132;136;2.972
132;206;3.688
132;209;3.924
133;129;3.002
133;130;3.453
133;136;3.195
133;137;3.009
134;130;2.939
134;131;3.405
134;137;3.317
134;138;2.978
134;1158;3.734
134;1247;3.854
135;131;2.866
135;139;2.943
135;209;3.554
135;242;3.845
136;132;2.972
136;133;3.195
136;140;2.935
136;202;3.797
136;206;3.915
137;133;3.009
137;134;3.317
137;140;3.217
137;141;3.124
137;202;3.83
137;1244;3.906
138;134;2.978
138;141;3.168
138;142;3.476
138;235;3.658
138;1241;3.708
138;1244;3.872
139;135;2.943
139;142;3.412
139;143;2.952
139;199;3.631
140;136;2.935
140;137;3.217
140;144;3.707
140;200;3.998
140;201;3.561
140;202;3.948
141;137;3.124
141;138;3.168
141;1241;3.624
141;1244;3.4
142;138;3.476
142;139;3.412
142;1237;3.655
142;1241;3.451
143;139;2.952
143;222;2.895
143;232;3.428
143;235;3.729
143;236;3.675
144;140;3.707
144;200;3.805
145;150;2.735
146;189;3.007
146;193;3.777
146;194;3.753
146;195;3.85
147;150;2.915
147;151;3.807
147;190;3.868
147;193;2.864
148;193;2.795
148;196;3.76
148;200;2.657
149;153;3.719
149;155;3.409
150;145;2.735
150;147;2.915
150;154;3.685
150;190;2.85
151;147;3.807
151;185;3.402
151;188;2.924
152;185;3.754
153;149;3.719
153;183;2.705
154;150;3.685
155;149;3.409
156;160;3.774
157;160;4.017
158;160;3.689
159;162;3.656
159;180;3.666
160;156;3.774
160;157;4.017
160;158;3.689
161;179;3.225
161;180;3.051
162;159;3.656
163;170;2.989
163;171;3.92
164;166;3.895
164;168;2.627
165;170;2.73
166;164;3.895
167;173;2.644
168;164;2.627
168;173;3.927
169;172;3.191
169;173;2.905
169;178;3.275
169;180;3.752
170;163;2.989
170;165;2.73
171;163;3.92
172;169;3.191
173;167;2.644
173;168;3.927
173;169;2.905
173;176;3.267
174;175;3.78
175;174;3.78
176;173;3.267
176;178;3.034
177;182;3.825
178;169;3.275
178;176;3.034
178;181;3.452
179;161;3.225
180;159;3.666
180;161;3.051
180;169;3.752
181;178;3.452
182;177;3.825
183;153;2.705
184;1014;3.396
185;151;3.402
185;152;3.754
185;188;3.36
186;1016;4.017
187;190;3.963
187;1013;3.632
188;151;2.924
188;185;3.36
188;190;2.995
189;146;3.007
190;147;3.868
190;150;2.85
190;187;3.963
190;188;2.995
191;194;3.338
192;1011;2.754
192;1013;3.569
193;146;3.777
193;147;2.864
193;148;2.795
193;196;3.174
194;146;3.753
194;191;3.338
194;225;3.322
194;226;3.902
195;146;3.85
196;148;3.76
196;193;3.174
196;199;2.993
196;200;3.035
196;204;3.771
197;204;3.239
198;204;3.339
198;222;3.551
199;139;3.631
199;196;2.993
199;205;3.473
199;208;3.517
199;222;3.127
199;236;4.01
200;140;3.998
200;144;3.805
200;148;2.657
200;196;3.035
201;140;3.561
201;204;2.795
201;205;3.002
202;136;3.797
202;137;3.83
202;140;3.948
202;206;2.955
203;207;2.982
204;196;3.771
204;197;3.239
204;198;3.339
204;201;2.795
204;207;3.317
204;208;2.972
205;199;3.473
205;201;3.002
205;208;3.289
205;209;2.953
206;132;3.688
206;136;3.915
206;202;2.955
206;210;2.936
207;203;2.982
207;204;3.317
207;210;3.078
207;211;2.964
207;680;3.813
208;199;3.517
208;204;2.972
208;205;3.289
208;211;3.313
208;212;2.944
209;132;3.924
209;135;3.554
209;205;2.953
209;212;3.882
209;213;2.955
210;206;2.936
210;207;3.078
210;213;3.221
210;214;2.942
210;684;3.501
210;687;4.157
210;688;3.942
211;207;2.964
211;208;3.313
211;215;2.962
211;216;2.784
211;217;3.779
211;663;3.739
212;208;2.944
212;209;3.882
212;215;3.052
212;218;3.512
212;236;3.906
212;239;3.733
212;240;3.664
213;209;2.955
213;210;3.221
214;210;2.942
214;687;3.642
215;211;2.962
215;212;3.052
215;1322;3.138
215;1324;3.021
216;211;2.784
216;662;3.78
216;663;3.393
217;211;3.779
217;220;3.032
217;221;3.046
217;663;5.652
217;1319;3.673
217;1329;3.925
218;212;3.512
218;222;3.078
218;223;3.139
218;236;3.726
218;237;3.978
218;240;3.254
218;1315;3.438
218;1319;3.359
219;223;3.149
219;224;2.873
219;1315;3.724
219;1319;3.61
219;1354;3.383
219;1355;2.794
219;1356;3.285
220;217;3.032
220;224;3.714
220;1329;3.597
220;1356;3.351
221;217;3.046
221;224;3.148
222;143;2.895
222;198;3.551
222;199;3.127
222;218;3.078
222;232;3.098
222;236;5.949
223;218;3.139
223;219;3.149
223;226;2.927
223;233;3.352
223;1315;3.17
223;1354;3.459
224;219;2.873
224;220;3.714
224;221;3.148
224;1305;3.679
224;1353;3.769
224;1354;3.35
225;194;3.322
226;194;3.902
226;223;2.927
226;228;2.957
226;229;3.132
226;232;3.434
227;229;3.071
227;1305;3.972
227;1312;3.694
227;1350;2.816
227;1353;3.576
228;226;2.957
228;232;3.019
229;226;3.132
229;227;3.071
229;232;2.972
229;233;2.944
229;1351;3.793
229;1352;3.488
230;233;3.675
230;234;2.928
230;1349;2.836
230;1351;2.768
231;1234;3.706
231;1237;3.994
231;1238;3.272
231;1351;2.938
232;143;3.428
232;222;3.098
232;226;3.434
232;228;3.019
232;229;2.972
232;235;3.027
232;236;3.432
233;223;3.352
233;229;2.944
233;230;3.675
233;236;3.263
233;237;2.939
233;1315;3.525
233;1352;4.002
234;230;2.928
234;238;2.973
235;138;3.658
235;143;3.729
235;232;3.027
235;238;3.101
235;239;2.972
236;143;3.675
236;199;4.01
236;212;3.906
236;218;3.726
236;222;5.949
236;232;3.432
236;233;3.263
236;239;3.345
236;240;3.006
237;218;3.978
237;233;2.939
237;240;3.124
237;241;2.958
237;1318;3.968
238;234;2.973
238;235;3.101
238;242;2.946
239;212;3.733
239;235;2.972
239;236;3.345
239;243;2.909
240;212;3.664
240;218;3.254
240;236;3.006
240;237;3.124
240;243;3.476
240;244;2.936
240;1318;3.555
241;237;2.958
241;244;3.44
241;245;2.935
242;135;3.845
242;238;2.946
242;246;2.93
243;239;2.909
243;240;3.476
243;247;2.94
244;240;2.936
244;241;3.44
244;247;3.473
244;248;2.977
245;241;2.935
245;248;3.438
245;249;2.937
245;1264;3.678
245;1271;3.612
246;124;3.586
246;128;3.408
246;242;2.93
246;249;3.114
246;250;2.868
247;243;2.94
247;244;3.473
247;250;3.321
247;251;2.962
248;244;2.977
248;245;3.438
248;251;3.485
248;252;2.98
248;1382;3.698
249;245;2.937
249;246;3.114
249;252;3.633
249;253;2.892
249;1260;3.151
249;1263;3.781
250;246;2.868
250;247;3.321
250;253;3.136
250;254;2.95
250;695;3.558
251;247;2.962
251;248;3.485
251;255;3.115
251;695;3.691
251;698;3.697
251;1379;3.365
252;248;2.98
252;249;3.633
252;256;2.922
252;1382;3.918
252;1383;3.933
252;1386;3.519
253;249;2.892
253;250;3.136
253;257;2.933
254;121;3.991
254;250;2.95
254;257;3.335
254;258;3.075
254;699;3.788
255;251;3.115
255;258;3.236
255;259;3.057
255;698;3.607
255;699;3.954
255;702;3.509
255;1383;3.476
256;252;2.922
256;260;2.874
256;1387;3.714
257;116;3.801
257;120;3.798
257;253;2.933
257;254;3.335
257;261;2.992
258;254;3.075
258;255;3.236
258;262;3.075
258;699;3.657
258;703;4.023
259;255;3.057
259;262;2.96
259;263;2.733
259;703;3.974
259;706;3.904
259;1103;6.425
259;1387;4.031
260;120;2.63
260;256;2.874
260;264;3.398
261;119;2.689
261;120;2.78
261;257;2.992
261;271;2.74
262;258;3.075
262;259;2.96
262;270;4.011
262;271;2.698
262;272;2.994
263;259;2.733
263;272;3.219
264;260;3.398
264;269;2.826
264;270;3.686
264;272;3.233
265;268;3.487
266;279;3.659
267;282;2.615
268;265;3.487
269;264;2.826
270;262;4.011
270;264;3.686
271;261;2.74
271;262;2.698
272;262;2.994
272;263;3.219
272;264;3.233
273;287;4.034
274;281;3.976
275;286;3.524
276;279;3.515
276;281;3.019
276;349;3.513
277;280;3.549
277;281;3.836
278;346;3.632
279;266;3.659
279;276;3.515
280;277;3.549
281;274;3.976
281;276;3.019
281;277;3.836
282;267;2.615
283;288;3.838
283;289;2.818
284;302;3.746
285;288;3.032
285;303;3.993
285;304;3.285
286;275;3.524
287;273;4.034
287;304;2.651
288;283;3.838
288;285;3.032
289;283;2.818
290;296;2.745
290;298;3.686
291;296;3.504
292;293;4.026
292;294;2.779
292;295;3.302
293;292;4.026
294;292;2.779
295;292;3.302
296;290;2.745
296;291;3.504
297;300;3.615
298;290;3.686
298;299;3.576
299;298;3.576
300;297;3.615
301;303;2.678
302;284;3.746
303;285;3.993
303;301;2.678
303;304;3.007
304;285;3.285
304;287;2.651
304;303;3.007
305;306;2.738
305;307;3.731
306;305;2.738
307;305;3.731
308;311;2.942
309;318;3.861
310;312;2.93
310;318;3.65
311;308;2.942
312;310;2.93
312;317;3.74
312;318;3.012
313;318;2.932
314;316;3.07
314;319;3.367
315;319;3.137
315;320;3.253
315;337;3.655
316;314;3.07
316;319;3.3
316;322;2.745
316;337;3.053
316;339;3.538
317;312;3.74
317;320;2.957
317;321;2.716
317;322;2.633
318;309;3.861
318;310;3.65
318;312;3.012
318;313;2.932
319;314;3.367
319;315;3.137
319;316;3.3
320;315;3.253
320;317;2.957
321;317;2.716
322;316;2.745
322;317;2.633
322;335;2.805
322;337;2.821
323;335;3.248
324;326;2.665
324;328;3.835
324;336;3.234
324;337;3.817
324;340;2.821
325;337;2.697
325;345;3.717
326;324;2.665
327;329;3.32
328;324;3.835
328;330;2.799
328;336;3.944
329;327;3.32
330;328;2.799
330;334;2.688
330;336;3.582
331;334;3.037
332;457;2.597
333;393;3.679
333;398;2.84
334;330;2.688
334;331;3.037
335;322;2.805
335;323;3.248
336;324;3.234
336;328;3.944
336;330;3.582
336;340;3.396
337;315;3.655
337;316;3.053
337;322;2.821
337;324;3.817
337;325;2.697
337;343;2.743
338;341;3.004
338;342;2.998
338;343;2.885
339;316;3.538
340;324;2.821
340;336;3.396
341;338;3.004
342;338;2.998
343;337;2.743
343;338;2.885
343;346;2.973
343;347;3.051
344;347;3.195
344;348;3.167
345;325;3.717
345;351;2.793
346;278;3.632
346;343;2.973
347;343;3.051
347;344;3.195
347;350;3.62
348;344;3.167
348;351;2.741
349;276;3.513
349;352;2.95
350;347;3.62
350;353;3.721
351;345;2.793
351;348;2.741
352;349;2.95
352;713;3.781
353;350;3.721
353;718;3.485
353;719;3.391
354;710;2.828
355;357;3.626
356;357;2.952
356;358;2.889
357;355;3.626
357;356;2.952
358;356;2.889
359;463;3.61
360;363;3.253
360;462;3.195
361;363;3.659
361;462;2.999
361;463;3.726
362;365;2.859
363;360;3.253
363;361;3.659
364;366;3.83
365;362;2.859
365;366;2.972
365;367;3.349
366;364;3.83
366;365;2.972
367;365;3.349
368;372;3.862
369;372;2.994
370;374;2.834
370;375;2.767
371;373;2.985
372;368;3.862
372;369;2.994
372;374;2.986
373;371;2.985
374;370;2.834
374;372;2.986
374;403;2.688
375;370;2.767
375;403;3.3
376;394;3.276
377;385;3.724
378;381;2.615
379;381;3.009
379;439;3.831
380;439;3.94
381;378;2.615
381;379;3.009
381;383;2.967
382;387;3.916
383;381;2.967
384;386;2.716
385;377;3.724
385;387;3.154
385;388;2.686
385;391;3.356
386;384;2.716
387;382;3.916
387;385;3.154
388;385;2.686
388;439;3.892
388;440;3.305
389;440;2.959
389;453;3.919
390;453;2.746
391;385;3.356
391;452;2.992
392;452;3.0
393;333;3.679
394;376;3.276
395;401;3.805
395;407;3.526
396;400;3.433
396;401;3.767
396;402;3.042
397;399;2.979
398;333;2.84
399;397;2.979
400;396;3.433
401;395;3.805
401;396;3.767
402;396;3.042
403;374;2.688
403;375;3.3
404;405;3.738
405;404;3.738
405;409;3.965
406;409;2.812
407;395;3.526
408;411;3.83
409;405;3.965
409;406;2.812
409;412;2.961
409;413;3.085
410;413;3.03
410;414;3.862
411;408;3.83
412;409;2.961
413;409;3.085
413;410;3.03
414;410;3.862
414;417;3.756
415;419;3.967
415;420;3.867
416;418;3.959
417;414;3.756
418;416;3.959
419;415;3.967
420;415;3.867
421;424;3.534
422;424;2.974
423;426;2.728
424;421;3.534
424;422;2.974
425;427;2.897
426;423;2.728
427;425;2.897
427;429;2.908
428;430;2.984
429;427;2.908
429;431;2.981
430;428;2.984
431;429;2.981
432;433;2.981
433;432;2.981
433;436;2.936
434;437;3.002
435;438;3.783
435;441;2.882
436;433;2.936
437;434;3.002
438;435;3.783
438;441;3.036
439;379;3.831
439;380;3.94
439;388;3.892
440;388;3.305
440;389;2.959
441;435;2.882
441;438;3.036
442;450;3.721
443;444;3.088
444;443;3.088
445;448;3.997
446;449;3.967
447;457;2.766
448;445;3.997
449;446;3.967
449;455;3.91
450;442;3.721
450;453;3.922
450;454;3.999
451;454;3.051
451;456;3.655
452;391;2.992
452;392;3.0
452;456;3.195
453;389;3.919
453;390;2.746
453;450;3.922
454;450;3.999
454;451;3.051
455;449;3.91
456;451;3.655
456;452;3.195
457;332;2.597
457;447;2.766
458;459;4.092
459;458;4.092
460;462;3.884
461;464;3.538
461;466;3.1
462;360;3.195
462;361;2.999
462;460;3.884
462;464;3.932
463;359;3.61
463;361;3.726
463;464;3.303
464;461;3.538
464;462;3.932
464;463;3.303
465;472;3.261
466;461;3.1
467;470;3.993
468;472;3.858
469;472;3.81
470;467;3.993
471;475;2.758
471;477;3.839
472;465;3.261
472;468;3.858
472;469;3.81
473;535;4.001
473;537;2.683
474;534;3.032
474;536;2.753
474;537;2.676
475;471;2.758
475;534;3.66
476;530;3.992
476;531;3.323
476;534;3.716
476;535;3.923
477;471;3.839
478;480;3.01
478;481;3.12
479;531;3.773
480;478;3.01
481;478;3.12
481;484;3.089
481;485;3.371
482;486;2.937
483;487;2.966
484;481;3.089
484;487;3.247
484;488;3.025
485;481;3.371
485;488;3.398
485;489;2.933
485;583;2.67
486;482;2.937
486;489;3.169
486;490;2.97
487;483;2.966
487;484;3.247
487;491;3.049
488;484;3.025
488;485;3.398
488;491;3.331
488;492;2.973
488;528;3.736
489;485;2.933
489;486;3.169
489;492;2.997
489;493;3.09
489;584;2.663
489;585;3.567
490;486;2.97
490;493;3.494
490;494;3.007
491;487;3.049
491;488;3.331
491;495;2.978
491;521;3.669
492;488;2.973
492;489;2.997
492;495;3.094
492;496;3.067
492;525;3.292
492;578;3.868
492;580;3.94
492;581;3.821
493;489;3.09
493;490;3.494
493;496;3.127
493;497;3.425
493;581;3.871
494;490;3.007
494;497;3.318
494;498;3.018
495;491;2.978
495;492;3.094
495;498;3.271
495;499;2.995
495;521;3.197
495;577;3.102
496;492;3.067
496;493;3.127
496;500;3.042
496;578;3.645
496;990;3.834
497;493;3.425
497;494;3.318
497;500;3.275
497;501;2.991
498;494;3.018
498;495;3.271
498;501;3.121
498;502;2.951
498;514;3.559
499;495;2.995
499;502;3.027
499;577;3.801
499;578;3.698
499;994;3.991
500;496;3.042
500;497;3.275
501;497;2.991
501;498;3.121
501;506;3.555
502;498;2.951
502;499;3.027
502;507;2.969
502;514;4.007
502;518;3.406
503;507;2.988
503;1035;3.95
503;1036;3.204
504;1035;3.376
505;508;2.985
505;509;2.992
506;501;3.555
506;509;3.856
506;510;3.035
507;502;2.969
507;503;2.988
507;511;2.768
508;505;2.985
508;511;2.686
509;505;2.992
509;506;3.856
510;506;3.035
510;513;3.049
510;514;2.927
511;507;2.768
511;508;2.686
511;515;2.968
512;515;3.276
512;516;3.033
513;510;3.049
513;516;3.936
513;517;2.953
514;498;3.559
514;502;4.007
514;510;2.927
514;517;3.356
514;518;2.931
515;511;2.968
515;512;3.276
515;518;3.342
515;519;3.028
516;512;3.033
516;513;3.936
516;520;2.953
517;513;2.953
517;514;3.356
517;521;2.961
518;502;3.406
518;514;2.931
518;515;3.342
518;521;3.406
518;522;3.079
518;577;3.253
519;515;3.028
519;522;3.308
519;523;2.984
519;561;3.777
519;562;3.418
520;516;2.953
520;523;3.039
520;524;3.042
521;491;3.669
521;495;3.197
521;517;2.961
521;518;3.406
521;524;3.007
521;525;3.411
522;518;3.079
522;519;3.308
522;525;2.864
522;557;2.777
522;558;3.786
522;561;3.775
522;562;3.965
523;519;2.984
523;520;3.039
523;526;2.807
523;527;3.366
524;520;3.042
524;521;3.007
524;527;3.19
524;528;3.064
525;492;3.292
525;521;3.411
525;522;2.864
525;529;2.945
525;554;3.579
525;558;3.741
525;580;3.44
526;523;2.807
526;530;3.098
526;558;3.384
527;523;3.366
527;524;3.19
527;530;3.339
527;531;2.954
528;488;3.736
528;524;3.064
528;531;3.853
528;532;3.029
528;580;2.718
528;583;2.719
529;525;2.945
529;533;3.037
529;554;3.687
530;476;3.992
530;526;3.098
530;527;3.339
530;533;3.294
530;534;3.339
531;476;3.323
531;479;3.773
531;527;2.954
531;528;3.853
531;535;3.453
532;528;3.029
532;535;3.113
532;536;3.086
532;540;2.669
532;541;3.675
532;547;2.744
533;529;3.037
533;530;3.294
533;541;3.613
533;542;3.68
534;474;3.032
534;475;3.66
534;476;3.716
534;530;3.339
535;473;4.001
535;476;3.923
535;531;3.453
535;532;3.113
536;474;2.753
536;532;3.086
536;540;3.939
537;473;2.683
537;474;2.676
537;540;2.863
537;541;2.988
538;542;2.988
539;543;2.775
540;532;2.669
540;536;3.939
540;537;2.863
540;543;3.069
540;544;2.923
541;532;3.675
541;533;3.613
541;537;2.988
541;547;3.11
541;551;2.977
542;533;3.68
542;538;2.988
543;539;2.775
543;540;3.069
544;540;2.923
544;547;2.982
544;548;3.039
545;548;3.959
545;549;3.018
546;550;3.006
546;588;2.925
546;591;3.77
547;532;2.744
547;541;3.11
547;544;2.982
547;551;2.961
548;544;3.039
548;545;3.959
548;551;3.396
548;552;2.993
549;545;3.018
549;552;3.444
549;553;3.021
550;546;3.006
550;553;3.175
550;554;2.906
550;580;2.631
550;583;3.911
551;541;2.977
551;547;2.961
551;548;3.396
551;555;3.003
552;548;2.993
552;549;3.444
552;555;3.255
552;556;3.085
553;549;3.021
553;550;3.175
553;557;3.021
554;525;3.579
554;529;3.687
554;550;2.906
554;558;2.945
554;580;3.723
555;551;3.003
555;552;3.255
555;559;2.988
556;552;3.085
556;560;3.205
556;573;3.565
557;522;2.777
557;553;3.021
557;561;3.442
557;577;3.02
558;522;3.786
558;525;3.741
558;526;3.384
558;554;2.945
558;561;3.088
558;562;2.906
559;555;2.988
559;562;3.298
559;563;3.046
560;556;3.205
560;564;3.0
560;565;3.053
560;574;3.828
561;519;3.777
561;522;3.775
561;557;3.442
561;558;3.088
561;565;3.699
561;574;3.991
562;519;3.418
562;522;3.965
562;558;2.906
562;559;3.298
563;559;3.046
564;560;3.0
564;566;2.924
565;560;3.053
565;561;3.699
565;571;2.782
566;564;2.924
566;571;3.279
567;570;2.794
568;572;2.933
569;572;3.282
569;573;2.958
569;1075;3.976
570;567;2.794
570;573;3.077
570;574;3.082
571;565;2.782
571;566;3.279
571;574;2.94
572;568;2.933
572;569;3.282
572;575;2.983
572;998;3.154
573;556;3.565
573;569;2.958
573;570;3.077
573;576;2.984
574;560;3.828
574;561;3.991
574;570;3.082
574;571;2.94
574;577;3.096
575;572;2.983
575;578;3.183
575;994;3.715
575;995;3.888
576;573;2.984
576;579;2.892
576;991;3.867
577;495;3.102
577;499;3.801
577;518;3.253
577;557;3.02
577;574;3.096
577;580;3.002
578;492;3.868
578;496;3.645
578;499;3.698
578;575;3.183
578;581;2.915
578;987;3.798
578;991;3.528
579;576;2.892
579;582;2.771
579;988;3.358
579;991;3.482
580;492;3.94
580;525;3.44
580;528;2.718
580;550;2.631
580;554;3.723
580;577;3.002
580;583;2.969
581;492;3.821
581;493;3.871
581;578;2.915
581;584;2.978
581;585;2.946
581;587;3.887
581;987;3.669
582;579;2.771
582;587;4.03
583;485;2.67
583;528;2.719
583;550;3.911
583;580;2.969
584;489;2.663
584;581;2.978
585;489;3.567
585;581;2.946
585;587;3.87
585;588;3.027
586;589;3.165
586;590;2.936
586;980;3.206
587;581;3.887
587;582;4.03
587;585;3.87
587;590;3.176
587;591;3.017
587;984;3.467
588;546;2.925
588;585;3.027
588;591;3.857
588;592;3.055
589;586;3.165
589;592;3.4
589;593;2.969
590;586;2.936
590;587;3.176
590;593;3.24
590;594;2.965
590;984;3.635
591;546;3.77
591;587;3.017
591;588;3.857
591;594;3.901
591;595;3.055
592;588;3.055
592;589;3.4
592;595;3.378
592;596;2.798
593;589;2.969
593;590;3.24
593;596;3.375
593;597;2.934
593;1093;3.728
594;590;2.965
594;591;3.901
594;597;3.17
594;598;3.071
594;1089;3.571
595;591;3.055
595;592;3.378
595;598;3.013
596;592;2.798
596;593;3.375
596;599;2.995
597;593;2.934
597;594;3.17
597;600;3.09
597;601;3.08
597;701;3.687
597;1089;3.526
597;1093;3.712
598;594;3.071
598;595;3.013
598;601;3.405
598;602;2.962
598;1089;3.842
599;596;2.995
599;602;3.024
600;597;3.09
600;701;3.949
601;597;3.08
601;598;3.405
601;604;3.277
601;605;2.868
601;697;3.561
601;1089;3.778
602;598;2.962
602;599;3.024
602;606;3.049
603;106;3.429
603;110;3.337
603;606;3.202
603;607;3.283
604;110;4.032
604;601;3.277
604;607;3.071
604;608;3.025
604;696;3.459
604;697;3.861
605;601;2.868
605;609;2.921
606;602;3.049
606;603;3.202
606;609;3.307
606;610;3.055
607;107;3.711
607;603;3.283
607;604;3.071
607;610;3.476
607;611;3.031
608;604;3.025
608;611;3.483
608;612;2.965
608;659;3.914
609;605;2.921
609;606;3.307
609;613;2.98
610;100;3.538
610;606;3.055
610;607;3.476
610;613;3.285
610;614;3.007
611;607;3.031
611;608;3.483
611;614;3.271
611;615;2.948
611;689;3.72
612;608;2.965
612;616;2.932
612;652;3.481
612;655;3.806
613;19;3.527
613;23;3.768
613;609;2.98
613;610;3.285
613;616;3.277
613;617;3.002
613;648;3.518
614;94;3.925
614;95;4.004
614;98;3.954
614;610;3.007
614;611;3.271
614;617;3.256
614;618;2.996
615;611;2.948
615;619;2.949
615;655;3.756
615;685;4.094
615;686;3.519
615;689;3.892
616;612;2.932
616;613;3.277
616;619;3.232
616;620;2.992
616;648;3.809
616;651;3.986
616;652;4.027
617;94;3.655
617;613;3.002
617;614;3.256
617;621;3.322
618;94;3.696
618;614;2.996
618;621;3.293
618;622;3.021
619;615;2.949
619;616;3.232
619;623;3.001
619;624;2.817
619;645;3.804
620;25;3.216
620;616;2.992
620;624;3.055
620;625;3.161
620;647;3.985
621;91;3.36
621;617;3.322
621;618;3.293
622;87;3.925
622;91;3.82
622;618;3.021
622;625;2.797
623;619;3.001
623;626;3.017
623;627;3.553
623;641;3.482
623;679;3.407
624;619;2.817
624;620;3.055
624;641;3.722
625;620;3.161
625;622;2.797
626;623;3.017
626;638;4.039
626;641;3.012
627;623;3.553
627;639;3.1
627;641;2.92
627;667;3.798
627;668;3.359
627;675;2.71
627;679;3.552
628;637;2.626
628;638;3.34
628;639;4.015
628;668;3.72
628;669;2.927
629;632;3.003
629;633;2.807
629;634;2.8
629;635;2.774
630;668;4.135
630;669;2.762
630;671;3.649
631;634;3.892
632;629;3.003
632;637;4.021
633;629;2.807
634;629;2.8
634;631;3.892
635;629;2.774
636;642;3.523
636;643;3.242
637;628;2.626
637;632;4.021
638;626;4.039
638;628;3.34
638;642;3.625
639;627;3.1
639;628;4.015
639;643;3.129
639;666;2.664
639;667;3.696
640;643;3.049
640;644;2.837
640;665;3.875
641;623;3.482
641;624;3.722
641;626;3.012
641;627;2.92
641;645;3.659
641;667;3.589
642;636;3.523
642;638;3.625
642;646;3.574
643;636;3.242
643;639;3.129
643;640;3.049
643;650;3.813
643;1063;3.575
643;1069;3.988
644;640;2.837
644;650;3.345
644;653;4.033
644;654;3.851
644;1054;3.369
644;1058;3.942
645;619;3.804
645;641;3.659
645;650;3.484
645;654;3.629
645;667;4.049
646;642;3.574
646;1067;2.737
647;25;3.687
647;620;3.985
647;650;2.802
647;651;2.953
647;1070;2.711
648;25;3.286
648;613;3.518
648;616;3.809
648;652;2.951
649;652;3.207
649;653;2.992
649;1070;3.869
649;1073;3.898
649;1074;3.656
649;1077;3.927
650;643;3.813
650;644;3.345
650;645;3.484
650;647;2.802
650;653;3.368
650;654;2.992
650;1058;2.97
651;616;3.986
651;647;2.953
651;654;3.492
651;655;2.962
652;612;3.481
652;616;4.027
652;648;2.951
652;649;3.207
652;655;3.463
652;656;2.983
653;644;4.033
653;649;2.992
653;650;3.368
653;656;3.158
653;657;3.014
653;1058;3.89
653;1077;3.668
654;644;3.851
654;645;3.629
654;650;2.992
654;651;3.492
654;657;3.126
654;658;3.016
654;664;3.782
655;612;3.806
655;615;3.756
655;651;2.962
655;652;3.463
655;658;3.382
655;659;2.991
655;686;4.036
656;652;2.983
656;653;3.158
656;659;3.079
656;660;3.193
656;1050;3.934
656;1053;3.582
656;1077;3.704
656;1084;3.909
657;653;3.014
657;654;3.126
657;663;2.86
657;1054;3.519
658;654;3.016
658;655;3.382
658;661;2.951
658;683;3.421
658;686;3.559
658;687;3.952
659;608;3.914
659;655;2.991
659;656;3.079
659;690;3.776
660;656;3.193
660;1050;3.539
661;658;2.951
661;683;2.873
661;687;3.974
662;216;3.78
662;1050;3.839
662;1051;2.733
662;1052;2.821
663;211;3.739
663;216;3.393
663;217;5.652
663;657;2.86
663;683;3.853
663;1055;3.858
664;654;3.782
664;667;3.509
664;683;3.259
665;640;3.875
665;1055;3.493
666;639;2.664
667;627;3.798
667;639;3.696
667;641;3.589
667;645;4.049
667;664;3.509
667;676;3.205
667;679;3.46
668;627;3.359
668;628;3.72
668;630;4.135
668;672;3.379
668;676;2.953
669;628;2.927
669;630;2.762
669;676;3.606
670;1010;3.393
671;630;3.649
672;668;3.379
672;675;2.745
672;676;3.066
673;677;2.943
674;677;3.394
674;678;2.985
675;627;2.71
675;672;2.745
675;678;3.244
675;679;3.059
676;667;3.205
676;668;2.953
676;669;3.606
676;672;3.066
676;679;3.057
676;680;2.892
677;673;2.943
677;674;3.394
677;680;3.173
677;681;3.025
678;674;2.985
678;675;3.244
679;623;3.407
679;627;3.552
679;667;3.46
679;675;3.059
679;676;3.057
679;682;3.008
679;683;2.915
680;207;3.813
680;676;2.892
680;677;3.173
680;683;3.348
680;684;2.965
681;677;3.025
681;684;3.431
681;685;3.001
682;679;3.008
682;685;3.339
682;686;2.962
683;658;3.421
683;661;2.873
683;663;3.853
683;664;3.259
683;679;2.915
683;680;3.348
683;686;3.316
683;687;2.98
684;210;3.501
684;680;2.965
684;681;3.431
684;687;3.417
684;688;2.994
685;615;4.094
685;681;3.001
685;682;3.339
685;688;3.478
685;689;2.996
686;615;3.519
686;655;4.036
686;658;3.559
686;682;2.962
686;683;3.316
686;690;2.954
687;210;4.157
687;214;3.642
687;658;3.952
687;661;3.974
687;683;2.98
687;684;3.417
687;691;2.928
688;210;3.942
688;684;2.994
688;685;3.478
688;691;3.409
688;692;3.032
689;611;3.72
689;615;3.892
689;685;2.996
689;692;3.409
689;693;2.981
690;659;3.776
690;686;2.954
690;693;3.217
690;694;2.934
691;687;2.928
691;688;3.409
691;694;3.276
691;695;2.974
692;114;3.763
692;688;3.032
692;689;3.409
692;696;3.03
693;689;2.981
693;690;3.217
693;696;3.285
693;697;2.915
694;690;2.934
694;691;3.276
694;697;3.129
694;698;3.069
695;250;3.558
695;251;3.691
695;691;2.974
695;699;3.009
696;604;3.459
696;692;3.03
696;693;3.285
696;700;2.92
697;601;3.561
697;604;3.861
697;693;2.915
697;694;3.129
697;700;3.382
697;701;3.12
697;1092;3.377
698;251;3.697
698;255;3.607
698;694;3.069
698;701;3.435
698;702;2.933
698;1092;3.619
698;1095;3.751
699;254;3.788
699;255;3.954
699;258;3.657
699;695;3.009
699;702;3.448
699;703;2.95
700;696;2.92
700;697;3.382
700;704;3.057
701;597;3.687
701;600;3.949
701;697;3.12
701;698;3.435
701;704;3.328
701;705;3.007
701;1092;3.615
701;1093;3.85
701;1096;3.552
702;255;3.509
702;698;2.933
702;699;3.448
702;705;3.389
702;706;2.963
702;1096;3.975
702;1099;3.502
703;258;4.023
703;259;3.974
703;699;2.95
703;706;3.342
703;707;3.04
704;700;3.057
704;701;3.328
704;707;3.041
704;708;3.067
705;701;3.007
705;702;3.389
705;708;2.974
705;709;3.013
705;1096;3.458
705;1100;3.73
706;259;3.904
706;702;2.963
706;703;3.342
706;711;3.599
706;1099;3.948
706;1100;3.556
706;1103;3.426
707;703;3.04
707;704;3.041
708;704;3.067
708;705;2.974
709;705;3.013
709;1100;3.999
710;354;2.828
711;706;3.599
711;714;2.709
711;1103;3.695
711;1108;2.804
712;714;3.003
712;1107;3.685
713;352;3.781
714;711;2.709
714;712;3.003
714;719;3.456
714;1108;2.784
715;721;2.882
715;1108;2.973
716;719;2.956
716;720;3.021
716;1108;3.239
717;1104;3.556
717;1108;3.529
718;353;3.485
719;353;3.391
719;714;3.456
719;716;2.956
720;716;3.021
721;715;2.882
721;1110;3.858
722;1111;3.573
723;725;2.778
723;1112;3.442
724;732;2.947
724;733;2.716
725;723;2.778
726;727;3.087
727;726;3.087
727;732;3.518
728;831;3.703
729;732;3.318
730;830;3.436
731;734;4.034
732;724;2.947
732;727;3.518
732;729;3.318
733;724;2.716
734;731;4.034
735;788;3.874
736;740;2.675
736;787;3.9
737;764;2.803
737;765;2.745
737;767;3.747
738;767;3.704
739;748;3.814
739;749;4.017
739;752;3.479
740;736;2.675
740;742;3.642
740;748;2.748
741;803;3.012
742;740;3.642
742;746;3.758
742;799;3.729
743;746;3.218
744;749;2.747
744;802;2.622
745;749;2.885
746;742;3.758
746;743;3.218
746;749;2.737
747;757;3.584
747;758;3.612
748;739;3.814
748;740;2.748
748;752;3.436
749;739;4.017
749;744;2.747
749;745;2.885
749;746;2.737
749;752;2.758
749;756;3.087
750;755;2.794
750;756;2.786
751;754;2.788
751;755;2.994
752;739;3.479
752;748;3.436
752;749;2.758
752;757;3.155
753;757;3.572
754;751;2.788
754;757;3.043
755;750;2.794
755;751;2.994
756;749;3.087
756;750;2.786
757;747;3.584
757;752;3.155
757;753;3.572
757;754;3.043
758;747;3.612
759;762;2.644
760;772;3.234
761;767;3.8
762;759;2.644
763;766;3.178
764;737;2.803
765;737;2.745
766;763;3.178
766;773;3.76
767;737;3.747
767;738;3.704
767;761;3.8
768;771;2.63
768;772;3.197
769;772;2.626
770;793;3.061
770;796;2.719
771;768;2.63
772;760;3.234
772;768;3.197
772;769;2.626
773;766;3.76
773;774;3.742
774;773;3.742
775;777;2.768
776;777;4.035
777;775;2.768
777;776;4.035
778;792;4.014
779;795;3.608
780;797;3.996
781;784;3.494
782;798;2.932
783;786;3.747
783;798;2.735
784;781;3.494
784;794;2.788
784;798;2.878
785;789;3.665
785;790;3.872
786;783;3.747
787;736;3.9
788;735;3.874
789;785;3.665
790;785;3.872
790;794;2.633
791;794;2.998
792;778;4.014
793;770;3.061
794;784;2.788
794;790;2.633
794;791;2.998
795;779;3.608
796;770;2.719
797;780;3.996
798;782;2.932
798;783;2.735
798;784;2.878
799;742;3.729
800;801;3.826
801;800;3.826
802;744;2.622
803;741;3.012
804;807;3.262
805;810;2.873
806;810;4.007
806;811;3.933
806;812;3.484
807;804;3.262
807;812;3.558
807;814;3.74
808;810;3.018
808;812;3.273
808;813;3.532
809;810;3.155
810;805;2.873
810;806;4.007
810;808;3.018
810;809;3.155
811;806;3.933
812;806;3.484
812;807;3.558
812;808;3.273
813;808;3.532
814;807;3.74
815;816;3.042
816;815;3.042
816;817;3.997
817;816;3.997
818;824;3.764
819;824;3.552
820;823;3.023
821;824;3.023
822;829;3.371
823;820;3.023
823;829;2.043
824;818;3.764
824;819;3.552
824;821;3.023
825;827;3.493
826;827;2.909
826;828;3.049
827;825;3.493
827;826;2.909
828;826;3.049
829;822;3.371
829;823;2.043
830;730;3.436
831;728;3.703
832;834;2.713
833;835;2.905
834;832;2.713
835;833;2.905
835;838;3.061
836;848;3.949
837;840;3.902
837;843;3.414
837;848;3.587
838;835;3.061
839;844;3.667
840;837;3.902
840;843;3.389
841;844;2.747
842;847;3.232
843;837;3.414
843;840;3.389
843;847;3.717
844;839;3.667
844;841;2.747
844;847;2.816
844;904;2.821
845;848;3.058
845;851;3.779
845;900;3.921
846;851;3.873
846;897;3.928
846;900;3.436
846;901;3.606
847;842;3.232
847;843;3.717
847;844;2.816
848;836;3.949
848;837;3.587
848;845;3.058
848;851;3.098
848;852;2.935
849;853;3.047
850;854;2.886
851;845;3.779
851;846;3.873
851;848;3.098
851;854;3.168
851;855;2.962
852;848;2.935
852;855;3.452
852;856;3.172
852;960;3.214
853;849;3.047
853;856;3.431
853;857;2.996
854;850;2.886
854;851;3.168
854;857;3.291
854;858;2.911
855;851;2.962
855;852;3.452
855;858;3.432
855;859;2.966
855;894;3.791
855;897;3.758
856;852;3.172
856;853;3.431
856;859;3.337
856;860;2.941
856;960;3.46
857;853;2.996
857;854;3.291
857;860;3.24
857;861;2.97
858;854;2.911
858;855;3.432
858;862;2.961
858;894;3.94
859;855;2.966
859;856;3.337
859;863;2.899
859;890;3.941
859;894;3.392
859;953;3.683
859;957;3.783
860;856;2.941
860;857;3.24
860;863;3.189
860;864;2.985
861;857;2.97
861;864;3.11
861;865;3.014
862;858;2.961
862;865;3.416
862;866;2.956
862;953;3.625
863;859;2.899
863;860;3.189
863;867;2.994
864;860;2.985
864;861;3.11
864;867;3.387
864;868;2.957
865;861;3.014
865;862;3.416
865;868;2.992
865;869;3.238
866;862;2.956
866;951;3.843
866;954;4.0
867;863;2.994
867;864;3.387
867;871;3.489
867;1287;3.936
868;864;2.957
868;865;2.992
868;871;3.08
868;872;3.028
868;875;3.473
868;879;3.939
869;865;3.238
869;876;2.749
869;944;2.693
870;873;3.25
870;876;2.673
870;1290;3.36
870;1344;3.015
871;867;3.489
871;868;3.08
871;1310;3.761
872;868;3.028
872;875;2.976
872;876;3.035
873;870;3.25
873;876;3.2
873;877;3.008
873;1345;3.884
874;877;2.631
875;868;3.473
875;872;2.976
875;878;3.297
875;879;2.968
876;869;2.749
876;870;2.673
876;872;3.035
876;873;3.2
876;880;3.024
876;1343;4.037
877;873;3.008
877;874;2.631
877;1345;3.393
878;875;3.297
879;868;3.939
879;875;2.968
879;882;3.116
879;883;3.033
880;876;3.024
880;884;2.72
881;885;3.024
882;879;3.116
882;885;3.353
882;886;2.984
883;879;3.033
883;886;2.979
883;887;3.266
884;880;2.72
884;887;3.012
884;888;3.033
884;944;2.797
884;947;3.784
885;881;3.024
885;882;3.353
885;888;2.879
885;889;2.965
886;882;2.984
886;883;2.979
886;889;3.464
886;890;2.911
887;883;3.266
887;884;3.012
887;891;3.013
887;950;3.796
888;884;3.033
888;885;2.879
888;891;3.399
888;892;3.041
889;885;2.965
889;886;3.464
889;893;2.984
890;859;3.941
890;886;2.911
890;893;3.293
890;894;2.959
890;950;4.003
890;953;3.55
891;887;3.013
891;888;3.399
891;895;2.967
891;950;3.745
892;888;3.041
892;896;3.027
893;889;2.984
893;890;3.293
893;896;3.998
893;897;2.947
894;855;3.791
894;858;3.94
894;859;3.392
894;890;2.959
894;898;3.004
894;956;3.722
895;891;2.967
895;898;3.382
895;899;2.955
895;923;3.819
895;927;3.69
896;892;3.027
896;893;3.998
896;899;3.33
896;900;2.943
897;846;3.928
897;855;3.758
897;893;2.947
897;901;2.73
897;956;3.584
898;894;3.004
898;895;3.382
898;901;3.353
898;902;2.932
898;920;3.865
899;895;2.955
899;896;3.33
899;902;3.979
899;903;3.008
900;845;3.921
900;846;3.436
900;896;2.943
900;904;2.984
901;846;3.606
901;897;2.73
901;898;3.353
901;904;3.26
901;905;3.066
901;910;3.966
901;916;4.05
901;919;2.69
902;898;2.932
902;899;3.979
902;905;3.024
902;906;2.924
902;907;3.876
902;910;6.457
902;911;3.636
903;899;3.008
904;844;2.821
904;900;2.984
904;901;3.26
905;901;3.066
905;902;3.024
905;909;2.727
905;910;3.974
905;913;3.947
905;916;3.669
906;902;2.924
906;910;2.995
907;902;3.876
907;910;3.439
907;911;3.003
908;911;2.807
908;912;2.853
909;905;2.727
910;901;3.966
910;902;6.457
910;905;3.974
910;906;2.995
910;907;3.439
910;913;3.043
910;916;3.63
910;920;3.364
911;902;3.636
911;907;3.003
911;908;2.807
911;917;3.731
911;920;3.686
912;908;2.853
913;905;3.947
913;910;3.043
913;916;3.213
913;917;2.952
914;917;3.421
914;918;2.971
915;918;3.289
915;919;3.05
915;965;4.007
915;968;3.85
916;901;4.05
916;905;3.669
916;910;3.63
916;913;3.213
916;919;3.202
916;920;3.022
917;911;3.731
917;913;2.952
917;914;3.421
917;920;5.648
917;921;2.95
918;914;2.971
918;915;3.289
918;921;3.166
918;922;3.434
919;901;2.69
919;915;3.05
919;916;3.202
919;956;3.059
919;959;2.701
920;898;3.865
920;910;3.364
920;911;3.686
920;916;3.022
920;917;5.648
920;923;3.068
920;924;2.931
921;917;2.95
921;918;3.166
921;925;3.058
922;918;3.434
922;926;3.129
922;949;4.034
922;952;4.007
922;956;3.59
923;895;3.819
923;920;3.068
923;926;3.322
923;927;3.109
924;920;2.931
924;927;2.864
924;928;2.899
925;921;3.058
925;929;2.982
925;949;3.676
926;922;3.129
926;923;3.322
926;929;3.99
926;930;3.043
926;950;2.941
927;895;3.69
927;923;3.109
927;924;2.864
927;930;3.339
927;931;2.977
928;924;2.899
928;931;3.187
928;932;2.994
929;925;2.982
929;926;3.99
929;932;3.463
929;933;2.993
930;926;3.043
930;927;3.339
930;933;3.271
930;934;2.983
930;943;3.727
931;927;2.977
931;928;3.187
931;934;3.298
931;935;2.953
932;928;2.994
932;929;3.463
932;935;3.127
932;936;2.964
933;929;2.993
933;930;3.271
933;938;3.041
933;942;3.331
933;943;3.364
933;946;3.65
934;930;2.983
934;931;3.298
934;937;3.001
935;931;2.953
935;932;3.127
936;932;2.964
937;934;3.001
938;933;3.041
939;942;3.78
939;943;3.168
940;943;3.482
940;944;2.998
941;944;2.737
941;945;3.241
942;933;3.331
942;939;3.78
942;946;2.994
943;930;3.727
943;933;3.364
943;939;3.168
943;940;3.482
943;947;2.98
944;869;2.693
944;884;2.797
944;940;2.998
944;941;2.737
944;1342;3.776
945;941;3.241
945;948;3.056
945;1292;3.88
945;1339;3.003
945;1340;3.672
945;1341;3.136
946;933;3.65
946;942;2.994
947;884;3.784
947;943;2.98
947;950;2.73
948;945;3.056
948;951;2.749
948;952;3.316
948;1288;3.586
949;922;4.034
949;925;3.676
949;952;2.973
950;887;3.796
950;890;4.003
950;891;3.745
950;926;2.941
950;947;2.73
950;953;2.851
951;866;3.843
951;948;2.749
952;922;4.007
952;948;3.316
952;949;2.973
952;955;2.961
952;956;3.012
952;1284;3.791
953;859;3.683
953;862;3.625
953;890;3.55
953;950;2.851
953;956;2.978
953;957;3.18
954;866;4.0
954;957;2.953
954;1284;3.617
955;952;2.961
955;958;2.757
955;1284;3.779
956;894;3.722
956;897;3.584
956;919;3.059
956;922;3.59
