source;destination;distance
0;3;2.799
1;47;3.62
2;7;3.598
2;48;3.669
3;0;2.799
4;7;3.307
4;8;2.984
5;9;2.968
6;10;2.971
7;2;3.598
7;4;3.307
7;10;3.131
7;11;2.964
7;43;3.98
7;47;3.758
8;4;2.984
8;11;3.283
8;12;2.953
9;5;2.968
9;13;3.044
9;293;3.196
10;6;2.971
10;7;3.131
10;13;3.222
10;14;2.933
11;7;2.964
11;8;3.283
11;14;3.364
11;15;3.028
11;44;3.607
12;8;2.953
12;16;2.994
13;9;3.044
13;10;3.222
13;16;3.484
13;17;2.964
13;293;3.958
14;10;2.933
14;11;3.364
14;18;3.004
14;37;3.678
15;11;3.028
15;19;2.979
15;37;3.813
15;99;3.987
15;100;3.564
16;12;2.994
16;13;3.484
16;19;3.15
16;20;3.079
17;13;2.964
17;20;3.318
17;21;2.988
18;14;3.004
18;21;3.539
18;22;2.945
18;37;3.052
18;96;3.128
19;15;2.979
19;16;3.15
19;22;3.219
19;97;3.514
19;609;3.501
20;16;3.079
20;17;3.318
20;23;3.403
21;17;2.988
21;18;3.539
21;24;2.991
21;30;3.638
21;33;3.384
22;18;2.945
22;19;3.219
22;93;4.088
22;96;3.909
22;97;3.933
23;20;3.403
23;609;3.835
24;21;2.991
24;27;4.044
25;616;3.233
25;643;3.66
25;644;3.284
26;30;3.822
27;24;4.044
27;30;2.85
28;31;2.731
28;32;3.025
29;32;3.292
29;33;2.987
30;21;3.638
30;26;3.822
30;27;2.85
30;33;3.422
30;34;2.997
31;28;2.731
31;34;3.449
31;35;3.006
32;28;3.025
32;29;3.292
32;36;3.016
33;21;3.384
33;29;2.987
33;30;3.422
33;36;3.237
33;37;2.956
34;30;2.997
34;31;3.449
34;37;3.355
34;38;2.946
34;93;2.847
34;96;3.688
35;31;3.006
35;38;3.322
35;39;2.96
35;81;3.858
36;32;3.016
36;33;3.237
36;39;3.418
36;40;3.012
37;14;3.678
37;15;3.813
37;18;3.052
37;33;2.956
37;34;3.355
37;40;3.006
37;41;2.868
37;96;3.852
38;34;2.946
38;35;3.322
38;41;4.024
38;42;2.994
38;80;2.734
39;35;2.96
39;36;3.418
39;42;3.156
39;43;2.985
40;36;3.012
40;37;3.006
40;43;3.498
40;44;2.917
41;37;2.868
41;38;4.024
41;45;2.953
41;73;3.464
41;99;3.525
42;38;2.994
42;39;3.156
42;45;3.309
42;46;2.968
43;7;3.98
43;39;2.985
43;40;3.498
43;46;3.383
43;47;3.054
44;11;3.607
44;40;2.917
44;47;3.266
44;48;2.828
44;99;2.648
45;41;2.953
45;42;3.309
45;49;2.987
45;56;3.972
45;73;3.932
46;42;2.968
46;43;3.383
46;50;3.069
46;51;4.019
47;1;3.62
47;7;3.758
47;43;3.054
47;44;3.266
48;2;3.669
48;44;2.828
48;66;3.24
48;69;2.66
49;45;2.987
49;56;4.033
49;59;3.85
49;66;3.662
50;46;3.069
50;53;3.061
50;55;3.669
51;46;4.019
52;55;3.684
52;58;3.469
53;50;3.061
53;56;2.98
54;57;2.996
55;50;3.669
55;52;3.684
55;58;3.0
56;45;3.972
56;49;4.033
56;53;2.98
56;59;3.045
56;70;3.912
57;54;2.996
57;60;3.019
58;52;3.469
58;55;3.0
58;61;3.029
59;49;3.85
59;56;3.045
59;62;2.983
59;63;3.773
59;66;3.512
59;67;3.986
59;70;3.769
60;57;3.019
61;58;3.029
62;59;2.983
63;59;3.773
63;66;3.455
63;67;2.927
64;67;3.451
64;68;3.039
65;68;3.022
65;69;3.05
65;102;3.484
65;108;3.185
65;111;3.77
66;48;3.24
66;49;3.662
66;59;3.512
66;63;3.455
66;69;3.842
66;70;2.985
67;59;3.986
67;63;2.927
67;64;3.451
67;70;3.379
67;71;2.942
68;64;3.039
68;65;3.022
68;72;3.007
68;101;3.944
69;48;2.66
69;65;3.05
69;66;3.842
69;72;3.382
69;73;2.929
69;99;3.141
69;102;2.755
70;56;3.912
70;59;3.769
70;66;2.985
70;67;3.379
70;73;3.228
70;74;2.993
71;67;2.942
71;74;3.431
71;75;2.986
72;68;3.007
72;69;3.382
72;76;2.933
72;95;3.531
73;41;3.464
73;45;3.932
73;69;2.929
73;70;3.228
73;76;3.442
73;77;2.903
74;70;2.993
74;71;3.431
74;77;3.39
74;78;3.018
75;71;2.986
75;78;3.457
75;79;2.99
75;89;3.585
75;92;3.294
76;72;2.933
76;73;3.442
76;79;3.006
76;80;2.866
77;73;2.903
77;74;3.39
77;81;2.974
78;74;3.018
78;75;3.457
78;82;3.01
79;75;2.99
79;76;3.006
79;83;3.918
79;89;2.736
80;38;2.734
80;76;2.866
80;96;3.992
81;35;3.858
81;77;2.974
82;78;3.01
82;84;2.987
83;79;3.918
83;90;2.953
83;93;3.599
84;82;2.987
85;89;3.682
86;89;3.135
87;90;2.899
87;91;3.205
87;618;3.93
88;91;3.126
89;75;3.585
89;79;2.736
89;85;3.682
89;86;3.135
89;92;2.998
90;83;2.953
90;87;2.899
91;87;3.205
91;88;3.126
91;94;3.014
91;617;3.358
91;618;3.826
92;75;3.294
92;89;2.998
92;95;2.867
93;22;4.088
93;34;2.847
93;83;3.599
93;96;2.945
94;91;3.014
94;97;2.852
94;610;3.927
94;613;3.639
94;614;3.699
95;72;3.531
95;92;2.867
95;98;3.845
95;99;3.011
95;610;4.025
96;18;3.128
96;22;3.909
96;34;3.688
96;37;3.852
96;80;3.992
96;93;2.945
96;99;3.121
97;19;3.514
97;22;3.933
97;94;2.852
97;100;3.012
98;95;3.845
98;101;2.915
98;610;3.949
99;15;3.987
99;41;3.525
99;44;2.648
99;69;3.141
99;95;3.011
99;96;3.121
99;102;2.947
100;15;3.564
100;97;3.012
100;103;2.99
100;104;3.015
100;107;3.583
100;606;3.548
101;68;3.944
101;98;2.915
101;111;3.875
102;65;3.484
102;69;2.755
102;99;2.947
102;108;2.807
103;100;2.99
104;100;3.015
104;107;3.093
104;108;2.995
105;108;3.389
105;109;2.969
106;110;3.143
106;599;3.419
107;100;3.583
107;104;3.093
107;110;3.437
107;111;3.011
107;603;3.686
108;65;3.185
108;102;2.807
108;104;2.995
108;105;3.389
108;111;3.445
108;112;2.982
109;105;2.969
109;112;3.153
109;113;3.021
110;106;3.143
110;107;3.437
110;113;3.125
110;114;2.999
110;599;3.312
111;65;3.77
111;101;3.875
111;107;3.011
111;108;3.445
111;114;3.288
111;115;3.029
112;108;2.982
112;109;3.153
112;115;3.455
112;116;2.999
113;109;3.021
113;110;3.125
113;116;3.266
113;117;3.041
114;110;2.999
114;111;3.288
114;117;3.077
114;118;3.29
114;688;3.807
115;111;3.029
115;112;3.455
115;118;2.994
116;112;2.999
116;113;3.266
116;119;2.803
116;261;3.89
117;113;3.041
117;114;3.077
117;120;3.156
117;121;3.011
118;114;3.29
118;115;2.994
118;122;3.015
119;116;2.803
119;265;2.712
120;117;3.156
120;123;3.459
120;261;3.558
120;264;2.678
120;265;2.779
121;117;3.011
121;124;3.308
121;125;2.947
121;258;3.976
122;118;3.015
122;126;2.998
123;120;3.459
123;126;3.146
123;127;3.088
123;1250;3.476
123;1251;2.893
124;121;3.308
124;127;3.416
124;128;3.172
124;250;3.549
124;254;3.999
124;1254;3.92
125;121;2.947
125;128;3.384
125;129;2.932
126;122;2.998
126;123;3.146
126;129;3.312
126;130;2.986
127;123;3.088
127;124;3.416
127;131;2.964
127;1245;4.014
127;1251;3.943
127;1254;3.813
128;124;3.172
128;125;3.384
128;131;3.328
128;132;2.893
128;250;3.312
129;125;2.932
129;126;3.312
129;132;3.484
129;133;3.022
130;126;2.986
130;133;3.413
130;134;2.938
130;1241;3.672
130;1244;3.383
130;1245;3.782
131;127;2.964
131;128;3.328
131;134;3.466
131;135;2.869
132;128;2.893
132;129;3.484
132;136;2.97
132;210;3.719
132;213;4.027
133;129;3.022
133;130;3.413
133;136;3.198
133;137;3.007
134;130;2.938
134;131;3.466
134;137;3.298
134;138;2.973
134;1153;3.715
134;1241;3.752
135;131;2.869
135;139;2.948
135;213;3.565
135;239;3.704
135;243;3.825
135;246;3.608
136;132;2.97
136;133;3.198
136;140;2.929
136;206;3.808
136;210;3.92
137;133;3.007
137;134;3.298
137;140;3.216
137;141;3.139
137;206;3.823
137;1238;3.913
138;134;2.973
138;141;3.149
138;142;3.491
138;239;3.55
138;1235;3.675
138;1238;3.926
139;135;2.948
139;142;3.322
139;143;2.944
139;203;3.547
140;136;2.929
140;137;3.216
140;144;3.714
140;204;3.937
140;205;3.533
140;206;3.902
141;137;3.139
141;138;3.149
141;1235;3.633
141;1238;3.382
142;138;3.491
142;139;3.322
142;1231;3.641
142;1235;3.467
143;139;2.944
143;226;2.921
143;236;3.469
143;239;3.654
143;240;3.891
144;140;3.714
144;204;3.856
145;150;2.729
146;193;2.987
146;197;3.829
146;198;3.658
146;199;4.022
147;150;2.929
147;151;3.874
147;194;3.844
147;197;3.074
148;197;2.892
148;204;2.664
149;153;3.692
149;155;3.606
150;145;2.729
150;147;2.929
150;154;3.736
150;194;2.875
151;147;3.874
151;189;3.376
151;192;2.96
152;189;3.734
153;149;3.692
153;187;2.73
154;150;3.736
155;149;3.606
156;160;3.764
157;160;3.912
158;160;3.67
159;162;3.674
159;170;3.964
159;183;3.726
160;156;3.764
160;157;3.912
160;158;3.67
161;172;3.362
161;183;2.744
162;159;3.674
163;171;3.015
163;172;3.429
164;171;4.025
165;167;3.455
166;171;2.879
167;165;3.455
167;171;3.43
168;174;2.626
169;175;3.029
170;159;3.964
170;174;2.985
170;183;3.381
171;163;3.015
171;164;4.025
171;166;2.879
171;167;3.43
172;161;3.362
172;163;3.429
173;176;3.137
174;168;2.626
174;170;2.985
174;180;3.237
175;169;3.029
175;177;2.977
175;178;3.273
176;173;3.137
177;175;2.977
178;175;3.273
179;181;3.117
180;174;3.237
180;182;3.044
181;179;3.117
181;185;3.863
181;186;3.8
182;180;3.044
182;184;3.324
183;159;3.726
183;161;2.744
183;170;3.381
184;182;3.324
185;181;3.863
186;181;3.8
187;153;2.73
188;1010;3.434
189;151;3.376
189;152;3.734
189;192;3.26
190;1012;4.044
191;194;3.966
191;1009;3.584
192;151;2.96
192;189;3.26
192;194;2.994
193;146;2.987
194;147;3.844
194;150;2.875
194;191;3.966
194;192;2.994
195;198;3.224
195;1009;4.04
196;1007;2.886
196;1009;3.535
197;146;3.829
197;147;3.074
197;148;2.892
197;200;2.891
198;146;3.658
198;195;3.224
198;229;3.472
198;230;3.918
199;146;4.022
200;197;2.891
200;203;3.029
200;204;3.006
200;208;3.775
201;208;3.078
202;208;3.397
202;226;3.636
203;139;3.547
203;200;3.029
203;209;3.349
203;212;3.612
203;226;3.149
203;240;6.073
204;140;3.937
204;144;3.856
204;148;2.664
204;200;3.006
205;140;3.533
205;208;2.776
205;209;2.974
206;136;3.808
206;137;3.823
206;140;3.902
206;210;2.957
207;211;2.987
208;200;3.775
208;201;3.078
208;202;3.397
208;205;2.776
208;211;3.32
208;212;2.966
209;203;3.349
209;205;2.974
209;212;3.305
209;213;2.957
210;132;3.719
210;136;3.92
210;206;2.957
210;214;2.938
211;207;2.987
211;208;3.32
211;214;3.065
211;215;2.972
211;676;3.818
212;203;3.612
212;208;2.966
212;209;3.305
212;215;3.276
212;216;2.935
213;132;4.027
213;135;3.565
213;209;2.957
213;216;3.909
213;217;2.957
214;210;2.938
214;211;3.065
214;217;3.256
214;218;2.945
214;680;3.456
214;684;3.907
215;211;2.972
215;212;3.276
215;219;2.963
215;220;2.831
215;221;3.944
215;659;3.521
216;212;2.935
216;213;3.909
216;219;3.084
216;222;3.654
216;240;3.849
216;243;3.709
216;244;3.759
217;213;2.957
217;214;3.256
218;214;2.945
218;683;3.649
219;215;2.963
219;216;3.084
219;1316;3.125
219;1318;3.029
220;215;2.831
220;658;3.799
220;659;3.389
221;215;3.944
221;224;3.192
221;225;3.041
221;659;3.602
222;216;3.654
222;226;3.086
222;227;3.149
222;241;3.902
222;244;3.295
222;1309;3.705
222;1312;3.565
222;1313;3.666
223;227;3.121
223;228;2.87
223;1309;3.695
223;1313;3.576
223;1348;3.412
223;1349;2.805
223;1350;3.242
224;221;3.192
224;228;3.758
224;1323;3.621
224;1350;3.281
225;221;3.041
225;228;3.314
226;143;2.921
226;202;3.636
226;203;3.149
226;222;3.086
226;236;3.067
226;240;5.962
227;222;3.149
227;223;3.121
227;230;2.942
227;237;3.366
227;1309;3.113
227;1348;3.474
228;223;2.87
228;224;3.758
228;225;3.314
228;1299;3.63
228;1347;3.663
228;1348;3.405
229;198;3.472
230;198;3.918
230;227;2.942
230;232;2.956
230;233;3.13
230;236;3.459
231;233;3.059
231;1299;4.009
231;1306;3.743
231;1344;2.841
231;1347;3.585
232;230;2.956
232;236;3.022
233;230;3.13
233;231;3.059
233;236;2.964
233;237;2.947
233;1345;3.802
233;1346;3.746
234;237;3.423
234;238;2.952
234;1343;2.909
234;1345;2.709
235;1228;3.726
235;1231;3.895
235;1232;3.299
235;1345;2.96
236;143;3.469
236;226;3.067
236;230;3.459
236;232;3.022
236;233;2.964
236;239;3.038
236;240;3.437
237;227;3.366
237;233;2.947
237;234;3.423
237;240;3.386
237;241;2.946
237;1309;3.394
237;1346;3.922
237;1347;3.825
238;234;2.952
238;242;2.978
239;135;3.704
239;138;3.55
239;143;3.654
239;236;3.038
239;242;3.151
239;243;2.972
240;143;3.891
240;203;6.073
240;216;3.849
240;226;5.962
240;236;3.437
240;237;3.386
240;243;3.247
240;244;2.996
241;222;3.902
241;237;2.946
241;244;3.175
241;245;2.979
241;1312;3.99
242;238;2.978
242;239;3.151
242;246;2.932
243;135;3.825
243;216;3.709
243;239;2.972
243;240;3.247
243;247;2.901
244;216;3.759
244;222;3.295
244;240;2.996
244;241;3.175
244;248;2.96
244;1312;3.413
245;241;2.979
245;249;2.96
245;1312;3.355
246;135;3.608
246;242;2.932
246;250;2.908
247;243;2.901
247;251;2.931
248;244;2.96
248;251;3.378
248;252;2.955
249;245;2.96
249;252;3.408
249;253;2.942
249;1258;3.627
249;1265;3.286
250;124;3.549
250;128;3.312
250;246;2.908
250;253;3.187
250;254;2.893
251;247;2.931
251;248;3.378
251;254;3.323
251;255;2.947
252;248;2.955
252;249;3.408
252;255;3.794
252;256;2.995
252;1372;3.825
252;1376;3.769
253;249;2.942
253;250;3.187
253;256;3.549
253;257;2.925
253;1254;3.194
253;1257;3.744
254;124;3.999
254;250;2.893
254;251;3.323
254;257;3.158
254;258;2.955
254;691;3.795
255;251;2.947
255;252;3.794
255;259;3.072
255;691;3.748
255;694;3.659
255;1373;3.549
256;252;2.995
256;253;3.549
256;260;2.921
256;1376;3.986
256;1377;3.949
256;1380;3.486
257;253;2.925
257;254;3.158
257;261;2.929
258;121;3.976
258;254;2.955
258;261;3.352
258;262;3.08
258;695;3.814
259;255;3.072
259;262;3.21
259;263;3.068
259;694;3.676
259;695;3.96
259;698;3.443
259;1377;3.463
260;256;2.921
260;264;2.908
260;1381;3.915
261;116;3.89
261;120;3.558
261;257;2.929
261;258;3.352
261;264;3.43
261;265;2.962
262;258;3.08
262;259;3.21
262;266;3.014
262;695;3.682
263;259;3.068
263;267;2.942
263;702;3.834
263;1100;6.315
263;1381;3.851
264;120;2.678
264;260;2.908
264;261;3.43
264;267;2.973
264;268;3.264
265;119;2.712
265;120;2.779
265;261;2.962
265;272;3.03
266;262;3.014
266;271;3.804
266;272;2.845
266;273;2.943
267;263;2.942
267;264;2.973
267;273;3.387
268;264;3.264
268;270;2.789
268;271;3.377
268;1381;3.899
269;271;3.635
270;268;2.789
271;266;3.804
271;268;3.377
271;269;3.635
271;274;3.024
272;265;3.03
272;266;2.845
272;276;3.39
273;266;2.943
273;267;3.387
274;271;3.024
274;276;3.014
275;277;4.033
276;272;3.39
276;274;3.014
277;275;4.033
278;288;2.751
278;289;3.11
278;290;2.822
279;284;3.692
279;288;4.026
280;286;3.774
280;287;3.814
281;283;3.902
281;285;3.587
281;286;2.937
282;588;2.693
283;281;3.902
284;279;3.692
285;281;3.587
285;288;2.953
286;280;3.774
286;281;2.937
287;280;3.814
287;292;3.661
287;297;2.897
288;278;2.751
288;279;4.026
288;285;2.953
289;278;3.11
290;278;2.822
291;293;2.939
291;294;3.884
291;295;3.432
292;287;3.661
293;9;3.196
293;13;3.958
293;291;2.939
294;291;3.884
294;300;3.992
295;291;3.432
296;299;3.741
296;300;3.571
297;287;2.897
298;340;3.089
299;296;3.741
300;294;3.992
300;296;3.571
300;306;2.92
301;306;3.821
302;324;2.661
303;322;3.914
304;307;2.84
305;321;3.767
306;300;2.92
306;301;3.821
306;309;3.064
307;304;2.84
307;310;3.634
307;321;4.038
308;311;3.711
308;321;4.023
309;306;3.064
310;307;3.634
310;312;3.009
311;308;3.711
311;317;3.896
312;310;3.009
312;317;2.897
313;315;2.947
313;316;2.939
313;317;4.03
314;317;3.056
314;318;3.201
315;313;2.947
316;313;2.939
316;319;3.58
317;311;3.896
317;312;2.897
317;313;4.03
317;314;3.056
318;314;3.201
319;316;3.58
319;322;2.992
320;323;2.828
321;305;3.767
321;307;4.038
321;308;4.023
322;303;3.914
322;319;2.992
322;323;3.301
323;320;2.828
323;322;3.301
324;302;2.661
325;327;3.146
325;336;2.767
325;337;2.755
325;338;2.893
326;332;2.636
327;325;3.146
327;330;3.301
327;333;2.826
328;338;2.854
328;341;3.792
329;334;2.746
329;350;4.004
330;327;3.301
330;333;3.158
331;334;3.072
331;354;3.78
332;326;2.636
332;335;3.071
333;327;2.826
333;330;3.158
333;336;3.03
334;329;2.746
334;331;3.072
334;341;3.035
334;350;3.452
335;332;3.071
336;325;2.767
336;333;3.03
336;342;3.974
337;325;2.755
337;342;2.699
338;325;2.893
338;328;2.854
338;341;3.196
338;342;3.055
339;342;3.002
339;343;2.956
340;298;3.089
341;328;3.792
341;334;3.035
341;338;3.196
341;344;3.037
342;336;3.974
342;337;2.699
342;338;3.055
342;339;3.002
342;533;2.743
342;535;3.909
343;339;2.956
343;535;3.899
344;341;3.037
344;535;5.995
345;347;3.181
346;348;3.318
346;349;4.009
347;345;3.181
348;346;3.318
349;346;4.009
350;329;4.004
350;334;3.452
351;370;3.477
352;361;3.38
352;368;3.053
353;358;3.788
353;363;3.873
354;331;3.78
354;356;3.073
354;358;3.338
355;359;3.753
355;360;3.462
356;354;3.073
357;358;2.946
357;359;3.813
358;353;3.788
358;354;3.338
358;357;2.946
359;355;3.753
359;357;3.813
360;355;3.462
361;352;3.38
362;367;3.468
362;368;2.815
363;353;3.873
364;367;3.832
364;368;3.926
365;367;3.87
366;367;3.508
367;362;3.468
367;364;3.832
367;365;3.87
367;366;3.508
368;352;3.053
368;362;2.815
368;364;3.926
369;372;3.853
369;374;3.61
370;351;3.477
370;372;3.005
370;374;3.035
371;373;2.999
372;369;3.853
372;370;3.005
373;371;2.999
374;369;3.61
374;370;3.035
375;378;3.631
376;378;3.353
377;380;2.816
377;381;3.967
378;375;3.631
378;376;3.353
378;381;2.975
378;382;3.318
379;385;3.62
380;377;2.816
381;377;3.967
381;378;2.975
382;378;3.318
382;385;3.042
382;386;3.274
383;386;3.028
383;391;3.443
384;388;3.929
385;379;3.62
385;382;3.042
386;382;3.274
386;383;3.028
386;389;2.815
387;389;3.262
388;384;3.929
389;386;2.815
389;387;3.262
390;392;2.882
391;383;3.443
392;390;2.882
393;395;3.865
394;398;3.878
395;393;3.865
395;398;3.765
396;397;2.683
397;396;2.683
398;394;3.878
398;395;3.765
399;405;3.862
400;402;3.692
401;403;2.978
402;400;3.692
402;404;2.994
402;405;2.865
402;406;3.594
403;401;2.978
403;476;3.588
403;532;3.419
403;536;2.723
404;402;2.994
405;399;3.862
405;402;2.865
406;402;3.594
406;409;3.601
407;410;2.88
408;412;3.778
409;406;3.601
409;412;2.981
410;407;2.88
411;717;3.702
412;408;3.778
412;409;2.981
413;419;3.999
414;417;3.905
415;417;3.037
416;420;3.304
417;414;3.905
417;415;3.037
418;719;2.97
419;413;3.999
420;416;3.304
420;423;3.398
421;431;3.886
422;425;2.996
422;431;3.891
422;433;3.82
423;420;3.398
424;433;3.561
425;422;2.996
425;431;2.803
426;430;3.039
427;432;2.764
428;432;2.792
428;436;3.12
428;437;3.665
429;432;3.165
430;426;3.039
431;421;3.886
431;422;3.891
431;425;2.803
432;427;2.764
432;428;2.792
432;429;3.165
433;422;3.82
433;424;3.561
434;435;3.951
435;434;3.951
435;438;2.956
436;428;3.12
437;428;3.665
438;435;2.956
439;441;3.992
439;444;3.258
439;445;3.006
440;441;4.073
440;442;3.036
440;443;3.764
441;439;3.992
441;440;4.073
442;440;3.036
443;440;3.764
443;461;3.568
443;462;3.058
444;439;3.258
445;439;3.006
446;448;3.746
447;449;2.863
447;450;3.828
448;446;3.746
448;450;3.011
449;447;2.863
449;452;4.007
450;447;3.828
450;448;3.011
450;452;3.439
451;455;2.859
452;449;4.007
452;450;3.439
453;455;3.726
454;456;2.861
455;451;2.859
455;453;3.726
456;454;2.861
457;463;4.11
458;460;2.847
458;462;2.751
458;463;3.233
459;461;2.982
460;458;2.847
461;443;3.568
461;459;2.982
462;443;3.058
462;458;2.751
463;457;4.11
463;458;3.233
464;466;3.13
465;467;2.853
466;464;3.13
467;465;2.853
468;474;3.535
469;474;3.668
469;477;2.65
470;527;4.014
471;530;3.626
472;475;3.47
472;531;3.828
473;476;3.008
473;477;3.215
474;468;3.535
474;469;3.668
474;477;3.038
475;472;3.47
475;527;3.462
475;528;3.997
476;403;3.588
476;473;3.008
476;532;3.695
477;469;2.65
477;473;3.215
477;474;3.038
477;480;2.868
477;481;3.181
478;482;2.952
479;483;2.98
480;477;2.868
480;483;3.227
480;484;3.022
481;477;3.181
481;484;3.42
481;485;2.929
481;579;2.675
481;580;4.029
482;478;2.952
482;485;3.189
482;486;2.973
483;479;2.98
483;480;3.227
483;487;3.049
484;480;3.022
484;481;3.42
484;487;3.328
484;488;2.98
484;520;3.937
484;524;3.775
484;576;3.988
485;481;2.929
485;482;3.189
485;488;2.994
485;489;3.088
485;580;2.735
485;581;3.664
486;482;2.973
486;489;3.466
486;490;3.01
487;483;3.049
487;484;3.328
487;491;2.983
487;517;3.661
488;484;2.98
488;485;2.994
488;491;3.096
488;492;3.069
488;521;3.309
488;574;3.89
488;576;3.885
488;577;3.836
489;485;3.088
489;486;3.466
489;492;3.122
489;493;3.427
489;577;3.816
490;486;3.01
490;493;3.281
490;494;3.016
491;487;2.983
491;488;3.096
491;494;3.268
491;495;2.992
491;517;3.19
491;573;3.116
492;488;3.069
492;489;3.122
492;496;3.052
492;574;3.647
492;985;3.884
493;489;3.427
493;490;3.281
493;496;3.272
493;497;2.977
494;490;3.016
494;491;3.268
494;497;3.104
494;498;2.956
494;510;3.532
495;491;2.992
495;498;3.032
495;573;3.779
495;574;3.664
495;989;4.004
496;492;3.052
496;493;3.272
497;493;2.977
497;494;3.104
497;502;3.638
498;494;2.956
498;495;3.032
498;503;2.939
498;510;4.014
498;514;3.41
499;503;2.971
499;1032;3.099
499;1033;3.034
500;504;2.763
501;504;2.99
501;505;3.026
502;497;3.638
502;506;3.016
503;498;2.939
503;499;2.971
503;507;2.811
504;500;2.763
504;501;2.99
504;507;2.692
505;501;3.026
506;502;3.016
506;509;3.064
506;510;2.949
507;503;2.811
507;504;2.692
507;511;2.934
508;511;3.421
508;512;3.058
509;506;3.064
509;512;4.0
509;513;2.961
510;494;3.532
510;498;4.014
510;506;2.949
510;513;3.372
510;514;2.929
511;507;2.934
511;508;3.421
511;514;3.342
511;515;3.035
512;508;3.058
512;509;4.0
512;516;2.955
513;509;2.961
513;510;3.372
513;517;2.957
514;498;3.41
514;510;2.929
514;511;3.342
514;517;3.438
514;518;3.091
514;573;3.264
515;511;3.035
515;518;3.219
515;519;2.997
515;557;3.937
515;558;3.425
516;512;2.955
516;519;3.031
516;520;3.074
517;487;3.661
517;491;3.19
517;513;2.957
517;514;3.438
517;520;3.015
517;521;3.375
518;514;3.091
518;515;3.219
518;521;3.077
518;553;2.816
518;554;3.92
518;557;3.691
518;558;3.997
519;515;2.997
519;516;3.031
519;522;2.898
520;484;3.937
520;516;3.074
520;517;3.015
520;523;3.088
520;524;3.145
521;488;3.309
521;517;3.375
521;518;3.077
521;524;3.43
521;525;2.981
521;550;3.671
521;576;3.409
522;519;2.898
522;526;3.083
522;554;3.857
523;520;3.088
523;527;2.994
524;484;3.775
524;520;3.145
524;521;3.43
524;527;3.364
524;528;3.02
524;576;2.742
524;579;2.757
525;521;2.981
525;529;3.044
525;550;3.715
526;522;3.083
526;529;3.045
527;470;4.014
527;475;3.462
527;523;2.994
527;524;3.364
527;531;3.118
528;475;3.997
528;524;3.02
528;531;3.23
528;532;3.027
528;536;2.685
528;537;3.556
528;543;2.754
529;525;3.044
529;526;3.045
529;537;3.786
529;538;3.659
530;471;3.626
531;472;3.828
531;527;3.118
531;528;3.23
532;403;3.419
532;476;3.695
532;528;3.027
533;342;2.743
533;536;2.893
533;537;2.912
534;538;2.986
535;342;3.909
535;343;3.899
535;344;5.995
535;539;3.088
536;403;2.723
536;528;2.685
536;533;2.893
536;539;3.118
536;540;2.915
537;528;3.556
537;529;3.786
537;533;2.912
537;543;3.338
537;547;2.895
538;529;3.659
538;534;2.986
539;535;3.088
539;536;3.118
540;536;2.915
540;543;2.956
540;544;3.043
541;544;3.961
541;545;2.995
542;546;2.99
542;584;2.968
542;587;3.772
542;588;4.038
543;528;2.754
543;537;3.338
543;540;2.956
543;547;2.969
544;540;3.043
544;541;3.961
544;547;3.396
544;548;2.984
545;541;2.995
545;548;3.422
545;549;3.015
545;575;3.989
546;542;2.99
546;549;3.187
546;550;2.899
546;576;2.65
546;579;3.886
547;537;2.895
547;543;2.969
547;544;3.396
547;551;3.012
548;544;2.984
548;545;3.422
548;551;3.199
548;552;3.078
549;545;3.015
549;546;3.187
549;553;3.03
550;521;3.671
550;525;3.715
550;546;2.899
550;554;2.926
550;576;3.758
551;547;3.012
551;548;3.199
551;555;2.991
552;548;3.078
552;556;3.188
552;569;3.559
553;518;2.816
553;549;3.03
553;557;3.393
553;573;3.048
554;518;3.92
554;522;3.857
554;550;2.926
554;557;3.309
554;558;2.946
555;551;2.991
555;558;3.194
555;559;3.026
556;552;3.188
556;560;3.004
556;561;3.047
556;570;3.791
557;515;3.937
557;518;3.691
557;553;3.393
557;554;3.309
557;561;3.788
557;570;4.014
558;515;3.425
558;518;3.997
558;554;2.946
558;555;3.194
559;555;3.026
560;556;3.004
560;562;2.937
561;556;3.047
561;557;3.788
561;567;2.84
562;560;2.937
562;567;3.274
563;566;2.79
564;567;3.251
564;568;2.936
565;568;3.271
565;569;2.971
565;1072;4.031
566;563;2.79
566;569;3.105
566;570;3.083
567;561;2.84
567;562;3.274
567;564;3.251
567;570;2.964
568;564;2.936
568;565;3.271
568;571;2.884
568;993;3.121
569;552;3.559
569;565;2.971
569;566;3.105
569;572;2.977
570;556;3.791
570;557;4.014
570;566;3.083
570;567;2.964
570;573;3.047
571;568;2.884
571;574;3.197
571;986;3.776
571;989;3.895
572;569;2.977
572;575;2.903
572;986;3.592
573;491;3.116
573;495;3.779
573;514;3.264
573;553;3.048
573;570;3.047
573;576;2.99
574;488;3.89
574;492;3.647
574;495;3.664
574;571;3.197
574;577;2.946
574;982;3.785
574;986;3.509
575;545;3.989
575;572;2.903
575;578;2.782
575;983;3.558
575;986;3.449
576;484;3.988
576;488;3.885
576;521;3.409
576;524;2.742
576;546;2.65
576;550;3.758
576;573;2.99
576;579;2.977
577;488;3.836
577;489;3.816
577;574;2.946
577;580;2.969
577;581;2.946
577;583;3.967
577;982;3.54
578;575;2.782
579;481;2.675
579;524;2.757
579;546;3.886
579;576;2.977
580;481;4.029
580;485;2.735
580;577;2.969
581;485;3.664
581;577;2.946
581;583;3.895
581;584;3.015
582;585;3.168
582;586;2.939
582;975;3.16
583;577;3.967
583;581;3.895
583;586;3.284
583;587;3.005
583;979;3.499
584;542;2.968
584;581;3.015
584;587;3.494
584;588;3.067
585;582;3.168
585;588;3.347
585;589;2.951
586;582;2.939
586;583;3.284
586;589;3.243
586;590;2.969
586;976;3.922
586;979;3.658
587;542;3.772
587;583;3.005
587;584;3.494
587;591;3.068
588;282;2.693
588;542;4.038
588;584;3.067
588;585;3.347
588;591;3.291
588;592;2.811
589;585;2.951
589;586;3.243
589;592;3.417
589;593;2.948
590;586;2.969
590;593;3.275
590;594;3.088
590;1086;3.612
591;587;3.068
591;588;3.291
591;594;2.957
592;588;2.811
592;589;3.417
592;595;2.947
593;589;2.948
593;590;3.275
593;596;3.091
593;597;3.089
593;697;3.698
593;1086;3.521
593;1090;3.539
594;590;3.088
594;591;2.957
594;598;2.974
594;1086;3.772
595;592;2.947
595;598;3.047
596;593;3.091
596;697;3.969
597;593;3.089
597;600;3.236
597;601;2.877
597;693;3.561
597;1086;3.846
598;594;2.974
598;595;3.047
598;602;3.05
599;106;3.419
599;110;3.312
599;602;3.203
599;603;3.278
600;597;3.236
600;603;3.104
600;604;3.031
600;692;3.453
600;693;3.849
601;597;2.877
601;605;2.932
602;598;3.05
602;599;3.203
602;605;3.306
602;606;3.056
603;107;3.686
603;599;3.278
603;600;3.104
603;606;3.471
603;607;3.033
604;600;3.031
604;607;3.458
604;608;2.962
604;655;3.934
605;601;2.932
605;602;3.306
605;609;2.979
606;100;3.548
606;602;3.056
606;603;3.471
606;609;3.285
606;610;3.006
607;603;3.033
607;604;3.458
607;610;3.28
607;611;2.946
607;685;3.722
608;604;2.962
608;611;3.491
608;612;2.929
608;648;3.436
608;651;3.801
609;19;3.501
609;23;3.835
609;605;2.979
609;606;3.285
609;612;3.291
609;613;3.0
609;644;3.559
610;94;3.927
610;95;4.025
610;98;3.949
610;606;3.006
610;607;3.28
610;613;3.254
610;614;2.996
611;607;2.946
611;608;3.491
611;615;2.952
611;651;3.774
611;681;4.07
611;682;3.512
611;685;3.896
612;608;2.929
612;609;3.291
612;615;3.235
612;616;2.995
612;644;3.815
612;647;3.985
612;648;3.995
613;94;3.639
613;609;3.0
613;610;3.254
613;617;3.321
614;94;3.699
614;610;2.996
614;617;3.32
614;618;3.02
615;611;2.952
615;612;3.235
615;619;2.993
615;620;2.825
615;641;3.825
616;25;3.233
616;612;2.995
616;620;3.05
616;621;3.141
616;643;3.934
617;91;3.358
617;613;3.321
617;614;3.32
618;87;3.93
618;91;3.826
618;614;3.02
618;621;2.812
619;615;2.993
619;622;3.006
619;623;3.556
619;637;3.513
619;641;4.134
619;675;3.344
620;615;2.825
620;616;3.05
620;637;3.761
621;616;3.141
621;618;2.812
622;619;3.006
622;634;4.114
622;637;2.978
623;619;3.556
623;635;3.082
623;637;2.974
623;663;3.813
623;664;3.348
623;671;2.799
623;675;3.579
624;633;2.663
624;634;3.673
624;664;3.55
624;665;2.928
625;628;3.02
625;629;2.889
625;630;2.845
625;631;2.752
626;664;4.105
626;665;2.785
626;667;3.766
627;630;3.807
628;625;3.02
628;633;4.007
629;625;2.889
630;625;2.845
630;627;3.807
630;1020;3.479
631;625;2.752
632;638;3.57
632;639;3.211
633;624;2.663
633;628;4.007
634;622;4.114
634;624;3.673
634;638;3.507
635;623;3.082
635;638;3.157
635;639;3.128
635;662;2.857
635;663;3.553
636;639;3.034
636;640;2.842
636;661;3.89
637;619;3.513
637;620;3.761
637;622;2.978
637;623;2.974
637;641;3.702
637;663;3.59
638;632;3.57
638;634;3.507
638;635;3.157
638;642;3.518
639;632;3.211
639;635;3.128
639;636;3.034
639;646;3.831
639;1060;3.64
640;636;2.842
640;646;3.341
640;650;3.848
640;1051;3.357
640;1055;3.871
641;615;3.825
641;619;4.134
641;637;3.702
641;646;3.8
641;650;3.62
641;663;4.039
642;638;3.518
642;1064;2.728
643;25;3.66
643;616;3.934
643;646;2.848
643;647;2.944
643;1067;2.862
644;25;3.284
644;609;3.559
644;612;3.815
644;648;2.954
645;648;3.18
645;649;2.988
645;1067;3.843
645;1070;4.004
645;1071;3.708
645;1074;3.822
646;639;3.831
646;640;3.341
646;641;3.8
646;643;2.848
646;649;3.347
646;650;2.994
646;1055;2.932
647;612;3.985
647;643;2.944
647;651;2.962
648;608;3.436
648;612;3.995
648;644;2.954
648;645;3.18
648;651;3.475
648;652;2.985
649;645;2.988
649;646;3.347
649;652;3.139
649;653;3.012
649;1055;3.897
649;1074;3.652
650;640;3.848
650;641;3.62
650;646;2.994
650;653;3.13
650;654;3.017
650;660;3.76
651;608;3.801
651;611;3.774
651;647;2.962
651;648;3.475
651;654;3.357
651;655;2.995
652;648;2.985
652;649;3.139
652;655;3.072
652;656;3.204
652;1047;3.949
652;1050;3.597
652;1074;3.701
652;1081;3.909
653;649;3.012
653;650;3.13
653;659;2.869
653;1051;3.519
654;650;3.017
654;651;3.357
654;657;2.959
654;679;3.411
654;682;3.56
654;683;3.951
655;604;3.934
655;651;2.995
655;652;3.072
655;686;3.767
656;652;3.204
656;1047;3.472
657;654;2.959
657;679;2.865
657;683;3.979
658;220;3.799
658;1047;3.82
658;1048;2.742
658;1049;2.823
659;215;3.521
659;220;3.389
659;221;3.602
659;653;2.869
659;679;3.831
659;1052;3.861
660;650;3.76
660;663;3.517
660;679;3.259
661;636;3.89
661;1052;3.512
662;635;2.857
663;623;3.813
663;635;3.553
663;637;3.59
663;641;4.039
663;660;3.517
663;672;3.171
663;675;3.474
664;623;3.348
664;624;3.55
664;626;4.105
664;668;3.37
664;672;3.044
665;624;2.928
665;626;2.785
665;672;3.569
666;1006;3.406
667;626;3.766
668;664;3.37
668;671;2.779
668;672;3.065
669;673;2.954
670;673;3.369
670;674;2.986
671;623;2.799
671;668;2.779
671;674;3.19
671;675;3.044
672;663;3.171
672;664;3.044
672;665;3.569
672;668;3.065
672;675;3.325
672;676;2.917
673;669;2.954
673;670;3.369
673;676;3.152
673;677;3.024
674;670;2.986
674;671;3.19
675;619;3.344
675;623;3.579
675;663;3.474
675;671;3.044
675;672;3.325
675;678;2.989
675;679;2.93
676;211;3.818
676;672;2.917
676;673;3.152
676;679;3.32
676;680;2.969
677;673;3.024
677;680;3.439
677;681;3.0
678;675;2.989
678;681;3.414
678;682;2.979
679;654;3.411
679;657;2.865
679;659;3.831
679;660;3.259
679;675;2.93
679;676;3.32
679;682;3.322
679;683;2.982
680;214;3.456
680;676;2.969
680;677;3.439
680;683;3.423
680;684;2.992
681;611;4.07
681;677;3.0
681;678;3.414
681;684;3.457
681;685;2.993
682;611;3.512
682;654;3.56
682;678;2.979
682;679;3.322
682;686;2.955
683;218;3.649
683;654;3.951
683;657;3.979
683;679;2.982
683;680;3.423
683;687;2.935
684;214;3.907
684;680;2.992
684;681;3.457
684;687;3.409
684;688;3.024
685;607;3.722
685;611;3.896
685;681;2.993
685;688;3.448
685;689;2.993
686;655;3.767
686;682;2.955
686;689;3.172
686;690;2.932
687;683;2.935
687;684;3.409
687;690;3.285
687;691;2.981
688;114;3.807
688;684;3.024
688;685;3.448
688;692;3.025
689;685;2.993
689;686;3.172
689;692;3.336
689;693;2.921
690;686;2.932
690;687;3.285
690;693;3.15
690;694;3.071
691;254;3.795
691;255;3.748
691;687;2.981
691;694;3.473
691;695;3.003
692;600;3.453
692;688;3.025
692;689;3.336
692;696;2.923
693;597;3.561
693;600;3.849
693;689;2.921
693;690;3.15
693;696;3.406
693;697;3.125
693;1089;3.385
694;255;3.659
694;259;3.676
694;690;3.071
694;691;3.473
694;697;3.41
694;698;2.939
694;1089;3.599
694;1092;3.739
694;1373;6.368
695;258;3.814
695;259;3.96
695;262;3.682
695;691;3.003
695;699;2.954
696;692;2.923
696;693;3.406
696;700;3.039
697;593;3.698
697;596;3.969
697;693;3.125
697;694;3.41
697;700;3.318
697;701;3.001
697;1089;3.638
697;1090;3.679
697;1093;3.559
698;259;3.443
698;694;2.939
698;701;3.421
698;702;2.98
698;1093;4.04
698;1096;3.491
699;695;2.954
699;702;3.205
699;703;3.039
700;696;3.039
700;697;3.318
700;703;3.144
700;704;3.027
701;697;3.001
701;698;3.421
701;704;2.976
701;705;3.033
701;1093;3.48
701;1097;3.744
702;263;3.834
702;698;2.98
702;699;3.205
702;707;3.475
702;1097;3.593
702;1100;3.547
703;699;3.039
703;700;3.144
704;700;3.027
704;701;2.976
705;701;3.033
705;1097;3.95
706;709;3.992
706;710;3.368
707;702;3.475
707;1100;3.944
707;1104;2.719
708;1104;3.268
709;706;3.992
709;1105;4.018
710;706;3.368
710;1101;3.394
711;1105;2.791
712;1105;2.719
713;720;2.838
713;722;3.796
714;718;2.802
715;722;3.362
715;731;3.636
716;718;2.965
716;719;3.011
717;411;3.702
718;714;2.802
718;716;2.965
718;720;3.988
719;418;2.97
719;716;3.011
720;713;2.838
720;718;3.988
721;730;2.767
722;713;3.796
722;715;3.362
723;726;2.77
724;731;6.051
725;727;2.984
725;728;3.856
726;723;2.77
726;728;3.945
727;725;2.984
728;725;3.856
728;726;3.945
729;735;3.42
730;721;2.767
730;735;4.017
730;737;2.733
731;715;3.636
731;724;6.051
732;735;2.983
733;736;3.984
734;743;2.665
735;729;3.42
735;730;4.017
735;732;2.983
736;733;3.984
736;742;3.846
737;730;2.733
738;741;3.911
739;745;2.95
739;746;2.717
739;753;2.968
740;744;4.008
741;738;3.911
741;744;2.979
742;736;3.846
743;734;2.665
744;740;4.008
744;741;2.979
745;739;2.95
745;752;3.523
746;739;2.717
746;749;3.779
746;753;3.609
747;753;3.832
748;751;3.984
748;753;3.486
749;746;3.779
750;751;3.503
751;748;3.984
751;750;3.503
752;745;3.523
753;739;2.968
753;746;3.609
753;747;3.832
753;748;3.486
753;756;2.911
754;757;3.082
755;758;3.04
755;759;3.281
756;753;2.911
757;754;3.082
758;755;3.04
759;755;3.281
759;764;2.815
760;764;2.811
761;764;2.852
762;765;3.317
763;772;2.726
764;759;2.815
764;760;2.811
764;761;2.852
765;762;3.317
765;772;2.846
766;768;3.012
767;769;2.766
768;766;3.012
768;770;3.767
769;767;2.766
770;768;3.767
770;773;3.113
771;778;2.697
772;763;2.726
772;765;2.846
773;770;3.113
773;776;3.259
773;777;2.983
774;783;3.874
775;779;3.072
776;773;3.259
777;773;2.983
778;771;2.697
778;783;3.143
779;775;3.072
779;783;3.857
780;784;3.465
781;784;3.926
782;784;2.978
783;774;3.874
783;778;3.143
783;779;3.857
784;780;3.465
784;781;3.926
784;782;2.978
785;787;2.957
786;788;3.456
787;785;2.957
788;786;3.456
789;793;3.718
789;794;3.984
790;792;3.897
791;792;3.075
792;790;3.897
792;791;3.075
793;789;3.718
794;789;3.984
795;797;3.027
795;798;3.925
796;801;4.038
797;795;3.027
798;795;3.925
799;807;2.849
800;807;3.334
801;796;4.038
801;807;2.87
802;805;3.925
802;806;3.996
802;807;3.302
803;804;2.94
804;803;2.94
805;802;3.925
806;802;3.996
806;808;3.974
807;799;2.849
807;800;3.334
807;801;2.87
807;802;3.302
808;806;3.974
809;811;3.007
810;812;3.875
811;809;3.007
812;810;3.875
813;814;3.651
814;813;3.651
815;817;2.98
816;818;3.737
817;815;2.98
818;816;3.737
819;820;3.86
820;819;3.86
821;823;3.877
822;823;3.102
823;821;3.877
823;822;3.102
824;825;2.936
825;824;2.936
826;827;2.99
827;826;2.99
828;831;2.673
829;832;3.011
830;834;2.888
831;828;2.673
831;833;2.993
831;834;3.542
832;829;3.011
833;831;2.993
834;830;2.888
834;831;3.542
835;837;2.965
835;838;3.692
836;838;3.097
836;839;2.783
836;843;2.946
837;835;2.965
837;840;4.023
838;835;3.692
838;836;3.097
839;836;2.783
839;842;2.647
839;899;2.734
840;837;4.023
841;846;3.724
841;895;3.614
841;896;3.668
842;839;2.647
843;836;2.946
843;846;2.866
843;847;2.966
844;848;3.023
845;849;2.933
846;841;3.724
846;843;2.866
846;849;3.146
846;850;2.951
846;892;3.849
847;843;2.966
847;850;3.437
847;851;3.182
847;955;3.168
848;844;3.023
848;851;3.431
848;852;3.025
849;845;2.933
849;846;3.146
849;852;3.29
849;853;2.924
850;846;2.951
850;847;3.437
850;853;3.37
850;854;2.955
850;889;3.774
850;892;3.779
851;847;3.182
851;848;3.431
851;854;3.402
851;855;2.952
851;955;3.454
852;848;3.025
852;849;3.29
852;855;3.247
852;856;2.971
853;849;2.924
853;850;3.37
853;857;2.958
853;889;4.027
854;850;2.955
854;851;3.402
854;858;2.89
854;885;3.97
854;889;3.469
854;948;3.688
854;952;3.794
855;851;2.952
855;852;3.247
855;858;3.155
855;859;2.984
856;852;2.971
856;859;3.098
856;860;3.006
857;853;2.958
857;860;3.433
857;861;2.949
857;948;3.62
858;854;2.89
858;855;3.155
858;861;4.033
858;862;2.988
859;855;2.984
859;856;3.098
859;862;3.379
859;863;2.961
860;856;3.006
860;857;3.433
860;863;3.073
860;864;3.291
861;857;2.949
861;858;4.033
861;946;3.936
862;858;2.988
862;859;3.379
862;866;3.424
862;1281;3.871
863;859;2.961
863;860;3.073
863;866;3.055
863;867;3.032
863;870;3.569
863;874;3.713
863;878;3.882
864;860;3.291
864;871;2.77
864;939;2.796
865;868;3.339
865;871;2.671
865;1284;3.341
865;1338;3.054
866;862;3.424
866;863;3.055
866;1304;3.778
867;863;3.032
867;870;2.959
867;871;3.032
868;865;3.339
868;871;3.211
868;872;3.019
868;1339;4.032
869;872;2.639
870;863;3.569
870;867;2.959
870;873;3.299
870;874;2.966
871;864;2.77
871;865;2.671
871;867;3.032
871;868;3.211
871;875;3.024
871;1337;3.885
872;868;3.019
872;869;2.639
872;1339;3.488
873;870;3.299
874;863;3.713
874;870;2.966
874;877;3.107
874;878;3.03
875;871;3.024
875;879;2.76
876;880;3.028
877;874;3.107
877;880;3.389
877;881;2.994
878;863;3.882
878;874;3.03
878;881;3.005
878;882;3.276
879;875;2.76
879;882;3.008
879;883;3.034
879;939;2.874
879;942;3.854
880;876;3.028
880;877;3.389
880;883;2.909
880;884;2.957
881;877;2.994
881;878;3.005
881;884;3.485
881;885;2.922
882;878;3.276
882;879;3.008
882;886;3.008
882;945;3.802
883;879;3.034
883;880;2.909
883;886;3.35
883;887;3.037
884;880;2.957
884;881;3.485
884;888;2.987
885;854;3.97
885;881;2.922
885;888;3.26
885;889;2.937
885;948;3.6
886;882;3.008
886;883;3.35
886;890;2.984
886;945;3.866
887;883;3.037
887;891;3.031
888;884;2.987
888;885;3.26
888;892;2.935
889;850;3.774
889;853;4.027
889;854;3.469
889;885;2.937
889;893;3.004
889;951;3.631
890;886;2.984
890;893;3.425
890;894;2.973
890;918;3.855
890;922;3.696
891;887;3.031
891;894;3.309
891;895;2.966
892;846;3.849
892;850;3.779
892;888;2.935
892;895;3.41
892;896;2.68
892;951;3.592
893;889;3.004
893;890;3.425
893;896;3.481
893;897;2.934
893;915;3.848
894;890;2.973
894;891;3.309
894;897;4.017
894;898;3.0
895;841;3.614
895;891;2.966
895;892;3.41
895;898;4.036
895;899;3.031
896;841;3.668
896;892;2.68
896;893;3.481
896;899;3.427
896;900;3.073
896;905;3.761
896;911;3.892
896;914;2.686
897;893;2.934
897;894;4.017
897;900;3.019
897;901;2.924
897;902;3.827
897;905;6.366
897;906;3.67
898;894;3.0
898;895;4.036
899;839;2.734
899;895;3.031
899;896;3.427
900;896;3.073
900;897;3.019
900;904;2.798
900;905;3.964
900;908;3.806
900;911;3.602
901;897;2.924
901;905;2.988
902;897;3.827
902;905;3.493
902;906;3.004
903;906;2.852
903;907;3.143
904;900;2.798
905;896;3.761
905;897;6.366
905;900;3.964
905;901;2.988
905;902;3.493
905;908;3.046
905;911;3.639
905;915;3.737
906;897;3.67
906;902;3.004
906;903;2.852
906;915;3.709
907;903;3.143
908;900;3.806
908;905;3.046
908;911;3.158
908;912;2.944
909;913;2.972
910;913;3.383
910;914;3.001
910;954;3.379
910;963;3.823
911;896;3.892
911;900;3.602
911;905;3.639
911;908;3.158
911;914;3.133
911;915;2.979
912;908;2.944
912;916;2.97
913;909;2.972
913;910;3.383
913;916;3.265
914;896;2.686
914;910;3.001
914;911;3.133
914;951;2.931
914;954;2.781
915;893;3.848
915;905;3.737
915;906;3.709
915;911;2.979
915;918;3.033
915;919;2.953
916;912;2.97
916;913;3.265
916;920;3.027
917;947;4.026
917;951;3.695
918;890;3.855
918;915;3.033
918;921;3.044
918;922;3.089
919;915;2.953
919;922;2.958
919;923;2.913
920;916;3.027
920;924;2.969
920;944;3.669
921;918;3.044
921;924;3.954
921;925;3.046
921;945;2.85
922;890;3.696
922;918;3.089
922;919;2.958
922;925;3.322
922;926;2.987
923;919;2.913
923;926;3.206
923;927;2.996
924;920;2.969
924;921;3.954
924;927;3.499
924;928;2.996
925;921;3.046
925;922;3.322
925;928;3.299
925;929;2.989
925;938;3.767
926;922;2.987
926;923;3.206
926;929;3.184
926;930;2.939
927;923;2.996
927;924;3.499
927;930;3.16
927;931;2.972
928;924;2.996
928;925;3.299
928;933;3.041
928;937;3.337
928;938;3.28
928;941;3.647
929;925;2.989
929;926;3.184
929;932;2.997
930;926;2.939
930;927;3.16
931;927;2.972
932;929;2.997
933;928;3.041
934;937;3.851
935;938;3.315
935;939;3.036
936;939;2.903
937;928;3.337
937;934;3.851
937;941;2.985
938;925;3.767
938;928;3.28
938;935;3.315
938;942;2.934
939;864;2.796
939;879;2.874
939;935;3.036
939;936;2.903
939;942;3.837
939;1336;3.902
940;943;3.024
940;1333;3.04
940;1334;3.595
940;1335;3.169
941;928;3.647
941;937;2.985
942;879;3.854
942;938;2.934
942;939;3.837
942;945;2.757
943;940;3.024
943;946;2.748
943;947;3.333
943;1282;3.571
944;920;3.669
944;947;2.985
945;882;3.802
945;886;3.866
945;921;2.85
945;942;2.757
945;948;2.852
946;861;3.936
946;943;2.748
947;917;4.026
947;943;3.333
947;944;2.985
947;950;2.942
947;951;3.006
947;1278;3.824
948;854;3.688
948;857;3.62
948;885;3.6
948;945;2.852
948;951;2.971
948;952;3.172
949;952;2.961
949;1278;3.628
950;947;2.942
950;953;2.77
950;1278;3.804
951;889;3.631
951;892;3.592
951;914;2.931
951;917;3.695
951;947;3.006
951;948;2.971
951;954;2.911
952;854;3.794
952;948;3.172
952;949;2.961
952;955;2.984
952;956;2.937
953;950;2.77
953;956;3.29
953;959;3.499
953;963;3.692
954;910;3.379
954;914;2.781
954;951;2.911
954;960;2.86
955;847;3.168
955;851;3.454
955;952;2.984
956;952;2.937
956;953;3.29
956;959;3.649
956;960;3.002
957;960;3.684
958;961;3.04
958;962;2.927
959;953;3.499
959;956;3.649
959;962;3.287
959;963;2.988
959;1267;3.741
959;1271;3.931
960;954;2.86
960;956;3.002
960;957;3.684
960;964;2.986
961;958;3.04
961;964;3.376
961;965;2.958
962;958;2.927
962;959;3.287
962;965;3.157
