source;destination;distance
0;3;2.783
1;47;3.588
2;7;3.572
2;48;3.668
3;0;2.783
4;7;3.237
4;8;2.975
5;9;2.97
6;10;2.973
7;2;3.572
7;4;3.237
7;10;3.095
7;11;2.969
7;43;4.011
7;47;3.748
8;4;2.975
8;11;3.499
8;12;2.984
9;5;2.97
9;12;3.467
9;13;2.916
10;6;2.973
10;7;3.095
10;13;3.492
10;14;2.947
11;7;2.969
11;8;3.499
11;14;3.438
11;15;3.021
11;44;3.595
12;8;2.984
12;9;3.467
12;16;2.968
13;9;2.916
13;10;3.492
13;16;3.487
13;17;2.961
14;10;2.947
14;11;3.438
14;18;2.987
14;37;3.66
14;40;4.018
15;11;3.021
15;19;2.97
15;37;3.747
15;99;3.843
15;100;3.618
16;12;2.968
16;13;3.487
16;19;3.151
16;20;3.087
17;13;2.961
17;20;3.28
17;21;2.991
18;14;2.987
18;22;2.966
18;37;3.281
18;96;3.622
19;15;2.97
19;16;3.151
19;22;3.204
19;97;3.529
19;605;3.525
20;16;3.087
20;17;3.28
21;17;2.991
21;24;2.988
21;30;3.62
21;33;3.409
22;18;2.966
22;19;3.204
22;93;4.004
23;605;3.757
24;21;2.988
24;27;4.022
25;612;3.222
25;639;3.658
25;640;3.293
26;30;3.827
27;24;4.022
27;30;2.85
28;31;2.728
28;32;3.026
29;32;3.311
29;33;2.974
30;21;3.62
30;26;3.827
30;27;2.85
30;33;3.41
30;34;2.994
31;28;2.728
31;34;3.469
31;35;2.997
32;28;3.026
32;29;3.311
32;36;2.989
33;21;3.409
33;29;2.974
33;30;3.41
33;36;3.257
33;37;2.941
34;30;2.994
34;31;3.469
34;37;3.367
34;38;2.936
34;93;2.802
34;96;2.956
35;31;2.997
35;38;3.356
35;39;2.966
35;81;3.618
36;32;2.989
36;33;3.257
36;39;3.344
36;40;2.999
37;14;3.66
37;15;3.747
37;18;3.281
37;33;2.941
37;34;3.367
37;40;3.031
37;41;2.861
37;96;3.392
38;34;2.936
38;35;3.356
38;41;4.001
38;42;2.982
38;80;2.785
39;35;2.966
39;36;3.344
39;42;3.207
39;43;2.977
40;14;4.018
40;36;2.999
40;37;3.031
40;43;3.45
40;44;2.906
41;37;2.861
41;38;4.001
41;45;2.952
41;73;3.461
41;99;3.502
42;38;2.982
42;39;3.207
42;45;3.313
42;46;2.979
43;7;4.011
43;39;2.977
43;40;3.45
43;46;3.398
43;47;3.051
44;11;3.595
44;40;2.906
44;47;3.281
44;48;2.836
44;99;2.661
45;41;2.952
45;42;3.313
45;49;2.985
45;56;3.963
45;73;3.931
46;42;2.979
46;43;3.398
46;50;3.079
46;51;3.938
47;1;3.588
47;7;3.748
47;43;3.051
47;44;3.281
48;2;3.668
48;44;2.836
48;66;3.203
48;69;2.674
49;45;2.985
49;56;3.98
49;59;3.846
49;66;3.675
50;46;3.079
50;55;3.64
51;46;3.938
52;55;3.118
52;58;3.469
53;56;2.982
54;57;2.994
55;50;3.64
55;52;3.118
55;58;3.001
56;45;3.963
56;49;3.98
56;53;2.982
56;59;3.053
57;54;2.994
57;60;3.012
58;52;3.469
58;55;3.001
58;61;3.043
59;49;3.846
59;56;3.053
59;62;2.966
59;63;3.876
59;66;3.503
59;67;3.758
59;70;3.701
60;57;3.012
60;67;3.777
61;58;3.043
62;59;2.966
63;59;3.876
63;66;3.48
63;67;2.904
64;67;3.404
64;68;3.037
65;68;3.041
65;69;3.051
65;108;3.314
65;111;3.839
66;48;3.203
66;49;3.675
66;59;3.503
66;63;3.48
66;69;3.776
66;70;2.979
67;59;3.758
67;60;3.777
67;63;2.904
67;64;3.404
67;70;5.244
67;71;2.966
68;64;3.037
68;65;3.041
68;72;2.997
68;101;3.92
69;48;2.674
69;65;3.051
69;66;3.776
69;72;3.358
69;73;2.912
69;99;3.145
69;102;2.817
70;59;3.701
70;66;2.979
70;67;5.244
70;73;3.208
70;74;2.985
71;67;2.966
71;74;3.406
71;75;2.992
72;68;2.997
72;69;3.358
72;76;2.929
72;95;3.549
73;41;3.461
73;45;3.931
73;69;2.912
73;70;3.208
73;76;3.48
73;77;2.912
74;70;2.985
74;71;3.406
74;77;3.281
74;78;3.002
75;71;2.992
75;79;2.987
75;89;3.536
75;92;3.314
76;72;2.929
76;73;3.48
76;79;2.992
76;80;2.873
77;73;2.912
77;74;3.281
77;81;2.984
78;74;3.002
78;82;2.996
79;75;2.987
79;76;2.992
79;83;3.966
79;89;2.746
80;38;2.785
80;76;2.873
80;96;3.546
81;35;3.618
81;77;2.984
82;78;2.996
82;84;2.986
83;79;3.966
83;90;2.891
83;93;3.607
84;82;2.986
85;89;3.735
86;89;3.136
87;90;2.884
87;91;3.173
87;614;3.905
88;91;3.124
89;75;3.536
89;79;2.746
89;85;3.735
89;86;3.136
89;92;2.996
90;83;2.891
90;87;2.884
91;87;3.173
91;88;3.124
91;94;2.996
91;613;3.452
91;614;3.878
92;75;3.314
92;89;2.996
92;95;2.861
93;22;4.004
93;34;2.802
93;83;3.607
93;96;2.882
94;91;2.996
94;97;2.954
94;606;4.016
94;609;3.576
94;610;3.663
95;72;3.549
95;92;2.861
95;98;3.062
95;99;3.029
96;18;3.622
96;34;2.956
96;37;3.392
96;80;3.546
96;93;2.882
97;19;3.529
97;94;2.954
97;100;3.038
98;95;3.062
98;101;2.927
98;606;3.914
99;15;3.843
99;41;3.502
99;44;2.661
99;69;3.145
99;95;3.029
99;102;2.944
100;15;3.618
100;97;3.038
100;103;2.987
100;104;2.967
100;107;3.57
100;602;3.559
101;68;3.92
101;98;2.927
101;111;3.915
102;69;2.817
102;99;2.944
102;108;2.819
103;100;2.987
104;100;2.967
104;107;3.089
104;108;2.991
105;108;3.426
105;109;2.951
106;110;3.139
106;595;3.449
107;100;3.57
107;104;3.089
107;110;3.396
107;111;3.004
107;599;3.691
108;65;3.314
108;102;2.819
108;104;2.991
108;105;3.426
108;111;3.465
108;112;2.981
109;105;2.951
109;112;3.108
109;113;3.02
110;106;3.139
110;107;3.396
110;113;3.111
110;114;2.998
110;595;3.343
110;596;4.013
111;65;3.839
111;101;3.915
111;107;3.004
111;108;3.465
111;114;3.266
111;115;3.045
112;108;2.981
112;109;3.108
112;115;3.496
112;116;3.015
113;109;3.02
113;110;3.111
113;116;3.213
113;117;3.048
114;110;2.998
114;111;3.266
114;117;3.018
114;118;3.248
114;684;3.831
115;111;3.045
115;112;3.496
115;118;2.99
116;112;3.015
116;113;3.213
116;119;2.776
116;256;3.832
117;113;3.048
117;114;3.018
117;120;3.057
117;121;3.01
117;256;3.954
118;114;3.248
118;115;2.99
118;122;3.0
119;116;2.776
119;260;2.759
120;117;3.057
120;123;3.312
120;256;3.939
120;259;2.661
120;260;2.832
121;117;3.01
121;124;3.361
121;125;2.934
121;253;3.972
122;118;3.0
122;126;2.985
123;120;3.312
123;126;3.178
123;127;3.094
123;1234;3.477
123;1235;2.944
124;121;3.361
124;127;3.434
124;128;3.164
124;245;3.573
124;1238;3.996
125;121;2.934
125;128;3.379
125;129;2.918
126;122;2.985
126;123;3.178
126;129;3.331
126;130;2.98
127;123;3.094
127;124;3.434
127;131;2.963
127;1229;4.009
127;1235;3.972
127;1238;3.783
128;124;3.164
128;125;3.379
128;131;3.333
128;132;2.889
128;245;3.4
129;125;2.918
129;126;3.331
129;133;3.012
130;126;2.98
130;133;3.401
130;134;2.932
130;1225;3.673
130;1228;3.376
130;1229;3.789
131;127;2.963
131;128;3.333
131;134;3.44
131;135;2.874
132;128;2.889
132;136;2.966
132;205;3.674
132;208;3.951
133;129;3.012
133;130;3.401
133;136;3.216
133;137;3.006
134;130;2.932
134;131;3.44
134;137;3.272
134;138;2.966
134;1136;3.727
134;1225;3.757
135;131;2.874
135;139;2.955
135;208;3.578
135;238;4.023
135;241;3.853
136;132;2.966
136;133;3.216
136;140;2.94
136;201;3.631
136;205;3.906
137;133;3.006
137;134;3.272
137;140;3.228
137;141;3.114
137;1222;3.935
138;134;2.966
138;141;3.057
138;142;3.466
138;234;3.675
138;1219;3.606
138;1222;3.896
139;135;2.955
139;142;3.427
139;143;2.96
139;198;3.581
140;136;2.94
140;137;3.228
140;144;3.675
140;199;3.894
140;200;3.577
140;201;3.909
141;137;3.114
141;138;3.057
141;1219;3.881
141;1222;3.379
142;138;3.466
142;139;3.427
142;1215;3.62
142;1219;3.838
143;139;2.96
143;221;3.103
143;231;3.439
143;234;3.713
143;235;3.822
144;140;3.675
144;199;3.989
145;150;2.759
145;194;3.197
146;188;3.085
146;189;2.787
146;192;3.757
146;193;3.827
146;194;3.76
147;150;2.941
147;151;3.774
147;192;2.851
148;192;2.794
148;195;3.446
148;199;2.672
149;153;3.691
149;155;3.358
150;145;2.759
150;147;2.941
150;154;3.708
150;189;3.527
151;147;3.774
151;185;3.689
152;185;3.971
153;149;3.691
153;180;4.034
153;183;2.759
154;150;3.708
155;149;3.358
156;159;3.784
157;159;3.853
158;161;3.898
158;181;3.86
159;156;3.784
159;157;3.853
160;170;3.776
160;171;3.708
160;180;2.857
161;158;3.898
162;169;3.077
162;170;3.598
163;165;3.548
164;167;2.788
165;163;3.548
166;169;2.948
166;177;2.797
167;164;2.788
168;171;3.892
168;173;3.425
169;162;3.077
169;166;2.948
169;172;2.781
169;181;2.851
170;160;3.776
170;162;3.598
171;160;3.708
171;168;3.892
171;174;3.427
172;169;2.781
172;177;3.875
172;179;2.799
173;168;3.425
173;175;2.933
174;171;3.427
175;173;2.933
176;178;3.113
177;166;2.797
177;172;3.875
178;176;3.113
178;182;3.935
179;172;2.799
180;153;4.034
180;160;2.857
181;158;3.86
181;169;2.851
182;178;3.935
183;153;2.759
184;991;3.992
184;993;3.719
185;151;3.689
185;152;3.971
185;187;3.078
186;189;3.965
187;185;3.078
187;189;3.043
188;146;3.085
189;146;2.787
189;150;3.527
189;186;3.965
189;187;3.043
190;193;3.126
191;992;3.4
192;146;3.757
192;147;2.851
192;148;2.794
192;195;2.957
193;146;3.827
193;190;3.126
193;224;3.459
193;225;3.976
194;145;3.197
194;146;3.76
195;148;3.446
195;192;2.957
195;198;2.974
195;199;3.032
195;203;3.688
196;203;3.184
197;203;3.355
197;221;3.464
198;139;3.581
198;195;2.974
198;204;3.426
198;207;3.549
198;221;3.131
198;235;4.016
199;140;3.894
199;144;3.989
199;148;2.672
199;195;3.032
200;140;3.577
200;203;2.802
200;204;2.982
201;136;3.631
201;140;3.909
201;205;2.956
202;206;2.991
203;195;3.688
203;196;3.184
203;197;3.355
203;200;2.802
203;206;3.314
203;207;2.956
204;198;3.426
204;200;2.982
204;207;3.239
204;208;2.953
205;132;3.674
205;136;3.906
205;201;2.956
205;209;2.937
206;202;2.991
206;203;3.314
206;209;3.059
206;210;2.964
206;672;3.805
207;198;3.549
207;203;2.956
207;204;3.239
207;210;3.302
207;211;2.933
208;132;3.951
208;135;3.578
208;204;2.953
208;211;3.895
208;212;2.959
209;205;2.937
209;206;3.059
209;212;3.21
209;213;2.948
209;676;3.477
209;680;3.907
210;206;2.964
210;207;3.302
210;214;2.969
210;215;2.828
210;216;3.876
210;655;3.691
211;207;2.933
211;208;3.895
211;214;3.092
211;217;3.666
211;235;3.861
211;238;3.752
211;239;3.721
212;208;2.959
212;209;3.21
213;209;2.948
213;679;3.655
214;210;2.969
214;211;3.092
214;1300;3.131
214;1302;3.015
215;210;2.828
215;654;3.794
215;655;3.398
216;210;3.876
216;219;3.342
216;220;3.01
216;655;5.78
216;1297;3.719
216;1307;4.024
217;211;3.666
217;221;3.057
217;222;3.202
217;236;3.935
217;239;3.313
217;1293;3.636
217;1296;3.753
217;1297;3.255
218;222;3.144
218;223;3.003
218;1293;3.708
218;1297;3.579
218;1332;3.493
218;1333;2.792
218;1334;3.216
219;216;3.342
219;223;4.012
219;1307;3.411
219;1334;3.444
220;216;3.01
220;223;3.051
221;143;3.103
221;197;3.464
221;198;3.131
221;217;3.057
221;231;2.82
221;235;6.459
222;217;3.202
222;218;3.144
222;225;2.943
222;232;3.368
222;1293;3.162
222;1332;3.483
223;218;3.003
223;219;4.012
223;220;3.051
223;1283;3.76
223;1332;3.391
224;193;3.459
225;193;3.976
225;222;2.943
225;227;2.937
225;228;3.122
225;231;3.611
226;228;3.058
226;1290;3.678
226;1328;2.859
226;1331;3.482
227;225;2.937
227;231;3.018
228;225;3.122
228;226;3.058
228;231;2.976
228;232;2.95
228;1329;3.794
228;1330;3.73
229;232;3.633
229;233;2.921
229;1327;2.821
229;1329;2.77
230;1212;3.72
230;1215;3.794
230;1216;3.281
230;1329;2.967
231;143;3.439
231;221;2.82
231;225;3.611
231;227;3.018
231;228;2.976
231;234;3.033
231;235;3.419
232;222;3.368
232;228;2.95
232;229;3.633
232;235;3.361
232;236;2.943
232;1293;3.501
232;1330;3.975
233;229;2.921
233;237;2.974
234;138;3.675
234;143;3.713
234;231;3.033
234;237;3.141
234;238;2.964
235;143;3.822
235;198;4.016
235;211;3.861
235;221;6.459
235;231;3.419
235;232;3.361
235;238;3.164
235;239;2.97
236;217;3.935
236;232;2.943
236;239;3.167
236;240;2.968
237;233;2.974
237;234;3.141
237;241;2.943
238;135;4.023
238;211;3.752
238;234;2.964
238;235;3.164
238;242;2.903
239;211;3.721
239;217;3.313
239;235;2.97
239;236;3.167
239;243;2.961
239;1296;3.54
240;236;2.968
240;244;2.947
241;135;3.853
241;237;2.943
241;245;2.925
242;238;2.903
242;246;2.946
243;239;2.961
243;246;3.309
243;247;2.941
244;240;2.947
244;247;3.449
244;248;2.946
244;1242;3.679
244;1249;3.625
245;124;3.573
245;128;3.4
245;241;2.925
245;248;3.22
245;249;2.884
246;242;2.946
246;243;3.309
246;249;3.347
246;250;2.947
247;243;2.941
247;244;3.449
247;250;3.815
247;251;2.998
247;1360;3.795
248;244;2.946
248;245;3.22
248;251;3.513
248;252;2.901
248;1238;3.126
248;1241;3.826
249;245;2.884
249;246;3.347
249;252;3.105
249;253;2.949
249;687;3.596
250;246;2.947
250;247;3.815
250;254;3.077
250;687;3.72
250;690;3.676
250;1357;3.517
251;247;2.998
251;248;3.513
251;254;3.481
251;255;2.911
251;1360;4.008
251;1361;3.93
251;1364;3.526
252;248;2.901
252;249;3.105
252;256;2.93
253;121;3.972
253;249;2.949
253;256;3.279
253;257;3.077
253;691;3.821
254;250;3.077
254;251;3.481
254;257;3.289
254;258;3.074
254;690;3.676
254;691;4.022
254;694;3.446
254;1361;3.493
255;251;2.911
255;259;2.924
255;1365;3.664
256;116;3.832
256;117;3.954
256;120;3.939
256;252;2.93
256;253;3.279
256;259;3.305
256;260;3.014
257;253;3.077
257;254;3.289
257;260;3.456
257;261;3.082
257;691;3.686
258;254;3.074
258;261;3.447
258;262;2.893
258;698;3.803
258;703;3.859
258;1082;5.916
258;1365;3.625
259;120;2.661
259;255;2.924
259;256;3.305
259;262;2.993
259;263;3.42
260;119;2.759
260;120;2.832
260;256;3.014
260;257;3.456
260;269;2.873
261;257;3.082
261;258;3.447
261;268;4.005
261;269;3.32
261;270;3.077
262;258;2.893
262;259;2.993
262;268;3.424
262;270;3.706
262;272;3.105
263;259;3.42
263;267;2.797
263;268;2.743
264;272;3.909
265;272;3.638
265;274;3.713
266;268;3.893
267;263;2.797
268;261;4.005
268;262;3.424
268;263;2.743
268;266;3.893
269;260;2.873
269;261;3.32
270;261;3.077
270;262;3.706
270;272;3.781
271;273;2.914
271;727;2.692
272;262;3.105
272;264;3.909
272;265;3.638
272;270;3.781
272;274;3.011
272;703;3.898
272;708;3.879
273;271;2.914
273;276;2.958
274;265;3.713
274;272;3.011
274;704;3.361
274;706;3.729
274;708;3.437
275;278;2.956
275;284;3.702
275;706;3.507
276;273;2.958
276;712;3.777
277;296;4.011
277;708;2.876
277;712;4.032
278;275;2.956
278;281;2.751
278;706;3.308
279;282;2.986
279;291;2.826
279;292;2.732
280;283;2.963
280;284;2.717
280;288;2.797
280;289;3.325
280;290;3.855
280;291;3.934
281;278;2.751
281;718;2.648
282;279;2.986
282;294;3.267
282;717;3.007
283;280;2.963
283;291;3.691
283;717;2.619
284;275;3.702
284;280;2.717
285;287;3.091
286;726;2.645
287;285;3.091
288;280;2.797
289;280;3.325
290;280;3.855
291;279;2.826
291;280;3.934
291;283;3.691
292;279;2.732
293;310;2.684
294;282;3.267
295;298;4.0
296;277;4.011
296;707;3.746
296;710;3.813
296;711;3.751
297;701;3.644
297;710;2.842
298;295;4.0
298;707;2.801
299;701;3.928
299;702;3.507
299;709;3.478
300;1080;3.27
300;1083;3.835
300;1084;3.952
301;309;3.155
301;310;3.833
302;309;3.723
303;307;2.613
304;953;3.682
305;949;3.495
306;307;3.679
307;303;2.613
307;306;3.679
308;313;3.985
309;301;3.155
309;302;3.723
309;311;3.105
310;293;2.684
310;301;3.833
310;318;3.467
311;309;3.105
311;318;2.925
312;315;3.0
313;308;3.985
314;324;3.757
315;312;3.0
315;318;3.683
315;324;3.893
316;323;3.071
316;324;3.679
317;319;3.094
318;310;3.467
318;311;2.925
318;315;3.683
318;320;3.398
319;317;3.094
319;327;2.71
320;318;3.398
320;323;2.868
320;325;2.774
320;327;2.756
321;323;2.872
321;328;3.498
322;325;2.958
322;326;2.787
322;328;2.646
323;316;3.071
323;320;2.868
323;321;2.872
324;314;3.757
324;315;3.893
324;316;3.679
325;320;2.774
325;322;2.958
326;322;2.787
327;319;2.71
327;320;2.756
327;330;2.995
328;321;3.498
328;322;2.646
329;331;2.77
329;332;4.034
330;327;2.995
331;329;2.77
332;329;4.034
333;334;3.872
334;333;3.872
335;446;3.853
335;447;2.869
335;448;2.761
336;441;3.091
337;441;2.883
338;441;2.782
339;441;2.605
340;345;2.84
340;440;3.97
341;343;2.964
341;344;3.611
341;345;3.041
341;351;4.019
342;346;3.42
343;341;2.964
344;341;3.611
344;351;3.877
345;340;2.84
345;341;3.041
345;349;3.917
345;350;3.973
345;351;3.693
346;342;3.42
347;349;3.087
347;351;4.027
348;437;3.943
349;345;3.917
349;347;3.087
349;439;3.68
349;440;3.402
349;442;2.63
350;345;3.973
351;341;4.019
351;344;3.877
351;345;3.693
351;347;4.027
352;358;3.784
353;358;3.527
353;359;2.881
354;357;3.06
354;359;3.026
355;359;4.014
355;360;2.963
356;369;3.839
357;354;3.06
358;352;3.784
358;353;3.527
359;353;2.881
359;354;3.026
359;355;4.014
360;355;2.963
361;365;3.707
362;365;3.026
363;366;3.032
364;367;3.015
364;368;3.032
364;369;4.015
365;361;3.707
365;362;3.026
366;363;3.032
367;364;3.015
368;364;3.032
368;370;3.559
368;371;3.877
369;356;3.839
369;364;4.015
370;368;3.559
371;368;3.877
372;374;3.211
373;380;3.159
373;382;3.515
374;372;3.211
375;380;3.843
376;397;2.973
377;380;3.921
377;397;2.833
378;398;2.74
378;403;3.447
379;396;3.495
380;373;3.159
380;375;3.843
380;377;3.921
380;396;3.203
381;384;2.981
382;373;3.515
382;386;3.987
383;385;2.993
383;386;3.096
383;388;3.138
383;389;2.76
384;381;2.981
385;383;2.993
386;382;3.987
386;383;3.096
387;390;3.903
388;383;3.138
389;383;2.76
389;392;2.809
389;393;3.275
390;387;3.903
391;394;2.962
392;389;2.809
393;389;3.275
394;391;2.962
395;399;3.753
395;400;3.409
396;379;3.495
396;380;3.203
396;399;2.961
397;376;2.973
397;377;2.833
398;378;2.74
398;401;2.95
398;402;3.06
398;403;3.466
399;395;3.753
399;396;2.961
400;395;3.409
401;398;2.95
402;398;3.06
403;378;3.447
403;398;3.466
404;405;3.826
405;404;3.826
406;407;2.763
407;406;2.763
408;409;2.821
408;415;3.631
409;408;2.821
409;414;3.043
410;413;2.798
410;414;3.834
411;414;3.762
412;414;2.98
413;410;2.798
414;409;3.043
414;410;3.834
414;411;3.762
414;412;2.98
415;408;3.631
415;416;3.052
416;415;3.052
417;420;3.899
418;420;2.99
419;421;2.922
420;417;3.899
420;418;2.99
421;419;2.922
421;422;3.043
422;421;3.043
423;444;2.715
424;426;2.848
425;428;3.139
426;424;2.848
427;429;3.023
427;431;3.563
428;425;3.139
429;427;3.023
429;431;3.698
430;432;2.955
430;436;3.385
431;427;3.563
431;429;3.698
432;430;2.955
432;435;3.004
432;436;3.063
433;436;2.931
434;437;3.669
435;432;3.004
436;430;3.385
436;432;3.063
436;433;2.931
437;348;3.943
437;434;3.669
438;442;3.894
439;349;3.68
440;340;3.97
440;349;3.402
441;336;3.091
441;337;2.883
441;338;2.782
441;339;2.605
442;349;2.63
442;438;3.894
443;446;3.253
444;423;2.715
444;446;2.898
445;453;2.783
446;335;3.853
446;443;3.253
446;444;2.898
447;335;2.869
447;452;3.281
447;453;3.759
448;335;2.761
449;452;3.001
450;453;2.944
450;454;3.091
450;455;4.005
451;456;3.791
451;457;2.881
451;458;3.939
452;447;3.281
452;449;3.001
453;445;2.783
453;447;3.759
453;450;2.944
454;450;3.091
455;450;4.005
456;451;3.791
457;451;2.881
458;451;3.939
458;459;2.83
458;460;3.134
459;458;2.83
459;461;3.799
460;458;3.134
461;459;3.799
462;464;2.791
463;465;3.201
464;462;2.791
465;463;3.201
465;467;3.0
465;469;3.42
465;472;3.0
465;473;2.76
466;468;3.997
466;469;3.819
466;526;3.438
466;527;2.766
467;465;3.0
468;466;3.997
468;526;3.606
468;527;3.967
469;465;3.42
469;466;3.819
469;472;2.98
469;473;3.124
470;473;2.99
471;523;3.627
472;465;3.0
472;469;2.98
472;528;4.025
473;465;2.76
473;469;3.124
473;470;2.99
473;476;2.998
473;477;3.163
474;478;2.951
475;479;2.96
476;473;2.998
476;479;3.229
476;480;3.017
477;473;3.163
477;480;3.416
477;481;2.929
477;575;2.679
478;474;2.951
478;481;3.2
478;482;2.974
479;475;2.96
479;476;3.229
479;483;3.053
480;476;3.017
480;477;3.416
480;483;3.312
480;484;2.978
480;516;3.98
480;520;3.813
480;572;3.943
481;477;2.929
481;478;3.2
481;484;3.01
481;485;3.088
481;576;2.732
481;577;3.628
482;478;2.974
482;485;3.463
482;486;3.007
483;479;3.053
483;480;3.312
483;487;2.981
483;513;3.67
484;480;2.978
484;481;3.01
484;487;3.086
484;488;3.072
484;517;3.315
484;570;3.871
484;572;3.878
484;573;3.836
485;481;3.088
485;482;3.463
485;488;3.126
485;489;3.438
485;573;3.827
486;482;3.007
486;489;3.321
486;490;3.017
487;483;2.981
487;484;3.086
487;490;3.276
487;491;2.993
487;513;3.204
487;569;3.096
488;484;3.072
488;485;3.126
488;492;3.049
488;570;3.649
488;967;3.878
489;485;3.438
489;486;3.321
489;492;3.336
489;493;2.98
490;486;3.017
490;487;3.276
490;493;3.048
490;494;2.954
490;506;3.49
491;487;2.993
491;494;3.03
491;569;3.783
491;570;3.652
491;971;4.009
492;488;3.049
492;489;3.336
493;489;2.98
493;490;3.048
494;490;2.954
494;491;3.03
494;499;2.911
494;506;3.991
494;510;3.416
495;499;2.963
495;1014;3.222
495;1015;3.011
496;500;3.613
497;500;2.943
497;501;3.01
498;502;3.025
499;494;2.911
499;495;2.963
499;503;2.806
500;496;3.613
500;497;2.943
500;503;2.786
501;497;3.01
502;498;3.025
502;505;3.03
502;506;2.933
503;499;2.806
503;500;2.786
503;507;2.972
504;507;3.28
504;508;3.038
505;502;3.03
505;508;3.938
505;509;2.965
506;490;3.49
506;494;3.991
506;502;2.933
506;509;3.335
506;510;2.923
507;503;2.972
507;504;3.28
507;510;3.358
507;511;3.031
508;504;3.038
508;505;3.938
508;512;2.962
509;505;2.965
509;506;3.335
509;513;2.96
510;494;3.416
510;506;2.923
510;507;3.358
510;513;3.395
510;514;3.091
510;569;3.263
511;507;3.031
511;514;3.353
511;515;3.01
511;553;3.802
511;554;3.383
512;508;2.962
512;515;3.012
512;516;3.085
513;483;3.67
513;487;3.204
513;509;2.96
513;510;3.395
513;516;3.075
513;517;3.376
514;510;3.091
514;511;3.353
514;517;2.952
514;549;2.835
514;550;3.754
514;553;3.792
515;511;3.01
515;512;3.012
515;518;2.867
516;480;3.98
516;512;3.085
516;513;3.075
516;519;3.061
516;520;3.255
517;484;3.315
517;513;3.376
517;514;2.952
517;521;2.987
517;546;3.694
517;550;3.901
517;572;3.409
518;515;2.867
518;521;3.404
518;522;3.032
518;550;3.498
519;516;3.061
519;523;3.055
520;480;3.813
520;516;3.255
520;523;3.422
520;524;2.943
520;572;2.746
520;575;2.73
521;517;2.987
521;518;3.404
521;525;2.99
521;546;3.699
522;518;3.032
522;525;3.255
522;526;3.081
523;471;3.627
523;519;3.055
523;520;3.422
523;527;2.986
524;520;2.943
524;527;3.033
524;528;3.027
524;532;2.675
524;533;3.556
524;539;2.779
525;521;2.99
525;522;3.255
525;533;3.742
525;534;4.01
526;466;3.438
526;468;3.606
526;522;3.081
527;466;2.766
527;468;3.967
527;523;2.986
527;524;3.033
528;472;4.025
528;524;3.027
528;532;3.703
529;532;2.899
529;533;2.925
530;534;2.978
531;535;3.071
532;524;2.675
532;528;3.703
532;529;2.899
532;535;3.068
532;536;2.928
533;524;3.556
533;525;3.742
533;529;2.925
533;539;3.2
534;525;4.01
534;530;2.978
535;531;3.071
535;532;3.068
536;532;2.928
536;539;2.965
536;540;3.033
537;540;3.963
537;541;3.01
538;542;2.999
538;580;2.966
538;583;3.895
539;524;2.779
539;533;3.2
539;536;2.965
539;542;3.499
539;543;2.957
540;536;3.033
540;537;3.963
540;543;3.403
540;544;2.989
541;537;3.01
541;544;3.399
541;545;3.022
542;538;2.999
542;539;3.499
542;545;3.229
542;546;2.908
542;572;2.647
542;575;3.848
543;539;2.957
543;540;3.403
543;547;2.991
544;540;2.989
544;541;3.399
544;547;3.201
544;548;3.088
545;541;3.022
545;542;3.229
545;549;3.011
546;517;3.694
546;521;3.699
546;542;2.908
546;550;2.935
546;572;3.767
547;543;2.991
547;544;3.201
547;551;2.997
548;544;3.088
548;552;3.214
548;565;3.554
549;514;2.835
549;545;3.011
549;553;3.398
549;569;3.056
550;514;3.754
550;517;3.901
550;518;3.498
550;546;2.935
550;553;3.153
550;554;2.914
551;547;2.997
551;554;3.302
551;555;3.04
552;548;3.214
552;556;2.995
552;557;3.059
552;566;3.777
553;511;3.802
553;514;3.792
553;549;3.398
553;550;3.153
553;557;3.747
553;566;3.959
554;511;3.383
554;550;2.914
554;551;3.302
555;551;3.04
556;552;2.995
556;558;2.947
557;552;3.059
557;553;3.747
557;563;2.833
558;556;2.947
558;563;3.262
559;562;2.792
560;563;3.234
560;564;2.933
561;564;3.296
561;565;2.96
561;1054;3.909
562;559;2.792
562;565;3.071
562;566;3.082
563;557;2.833
563;558;3.262
563;560;3.234
563;566;2.937
564;560;2.933
564;561;3.296
564;567;2.994
564;975;3.139
565;548;3.554
565;561;2.96
565;562;3.071
565;568;2.976
566;552;3.777
566;553;3.959
566;562;3.082
566;563;2.937
566;569;3.029
567;564;2.994
567;570;3.184
567;971;3.709
567;972;3.912
568;565;2.976
568;571;2.895
568;968;3.89
569;487;3.096
569;491;3.783
569;510;3.263
569;549;3.056
569;566;3.029
569;572;2.973
570;484;3.871
570;488;3.649
570;491;3.652
570;567;3.184
570;573;2.927
570;964;3.829
570;968;3.523
571;568;2.895
571;574;2.783
571;965;3.365
571;968;3.491
572;480;3.943
572;484;3.878
572;517;3.409
572;520;2.746
572;542;2.647
572;546;3.767
572;569;2.973
572;575;2.989
573;484;3.836
573;485;3.827
573;570;2.927
573;576;2.972
573;577;2.949
573;579;3.879
573;964;3.57
574;571;2.783
575;477;2.679
575;520;2.73
575;542;3.848
575;572;2.989
576;481;2.732
576;573;2.972
577;481;3.628
577;573;2.949
577;579;3.906
577;580;3.021
578;581;3.144
578;582;2.926
578;957;3.129
579;573;3.879
579;577;3.906
579;582;3.217
579;583;3.013
579;961;3.469
580;538;2.966
580;577;3.021
580;583;3.839
580;584;3.057
581;578;3.144
581;584;3.306
581;585;2.962
582;578;2.926
582;579;3.217
582;585;3.324
582;586;2.944
582;958;4.002
582;961;3.612
583;538;3.895
583;579;3.013
583;580;3.839
583;587;3.053
584;580;3.057
584;581;3.306
584;587;3.39
584;588;2.814
585;581;2.962
585;582;3.324
585;588;3.246
585;589;2.922
585;1072;3.541
586;582;2.944
586;589;3.243
586;590;3.077
586;1068;3.598
587;583;3.053
587;584;3.39
587;590;2.984
588;584;2.814
588;585;3.246
588;591;3.02
589;585;2.922
589;586;3.243
589;592;3.078
589;593;3.083
589;693;3.78
589;1068;3.497
589;1072;3.439
590;586;3.077
590;587;2.984
590;594;2.977
590;1068;3.877
591;588;3.02
591;594;3.036
592;589;3.078
592;693;3.906
593;589;3.083
593;596;3.255
593;597;2.878
593;689;3.572
593;1068;3.844
594;590;2.977
594;591;3.036
594;598;3.051
595;106;3.449
595;110;3.343
595;598;3.208
595;599;3.301
596;110;4.013
596;593;3.255
596;599;3.04
596;600;3.019
596;688;3.504
596;689;3.83
597;593;2.878
597;601;2.933
598;594;3.051
598;595;3.208
598;601;3.287
598;602;3.051
599;107;3.691
599;595;3.301
599;596;3.04
599;602;3.468
599;603;3.034
600;596;3.019
600;603;3.468
600;604;2.958
600;651;3.92
600;685;4.01
601;597;2.933
601;598;3.287
601;605;2.978
602;100;3.559
602;598;3.051
602;599;3.468
602;605;3.302
602;606;3.003
603;599;3.034
603;600;3.468
603;606;3.285
603;607;2.947
603;681;3.731
604;600;2.958
604;607;3.495
604;608;2.929
604;644;3.506
604;647;3.795
605;19;3.525
605;23;3.757
605;601;2.978
605;602;3.302
605;608;3.292
605;609;3.007
605;640;3.488
606;94;4.016
606;98;3.914
606;602;3.003
606;603;3.285
606;609;3.234
606;610;2.992
607;603;2.947
607;604;3.495
607;611;2.96
607;647;3.771
607;677;4.076
607;678;3.535
607;681;3.897
608;604;2.929
608;605;3.292
608;611;3.245
608;612;2.996
608;640;3.724
608;643;4.004
608;644;4.002
609;94;3.576
609;605;3.007
609;606;3.234
609;613;3.322
610;94;3.663
610;606;2.992
610;613;3.33
610;614;3.022
611;607;2.96
611;608;3.245
611;615;2.997
611;616;2.816
611;637;3.821
612;25;3.222
612;608;2.996
612;616;3.05
612;617;3.168
612;639;4.028
613;91;3.452
613;609;3.322
613;610;3.33
614;87;3.905
614;91;3.878
614;610;3.022
614;617;2.798
615;611;2.997
615;618;3.009
615;619;3.57
615;633;3.501
615;637;4.129
615;671;3.408
615;674;4.001
616;611;2.816
616;612;3.05
616;633;3.758
617;612;3.168
617;614;2.798
618;615;3.009
618;630;4.071
618;633;2.973
619;615;3.57
619;631;3.091
619;633;2.965
619;659;3.828
619;660;3.339
619;667;2.795
619;671;3.523
620;629;2.717
620;630;3.48
620;660;3.735
620;661;2.947
621;624;3.021
621;625;2.878
621;626;2.811
621;627;2.763
622;660;4.114
622;661;2.748
622;663;3.605
623;626;3.811
624;621;3.021
625;621;2.878
626;621;2.811
626;623;3.811
627;621;2.763
628;634;3.572
628;635;3.158
629;620;2.717
630;618;4.071
630;620;3.48
630;634;3.511
631;619;3.091
631;634;3.171
631;635;3.128
631;658;2.862
631;659;3.54
632;635;3.036
632;636;2.844
632;657;3.903
633;615;3.501
633;616;3.758
633;618;2.973
633;619;2.965
633;637;3.684
633;659;3.609
634;628;3.572
634;630;3.511
634;631;3.171
634;638;3.539
635;628;3.158
635;631;3.128
635;632;3.036
635;642;3.746
635;1042;3.602
636;632;2.844
636;642;3.365
636;646;3.89
636;1033;3.366
636;1037;3.847
637;611;3.821
637;615;4.129
637;633;3.684
637;642;3.422
637;646;3.632
637;659;4.049
638;634;3.539
638;1046;2.723
639;25;3.658
639;612;4.028
639;642;2.854
639;643;2.95
639;1049;2.873
640;25;3.293
640;605;3.488
640;608;3.724
640;643;3.453
640;644;2.938
641;644;3.213
641;645;2.995
641;1049;3.696
641;1052;3.938
641;1053;3.655
641;1056;3.958
642;635;3.746
642;636;3.365
642;637;3.422
642;639;2.854
642;645;3.35
642;646;2.996
642;1037;2.99
643;608;4.004
643;639;2.95
643;640;3.453
643;647;2.965
644;604;3.506
644;608;4.002
644;640;2.938
644;641;3.213
644;647;3.456
644;648;2.978
645;641;2.995
645;642;3.35
645;648;3.191
645;649;3.026
645;1037;3.94
645;1056;3.687
646;636;3.89
646;637;3.632
646;642;2.996
646;649;3.143
646;650;3.02
646;656;3.781
647;604;3.795
647;607;3.771
647;643;2.965
647;644;3.456
647;650;3.379
647;651;2.99
648;644;2.978
648;645;3.191
648;651;3.055
648;652;3.205
648;1029;3.942
648;1032;3.557
648;1056;3.707
648;1063;3.89
649;645;3.026
649;646;3.143
649;655;2.866
649;1033;3.516
650;646;3.02
650;647;3.379
650;653;2.96
650;675;3.411
650;678;3.58
650;679;3.951
651;600;3.92
651;647;2.99
651;648;3.055
651;682;3.754
652;648;3.205
652;1029;3.467
653;650;2.96
653;675;2.874
653;679;3.983
654;215;3.794
654;1029;3.803
654;1030;2.751
654;1031;2.84
655;210;3.691
655;215;3.398
655;216;5.78
655;649;2.866
655;675;3.878
655;1034;3.903
656;646;3.781
656;659;3.497
656;675;3.27
657;632;3.903
657;1034;3.511
658;631;2.862
658;988;3.996
659;619;3.828
659;631;3.54
659;633;3.609
659;637;4.049
659;656;3.497
659;668;3.243
659;671;3.439
660;619;3.339
660;620;3.735
660;622;4.114
660;664;3.386
660;668;2.982
661;620;2.947
661;622;2.748
661;668;3.625
662;990;3.36
663;622;3.605
664;660;3.386
664;667;2.784
664;668;3.076
665;669;2.957
666;669;3.246
666;670;3.004
667;619;2.795
667;664;2.784
667;670;3.248
667;671;3.094
668;659;3.243
668;660;2.982
668;661;3.625
668;664;3.076
668;671;3.352
668;672;2.91
669;665;2.957
669;666;3.246
669;672;3.291
669;673;3.013
670;666;3.004
670;667;3.248
670;673;3.468
670;674;3.343
671;615;3.408
671;619;3.523
671;659;3.439
671;667;3.094
671;668;3.352
671;674;3.445
671;675;2.936
672;206;3.805
672;668;2.91
672;669;3.291
672;675;3.267
672;676;2.966
673;669;3.013
673;670;3.468
673;676;3.417
673;677;3.018
674;615;4.001
674;670;3.343
674;671;3.445
674;677;3.294
674;678;2.988
675;650;3.411
675;653;2.874
675;655;3.878
675;656;3.27
675;671;2.936
675;672;3.267
675;678;3.301
675;679;2.986
676;209;3.477
676;672;2.966
676;673;3.417
676;679;3.427
676;680;2.995
677;607;4.076
677;673;3.018
677;674;3.294
677;680;3.495
677;681;3.008
678;607;3.535
678;650;3.58
678;674;2.988
678;675;3.301
678;682;2.955
679;213;3.655
679;650;3.951
679;653;3.983
679;675;2.986
679;676;3.427
679;683;2.921
680;209;3.907
680;676;2.995
680;677;3.495
680;683;3.454
680;684;3.032
681;603;3.731
681;607;3.897
681;677;3.008
681;684;3.468
681;685;2.989
682;651;3.754
682;678;2.955
682;685;3.146
682;686;2.928
683;679;2.921
683;680;3.454
683;686;3.258
683;687;2.977
684;114;3.831
684;680;3.032
684;681;3.468
684;688;3.018
685;600;4.01
685;681;2.989
685;682;3.146
685;688;3.397
685;689;2.924
686;682;2.928
686;683;3.258
686;689;3.099
686;690;3.076
687;249;3.596
687;250;3.72
687;683;2.977
687;691;3.01
688;596;3.504
688;684;3.018
688;685;3.397
688;692;2.899
689;593;3.572
689;596;3.83
689;685;2.924
689;686;3.099
689;692;3.367
689;693;3.127
689;1071;3.383
690;250;3.676
690;254;3.676
690;686;3.076
690;693;3.463
690;694;2.93
690;1071;3.572
690;1074;3.749
690;1357;6.362
691;253;3.821
691;254;4.022
691;257;3.686
691;687;3.01
691;694;3.46
691;695;2.933
692;688;2.899
692;689;3.367
692;696;3.064
693;589;3.78
693;592;3.906
693;689;3.127
693;690;3.463
693;696;3.374
693;697;3.013
693;1071;3.624
693;1072;3.718
693;1075;3.488
694;254;3.446
694;690;2.93
694;691;3.46
694;697;3.437
694;698;2.928
694;1075;3.984
694;1078;3.523
695;691;2.933
695;698;3.174
695;699;3.112
696;692;3.064
696;693;3.374
696;699;3.111
697;693;3.013
697;694;3.437
697;700;3.034
697;701;2.929
697;1075;3.531
697;1079;3.698
698;258;3.803
698;694;2.928
698;695;3.174
698;1079;3.831
698;1082;3.456
699;695;3.112
699;696;3.111
700;697;3.034
700;709;3.489
701;297;3.644
701;299;3.928
701;697;2.929
701;1079;3.713
702;299;3.507
702;1079;3.473
702;1083;3.326
703;258;3.859
703;272;3.898
703;708;3.889
703;1082;3.782
703;1086;2.737
704;274;3.361
704;1086;3.631
704;1087;2.857
705;1087;3.496
705;1089;3.774
706;274;3.729
706;275;3.507
706;278;3.308
707;296;3.746
707;298;2.801
708;272;3.879
708;274;3.437
708;277;2.876
708;703;3.889
709;299;3.478
709;700;3.489
710;296;3.813
710;297;2.842
711;296;3.751
712;276;3.777
712;277;4.032
713;723;2.871
714;716;2.939
715;719;3.979
715;722;3.557
716;714;2.939
717;282;3.007
717;283;2.619
718;281;2.648
719;715;3.979
719;725;3.586
720;722;3.238
721;724;2.752
721;725;3.705
722;715;3.557
722;720;3.238
723;713;2.871
724;721;2.752
724;725;3.417
725;719;3.586
725;721;3.705
725;724;3.417
726;286;2.645
727;271;2.692
728;730;2.697
728;731;2.875
729;732;3.059
730;728;2.697
731;728;2.875
731;733;3.576
732;729;3.059
733;731;3.576
734;739;3.715
735;737;3.346
735;740;3.781
735;742;3.205
736;742;2.871
737;735;3.346
737;740;3.419
737;743;3.795
738;740;3.069
739;734;3.715
740;735;3.781
740;737;3.419
740;738;3.069
741;743;3.044
742;735;3.205
742;736;2.871
743;737;3.795
743;741;3.044
744;761;3.592
745;750;2.705
745;751;3.485
745;759;2.768
745;760;2.787
745;761;3.035
746;748;3.017
746;750;2.814
747;750;2.981
748;746;3.017
748;750;2.702
748;753;3.637
749;796;2.713
750;745;2.705
750;746;2.814
750;747;2.981
750;748;2.702
750;761;3.935
751;745;3.485
751;757;2.751
751;758;3.705
752;756;2.849
752;757;4.015
752;758;3.002
753;748;3.637
754;790;3.115
754;793;3.023
755;793;3.843
756;752;2.849
757;751;2.751
757;752;4.015
757;792;3.724
758;751;3.705
758;752;3.002
758;762;3.696
759;745;2.768
759;762;3.407
760;745;2.787
760;762;2.664
761;744;3.592
761;745;3.035
761;750;3.935
762;758;3.696
762;759;3.407
762;760;2.664
763;765;2.992
763;767;3.52
763;768;2.99
764;766;3.057
765;763;2.992
766;764;3.057
766;769;2.926
767;763;3.52
768;763;2.99
768;770;3.631
769;766;2.926
770;768;3.631
770;773;4.031
771;772;3.654
772;771;3.654
773;770;4.031
773;778;3.881
774;778;3.763
775;778;3.469
776;787;3.894
776;788;3.262
776;789;3.981
777;786;3.009
778;773;3.881
778;774;3.763
778;775;3.469
779;781;2.992
780;782;3.885
781;779;2.992
781;783;3.871
782;780;3.885
783;781;3.871
783;784;3.03
783;785;3.941
783;786;3.932
784;783;3.03
785;783;3.941
785;788;3.021
786;777;3.009
786;783;3.932
787;776;3.894
788;776;3.262
788;785;3.021
789;776;3.981
790;754;3.115
791;794;3.947
792;757;3.724
792;794;3.065
793;754;3.023
793;755;3.843
794;791;3.947
794;792;3.065
795;797;3.024
796;749;2.713
797;795;3.024
798;801;3.982
799;800;2.984
800;799;2.984
801;798;3.982
802;804;3.44
803;805;3.858
804;802;3.44
804;806;2.896
805;803;3.858
806;804;2.896
807;808;2.994
807;809;2.988
808;807;2.994
809;807;2.988
810;814;2.856
811;813;3.021
812;815;3.014
813;811;3.021
814;810;2.856
815;812;3.014
816;817;4.029
817;816;4.029
817;818;2.809
818;817;2.809
819;825;3.81
820;824;3.207
821;824;2.689
821;880;2.986
821;881;2.814
822;825;3.055
822;877;3.991
823;828;3.846
823;874;3.819
823;877;3.428
823;878;3.713
824;820;3.207
824;821;2.689
825;819;3.81
825;822;3.055
825;828;2.761
825;829;2.966
826;830;3.028
827;830;3.411
827;831;2.89
828;823;3.846
828;825;2.761
828;831;3.336
828;832;2.963
829;825;2.966
829;832;3.386
829;833;3.205
829;937;3.113
830;826;3.028
830;827;3.411
830;833;3.338
830;834;2.991
831;827;2.89
831;828;3.336
831;834;3.297
831;835;2.92
832;828;2.963
832;829;3.386
832;835;3.412
832;836;2.965
832;871;3.695
832;874;3.663
833;829;3.205
833;830;3.338
833;836;3.402
833;837;2.946
833;937;3.429
834;830;2.991
834;831;3.297
834;837;3.258
834;838;2.976
835;831;2.92
835;832;3.412
835;839;2.955
835;871;4.006
836;832;2.965
836;833;3.402
836;840;2.895
836;867;3.978
836;871;3.48
836;930;3.692
836;934;3.782
837;833;2.946
837;834;3.258
837;840;3.165
837;841;2.982
838;834;2.976
838;841;3.112
838;842;3.013
839;835;2.955
839;842;3.427
839;843;2.951
839;930;3.621
840;836;2.895
840;837;3.165
840;844;2.992
841;837;2.982
841;838;3.112
841;844;3.382
841;845;2.954
842;838;3.013
842;839;3.427
842;845;3.055
842;846;3.272
843;839;2.951
843;928;3.887
843;931;4.02
844;840;2.992
844;841;3.382
844;848;3.639
844;1265;3.844
845;841;2.954
845;842;3.055
845;848;3.068
845;849;3.021
845;852;3.594
845;856;3.732
845;860;3.87
846;842;3.272
846;853;2.768
846;921;2.791
847;850;3.361
847;853;2.66
847;1268;3.346
847;1322;3.06
848;844;3.639
848;845;3.068
848;1288;3.796
849;845;3.021
849;852;2.961
849;853;3.022
850;847;3.361
850;853;3.206
850;854;3.01
850;1323;4.021
851;854;2.637
852;845;3.594
852;849;2.961
852;855;3.292
852;856;2.961
853;846;2.768
853;847;2.66
853;849;3.022
853;850;3.206
853;857;3.029
853;1321;3.867
854;850;3.01
854;851;2.637
854;1323;3.492
855;852;3.292
856;845;3.732
856;852;2.961
856;859;3.113
856;860;3.034
857;853;3.029
857;861;2.768
858;862;3.031
859;856;3.113
859;862;3.362
859;863;2.994
860;845;3.87
860;856;3.034
860;863;2.976
860;864;3.282
861;857;2.768
861;864;2.99
861;865;3.032
861;921;2.872
861;924;3.741
862;858;3.031
862;859;3.362
862;865;2.899
862;866;2.963
863;859;2.994
863;860;2.976
863;866;3.477
863;867;2.922
864;860;3.282
864;861;2.99
864;868;3.008
864;927;3.778
865;861;3.032
865;862;2.899
865;868;3.356
865;869;3.04
866;862;2.963
866;863;3.477
866;870;2.987
867;836;3.978
867;863;2.922
867;870;3.231
867;871;2.933
867;930;3.622
868;864;3.008
868;865;3.356
868;872;2.987
868;927;3.751
869;865;3.04
869;873;3.019
870;866;2.987
870;867;3.231
870;873;3.998
870;874;2.948
871;832;3.695
871;835;4.006
871;836;3.48
871;867;2.933
871;875;3.004
871;933;3.66
872;868;2.987
872;875;3.344
872;876;2.956
872;900;3.846
872;904;3.654
873;869;3.019
873;870;3.998
873;876;3.351
873;877;2.939
874;823;3.819
874;832;3.663
874;870;2.948
874;877;3.458
874;878;2.664
874;933;3.593
875;871;3.004
875;872;3.344
875;878;3.394
875;879;2.925
875;897;3.842
876;872;2.956
876;873;3.351
876;879;3.36
876;880;2.998
877;822;3.991
877;823;3.428
877;873;2.939
877;874;3.458
877;880;3.981
877;881;2.984
878;823;3.713
878;874;2.664
878;875;3.394
878;881;3.384
878;882;3.068
878;887;3.74
878;893;3.889
878;896;2.678
879;875;2.925
879;876;3.36
879;882;3.004
879;883;2.93
879;884;3.932
879;887;3.635
880;821;2.986
880;876;2.998
880;877;3.981
881;821;2.814
881;877;2.984
881;878;3.384
882;878;3.068
882;879;3.004
882;886;2.793
882;887;3.964
882;890;3.799
882;893;3.631
883;879;2.93
883;887;2.985
884;879;3.932
884;887;3.468
884;888;2.998
885;888;2.751
885;889;2.828
886;882;2.793
887;878;3.74
887;879;3.635
887;882;3.964
887;883;2.985
887;884;3.468
887;890;3.044
887;893;3.661
887;897;3.803
888;884;2.998
888;885;2.751
888;894;3.505
888;897;3.952
889;885;2.828
890;882;3.799
890;887;3.044
890;893;3.178
890;894;2.942
891;894;3.443
891;895;2.97
892;895;3.336
892;896;3.002
892;945;3.972
893;878;3.889
893;882;3.631
893;887;3.661
893;890;3.178
893;896;3.122
893;897;2.979
894;888;3.505
894;890;2.942
894;891;3.443
894;897;6.398
894;898;2.976
895;891;2.97
895;892;3.336
895;898;3.25
896;878;2.678
896;892;3.002
896;893;3.122
896;933;2.93
896;936;2.791
897;875;3.842
897;887;3.803
897;888;3.952
897;893;2.979
897;894;6.398
897;900;3.023
897;901;2.957
898;894;2.976
898;895;3.25
898;902;3.026
899;929;4.026
899;933;3.728
900;872;3.846
900;897;3.023
900;903;3.289
900;904;3.1
901;897;2.957
901;904;2.862
901;905;2.906
902;898;3.026
902;906;2.965
902;926;3.723
903;900;3.289
903;906;3.994
903;907;3.047
903;927;2.885
904;872;3.654
904;900;3.1
904;901;2.862
904;907;3.348
904;908;2.985
905;901;2.906
905;908;3.185
905;909;2.995
906;902;2.965
906;903;3.994
906;909;3.475
906;910;2.993
907;903;3.047
907;904;3.348
907;910;3.298
907;911;2.992
907;920;3.801
908;904;2.985
908;905;3.185
908;911;3.189
908;912;2.929
909;905;2.995
909;906;3.475
909;912;3.165
909;913;2.967
910;906;2.993
910;907;3.298
910;915;3.044
910;919;3.317
910;920;3.347
910;923;3.635
911;907;2.992
911;908;3.189
911;914;3.003
912;908;2.929
912;909;3.165
913;909;2.967
914;911;3.003
915;910;3.044
916;919;3.776
916;920;3.173
917;920;3.482
917;921;3.01
918;921;2.725
918;922;3.216
919;910;3.317
919;916;3.776
919;923;2.994
920;907;3.801
920;910;3.347
920;916;3.173
920;917;3.482
920;924;2.974
921;846;2.791
921;861;2.872
921;917;3.01
921;918;2.725
921;924;3.753
921;1320;3.924
922;918;3.216
922;925;3.045
922;1270;3.877
922;1317;3.033
922;1318;3.627
922;1319;3.138
923;910;3.635
923;919;2.994
924;861;3.741
924;920;2.974
924;921;3.753
924;927;2.749
925;922;3.045
925;928;2.753
925;929;3.33
925;1266;3.581
926;902;3.723
926;929;2.986
927;864;3.778
927;868;3.751
927;903;2.885
927;924;2.749
927;930;2.849
928;843;3.887
928;925;2.753
929;899;4.026
929;925;3.33
929;926;2.986
929;932;2.943
929;933;3.013
929;1262;3.81
930;836;3.692
930;839;3.621
930;867;3.622
930;927;2.849
930;933;2.968
930;934;3.172
931;843;4.02
931;934;2.98
931;1262;3.643
932;929;2.943
932;935;2.769
932;1262;3.807
933;871;3.66
933;874;3.593
933;896;2.93
933;899;3.728
933;929;3.013
933;930;2.968
933;936;2.919
934;836;3.782
934;930;3.172
934;931;2.98
934;937;2.98
934;938;2.94
935;932;2.769
935;938;3.208
935;941;3.497
935;945;3.708
936;896;2.791
936;933;2.919
936;942;2.881
937;829;3.113
937;833;3.429
937;934;2.98
938;934;2.94
938;935;3.208
938;941;3.47
938;942;3.012
939;942;3.674
940;943;3.097
940;944;2.925
941;935;3.497
941;938;3.47
941;944;3.356
941;945;2.962
941;1251;3.689
941;1254;3.846
941;1255;4.114
