source;destination;distance
0;3;2.764
1;47;3.52
2;7;3.545
2;48;3.701
3;0;2.764
4;7;3.23
4;8;2.989
5;9;2.969
6;10;2.977
7;2;3.545
7;4;3.23
7;10;3.11
7;11;2.977
7;43;3.998
7;47;3.815
8;4;2.989
8;11;3.456
8;12;2.994
9;5;2.969
9;12;3.476
9;13;2.916
10;6;2.977
10;7;3.11
10;14;2.958
11;7;2.977
11;8;3.456
11;14;3.38
11;15;3.024
11;44;3.612
12;8;2.994
12;9;3.476
12;16;2.983
12;103;3.988
12;104;3.935
13;9;2.916
13;16;3.341
13;17;2.943
14;10;2.958
14;11;3.38
14;18;3.011
14;37;3.757
15;11;3.024
15;19;2.983
15;37;3.822
15;99;3.848
15;100;3.575
16;12;2.983
16;13;3.341
16;19;3.159
16;20;3.086
17;13;2.943
17;20;3.345
17;21;2.99
18;14;3.011
18;21;3.494
18;22;2.95
18;37;3.02
18;96;3.113
19;15;2.983
19;16;3.159
19;22;3.162
19;23;3.393
19;97;3.499
19;597;3.592
20;16;3.086
20;17;3.345
20;23;3.079
21;17;2.99
21;18;3.494
21;24;2.996
21;30;3.628
21;33;3.375
22;18;2.95
22;19;3.162
22;93;4.035
22;96;3.927
22;97;3.97
23;19;3.393
23;20;3.079
23;597;3.72
24;21;2.996
24;27;4.048
25;604;3.226
25;631;3.737
25;632;3.286
26;30;3.845
27;24;4.048
27;30;2.844
27;31;3.395
28;31;2.717
28;32;2.965
29;32;3.341
29;33;3.001
30;21;3.628
30;26;3.845
30;27;2.844
30;33;3.368
30;34;2.993
31;27;3.395
31;28;2.717
31;34;3.432
31;35;3.011
32;28;2.965
32;29;3.341
32;35;3.483
32;36;2.698
33;21;3.375
33;29;3.001
33;30;3.368
33;36;3.35
33;37;2.97
34;30;2.993
34;31;3.432
34;37;3.216
34;38;2.929
34;80;3.718
34;93;2.746
34;96;3.746
35;31;3.011
35;32;3.483
35;38;3.445
35;39;2.992
35;81;3.842
36;32;2.698
36;33;3.35
36;39;3.329
36;40;2.997
37;14;3.757
37;15;3.822
37;18;3.02
37;33;2.97
37;34;3.216
37;40;3.076
37;41;2.857
37;96;3.826
38;34;2.929
38;35;3.445
38;42;2.784
38;80;2.618
39;35;2.992
39;36;3.329
39;42;3.168
39;43;2.996
40;36;2.997
40;37;3.076
40;43;3.389
40;44;2.912
41;37;2.857
41;45;2.812
41;73;3.468
41;99;3.503
42;38;2.784
42;39;3.168
42;45;3.339
42;46;2.978
43;7;3.998
43;39;2.996
43;40;3.389
43;46;3.394
43;47;3.051
44;11;3.612
44;40;2.912
44;47;3.246
44;48;2.791
44;99;2.638
45;41;2.812
45;42;3.339
45;49;2.985
45;56;3.953
45;73;3.968
46;42;2.978
46;43;3.394
46;50;3.058
46;51;4.025
47;1;3.52
47;7;3.815
47;43;3.051
47;44;3.246
48;2;3.701
48;44;2.791
48;66;3.147
48;69;2.645
49;45;2.985
49;56;4.003
49;59;3.862
49;66;3.666
50;46;3.058
50;53;3.048
50;55;3.589
51;46;4.025
52;55;3.672
52;58;3.455
53;50;3.048
53;56;2.983
54;57;2.994
55;50;3.589
55;52;3.672
55;58;3.003
56;45;3.953
56;49;4.003
56;53;2.983
56;59;3.041
56;70;3.928
57;54;2.994
57;60;3.035
58;52;3.455
58;55;3.003
58;61;3.013
59;49;3.862
59;56;3.041
59;62;2.983
59;63;3.744
59;66;3.496
59;67;3.988
59;70;3.814
60;57;3.035
61;58;3.013
62;59;2.983
63;59;3.744
63;66;3.474
63;67;2.944
64;67;3.463
64;68;3.042
65;68;2.986
65;69;3.027
65;108;3.211
65;111;3.805
66;48;3.147
66;49;3.666
66;59;3.496
66;63;3.474
66;69;3.713
66;70;2.976
67;59;3.988
67;63;2.944
67;64;3.463
67;70;3.426
67;71;2.945
68;64;3.042
68;65;2.986
68;72;3.007
68;101;3.924
69;48;2.645
69;65;3.027
69;66;3.713
69;72;3.393
69;73;2.95
69;99;3.322
69;102;2.563
70;56;3.928
70;59;3.814
70;66;2.976
70;67;3.426
70;73;3.046
70;74;2.982
71;67;2.945
71;74;3.462
71;75;2.989
72;68;3.007
72;69;3.393
72;76;2.938
72;95;3.559
73;41;3.468
73;45;3.968
73;69;2.95
73;70;3.046
73;76;3.446
73;77;2.898
74;70;2.982
74;71;3.462
74;77;3.365
74;78;3.003
75;71;2.989
75;78;3.492
75;79;2.999
75;89;3.548
75;92;3.304
76;72;2.938
76;73;3.446
76;79;3.02
76;80;2.861
77;73;2.898
77;74;3.365
77;81;2.986
78;74;3.003
78;75;3.492
78;82;3.002
79;75;2.999
79;76;3.02
79;83;3.992
79;89;2.671
80;34;3.718
80;38;2.618
80;76;2.861
80;83;3.026
80;96;3.848
81;35;3.842
81;77;2.986
82;78;3.002
82;84;2.989
83;79;3.992
83;80;3.026
83;90;2.94
83;93;3.501
84;82;2.989
85;89;3.465
86;89;3.102
86;90;3.354
87;90;2.969
87;91;3.075
87;606;3.801
88;91;3.082
89;75;3.548
89;79;2.671
89;85;3.465
89;86;3.102
89;92;3.039
90;83;2.94
90;86;3.354
90;87;2.969
91;87;3.075
91;88;3.082
91;94;2.978
91;605;2.773
91;606;3.854
92;75;3.304
92;89;3.039
92;95;2.833
93;22;4.035
93;34;2.746
93;83;3.501
93;96;2.863
94;91;2.978
94;97;2.957
94;598;3.995
94;601;3.624
94;602;3.651
95;72;3.559
95;92;2.833
95;98;3.132
95;99;3.04
95;598;3.985
96;18;3.113
96;22;3.927
96;34;3.746
96;37;3.826
96;80;3.848
96;93;2.863
97;19;3.499
97;22;3.97
97;94;2.957
97;100;3.043
98;95;3.132
98;101;2.931
98;598;3.937
99;15;3.848
99;41;3.503
99;44;2.638
99;69;3.322
99;95;3.04
99;102;2.953
100;15;3.575
100;97;3.043
100;103;2.99
100;104;2.968
100;107;3.58
100;594;3.508
101;68;3.924
101;98;2.931
101;111;3.921
102;69;2.563
102;99;2.953
102;108;2.784
103;12;3.988
103;100;2.99
104;12;3.935
104;100;2.968
104;107;3.08
104;108;2.988
105;108;3.423
105;109;2.949
106;110;3.128
106;587;3.44
107;100;3.58
107;104;3.08
107;110;3.429
107;111;3.003
107;591;3.709
108;65;3.211
108;102;2.784
108;104;2.988
108;105;3.423
108;111;3.45
108;112;2.982
109;105;2.949
109;112;3.127
109;113;3.021
110;106;3.128
110;107;3.429
110;113;3.138
110;114;2.996
110;587;3.286
110;588;3.991
111;65;3.805
111;101;3.921
111;107;3.003
111;108;3.45
111;114;3.261
111;115;3.039
112;108;2.982
112;109;3.127
112;115;3.369
112;116;3.024
113;109;3.021
113;110;3.138
113;116;3.292
113;117;3.023
114;110;2.996
114;111;3.261
114;117;3.047
114;118;3.122
114;676;3.841
115;111;3.039
115;112;3.369
115;118;2.956
115;119;3.411
116;112;3.024
116;113;3.292
116;119;2.799
116;256;3.708
117;113;3.023
117;114;3.047
117;120;3.091
117;121;3.006
118;114;3.122
118;115;2.956
118;122;3.005
119;115;3.411
119;116;2.799
119;122;3.294
119;260;2.715
120;117;3.091
120;123;3.369
120;256;3.803
120;259;2.607
120;260;2.769
121;117;3.006
121;125;2.928
122;118;3.005
122;119;3.294
122;126;3.018
123;120;3.369
123;126;3.176
123;127;3.093
123;1241;3.464
123;1242;2.907
124;127;3.427
124;128;3.146
124;245;3.602
124;1245;3.957
125;121;2.928
125;128;3.349
125;129;2.923
126;122;3.018
126;123;3.176
126;129;3.357
126;130;3.004
127;123;3.093
127;124;3.427
127;131;2.97
127;1242;3.944
127;1245;3.772
128;124;3.146
128;125;3.349
128;131;3.362
128;132;2.896
128;245;3.399
129;125;2.923
129;126;3.357
129;132;3.489
129;133;3.026
130;126;3.004
130;133;3.392
130;134;2.947
130;1232;3.624
130;1235;3.389
130;1236;3.678
131;127;2.97
131;128;3.362
131;134;3.414
131;135;2.872
132;128;2.896
132;129;3.489
132;136;2.971
132;205;3.705
132;208;3.958
133;129;3.026
133;130;3.392
133;136;3.236
133;137;3.003
134;130;2.947
134;131;3.414
134;137;3.242
134;138;2.988
134;1143;3.715
134;1232;3.751
135;131;2.872
135;139;2.951
135;208;3.55
135;234;3.704
135;238;3.883
135;241;3.582
136;132;2.971
136;133;3.236
136;140;2.926
136;201;3.793
136;205;3.878
137;133;3.003
137;134;3.242
137;140;3.295
137;141;3.105
137;201;3.813
137;1229;3.938
138;134;2.988
138;141;2.977
138;142;3.305
138;234;3.606
138;1226;3.446
138;1229;3.919
139;135;2.951
139;142;3.371
139;143;2.933
139;198;3.57
140;136;2.926
140;137;3.295
140;144;3.71
140;200;3.561
140;201;3.848
141;137;3.105
141;138;2.977
141;1226;3.855
141;1229;3.33
142;138;3.305
142;139;3.371
142;1222;3.645
142;1226;3.772
143;139;2.933
143;221;2.953
143;231;3.435
143;234;3.685
143;235;3.799
144;140;3.71
144;199;4.001
145;150;2.715
145;194;3.016
146;188;3.069
146;192;3.663
146;193;3.867
146;194;3.512
147;150;2.959
147;151;3.723
147;189;3.886
147;192;2.818
148;192;2.789
148;195;3.766
148;199;2.682
149;153;3.873
149;155;3.681
150;145;2.715
150;147;2.959
150;154;3.392
150;189;2.833
151;147;3.723
151;184;3.758
151;187;2.926
152;184;3.595
153;149;3.873
153;182;2.698
154;150;3.392
155;149;3.681
156;159;3.919
157;159;3.614
158;161;3.666
158;178;3.633
159;156;3.919
159;157;3.614
160;169;3.26
160;177;3.462
160;178;2.816
161;158;3.666
162;168;3.116
163;166;2.629
164;168;2.717
165;171;2.7
166;163;2.629
166;171;3.876
167;170;3.628
167;171;2.976
167;176;3.312
167;178;3.641
168;162;3.116
168;164;2.717
169;160;3.26
170;167;3.628
170;172;3.118
171;165;2.7
171;166;3.876
171;167;2.976
171;174;3.088
172;170;3.118
172;173;3.894
173;172;3.894
174;171;3.088
174;176;3.01
175;180;3.599
175;181;3.95
176;167;3.312
176;174;3.01
176;179;3.431
177;160;3.462
178;158;3.633
178;160;2.816
178;167;3.641
179;176;3.431
180;175;3.599
181;175;3.95
182;153;2.698
183;993;4.042
183;995;3.643
184;151;3.758
184;152;3.595
185;997;4.123
186;994;3.833
187;151;2.926
187;189;2.999
188;146;3.069
189;147;3.886
189;150;2.833
189;187;2.999
190;193;3.283
190;994;3.854
191;992;2.619
191;994;3.392
192;146;3.663
192;147;2.818
192;148;2.789
192;195;3.061
193;146;3.867
193;190;3.283
193;224;3.397
193;225;3.783
194;145;3.016
194;146;3.512
195;148;3.766
195;192;3.061
195;198;2.992
195;199;3.027
195;203;3.894
196;203;3.089
197;203;3.38
197;221;3.531
198;139;3.57
198;195;2.992
198;203;4.018
198;204;3.364
198;207;3.617
198;221;3.115
198;235;3.978
199;144;4.001
199;148;2.682
199;195;3.027
200;140;3.561
200;203;2.814
200;204;2.992
201;136;3.793
201;137;3.813
201;140;3.848
201;205;2.978
202;206;2.969
203;195;3.894
203;196;3.089
203;197;3.38
203;198;4.018
203;200;2.814
203;206;3.385
203;207;2.992
204;198;3.364
204;200;2.992
204;207;3.236
204;208;2.963
205;132;3.705
205;136;3.878
205;201;2.978
205;209;2.943
206;202;2.969
206;203;3.385
206;209;3.094
206;210;2.985
206;664;3.821
207;198;3.617
207;203;2.992
207;204;3.236
207;210;3.294
207;211;2.932
208;132;3.958
208;135;3.55
208;204;2.963
208;211;3.865
208;212;2.955
209;205;2.943
209;206;3.094
209;212;3.251
209;213;2.961
209;668;3.533
209;671;4.059
209;672;3.906
210;206;2.985
210;207;3.294
210;214;2.961
210;215;2.8
210;216;3.902
210;647;3.533
211;207;2.932
211;208;3.865
211;214;3.035
211;217;3.594
211;235;3.871
211;238;3.726
211;239;3.712
212;208;2.955
212;209;3.251
213;209;2.961
213;671;3.591
214;210;2.961
214;211;3.035
214;1307;2.647
214;1309;3.094
215;210;2.8
215;646;3.815
215;647;3.33
216;210;3.902
216;219;3.849
216;220;3.034
216;647;5.744
216;1314;3.921
217;211;3.594
217;221;3.097
217;222;3.136
217;236;3.95
217;239;3.306
217;1300;3.824
217;1303;3.568
217;1304;3.546
218;222;3.136
218;223;2.813
218;1300;3.769
218;1304;3.549
218;1339;3.488
218;1340;2.772
218;1341;3.173
219;216;3.849
219;223;3.665
219;1314;3.34
219;1341;3.282
220;216;3.034
220;223;3.116
221;143;2.953
221;197;3.531
221;198;3.115
221;217;3.097
221;231;3.13
221;235;6.096
222;217;3.136
222;218;3.136
222;225;2.95
222;232;3.41
222;1300;3.093
222;1339;3.479
223;218;2.813
223;219;3.665
223;220;3.116
223;1290;3.761
223;1338;3.808
223;1339;3.322
224;193;3.397
225;193;3.783
225;222;2.95
225;227;2.955
225;228;3.142
225;231;3.42
226;228;3.181
226;1290;3.851
226;1297;3.754
226;1335;2.981
226;1338;3.545
227;225;2.955
227;231;3.03
228;225;3.142
228;226;3.181
228;231;2.986
228;232;2.941
228;1336;3.762
228;1337;3.754
229;232;3.626
229;233;2.932
229;1334;2.845
229;1336;2.768
230;1219;3.606
230;1222;3.819
230;1223;3.225
230;1336;2.71
231;143;3.435
231;221;3.13
231;225;3.42
231;227;3.03
231;228;2.986
231;234;3.027
231;235;3.426
232;222;3.41
232;228;2.941
232;229;3.626
232;235;3.384
232;236;2.945
232;1300;3.534
232;1337;4.045
233;229;2.932
233;237;2.994
234;135;3.704
234;138;3.606
234;143;3.685
234;231;3.027
234;237;3.034
234;238;2.967
235;143;3.799
235;198;3.978
235;211;3.871
235;221;6.096
235;231;3.426
235;232;3.384
235;238;3.296
235;239;2.999
236;217;3.95
236;232;2.945
236;239;3.047
236;240;2.978
236;1303;4.02
237;233;2.994
237;234;3.034
237;241;2.932
238;135;3.883
238;211;3.726
238;234;2.967
238;235;3.296
238;242;2.908
239;211;3.712
239;217;3.306
239;235;2.999
239;236;3.047
239;243;2.965
239;1303;3.375
240;236;2.978
240;244;2.948
240;1303;3.339
241;135;3.582
241;237;2.932
241;245;2.909
242;238;2.908
242;246;2.935
243;239;2.965
243;246;3.272
243;247;2.945
244;240;2.948
244;247;3.378
244;248;2.945
244;1249;3.682
244;1256;3.304
245;124;3.602
245;128;3.399
245;241;2.909
245;248;3.197
245;249;2.882
246;242;2.935
246;243;3.272
246;249;3.417
246;250;2.964
247;243;2.945
247;244;3.378
247;250;3.855
247;251;3.009
247;1367;3.765
248;244;2.945
248;245;3.197
248;251;3.869
248;252;2.902
248;1245;3.204
248;1248;3.672
249;245;2.882
249;246;3.417
249;253;2.941
249;679;3.716
250;246;2.964
250;247;3.855
250;254;3.091
250;679;3.696
250;682;3.667
250;1364;3.545
251;247;3.009
251;248;3.869
251;254;3.451
251;255;2.903
251;1367;3.96
251;1368;3.94
251;1371;3.477
252;248;2.902
252;256;2.929
253;249;2.941
253;256;3.334
253;257;3.088
253;679;4.032
253;683;3.758
254;250;3.091
254;251;3.451
254;257;3.256
254;258;3.069
254;682;3.64
254;683;4.016
254;686;3.373
254;1368;3.449
255;251;2.903
255;259;2.856
255;1372;3.648
256;116;3.708
256;120;3.803
256;252;2.929
256;253;3.334
256;260;3.009
257;253;3.088
257;254;3.256
257;261;3.067
257;683;3.701
258;254;3.069
258;261;3.242
258;262;2.93
258;690;3.936
258;1372;3.68
259;120;2.607
259;255;2.856
259;262;3.073
259;263;3.515
260;119;2.715
260;120;2.769
260;256;3.009
260;269;2.783
261;257;3.067
261;258;3.242
261;268;3.946
261;269;2.721
261;270;3.101
262;258;2.93
262;259;3.073
262;268;3.41
262;270;3.859
263;259;3.515
263;267;2.824
263;268;2.768
264;699;3.54
265;271;3.64
265;273;3.895
266;268;3.867
266;271;3.989
267;263;2.824
268;261;3.946
268;262;3.41
268;263;2.768
268;266;3.867
268;271;3.176
269;260;2.783
269;261;2.721
270;261;3.101
270;262;3.859
270;271;4.026
271;265;3.64
271;266;3.989
271;268;3.176
271;270;4.026
271;273;3.002
272;275;3.009
272;279;3.619
273;265;3.895
273;271;3.002
273;697;3.853
274;276;2.909
274;279;3.765
274;282;3.695
274;697;4.017
274;712;3.585
275;272;3.009
276;274;2.909
276;279;2.815
276;697;4.022
277;280;3.077
277;288;3.085
277;289;2.78
277;290;2.788
278;281;2.9
278;282;2.574
278;712;2.734
278;713;3.74
279;272;3.619
279;274;3.765
279;276;2.815
279;282;3.018
280;277;3.077
281;278;2.9
281;285;3.854
281;286;3.386
281;288;2.798
281;289;2.765
282;274;3.695
282;278;2.574
282;279;3.018
282;287;3.962
283;285;2.99
284;710;2.622
285;281;3.854
285;283;2.99
286;281;3.386
286;714;2.767
286;720;3.509
287;282;3.962
287;718;3.95
288;277;3.085
288;281;2.798
289;277;2.78
289;281;2.765
290;277;2.788
291;292;3.453
291;305;2.703
292;291;3.453
292;694;3.642
293;693;2.802
293;694;3.502
293;1083;3.963
293;1087;3.527
294;1084;3.163
294;1087;3.225
294;1088;3.874
295;304;3.305
296;304;3.858
297;302;2.763
298;956;3.648
299;952;3.351
300;302;3.305
301;302;2.858
301;959;4.13
302;297;2.763
302;300;3.305
302;301;2.858
303;308;4.036
304;295;3.305
304;296;3.858
304;306;2.62
305;291;2.703
305;313;3.218
306;304;2.62
306;313;3.007
307;310;2.956
308;303;4.036
309;725;2.737
310;307;2.956
310;313;3.802
311;319;2.958
311;320;2.775
311;321;3.935
312;314;3.006
313;305;3.218
313;306;3.007
313;310;3.802
314;312;3.006
314;323;2.605
315;319;3.82
315;730;2.726
316;324;3.21
317;728;2.613
317;731;3.574
317;732;3.569
318;321;3.042
318;322;2.759
318;324;2.698
319;311;2.958
319;315;3.82
319;728;2.847
319;730;2.642
320;311;2.775
320;725;3.691
321;311;3.935
321;318;3.042
322;318;2.759
322;327;3.1
323;314;2.605
323;326;2.958
323;327;2.885
324;316;3.21
324;318;2.698
325;328;2.841
325;329;4.006
325;330;3.94
326;323;2.958
327;322;3.1
327;323;2.885
328;325;2.841
329;325;4.006
330;325;3.94
330;331;3.16
331;330;3.16
332;438;3.867
332;439;2.875
332;440;2.695
333;436;2.9
333;437;3.938
333;438;3.736
334;433;3.696
334;436;3.97
335;433;3.001
335;434;3.535
336;433;2.802
337;433;2.632
338;433;4.015
339;341;2.927
339;342;3.564
339;348;3.798
340;344;3.429
341;339;2.927
342;339;3.564
342;349;3.745
343;346;2.678
343;431;3.773
343;432;3.563
344;340;3.429
345;349;3.956
346;343;2.678
346;430;2.633
346;431;2.88
347;432;2.902
347;434;2.755
348;339;3.798
349;342;3.745
349;345;3.956
350;356;3.876
351;356;3.414
351;357;3.639
352;355;3.024
352;357;3.045
353;358;2.967
354;367;3.745
355;352;3.024
356;350;3.876
356;351;3.414
357;351;3.639
357;352;3.045
358;353;2.967
358;360;2.863
359;363;3.712
360;358;2.863
360;363;2.998
360;367;3.931
361;364;2.644
362;365;3.015
362;366;2.986
362;367;3.794
363;359;3.712
363;360;2.998
363;366;3.032
364;361;2.644
365;362;3.015
366;362;2.986
366;363;3.032
366;368;3.457
367;354;3.745
367;360;3.931
367;362;3.794
368;366;3.457
369;371;3.842
370;375;3.508
371;369;3.842
372;389;2.903
373;390;2.772
373;394;3.661
374;377;2.963
375;370;3.508
375;379;3.978
376;378;2.993
376;379;3.025
376;380;3.336
376;381;2.748
377;374;2.963
378;376;2.993
379;375;3.978
379;376;3.025
380;376;3.336
381;376;2.748
381;384;2.986
381;385;3.033
382;384;3.026
383;386;2.981
384;381;2.986
384;382;3.026
385;381;3.033
386;383;2.981
387;391;2.585
388;391;2.998
389;372;2.903
390;373;2.772
390;392;2.989
390;393;3.008
390;394;3.495
391;387;2.585
391;388;2.998
392;390;2.989
393;390;3.008
394;373;3.661
394;390;3.495
395;396;3.009
396;395;3.009
397;398;2.813
398;397;2.813
399;402;2.792
400;402;2.606
400;406;3.896
400;407;3.731
401;408;4.013
402;399;2.792
402;400;2.606
402;406;2.779
403;405;2.66
404;406;2.987
405;403;2.66
406;400;3.896
406;402;2.779
406;404;2.987
407;400;3.731
407;409;2.981
408;401;4.013
409;407;2.981
410;412;3.057
411;413;2.73
412;410;3.057
412;414;2.785
413;411;2.73
413;415;3.031
414;412;2.785
415;413;3.031
416;417;3.44
417;416;3.44
418;420;3.975
419;421;3.38
419;425;3.977
420;418;3.975
421;419;3.38
422;423;3.036
423;422;3.036
424;426;2.807
425;419;3.977
426;424;2.807
426;428;2.995
426;429;3.011
427;430;3.522
428;426;2.995
429;426;3.011
430;346;2.633
430;427;3.522
431;343;3.773
431;346;2.88
431;434;3.799
431;435;3.369
432;343;3.563
432;347;2.902
433;334;3.696
433;335;3.001
433;336;2.802
433;337;2.632
433;338;4.015
434;335;3.535
434;347;2.755
434;431;3.799
435;431;3.369
436;333;2.9
436;334;3.97
436;438;3.119
437;333;3.938
438;332;3.867
438;333;3.736
438;436;3.119
439;332;2.875
439;445;3.775
440;332;2.695
441;444;3.02
442;445;2.992
442;446;2.995
442;447;3.869
443;448;3.561
443;449;2.829
443;450;3.668
444;441;3.02
445;439;3.775
445;442;2.992
446;442;2.995
447;442;3.869
448;443;3.561
449;443;2.829
450;443;3.668
450;451;3.426
451;450;3.426
452;455;2.733
453;456;3.471
454;457;3.036
455;452;2.733
455;459;3.108
456;453;3.471
457;454;3.036
457;460;2.868
457;462;2.939
457;465;2.883
457;466;2.716
458;461;3.874
458;462;3.604
458;518;3.032
458;519;2.75
459;455;3.108
460;457;2.868
460;463;3.473
461;458;3.874
461;518;3.534
462;457;2.939
462;458;3.604
462;465;2.982
463;460;3.473
463;466;3.001
464;515;3.554
465;457;2.883
465;462;2.982
465;520;3.476
466;457;2.716
466;463;3.001
466;469;2.93
466;470;3.131
467;471;2.961
468;472;2.953
469;466;2.93
469;472;3.257
469;473;3.012
470;466;3.131
470;473;3.359
470;474;2.925
470;567;2.693
470;568;2.54
471;467;2.961
471;474;3.23
471;475;2.971
472;468;2.953
472;469;3.257
472;476;3.047
473;469;3.012
473;470;3.359
473;476;3.359
473;477;2.975
473;512;3.796
473;564;3.952
474;470;2.925
474;471;3.23
474;477;3.008
474;478;3.088
474;568;2.672
474;569;3.524
475;471;2.971
475;478;3.43
475;479;2.999
476;472;3.047
476;473;3.359
476;479;3.439
476;480;2.979
476;505;3.662
477;473;2.975
477;474;3.008
477;480;3.096
477;481;3.035
477;509;3.29
477;562;3.92
477;564;3.926
477;565;3.784
478;474;3.088
478;475;3.43
478;481;3.12
478;482;3.268
478;565;3.903
479;475;2.999
479;476;3.439
479;482;3.473
479;483;2.994
480;476;2.979
480;477;3.096
480;483;3.293
480;484;2.986
480;505;3.177
480;561;3.117
481;477;3.035
481;478;3.12
481;485;3.043
481;562;3.636
482;478;3.268
482;479;3.473
482;485;3.228
482;486;2.99
483;479;2.994
483;480;3.293
483;486;3.113
483;487;2.944
483;498;3.481
484;480;2.986
484;487;3.028
484;561;3.784
484;562;3.644
484;974;4.013
485;481;3.043
485;482;3.228
486;482;2.99
486;483;3.113
486;490;3.5
487;483;2.944
487;484;3.028
487;491;2.802
487;498;3.974
487;502;3.367
488;491;2.969
488;1018;3.168
488;1019;3.033
489;492;2.947
489;493;3.056
490;486;3.5
490;494;3.008
491;487;2.802
491;488;2.969
491;495;2.785
492;489;2.947
492;495;2.724
493;489;3.056
494;490;3.008
494;497;3.059
494;498;2.955
495;491;2.785
495;492;2.724
495;499;2.961
496;499;3.281
496;500;3.007
497;494;3.059
497;500;3.945
497;501;2.972
498;483;3.481
498;487;3.974
498;494;2.955
498;501;3.329
498;502;2.935
499;495;2.961
499;496;3.281
499;502;3.361
499;503;3.025
500;496;3.007
500;497;3.945
500;504;2.975
501;497;2.972
501;498;3.329
501;504;3.426
501;505;2.96
502;487;3.367
502;498;2.935
502;499;3.361
502;505;3.393
502;506;3.111
502;561;3.26
503;499;3.025
503;506;3.336
503;507;3.015
503;545;3.788
503;546;3.363
504;500;2.975
504;501;3.426
504;507;3.026
504;508;3.058
505;476;3.662
505;480;3.177
505;501;2.96
505;502;3.393
505;508;2.991
505;509;3.321
506;502;3.111
506;503;3.336
506;509;2.963
506;541;2.755
506;542;3.725
506;545;3.734
506;546;4.039
507;503;3.015
507;504;3.026
507;510;2.842
508;504;3.058
508;505;2.991
508;511;3.05
508;512;3.156
509;477;3.29
509;505;3.321
509;506;2.963
509;513;2.986
509;538;3.704
509;542;3.919
509;564;3.445
510;507;2.842
510;513;3.396
510;514;3.033
510;542;3.401
511;508;3.05
511;515;3.071
512;473;3.796
512;508;3.156
512;515;3.348
512;516;2.95
512;564;2.733
512;567;2.727
513;509;2.986
513;510;3.396
513;517;2.993
513;535;3.446
513;538;3.645
514;510;3.033
514;517;3.22
514;518;3.084
515;464;3.554
515;511;3.071
515;512;3.348
515;518;3.977
515;519;2.986
516;512;2.95
516;519;3.016
516;520;3.018
516;524;2.663
516;525;3.571
516;531;2.758
517;513;2.993
517;514;3.22
517;525;3.8
518;458;3.032
518;461;3.534
518;514;3.084
518;515;3.977
519;458;2.75
519;515;2.986
519;516;3.016
520;465;3.476
520;516;3.018
520;524;3.795
521;524;2.998
521;525;2.962
522;526;2.978
523;527;2.757
524;516;2.663
524;520;3.795
524;521;2.998
524;527;3.077
524;528;2.939
525;516;3.571
525;517;3.8
525;521;2.962
525;531;3.228
525;535;3.253
526;522;2.978
527;523;2.757
527;524;3.077
528;524;2.939
528;531;2.966
528;532;3.057
529;532;3.937
529;533;3.019
530;534;2.979
530;572;2.875
530;575;3.892
531;516;2.758
531;525;3.228
531;528;2.966
531;535;2.962
532;528;3.057
532;529;3.937
532;536;2.997
533;529;3.019
533;536;3.446
533;537;3.026
534;530;2.979
534;537;3.168
534;538;2.909
534;564;2.638
534;567;3.887
535;513;3.446
535;525;3.253
535;531;2.962
535;539;3.003
536;532;2.997
536;533;3.446
536;539;3.208
536;540;3.06
537;533;3.026
537;534;3.168
537;541;3.012
538;509;3.704
538;513;3.645
538;534;2.909
538;542;2.93
538;564;3.717
539;535;3.003
539;536;3.208
539;543;3.006
540;536;3.06
540;544;3.154
540;557;3.557
541;506;2.755
541;537;3.012
541;545;3.206
541;561;3.119
542;506;3.725
542;509;3.919
542;510;3.401
542;538;2.93
542;545;3.16
542;546;2.902
543;539;3.006
543;546;3.36
543;547;3.007
544;540;3.154
544;548;3.009
544;549;3.005
544;558;3.696
545;503;3.788
545;506;3.734
545;541;3.206
545;542;3.16
545;549;3.758
545;558;3.997
546;503;3.363
546;506;4.039
546;542;2.902
546;543;3.36
547;543;3.007
548;544;3.009
548;550;2.925
549;544;3.005
549;545;3.758
549;555;2.808
550;548;2.925
550;555;3.336
551;554;2.774
552;556;2.935
553;556;3.291
553;557;2.971
553;1058;4.038
554;551;2.774
554;557;3.091
554;558;3.063
555;549;2.808
555;550;3.336
555;558;2.932
556;552;2.935
556;553;3.291
556;559;2.95
556;560;3.45
556;978;2.729
557;540;3.557
557;553;2.971
557;554;3.091
557;560;2.993
558;544;3.696
558;545;3.997
558;554;3.063
558;555;2.932
558;561;3.023
559;556;2.95
559;562;3.173
559;974;3.741
559;975;3.893
560;556;3.45
560;557;2.993
560;563;2.883
560;971;3.804
560;975;3.966
561;480;3.117
561;484;3.784
561;502;3.26
561;541;3.119
561;558;3.023
561;564;2.929
562;477;3.92
562;481;3.636
562;484;3.644
562;559;3.173
562;565;2.885
562;967;3.738
562;971;3.5
563;560;2.883
563;566;2.759
563;968;3.351
563;971;3.485
564;473;3.952
564;477;3.926
564;509;3.445
564;512;2.733
564;534;2.638
564;538;3.717
564;561;2.929
564;567;2.972
565;477;3.784
565;478;3.903
565;562;2.885
565;568;2.991
565;569;2.945
565;571;3.827
565;967;3.552
566;563;2.759
566;571;4.027
567;470;2.693
567;512;2.727
567;534;3.887
567;564;2.972
568;470;2.54
568;474;2.672
568;565;2.991
569;474;3.524
569;565;2.945
569;571;3.86
569;572;3.005
570;573;3.173
570;574;2.936
570;960;3.219
571;565;3.827
571;566;4.027
571;569;3.86
571;574;3.115
571;575;3.009
571;964;3.48
572;530;2.875
572;569;3.005
572;575;3.838
572;576;3.083
573;570;3.173
573;576;3.47
573;577;2.994
574;570;2.936
574;571;3.115
574;577;3.268
574;578;2.944
574;964;3.651
575;530;3.892
575;571;3.009
575;572;3.838
575;579;3.07
576;572;3.083
576;573;3.47
576;579;3.354
576;580;2.749
577;573;2.994
577;574;3.268
577;580;3.337
577;581;2.934
577;1076;3.718
578;574;2.944
578;581;3.248
578;582;3.047
578;1072;3.537
578;1076;3.873
579;575;3.07
579;576;3.354
579;582;3.023
580;576;2.749
580;577;3.337
580;583;2.956
581;577;2.934
581;578;3.248
581;584;3.091
581;585;3.071
581;685;3.616
581;1072;3.498
581;1076;3.753
582;578;3.047
582;579;3.023
582;586;2.98
582;1072;3.718
583;580;2.956
583;586;3.004
584;581;3.091
584;685;3.915
585;581;3.071
585;588;3.269
585;589;2.877
585;681;3.655
585;1072;3.81
586;582;2.98
586;583;3.004
586;590;3.042
587;106;3.44
587;110;3.286
587;590;3.197
587;591;3.254
588;110;3.991
588;585;3.269
588;591;3.11
588;592;3.019
588;680;3.442
588;681;3.783
589;585;2.877
589;593;2.935
590;586;3.042
590;587;3.197
590;593;3.303
590;594;3.062
591;107;3.709
591;587;3.254
591;588;3.11
591;594;3.46
591;595;3.041
592;588;3.019
592;595;3.478
592;596;2.967
592;643;3.945
593;589;2.935
593;590;3.303
593;597;2.981
594;100;3.508
594;590;3.062
594;591;3.46
594;597;3.278
594;598;3.019
595;591;3.041
595;592;3.478
595;598;3.273
595;599;2.958
595;673;3.685
596;592;2.967
596;600;2.933
596;636;3.501
596;639;3.79
597;19;3.592
597;23;3.72
597;593;2.981
597;594;3.278
597;600;3.262
597;601;3.009
597;632;3.496
598;94;3.995
598;95;3.985
598;98;3.937
598;594;3.019
598;595;3.273
598;601;3.253
598;602;3.012
599;595;2.958
599;603;2.935
599;639;3.72
599;669;4.073
599;670;3.516
599;673;3.884
600;596;2.933
600;597;3.262
600;603;3.27
600;604;2.995
600;632;3.768
600;635;3.978
601;94;3.624
601;597;3.009
601;598;3.253
601;605;3.216
602;94;3.651
602;598;3.012
602;606;3.003
603;599;2.935
603;600;3.27
603;607;3.009
603;608;2.814
603;629;3.781
604;25;3.226
604;600;2.995
604;608;3.067
604;609;3.188
604;631;4.066
605;91;2.773
605;601;3.216
606;87;3.801
606;91;3.854
606;602;3.003
606;609;2.787
607;603;3.009
607;610;3.006
607;611;3.567
607;625;3.459
607;629;4.148
607;663;3.416
607;666;4.0
608;603;2.814
608;604;3.067
608;625;3.71
608;630;3.902
609;604;3.188
609;606;2.787
610;607;3.006
610;622;3.965
610;625;2.957
611;607;3.567
611;623;3.08
611;625;2.965
611;651;3.798
611;652;3.367
611;659;2.695
611;663;3.444
612;616;3.85
612;621;2.623
612;622;3.796
612;623;3.975
612;652;3.72
612;653;2.932
613;616;2.999
613;617;2.852
613;618;2.805
613;619;2.756
614;652;4.154
614;653;2.75
614;655;3.597
615;618;3.836
616;612;3.85
616;613;2.999
617;613;2.852
618;613;2.805
618;615;3.836
618;1005;4.031
619;613;2.756
620;626;3.521
620;627;3.241
621;612;2.623
622;610;3.965
622;612;3.796
622;626;3.404
623;611;3.08
623;612;3.975
623;626;3.246
623;627;3.091
623;650;2.725
623;651;3.708
624;627;3.079
624;628;2.864
624;638;4.024
624;649;3.87
625;607;3.459
625;608;3.71
625;610;2.957
625;611;2.965
625;629;3.7
625;651;3.538
626;620;3.521
626;622;3.404
626;623;3.246
626;630;3.613
627;620;3.241
627;623;3.091
627;624;3.079
627;634;3.781
627;1046;3.668
628;624;2.864
628;634;3.335
628;637;4.009
628;638;3.846
628;641;3.988
628;1037;3.463
628;1041;3.812
629;603;3.781
629;607;4.148
629;625;3.7
629;634;3.809
629;638;3.607
629;651;4.017
630;608;3.902
630;626;3.613
630;1050;2.722
631;25;3.737
631;604;4.066
631;634;2.826
631;635;2.735
631;1053;2.704
632;25;3.286
632;597;3.496
632;600;3.768
632;636;2.96
633;636;3.115
633;637;2.968
633;1053;3.934
633;1056;4.014
633;1057;3.559
633;1060;3.715
634;627;3.781
634;628;3.335
634;629;3.809
634;631;2.826
634;637;3.341
634;638;2.985
634;1041;2.928
635;600;3.978
635;631;2.735
635;639;2.972
636;596;3.501
636;632;2.96
636;633;3.115
636;639;3.437
636;640;2.985
637;628;4.009
637;633;2.968
637;634;3.341
637;640;3.206
637;641;3.025
637;1041;3.851
637;1060;3.625
638;624;4.024
638;628;3.846
638;629;3.607
638;634;2.985
638;641;3.149
638;642;3.002
638;648;3.824
639;596;3.79
639;599;3.72
639;635;2.972
639;636;3.437
639;642;3.361
639;643;2.991
639;670;4.034
640;636;2.985
640;637;3.206
640;643;3.099
640;644;3.158
640;1033;3.952
640;1036;3.602
640;1060;3.695
640;1067;3.895
641;628;3.988
641;637;3.025
641;638;3.149
641;647;2.925
641;649;3.993
641;1037;3.514
642;638;3.002
642;639;3.361
642;645;2.998
642;667;3.391
642;670;3.573
642;671;3.95
643;592;3.945
643;639;2.991
643;640;3.099
643;674;3.723
644;640;3.158
644;1033;3.426
645;642;2.998
645;667;2.81
645;671;4.01
646;215;3.815
647;210;3.533
647;215;3.33
647;216;5.744
647;641;2.925
647;667;3.897
647;1038;3.87
648;638;3.824
648;651;3.504
648;667;3.273
649;624;3.87
649;641;3.993
649;1038;3.468
650;623;2.725
651;611;3.798
651;623;3.708
651;625;3.538
651;629;4.017
651;648;3.504
651;660;3.317
651;663;3.413
652;611;3.367
652;612;3.72
652;614;4.154
652;656;3.389
652;660;3.013
653;612;2.932
653;614;2.75
653;660;3.589
654;991;4.146
655;614;3.597
656;652;3.389
656;659;2.75
656;660;3.05
657;661;2.942
658;661;3.25
658;662;3.02
659;611;2.695
659;656;2.75
659;662;3.275
659;663;3.097
660;651;3.317
660;652;3.013
660;653;3.589
660;656;3.05
660;663;3.403
660;664;2.891
661;657;2.942
661;658;3.25
661;664;3.363
661;665;3.0
662;658;3.02
662;659;3.275
662;665;3.427
662;666;3.247
663;607;3.416
663;611;3.444
663;651;3.413
663;659;3.097
663;660;3.403
663;667;2.963
664;206;3.821
664;660;2.891
664;661;3.363
664;667;3.235
664;668;2.96
665;661;3.0
665;662;3.427
665;668;3.41
665;669;3.025
666;607;4.0
666;662;3.247
666;669;3.32
666;670;3.003
667;642;3.391
667;645;2.81
667;647;3.897
667;648;3.273
667;663;2.963
667;664;3.235
667;670;3.292
667;671;2.973
668;209;3.533
668;664;2.96
668;665;3.41
668;671;3.451
668;672;3.007
669;599;4.073
669;665;3.025
669;666;3.32
669;673;3.017
670;599;3.516
670;639;4.034
670;642;3.573
670;666;3.003
670;667;3.292
670;674;2.955
671;209;4.059
671;213;3.591
671;642;3.95
671;645;4.01
671;667;2.973
671;668;3.451
671;675;2.936
672;209;3.906
672;668;3.007
672;675;3.434
672;676;3.03
673;595;3.685
673;599;3.884
673;669;3.017
673;676;3.473
673;677;2.995
674;643;3.723
674;670;2.955
674;677;3.227
674;678;2.944
675;671;2.936
675;672;3.434
675;678;3.22
675;679;2.981
676;114;3.841
676;672;3.03
676;673;3.473
676;680;3.041
677;673;2.995
677;674;3.227
677;680;3.289
677;681;2.919
678;674;2.944
678;675;3.22
678;681;3.109
678;682;3.062
679;249;3.716
679;250;3.696
679;253;4.032
679;675;2.981
679;683;3.018
680;588;3.442
680;676;3.041
680;677;3.289
680;684;2.916
681;585;3.655
681;588;3.783
681;677;2.919
681;678;3.109
681;684;3.391
681;685;3.1
681;1075;3.561
682;250;3.667
682;254;3.64
682;678;3.062
682;685;3.431
682;686;2.934
682;1075;3.598
682;1078;3.729
682;1364;6.35
683;253;3.758
683;254;4.016
683;257;3.701
683;679;3.018
683;687;2.953
684;680;2.916
684;681;3.391
684;688;3.053
685;581;3.616
685;584;3.915
685;681;3.1
685;682;3.431
685;688;3.296
685;689;3.015
685;1075;3.619
685;1079;3.472
686;254;3.373
686;682;2.934
686;689;3.376
686;690;2.952
686;1082;3.52
687;683;2.953
687;690;3.329
687;691;2.81
688;684;3.053
688;685;3.296
688;691;3.219
688;692;2.783
689;685;3.015
689;686;3.376
689;692;3.002
689;693;2.999
689;1079;3.463
689;1083;3.573
690;258;3.936
690;686;2.952
690;687;3.329
690;695;3.544
690;1083;3.601
690;1086;3.412
691;687;2.81
691;688;3.219
691;695;3.855
692;688;2.783
692;689;3.002
693;293;2.802
693;689;2.999
693;1083;3.802
694;292;3.642
694;293;3.502
695;690;3.544
695;691;3.855
696;1086;3.617
696;1090;3.837
697;273;3.853
697;274;4.017
697;276;4.022
698;713;3.972
698;1093;3.352
699;264;3.54
699;1090;2.781
700;1090;2.688
700;1093;3.706
701;711;3.812
702;707;3.596
703;1094;2.893
703;1097;3.7
704;707;3.971
704;1104;3.895
705;709;2.821
705;1104;3.478
705;1105;3.958
706;1105;3.663
706;1106;3.622
706;1108;3.414
706;1377;3.773
707;702;3.596
707;704;3.971
708;709;3.241
709;705;2.821
709;708;3.241
710;284;2.622
711;701;3.812
711;715;3.548
711;1093;3.696
712;274;3.585
712;278;2.734
713;278;3.74
713;698;3.972
714;286;2.767
714;718;2.837
715;711;3.548
715;1098;4.0
716;1098;3.933
717;722;3.656
718;287;3.95
718;714;2.837
719;722;3.124
719;727;2.617
720;286;3.509
721;729;3.683
722;717;3.656
722;719;3.124
722;724;4.016
723;735;2.757
724;722;4.016
724;726;3.959
725;309;2.737
725;320;3.691
726;724;3.959
727;719;2.617
728;317;2.613
728;319;2.847
729;721;3.683
730;315;2.726
730;319;2.642
731;317;3.574
732;317;3.569
733;734;2.656
734;733;2.656
735;723;2.757
736;739;2.849
737;739;3.896
737;740;3.912
738;740;3.076
739;736;2.849
739;737;3.896
740;737;3.912
740;738;3.076
740;742;2.548
741;743;2.969
742;740;2.548
742;744;2.744
743;741;2.969
744;742;2.744
745;748;3.411
746;747;2.988
746;748;2.971
747;746;2.988
748;745;3.411
748;746;2.971
749;750;2.691
750;749;2.691
751;754;2.971
751;755;2.933
752;756;2.655
753;756;2.731
753;757;2.872
753;758;2.713
754;751;2.971
755;751;2.933
756;752;2.655
756;753;2.731
757;753;2.872
757;759;2.983
757;760;3.388
757;761;2.543
758;753;2.713
759;757;2.983
760;757;3.388
760;764;3.459
761;757;2.543
761;763;3.231
762;764;2.989
763;761;3.231
764;760;3.459
764;762;2.989
764;765;2.945
765;764;2.945
765;768;3.848
766;767;2.966
767;766;2.966
768;765;3.848
769;770;3.68
770;769;3.68
771;773;2.875
772;789;2.586
773;771;2.875
774;791;4.04
775;780;2.97
775;790;3.268
776;778;2.594
776;779;2.989
776;790;3.742
777;781;2.892
778;776;2.594
778;781;3.05
779;776;2.989
779;781;2.889
780;775;2.97
780;782;3.311
781;777;2.892
781;778;3.05
781;779;2.889
782;780;3.311
782;784;3.105
782;785;2.86
782;786;3.777
783;785;3.056
784;782;3.105
785;782;2.86
785;783;3.056
785;787;3.448
786;782;3.777
787;785;3.448
788;792;3.126
789;772;2.586
789;792;2.967
790;775;3.268
790;776;3.742
791;774;4.04
792;788;3.126
792;789;2.967
793;794;3.017
794;793;3.017
795;796;3.773
795;797;3.861
795;801;3.39
796;795;3.773
796;799;3.97
796;800;2.752
797;795;3.861
798;801;2.986
799;796;3.97
799;802;2.717
800;796;2.752
801;795;3.39
801;798;2.986
802;799;2.717
802;805;3.948
803;808;3.281
804;807;2.982
804;808;2.975
805;802;3.948
806;812;3.722
807;804;2.982
807;812;3.795
808;803;3.281
808;804;2.975
808;813;3.758
809;813;2.842
809;815;3.844
810;813;3.032
810;816;2.673
811;814;3.022
811;816;3.076
812;806;3.722
812;807;3.795
813;808;3.758
813;809;2.842
813;810;3.032
813;815;2.981
814;811;3.022
814;816;3.019
814;819;3.683
815;809;3.844
815;813;2.981
816;810;2.673
816;811;3.076
816;814;3.019
816;819;2.974
817;819;3.964
818;820;3.074
818;821;3.415
819;814;3.683
819;816;2.974
819;817;3.964
820;818;3.074
821;818;3.415
821;822;3.035
821;823;3.013
822;821;3.035
823;821;3.013
824;827;2.752
824;883;2.731
824;884;3.998
825;828;3.058
825;831;3.949
826;831;3.848
826;877;3.998
826;880;3.389
826;881;4.009
827;824;2.752
828;825;3.058
828;831;2.971
828;832;2.966
829;833;3.068
830;833;3.448
830;834;2.909
831;825;3.949
831;826;3.848
831;828;2.971
831;834;3.287
831;835;2.964
832;828;2.966
832;835;3.41
832;836;3.109
832;940;3.174
833;829;3.068
833;830;3.448
833;836;3.988
833;837;3.024
834;830;2.909
834;831;3.287
834;837;3.284
834;838;2.914
835;831;2.964
835;832;3.41
835;838;3.394
835;839;2.959
835;874;3.875
835;877;3.819
836;832;3.109
836;833;3.988
836;839;3.417
836;840;2.956
836;940;3.61
837;833;3.024
837;834;3.284
837;840;3.26
837;841;2.98
838;834;2.914
838;835;3.394
838;842;2.946
838;874;3.959
839;835;2.959
839;836;3.417
839;843;2.899
839;870;3.922
839;874;3.406
839;933;3.691
839;937;3.695
840;836;2.956
840;837;3.26
840;843;3.18
840;844;2.989
841;837;2.98
841;844;3.088
841;845;3.011
842;838;2.946
842;845;3.439
842;846;2.957
842;933;3.628
843;839;2.899
843;840;3.18
843;846;4.005
843;847;3.04
844;840;2.989
844;841;3.088
844;847;3.303
844;848;2.97
845;841;3.011
845;842;3.439
845;848;3.054
845;849;3.167
845;863;3.992
846;842;2.957
846;843;4.005
846;931;3.899
847;843;3.04
847;844;3.303
847;851;3.205
847;1272;3.899
848;844;2.97
848;845;3.054
848;851;3.079
848;852;3.024
848;855;3.452
848;859;3.943
848;863;4.023
849;845;3.167
849;856;2.735
849;924;2.662
850;853;3.072
850;856;2.661
850;1275;3.425
850;1329;3.076
851;847;3.205
851;848;3.079
851;1295;3.724
852;848;3.024
852;855;2.954
852;856;3.045
853;850;3.072
853;856;3.248
853;857;3.012
853;1330;4.007
854;857;2.601
855;848;3.452
855;852;2.954
855;858;3.408
855;859;2.982
856;849;2.735
856;850;2.661
856;852;3.045
856;853;3.248
856;860;3.049
856;1328;3.828
857;853;3.012
857;854;2.601
857;1330;3.619
858;855;3.408
859;848;3.943
859;855;2.982
859;862;3.139
859;863;3.051
860;856;3.049
860;863;3.475
860;864;2.721
861;865;3.018
862;859;3.139
862;865;3.415
862;866;2.979
863;845;3.992
863;848;4.023
863;859;3.051
863;860;3.475
863;866;3.008
863;867;3.189
864;860;2.721
864;867;3.055
864;868;3.024
864;924;2.797
864;927;3.784
865;861;3.018
865;862;3.415
865;868;2.916
865;869;2.95
866;862;2.979
866;863;3.008
866;869;3.439
866;870;2.926
867;863;3.189
867;864;3.055
867;871;3.015
867;927;3.945
867;930;3.885
868;864;3.024
868;865;2.916
868;872;3.047
869;865;2.95
869;866;3.439
869;872;3.493
869;873;2.981
870;839;3.922
870;866;2.926
870;873;3.295
870;874;2.952
870;930;3.995
870;933;3.537
871;867;3.015
871;875;3.007
871;930;3.842
872;868;3.047
872;869;3.493
872;876;3.035
873;869;2.981
873;870;3.295
873;876;4.038
873;877;2.943
874;835;3.875
874;838;3.959
874;839;3.406
874;870;2.952
874;878;3.022
874;936;3.724
875;871;3.007
875;878;3.298
875;879;2.976
875;903;3.848
875;907;3.756
876;872;3.035
876;873;4.038
876;879;3.454
876;880;2.965
877;826;3.998
877;835;3.819
877;873;2.943
877;880;3.436
877;881;2.698
877;936;3.637
878;874;3.022
878;875;3.298
878;881;3.465
878;882;2.957
878;900;4.015
879;875;2.976
879;876;3.454
879;882;4.024
879;883;2.982
880;826;3.389
880;876;2.965
880;877;3.436
880;884;2.992
881;826;4.009
881;877;2.698
881;878;3.465
881;884;3.381
881;885;3.033
881;890;3.663
881;896;4.014
881;899;2.664
882;878;2.957
882;879;4.024
882;885;3.03
882;886;2.946
882;887;3.84
882;890;6.38
882;891;3.653
883;824;2.731
883;879;2.982
884;824;3.998
884;880;2.992
884;881;3.381
885;881;3.033
885;882;3.03
885;889;2.637
885;890;3.948
885;893;3.908
885;896;3.567
886;882;2.946
886;890;2.989
887;882;3.84
887;890;3.323
887;891;3.003
888;892;2.843
889;885;2.637
890;881;3.663
890;882;6.38
890;885;3.948
890;886;2.989
890;887;3.323
890;893;3.026
890;896;3.587
890;900;3.416
891;882;3.653
891;887;3.003
891;897;3.713
891;900;3.664
892;888;2.843
893;885;3.908
893;890;3.026
893;896;3.2
893;897;2.94
894;898;2.994
895;898;3.154
895;899;3.046
895;948;4.037
896;881;4.014
896;885;3.567
896;890;3.587
896;893;3.2
896;899;3.243
896;900;3.013
897;891;3.713
897;893;2.94
897;900;5.96
897;901;2.952
898;894;2.994
898;895;3.154
898;901;3.161
898;902;3.306
898;935;3.989
899;881;2.664
899;895;3.046
899;896;3.243
899;936;3.113
899;939;2.661
900;878;4.015
900;890;3.416
900;891;3.664
900;896;3.013
900;897;5.96
900;903;3.094
900;904;2.932
901;897;2.952
901;898;3.161
901;905;3.057
902;898;3.306
902;906;3.125
902;929;4.012
902;936;3.552
903;875;3.848
903;900;3.094
903;906;3.266
903;907;3.109
904;900;2.932
904;907;2.863
904;908;2.901
905;901;3.057
905;908;3.496
905;909;2.969
905;929;3.765
906;902;3.125
906;903;3.266
906;909;3.922
906;910;3.088
906;930;2.876
907;875;3.756
907;903;3.109
907;904;2.863
907;910;3.327
907;911;2.972
908;904;2.901
908;905;3.496
908;911;3.26
908;912;2.972
909;905;2.969
909;906;3.922
909;912;3.46
909;913;2.99
910;906;3.088
910;907;3.327
910;913;3.326
910;914;2.868
910;923;3.769
911;907;2.972
911;908;3.26
911;914;3.374
911;915;2.972
912;908;2.972
912;909;3.46
912;915;3.033
912;916;2.982
913;909;2.99
913;910;3.326
913;918;3.035
913;922;3.349
913;923;3.487
913;926;3.653
914;910;2.868
914;911;3.374
914;917;3.001
915;911;2.972
915;912;3.033
916;912;2.982
917;914;3.001
918;913;3.035
919;922;3.813
919;923;3.406
920;923;3.387
920;924;3.025
921;924;2.903
922;913;3.349
922;919;3.813
922;926;2.992
923;910;3.769
923;913;3.487
923;919;3.406
923;920;3.387
923;927;3.002
924;849;2.662
924;864;2.797
924;920;3.025
924;921;2.903
924;927;3.476
924;1327;3.735
925;928;3.024
925;1277;3.794
925;1324;3.072
925;1325;3.522
925;1326;3.149
926;913;3.653
926;922;2.992
927;864;3.784
927;867;3.945
927;923;3.002
927;924;3.476
927;930;2.709
928;925;3.024
928;931;2.736
928;932;3.213
928;1273;3.535
929;902;4.012
929;905;3.765
929;932;2.986
930;867;3.885
930;870;3.995
930;871;3.842
930;906;2.876
930;927;2.709
930;933;2.806
931;846;3.899
931;928;2.736
932;928;3.213
932;929;2.986
932;935;2.966
932;936;3.035
932;1269;3.758
933;839;3.691
933;842;3.628
933;870;3.537
933;930;2.806
933;936;2.982
933;937;3.137
934;937;2.967
934;1269;3.597
935;898;3.989
935;932;2.966
935;938;2.751
