source;destination;distance
0;3;2.784
1;47;3.615
2;7;3.581
2;48;3.677
3;0;2.784
4;7;3.241
4;8;2.969
5;9;2.973
6;10;2.973
7;2;3.581
7;4;3.241
7;10;3.095
7;11;2.963
7;43;3.961
7;47;3.718
8;4;2.969
8;11;3.447
8;12;2.98
9;5;2.973
9;13;2.925
10;6;2.973
10;7;3.095
10;14;2.943
11;7;2.963
11;8;3.447
11;14;3.417
11;15;3.016
11;44;3.605
12;8;2.98
12;16;2.977
13;9;2.925
13;16;3.363
13;17;2.934
14;10;2.943
14;11;3.417
14;18;3.015
14;37;3.623
14;40;4.03
15;11;3.016
15;19;2.98
15;37;3.762
15;99;3.883
15;100;3.592
16;12;2.977
16;13;3.363
16;19;3.151
16;20;3.087
17;13;2.934
17;20;3.292
17;21;2.979
18;14;3.015
18;22;2.987
18;37;3.186
18;96;3.558
19;15;2.98
19;16;3.151
19;22;3.185
19;97;3.531
19;599;3.514
20;16;3.087
20;17;3.292
20;23;3.371
21;17;2.979
21;24;2.987
21;30;3.609
21;33;3.404
22;18;2.987
22;19;3.185
22;93;4.011
23;20;3.371
23;599;3.735
24;21;2.987
24;27;4.038
25;606;3.276
25;633;3.673
25;634;3.265
26;30;3.829
27;24;4.038
27;30;2.85
28;31;2.732
28;32;3.02
29;32;3.289
29;33;2.971
30;21;3.609
30;26;3.829
30;27;2.85
30;33;3.399
30;34;2.992
31;28;2.732
31;34;3.486
31;35;2.998
32;28;3.02
32;29;3.289
32;36;2.983
33;21;3.404
33;29;2.971
33;30;3.399
33;36;3.249
33;37;2.939
34;30;2.992
34;31;3.486
34;37;3.377
34;38;2.935
34;93;2.786
34;96;2.927
35;31;2.998
35;38;3.397
35;39;2.973
35;81;3.587
36;32;2.983
36;33;3.249
36;39;3.325
36;40;3.003
37;14;3.623
37;15;3.762
37;18;3.186
37;33;2.939
37;34;3.377
37;40;2.977
37;41;2.861
37;96;3.398
38;34;2.935
38;35;3.397
38;41;4.01
38;42;2.986
38;80;2.777
39;35;2.973
39;36;3.325
39;42;3.204
39;43;2.982
40;14;4.03
40;36;3.003
40;37;2.977
40;43;3.5
40;44;2.91
41;37;2.861
41;38;4.01
41;45;2.947
41;73;3.464
41;99;3.509
42;38;2.986
42;39;3.204
42;45;3.292
42;46;2.976
43;7;3.961
43;39;2.982
43;40;3.5
43;46;3.419
43;47;3.054
44;11;3.605
44;40;2.91
44;47;3.264
44;48;2.836
44;99;2.65
45;41;2.947
45;42;3.292
45;49;2.985
45;56;3.966
45;73;3.933
46;42;2.976
46;43;3.419
46;50;3.075
46;51;3.939
47;1;3.615
47;7;3.718
47;43;3.054
47;44;3.264
48;2;3.677
48;44;2.836
48;66;3.256
48;69;2.669
49;45;2.985
49;56;3.997
49;59;3.849
49;66;3.679
50;46;3.075
50;55;3.642
51;46;3.939
52;55;3.108
52;58;3.478
53;56;2.979
54;57;2.996
55;50;3.642
55;52;3.108
55;58;3.001
56;45;3.966
56;49;3.997
56;53;2.979
56;59;3.05
56;70;3.915
57;54;2.996
57;60;3.022
58;52;3.478
58;55;3.001
58;61;3.032
59;49;3.849
59;56;3.05
59;62;2.98
59;63;3.759
59;66;3.498
59;67;4.019
59;70;3.76
60;57;3.022
61;58;3.032
62;59;2.98
63;59;3.759
63;66;3.488
63;67;2.924
64;67;3.455
64;68;3.035
65;68;3.032
65;69;3.055
65;102;3.392
65;108;3.247
65;111;3.804
66;48;3.256
66;49;3.679
66;59;3.498
66;63;3.488
66;69;3.836
66;70;2.979
67;59;4.019
67;63;2.924
67;64;3.455
67;70;3.39
67;71;2.941
68;64;3.035
68;65;3.032
68;72;3.007
68;101;3.906
69;48;2.669
69;65;3.055
69;66;3.836
69;72;3.478
69;73;2.942
69;99;3.112
69;102;2.787
70;56;3.915
70;59;3.76
70;66;2.979
70;67;3.39
70;73;3.158
70;74;2.974
71;67;2.941
71;74;3.419
71;75;2.988
72;68;3.007
72;69;3.478
72;76;2.934
72;95;3.534
73;41;3.464
73;45;3.933
73;69;2.942
73;70;3.158
73;76;3.455
73;77;2.901
74;70;2.974
74;71;3.419
74;77;3.357
74;78;3.009
75;71;2.988
75;78;3.447
75;79;2.979
75;89;3.525
75;92;3.326
76;72;2.934
76;73;3.455
76;79;3.001
76;80;2.864
77;73;2.901
77;74;3.357
77;81;2.964
78;74;3.009
78;75;3.447
78;82;3.009
79;75;2.979
79;76;3.001
79;83;3.983
79;89;2.746
80;38;2.777
80;76;2.864
80;83;3.193
80;96;3.559
81;35;3.587
81;77;2.964
82;78;3.009
82;84;2.993
83;79;3.983
83;80;3.193
83;90;2.941
83;93;3.592
84;82;2.993
85;89;3.525
86;89;3.136
87;90;2.893
87;91;3.17
87;608;3.899
88;91;3.142
89;75;3.525
89;79;2.746
89;85;3.525
89;86;3.136
89;92;3.001
90;83;2.941
90;87;2.893
91;87;3.17
91;88;3.142
91;94;3.017
91;607;3.763
91;608;3.922
92;75;3.326
92;89;3.001
92;95;2.861
93;22;4.011
93;34;2.786
93;83;3.592
93;96;2.883
94;91;3.017
94;97;2.818
94;98;3.466
94;600;3.963
94;603;3.637
94;604;3.679
95;72;3.534
95;92;2.861
95;98;3.823
95;99;3.01
96;18;3.558
96;34;2.927
96;37;3.398
96;80;3.559
96;93;2.883
97;19;3.531
97;94;2.818
97;100;3.058
98;94;3.466
98;95;3.823
98;101;2.945
98;600;3.909
99;15;3.883
99;41;3.509
99;44;2.65
99;69;3.112
99;95;3.01
99;102;2.944
100;15;3.592
100;97;3.058
100;103;2.987
100;104;2.966
100;107;3.601
100;596;3.511
101;68;3.906
101;98;2.945
101;111;3.915
102;65;3.392
102;69;2.787
102;99;2.944
102;108;2.815
103;100;2.987
104;100;2.966
104;107;3.095
104;108;2.99
105;108;3.34
105;109;2.943
106;110;3.129
106;589;3.436
107;100;3.601
107;104;3.095
107;110;3.377
107;111;2.999
107;593;3.686
108;65;3.247
108;102;2.815
108;104;2.99
108;105;3.34
108;111;3.478
108;112;2.973
109;105;2.943
109;112;3.186
109;113;3.025
110;106;3.129
110;107;3.377
110;113;3.153
110;114;3.005
110;589;3.353
110;590;4.011
111;65;3.804
111;101;3.915
111;107;2.999
111;108;3.478
111;114;3.26
111;115;3.044
112;108;2.973
112;109;3.186
112;115;3.371
112;116;3.005
113;109;3.025
113;110;3.153
113;116;3.252
113;117;3.033
114;110;3.005
114;111;3.26
114;117;3.03
114;118;3.27
114;678;3.861
115;111;3.044
115;112;3.371
115;118;2.932
116;112;3.005
116;113;3.252
116;119;2.88
116;262;3.961
117;113;3.033
117;114;3.03
117;120;3.104
117;121;3.016
118;114;3.27
118;115;2.932
118;122;2.992
119;116;2.88
119;258;3.34
119;262;2.723
120;117;3.104
120;123;3.354
120;258;3.883
120;261;2.641
121;117;3.016
121;124;3.344
121;125;2.919
121;255;3.934
122;118;2.992
122;126;2.967
123;120;3.354
123;126;3.238
123;127;3.122
123;1235;3.486
123;1236;2.894
124;121;3.344
124;127;3.427
124;128;3.164
124;247;3.625
124;1239;4.022
125;121;2.919
125;128;3.359
125;129;2.921
126;122;2.967
126;123;3.238
126;129;3.314
126;130;2.982
127;123;3.122
127;124;3.427
127;131;2.97
127;1230;3.968
127;1236;3.976
127;1239;3.837
128;124;3.164
128;125;3.359
128;131;3.325
128;132;2.894
128;247;3.482
129;125;2.921
129;126;3.314
129;132;3.481
129;133;3.019
130;126;2.982
130;133;3.41
130;134;2.942
130;1136;4.135
130;1226;3.626
130;1229;3.366
130;1230;3.793
131;127;2.97
131;128;3.325
131;135;2.879
132;128;2.894
132;129;3.481
132;135;3.492
132;136;2.97
132;207;3.745
133;129;3.019
133;130;3.41
133;136;3.136
133;137;3.004
134;130;2.942
134;137;3.378
134;138;2.97
134;1136;3.804
134;1226;3.827
135;131;2.879
135;132;3.492
135;139;2.914
135;210;3.563
135;236;3.696
135;240;3.758
135;243;3.71
136;132;2.97
136;133;3.136
136;140;2.958
136;203;3.79
136;207;3.903
137;133;3.004
137;134;3.378
137;140;3.488
137;141;3.087
137;203;3.727
137;1138;3.978
138;134;2.97
138;141;3.259
138;142;3.386
138;236;3.597
138;1220;3.618
138;1223;3.84
139;135;2.914
139;142;3.315
139;143;2.861
139;200;3.577
140;136;2.958
140;137;3.488
140;147;2.782
140;201;3.854
141;137;3.087
141;138;3.259
141;147;3.24
141;1220;3.733
141;1223;3.393
142;138;3.386
142;139;3.315
142;1216;3.815
142;1220;3.544
143;139;2.861
143;233;3.44
143;236;3.585
143;237;3.728
144;147;2.736
144;194;3.887
144;195;3.785
144;196;3.489
145;194;3.876
145;197;3.528
145;201;2.776
146;149;3.014
146;150;3.031
146;201;2.938
147;140;2.782
147;141;3.24
147;144;2.736
148;154;3.729
148;1152;2.87
148;1153;3.313
149;146;3.014
149;152;3.563
149;1152;2.711
150;146;3.031
150;152;3.234
151;154;3.671
151;188;3.814
152;149;3.563
152;150;3.234
152;190;2.78
153;188;2.915
154;148;3.729
154;151;3.671
155;190;2.76
156;173;2.789
157;1150;3.806
158;1149;3.897
158;1150;3.751
159;1149;2.969
160;162;2.941
160;1146;3.9
161;164;2.903
162;160;2.941
162;1146;3.377
163;173;3.857
163;184;3.809
163;185;3.666
164;161;2.903
164;168;3.566
164;172;3.79
165;172;3.073
165;173;3.841
166;168;3.488
167;169;3.543
168;164;3.566
168;166;3.488
168;172;3.86
169;167;3.543
169;172;3.077
170;175;2.682
171;175;3.061
172;164;3.79
172;165;3.073
172;168;3.86
172;169;3.077
173;156;2.789
173;163;3.857
173;165;3.841
174;177;3.05
175;170;2.682
175;171;3.061
175;181;2.88
176;179;3.998
177;174;3.05
177;179;3.966
178;179;3.82
179;176;3.998
179;177;3.966
179;178;3.82
180;182;2.902
181;175;2.88
181;183;2.986
182;180;2.902
182;186;3.6
182;187;3.725
183;181;2.986
184;163;3.809
185;163;3.666
186;182;3.6
187;182;3.725
188;151;3.814
188;153;2.915
189;191;3.577
190;152;2.78
190;155;2.76
190;191;3.766
191;189;3.577
191;190;3.766
192;195;3.548
193;996;3.438
194;144;3.887
194;145;3.876
194;197;3.034
195;144;3.785
195;192;3.548
195;226;4.033
196;144;3.489
196;199;3.03
196;200;3.098
197;145;3.528
197;194;3.034
197;200;3.028
197;201;3.205
197;205;6.423
198;205;3.538
199;196;3.03
199;205;3.595
199;223;3.587
200;139;3.577
200;196;3.098
200;197;3.028
200;206;3.576
200;209;3.579
200;223;3.212
200;237;6.158
201;140;3.854
201;145;2.776
201;146;2.938
201;197;3.205
202;205;2.813
202;206;2.977
203;136;3.79
203;137;3.727
203;207;2.954
204;208;3.0
205;197;6.423
205;198;3.538
205;199;3.595
205;202;2.813
205;208;3.295
205;209;2.94
206;200;3.576
206;202;2.977
206;209;3.272
206;210;2.951
207;132;3.745
207;136;3.903
207;203;2.954
207;211;2.942
208;204;3.0
208;205;3.295
208;211;3.037
208;212;2.966
208;666;3.815
209;200;3.579
209;205;2.94
209;206;3.272
209;212;3.283
209;213;2.932
210;135;3.563
210;206;2.951
210;213;3.487
210;214;2.954
211;207;2.942
211;208;3.037
211;214;3.278
211;215;2.951
211;670;3.781
211;674;3.824
212;208;2.966
212;209;3.283
212;216;2.97
212;217;2.849
212;218;3.889
212;649;3.586
213;209;2.932
213;210;3.487
213;216;3.062
213;219;3.643
213;237;3.871
213;240;3.786
213;241;3.75
214;210;2.954
214;211;3.278
215;211;2.951
215;673;3.644
216;212;2.97
216;213;3.062
216;1301;3.122
216;1303;3.004
217;212;2.849
217;648;3.764
217;649;3.405
218;212;3.889
218;221;3.665
218;222;3.039
218;649;3.662
218;1298;3.635
218;1308;3.85
219;213;3.643
219;223;3.024
219;224;3.126
219;238;3.887
219;241;3.259
219;1294;3.663
219;1297;3.513
219;1298;3.294
220;223;3.49
220;224;3.083
220;225;3.057
220;1294;3.655
220;1298;3.58
220;1333;3.421
220;1334;2.795
220;1335;3.137
221;218;3.665
221;1308;3.486
221;1335;3.272
222;218;3.039
223;199;3.587
223;200;3.212
223;219;3.024
223;220;3.49
223;233;2.801
223;237;6.087
224;219;3.126
224;220;3.083
224;227;2.935
224;233;4.032
224;234;3.437
224;1294;3.172
224;1333;3.484
225;220;3.057
225;1284;3.772
225;1333;3.475
226;195;4.033
227;224;2.935
227;229;2.929
227;230;3.29
227;233;3.603
228;230;3.038
228;1291;3.716
228;1329;2.821
228;1332;3.559
229;227;2.929
229;233;3.012
230;227;3.29
230;228;3.038
230;233;2.969
230;234;2.96
230;1330;3.805
230;1331;3.741
231;234;3.683
231;235;2.919
231;1328;2.858
231;1330;2.779
232;1213;3.707
232;1216;3.975
232;1217;3.258
232;1330;2.937
233;143;3.44
233;223;2.801
233;224;4.032
233;227;3.603
233;229;3.012
233;230;2.969
233;236;3.015
233;237;3.311
234;224;3.437
234;230;2.96
234;231;3.683
234;237;3.358
234;238;2.948
234;1294;3.469
234;1331;3.979
234;1332;4.012
235;231;2.919
235;239;2.97
236;135;3.696
236;138;3.597
236;143;3.585
236;233;3.015
236;239;3.122
236;240;2.962
237;143;3.728
237;200;6.158
237;213;3.871
237;223;6.087
237;233;3.311
237;234;3.358
237;240;3.14
237;241;2.961
238;219;3.887
238;234;2.948
238;241;3.154
238;242;2.975
238;1297;3.968
239;235;2.97
239;236;3.122
239;243;2.936
240;135;3.758
240;213;3.786
240;236;2.962
240;237;3.14
240;244;2.903
241;213;3.75
241;219;3.259
241;237;2.961
241;238;3.154
241;245;2.943
241;1297;3.399
242;238;2.975
242;246;2.962
242;1297;3.37
243;135;3.71
243;239;2.936
243;247;2.909
244;240;2.903
244;248;2.938
245;241;2.943
245;248;3.429
245;249;2.98
246;242;2.962
246;249;3.424
246;250;2.932
246;1243;3.698
246;1250;3.619
247;124;3.625
247;128;3.482
247;243;2.909
247;250;3.13
247;251;2.866
248;244;2.938
248;245;3.429
248;251;3.363
248;252;2.964
249;245;2.98
249;246;3.424
249;252;3.903
249;253;2.994
249;1361;3.707
250;246;2.932
250;247;3.13
250;253;3.619
250;254;2.897
250;1239;3.172
250;1242;3.805
251;247;2.866
251;248;3.363
251;254;3.073
251;255;2.939
251;681;3.575
252;248;2.964
252;249;3.903
252;256;3.098
252;681;3.668
252;684;3.699
252;1358;3.507
253;249;2.994
253;250;3.619
253;257;2.918
253;1361;3.968
253;1362;3.918
253;1365;3.489
254;250;2.897
254;251;3.073
254;258;2.949
255;121;3.934
255;251;2.939
255;258;3.224
255;259;3.086
255;685;3.788
256;252;3.098
256;259;3.25
256;260;3.072
256;684;3.614
256;685;3.998
256;688;3.426
256;1362;3.475
257;253;2.918
257;261;2.942
258;119;3.34
258;120;3.883
258;254;2.949
258;255;3.224
258;261;4.008
258;262;2.969
259;255;3.086
259;256;3.25
259;263;3.078
259;685;3.714
259;689;4.016
260;256;3.072
260;263;3.226
260;264;2.883
260;692;5.963
260;1086;4.013
260;1366;3.993
261;120;2.641
261;257;2.942
261;258;4.008
261;265;3.553
262;116;3.961
262;119;2.723
262;258;2.969
262;271;2.854
263;259;3.078
263;260;3.226
263;271;2.886
263;272;3.066
264;260;2.883
264;270;3.546
264;274;3.149
265;261;3.553
265;269;2.797
265;270;2.895
266;274;3.698
267;274;3.632
267;276;3.944
268;270;3.753
269;265;2.797
270;264;3.546
270;265;2.895
270;268;3.753
271;262;2.854
271;263;2.886
272;263;3.066
273;275;3.019
274;264;3.149
274;266;3.698
274;267;3.632
274;276;3.017
275;273;3.019
275;278;3.059
276;267;3.944
276;274;3.017
277;279;2.925
277;282;3.662
278;275;3.059
279;277;2.925
279;282;2.888
279;700;3.731
280;283;2.81
280;284;2.629
280;290;3.624
280;291;3.952
281;284;2.912
281;285;2.942
281;288;2.757
281;701;2.778
281;702;2.724
281;1096;3.625
282;277;3.662
282;279;2.888
283;280;2.81
284;280;2.629
284;281;2.912
284;290;3.303
285;281;2.942
285;288;3.813
286;287;3.073
287;286;3.073
288;281;2.757
288;285;3.813
288;1096;3.875
289;1097;3.46
290;280;3.624
290;284;3.303
290;701;2.947
291;280;3.952
292;294;3.428
292;308;2.735
293;294;3.865
293;700;3.953
294;292;3.428
294;293;3.865
294;696;3.427
294;700;3.768
295;695;2.832
295;696;3.303
295;1084;3.443
295;1087;3.533
296;1084;3.38
296;1087;3.695
296;1088;3.531
297;306;3.296
298;306;3.899
299;304;2.707
300;959;3.7
301;955;3.444
302;304;2.801
303;959;4.039
304;299;2.707
304;302;2.801
305;311;3.726
306;297;3.296
306;298;3.899
306;309;3.428
307;312;4.03
308;292;2.735
309;306;3.428
309;316;2.851
310;313;2.999
310;316;3.847
311;305;3.726
312;307;4.03
313;310;2.999
313;316;3.52
313;323;3.676
314;323;3.078
314;324;2.841
314;325;3.63
315;318;3.06
316;309;2.851
316;310;3.847
316;313;3.52
317;708;3.878
318;315;3.06
318;328;2.761
319;322;3.753
319;323;3.53
319;325;2.748
319;326;3.038
319;328;2.797
320;323;2.857
320;707;3.317
320;709;3.729
320;719;2.923
321;329;3.552
321;720;3.82
321;721;3.704
322;319;3.753
322;325;2.983
322;327;2.896
322;329;2.666
323;313;3.676
323;314;3.078
323;319;3.53
323;320;2.857
323;705;2.835
323;706;3.326
323;708;2.933
324;314;2.841
325;314;3.63
325;319;2.748
325;322;2.983
326;319;3.038
327;322;2.896
328;318;2.761
328;319;2.797
328;331;2.988
329;321;3.552
329;322;2.666
330;332;4.011
331;328;2.988
332;330;4.011
333;335;2.986
334;336;2.755
335;333;2.986
336;334;2.755
337;443;3.385
337;444;2.944
338;439;3.079
338;441;3.733
339;439;2.951
340;439;2.759
341;439;2.61
342;347;2.811
343;345;2.939
343;346;3.7
344;348;3.5
345;343;2.939
346;343;3.7
346;353;3.703
347;342;2.811
347;351;3.745
347;352;3.715
347;353;3.649
348;344;3.5
349;351;3.049
349;353;3.81
350;435;3.903
351;347;3.745
351;349;3.049
351;437;2.95
351;438;3.312
351;440;2.648
352;347;3.715
353;346;3.703
353;347;3.649
353;349;3.81
354;360;3.718
355;360;3.592
355;361;2.865
356;359;3.038
356;361;3.024
357;362;2.978
358;371;3.726
359;356;3.038
360;354;3.718
360;355;3.592
361;355;2.865
361;356;3.024
362;357;2.978
362;364;3.097
363;367;3.706
364;362;3.097
364;367;2.992
364;371;3.989
365;368;2.986
366;369;3.041
366;370;3.047
366;371;3.65
366;373;4.008
367;363;3.706
367;364;2.992
367;370;3.12
368;365;2.986
369;366;3.041
369;374;2.768
370;366;3.047
370;367;3.12
370;372;3.56
371;358;3.726
371;364;3.989
371;366;3.65
372;370;3.56
373;366;4.008
374;369;2.768
375;377;3.379
376;379;3.459
376;384;3.641
377;375;3.379
378;396;2.949
379;376;3.459
379;397;3.333
380;395;3.889
380;397;3.811
381;395;3.513
382;395;3.596
383;386;2.968
384;376;3.641
385;387;2.993
385;388;3.072
385;389;2.773
386;383;2.968
387;385;2.993
388;385;3.072
389;385;2.773
389;391;3.744
389;392;2.755
390;393;2.895
391;389;3.744
392;389;2.755
393;390;2.895
394;398;3.853
394;399;3.511
395;380;3.889
395;381;3.513
395;382;3.596
395;398;2.954
396;378;2.949
397;379;3.333
397;380;3.811
397;400;2.938
397;401;3.015
398;394;3.853
398;395;2.954
399;394;3.511
400;397;2.938
401;397;3.015
402;403;2.81
403;402;2.81
404;405;2.842
404;411;3.644
405;404;2.842
405;410;3.045
406;409;2.81
406;410;3.824
407;410;3.758
408;410;2.979
409;406;2.81
410;405;3.045
410;406;3.824
410;407;3.758
410;408;2.979
411;404;3.644
411;412;3.092
412;411;3.092
413;415;2.942
414;416;2.932
415;413;2.942
416;414;2.932
416;417;3.041
417;416;3.041
418;441;2.892
419;420;3.722
420;419;3.722
420;422;2.852
421;424;3.284
422;420;2.852
423;425;2.996
423;427;3.676
424;421;3.284
425;423;2.996
425;427;3.745
426;434;3.494
427;423;3.676
427;425;3.745
427;430;3.016
428;430;2.921
429;432;2.813
430;427;3.016
430;428;2.921
430;433;2.981
430;434;3.079
431;434;2.922
432;429;2.813
432;435;3.608
433;430;2.981
434;426;3.494
434;430;3.079
434;431;2.922
435;350;3.903
435;432;3.608
436;440;3.834
437;351;2.95
438;351;3.312
439;338;3.079
439;339;2.951
439;340;2.759
439;341;2.61
440;351;2.648
440;436;3.834
441;338;3.733
441;418;2.892
441;443;3.111
442;449;2.817
443;337;3.385
443;441;3.111
444;337;2.944
444;449;3.267
445;448;3.058
446;449;2.959
446;450;3.157
446;451;3.922
447;452;3.41
447;453;2.769
447;454;3.774
448;445;3.058
449;442;2.817
449;444;3.267
449;446;2.959
450;446;3.157
451;446;3.922
452;447;3.41
453;447;2.769
454;447;3.774
454;456;3.94
455;456;3.321
456;454;3.94
456;455;3.321
457;459;2.782
458;460;3.104
459;457;2.782
460;458;3.104
460;462;3.04
460;464;3.133
460;467;3.074
460;468;2.759
461;463;3.9
461;464;3.591
461;520;3.454
461;521;2.744
462;460;3.04
463;461;3.9
463;520;3.629
464;460;3.133
464;461;3.591
464;467;2.961
464;468;3.138
465;468;3.002
466;517;3.637
467;460;3.074
467;464;2.961
468;460;2.759
468;464;3.138
468;465;3.002
468;471;2.961
468;472;3.147
469;473;2.963
470;474;2.963
471;468;2.961
471;474;3.209
471;475;3.008
472;468;3.147
472;475;3.43
472;476;2.932
472;569;2.677
473;469;2.963
473;476;3.222
473;477;2.977
474;470;2.963
474;471;3.209
474;478;3.048
475;471;3.008
475;472;3.43
475;478;3.311
475;479;2.981
475;510;4.034
475;514;3.81
475;566;3.945
476;472;2.932
476;473;3.222
476;479;3.001
476;480;3.089
476;570;2.742
476;571;3.579
477;473;2.977
477;480;3.475
477;481;3.01
478;474;3.048
478;475;3.311
478;482;2.977
478;507;3.672
479;475;2.981
479;476;3.001
479;482;3.085
479;483;3.07
479;511;3.306
479;564;3.883
479;566;3.894
479;567;3.834
480;476;3.089
480;477;3.475
480;483;3.139
480;484;3.443
480;567;3.814
481;477;3.01
481;484;3.306
481;485;3.017
482;478;2.977
482;479;3.085
482;485;3.271
482;486;2.998
482;507;3.233
482;563;3.167
483;479;3.07
483;480;3.139
483;487;3.046
483;564;3.648
483;973;3.899
484;480;3.443
484;481;3.306
484;487;3.329
484;488;2.973
485;481;3.017
485;482;3.271
485;488;3.109
485;489;2.958
485;500;3.567
486;482;2.998
486;489;3.025
486;563;3.793
486;564;3.689
486;977;4.012
487;483;3.046
487;484;3.329
488;484;2.973
488;485;3.109
489;485;2.958
489;486;3.025
489;493;2.94
489;500;3.992
489;504;3.426
490;493;2.969
490;1018;3.197
490;1019;3.039
491;494;2.973
491;495;3.008
492;496;3.027
493;489;2.94
493;490;2.969
493;497;2.789
494;491;2.973
494;497;2.695
495;491;3.008
496;492;3.027
496;499;3.033
496;500;2.931
497;493;2.789
497;494;2.695
497;501;2.954
498;501;3.434
498;502;3.057
499;496;3.033
499;502;3.982
499;503;2.954
500;485;3.567
500;489;3.992
500;496;2.931
500;503;3.381
500;504;2.93
501;497;2.954
501;498;3.434
501;504;3.32
501;505;3.033
502;498;3.057
502;499;3.982
502;506;2.964
503;499;2.954
503;500;3.381
503;507;2.961
504;489;3.426
504;500;2.93
504;501;3.32
504;507;3.407
504;508;3.09
504;563;3.265
505;501;3.033
505;508;3.34
505;509;3.007
505;547;3.776
505;548;3.413
506;502;2.964
506;509;3.01
506;510;3.083
507;478;3.672
507;482;3.233
507;503;2.961
507;504;3.407
507;510;3.066
507;511;3.383
508;504;3.09
508;505;3.34
508;511;2.953
508;543;2.844
508;544;3.739
508;547;3.801
509;505;3.007
509;506;3.01
509;512;2.868
510;475;4.034
510;506;3.083
510;507;3.066
510;513;3.062
510;514;3.246
511;479;3.306
511;507;3.383
511;508;2.953
511;515;2.984
511;540;3.682
511;544;3.91
511;566;3.42
512;509;2.868
512;515;3.409
512;516;3.033
512;544;3.495
513;510;3.062
513;517;3.059
514;475;3.81
514;510;3.246
514;517;3.442
514;518;2.951
514;566;2.741
514;569;2.716
515;511;2.984
515;512;3.409
515;519;2.987
515;540;3.704
516;512;3.033
516;519;3.232
516;520;3.085
517;466;3.637
517;513;3.059
517;514;3.442
517;521;2.99
518;514;2.951
518;521;3.03
518;522;3.036
518;526;2.676
518;527;3.619
518;533;2.771
519;515;2.987
519;516;3.232
519;527;3.711
519;528;3.943
520;461;3.454
520;463;3.629
520;516;3.085
521;461;2.744
521;517;2.99
521;518;3.03
522;518;3.036
522;526;3.756
523;526;2.906
523;527;2.922
524;528;2.979
525;529;3.067
526;518;2.676
526;522;3.756
526;523;2.906
526;529;3.071
526;530;2.928
527;518;3.619
527;519;3.711
527;523;2.922
527;533;3.195
527;537;2.953
528;519;3.943
528;524;2.979
529;525;3.067
529;526;3.071
530;526;2.928
530;533;2.962
530;534;3.034
531;534;3.96
531;535;3.01
532;536;2.999
532;574;2.97
532;577;3.87
533;518;2.771
533;527;3.195
533;530;2.962
533;536;3.468
533;537;2.959
534;530;3.034
534;531;3.96
534;537;3.398
534;538;2.991
535;531;3.01
535;538;3.431
535;539;3.023
535;565;3.944
536;532;2.999
536;533;3.468
536;539;3.22
536;540;2.905
536;566;2.645
536;569;3.862
537;527;2.953
537;533;2.959
537;534;3.398
537;541;3.003
538;534;2.991
538;535;3.431
538;541;3.197
538;542;3.088
539;535;3.023
539;536;3.22
539;543;3.011
540;511;3.682
540;515;3.704
540;536;2.905
540;544;2.939
540;566;3.753
541;537;3.003
541;538;3.197
541;545;2.994
542;538;3.088
542;546;3.199
542;559;3.545
543;508;2.844
543;539;3.011
543;547;3.414
543;563;3.062
544;508;3.739
544;511;3.91
544;512;3.495
544;540;2.939
544;547;3.147
544;548;2.912
545;541;2.994
545;548;3.301
545;549;3.039
546;542;3.199
546;550;3.0
546;551;3.072
546;560;3.781
547;505;3.776
547;508;3.801
547;543;3.414
547;544;3.147
547;551;3.715
547;560;3.951
548;505;3.413
548;544;2.912
548;545;3.301
549;545;3.039
550;546;3.0
550;552;2.947
551;546;3.072
551;547;3.715
551;557;2.829
552;550;2.947
552;557;3.24
553;556;2.784
554;557;3.22
554;558;2.931
555;558;3.258
555;559;2.963
555;1058;3.864
556;553;2.784
556;559;3.089
556;560;3.08
557;551;2.829
557;552;3.24
557;554;3.22
557;560;2.945
558;554;2.931
558;555;3.258
558;561;2.992
558;981;3.148
559;542;3.545
559;555;2.963
559;556;3.089
559;562;2.977
560;546;3.781
560;547;3.951
560;556;3.08
560;557;2.945
560;563;3.066
561;558;2.992
561;564;3.181
561;977;3.696
561;978;3.908
562;559;2.977
562;565;2.895
562;974;3.63
563;482;3.167
563;486;3.793
563;504;3.265
563;543;3.062
563;560;3.066
563;566;2.956
564;479;3.883
564;483;3.648
564;486;3.689
564;561;3.181
564;567;2.944
564;970;3.822
564;974;3.505
565;535;3.944
565;562;2.895
565;568;2.759
565;971;3.434
565;974;3.475
566;475;3.945
566;479;3.894
566;511;3.42
566;514;2.741
566;536;2.645
566;540;3.753
566;563;2.956
566;569;2.984
567;479;3.834
567;480;3.814
567;564;2.944
567;570;2.969
567;571;2.946
567;573;3.887
567;970;3.556
568;565;2.759
569;472;2.677
569;514;2.716
569;536;3.862
569;566;2.984
570;476;2.742
570;567;2.969
571;476;3.579
571;567;2.946
571;573;3.941
571;574;3.017
572;575;3.024
572;576;2.922
572;963;3.147
573;567;3.887
573;571;3.941
573;576;3.192
573;577;3.006
573;967;3.483
574;532;2.97
574;571;3.017
574;577;3.825
574;578;3.044
575;572;3.024
575;579;3.003
576;572;2.922
576;573;3.192
576;579;3.274
576;580;2.956
576;967;3.605
577;532;3.87
577;573;3.006
577;574;3.825
577;581;3.056
578;574;3.044
578;581;3.341
578;582;2.847
579;575;3.003
579;576;3.274
579;582;3.352
579;583;2.941
580;576;2.956
580;583;3.192
580;584;3.073
580;1072;3.583
581;577;3.056
581;578;3.341
581;584;2.986
582;578;2.847
582;579;3.352
582;585;3.006
583;579;2.941
583;580;3.192
583;586;3.07
583;587;3.084
583;687;3.787
583;1072;3.491
583;1076;3.499
584;580;3.073
584;581;2.986
584;588;2.97
584;1072;3.878
585;582;3.006
585;588;3.017
586;583;3.07
586;687;3.914
587;583;3.084
587;590;3.264
587;591;2.876
587;683;3.576
587;1072;3.827
588;584;2.97
588;585;3.017
588;592;3.051
589;106;3.436
589;110;3.353
589;592;3.218
589;593;3.299
590;110;4.011
590;587;3.264
590;593;3.047
590;594;3.024
590;682;3.509
590;683;3.795
591;587;2.876
591;595;2.93
592;588;3.051
592;589;3.218
592;595;3.277
592;596;3.05
593;107;3.686
593;589;3.299
593;590;3.047
593;596;3.451
593;597;3.037
594;590;3.024
594;597;3.492
594;598;2.967
594;645;3.921
594;679;4.038
595;591;2.93
595;592;3.277
595;599;2.97
596;100;3.511
596;592;3.05
596;593;3.451
596;599;3.311
596;600;2.997
597;593;3.037
597;594;3.492
597;600;3.384
597;601;2.971
597;675;3.763
598;594;2.967
598;601;3.44
598;602;2.922
598;638;3.484
598;641;3.822
599;19;3.514
599;23;3.735
599;595;2.97
599;596;3.311
599;602;3.336
599;603;3.004
599;634;3.491
600;94;3.963
600;98;3.909
600;596;2.997
600;597;3.384
600;603;3.231
600;604;2.993
601;597;2.971
601;598;3.44
601;605;2.964
601;641;3.937
601;668;3.765
601;671;3.857
601;672;3.407
602;598;2.922
602;599;3.336
602;605;3.257
602;606;2.988
602;634;3.735
602;637;3.969
602;638;4.003
603;94;3.637
603;599;3.004
603;600;3.231
603;607;3.324
604;94;3.679
604;600;2.993
604;607;3.317
604;608;3.018
605;601;2.964
605;602;3.257
605;609;3.0
605;610;2.813
605;631;3.81
606;25;3.276
606;602;2.988
606;610;3.056
606;611;3.156
606;633;3.862
607;91;3.763
607;603;3.324
607;604;3.317
608;87;3.899
608;91;3.922
608;604;3.018
608;611;2.803
609;605;3.0
609;612;3.008
609;613;3.589
609;627;3.504
609;631;4.109
609;665;3.412
610;605;2.813
610;606;3.056
610;627;3.772
611;606;3.156
611;608;2.803
612;609;3.008
612;624;4.125
612;627;2.975
613;609;3.589
613;625;3.088
613;627;2.977
613;653;3.809
613;654;3.464
613;661;2.803
613;665;3.625
614;623;2.653
614;624;3.675
614;654;3.555
614;655;2.932
615;618;3.019
615;619;2.89
615;620;2.821
615;621;2.754
616;655;2.758
616;657;3.664
617;620;3.814
618;615;3.019
618;623;4.019
619;615;2.89
620;615;2.821
620;617;3.814
620;1005;3.946
621;615;2.754
622;628;3.575
622;629;3.104
623;614;2.653
623;618;4.019
624;612;4.125
624;614;3.675
624;628;3.491
625;613;3.088
625;628;3.147
625;629;3.14
625;652;2.863
625;653;3.561
626;629;3.028
626;630;2.846
626;651;3.887
627;609;3.504
627;610;3.772
627;612;2.975
627;613;2.977
627;631;3.696
627;653;3.596
628;622;3.575
628;624;3.491
628;625;3.147
628;632;3.492
629;622;3.104
629;625;3.14
629;626;3.028
629;636;4.029
629;1046;3.938
630;626;2.846
630;636;3.973
630;639;3.903
630;640;3.807
630;1037;3.449
630;1041;3.767
631;605;3.81
631;609;4.109
631;627;3.696
631;636;3.642
631;640;3.646
631;653;4.035
632;628;3.492
632;1050;2.731
633;25;3.673
633;606;3.862
633;636;2.875
633;637;2.945
633;1053;2.872
634;25;3.265
634;599;3.491
634;602;3.735
634;637;3.412
634;638;2.941
635;638;3.213
635;639;2.998
635;1053;3.642
635;1056;3.869
635;1057;3.638
635;1060;3.971
636;629;4.029
636;630;3.973
636;631;3.642
636;633;2.875
636;639;3.272
636;640;2.983
636;1056;3.11
637;602;3.969
637;633;2.945
637;634;3.412
637;640;4.023
637;641;2.975
638;598;3.484
638;602;4.003
638;634;2.941
638;635;3.213
638;641;3.476
638;642;2.975
639;630;3.903
639;635;2.998
639;636;3.272
639;642;3.268
639;643;3.034
639;1041;3.928
639;1060;3.616
640;630;3.807
640;631;3.646
640;636;2.983
640;637;4.023
640;643;3.123
640;644;3.015
640;650;3.799
641;598;3.822
641;601;3.937
641;637;2.975
641;638;3.476
641;644;3.417
641;645;2.999
641;672;4.012
642;638;2.975
642;639;3.268
642;645;3.077
642;646;3.229
642;1033;5.786
642;1036;3.488
642;1060;3.75
642;1067;3.905
643;639;3.034
643;640;3.123
643;649;2.836
643;1037;3.55
644;640;3.015
644;641;3.417
644;647;2.976
644;669;3.447
644;672;3.582
644;673;3.994
645;594;3.921
645;641;2.999
645;642;3.077
645;676;3.771
646;642;3.229
646;1033;3.471
647;644;2.976
647;669;2.883
647;673;4.011
648;217;3.764
648;1033;3.803
648;1034;2.742
648;1035;2.84
649;212;3.586
649;217;3.405
649;218;3.662
649;643;2.836
649;669;3.872
649;1038;3.869
650;640;3.799
650;653;3.504
650;669;3.279
651;626;3.887
651;1038;3.522
652;625;2.863
653;613;3.809
653;625;3.561
653;627;3.596
653;631;4.035
653;650;3.504
653;662;3.249
653;665;3.462
654;613;3.464
654;614;3.555
654;658;3.355
654;662;2.91
655;614;2.932
655;616;2.758
655;662;3.661
656;994;3.386
657;616;3.664
658;654;3.355
658;661;2.771
658;662;3.072
659;663;2.943
660;663;3.4
660;664;2.996
661;613;2.803
661;658;2.771
661;664;3.182
661;665;3.044
662;653;3.249
662;654;2.91
662;655;3.661
662;658;3.072
662;665;3.352
662;666;2.922
663;659;2.943
663;660;3.4
663;666;3.136
663;667;3.022
664;660;2.996
664;661;3.182
665;609;3.412
665;613;3.625
665;653;3.462
665;661;3.044
665;662;3.352
665;668;3.005
665;669;2.925
666;208;3.815
666;662;2.922
666;663;3.136
666;669;3.355
666;670;2.961
667;663;3.022
667;670;3.458
667;671;2.998
668;601;3.765
668;665;3.005
668;671;3.426
668;672;2.984
669;644;3.447
669;647;2.883
669;649;3.872
669;650;3.279
669;665;2.925
669;666;3.355
669;672;3.331
669;673;2.972
670;211;3.781
670;666;2.961
670;667;3.458
670;673;3.425
670;674;2.989
671;601;3.857
671;667;2.998
671;668;3.426
671;674;3.468
671;675;2.995
672;601;3.407
672;641;4.012
672;644;3.582
672;668;2.984
672;669;3.331
672;676;2.966
673;215;3.644
673;644;3.994
673;647;4.011
673;669;2.972
673;670;3.425
673;677;2.926
674;211;3.824
674;670;2.989
674;671;3.468
674;677;3.439
674;678;3.025
675;597;3.763
675;671;2.995
675;678;3.489
675;679;2.983
676;645;3.771
676;672;2.966
676;679;3.139
676;680;2.927
677;673;2.926
677;674;3.439
677;680;3.293
677;681;2.986
678;114;3.861
678;674;3.025
678;675;3.489
678;682;3.027
679;594;4.038
679;675;2.983
679;676;3.139
679;682;3.326
679;683;2.915
680;676;2.927
680;677;3.293
680;683;3.109
680;684;3.079
681;251;3.575
681;252;3.668
681;677;2.986
681;684;3.464
681;685;3.012
682;590;3.509
682;678;3.027
682;679;3.326
682;686;2.906
683;587;3.576
683;590;3.795
683;679;2.915
683;680;3.109
683;686;3.379
683;687;3.136
683;1075;3.376
684;252;3.699
684;256;3.614
684;680;3.079
684;681;3.464
684;687;3.467
684;688;2.947
684;1075;3.613
684;1078;3.761
685;255;3.788
685;256;3.998
685;259;3.714
685;681;3.012
685;688;3.401
685;689;2.952
686;682;2.906
686;683;3.379
686;690;3.074
687;583;3.787
687;586;3.914
687;683;3.136
687;684;3.467
687;690;3.291
687;691;3.012
687;1075;3.63
687;1076;3.753
687;1079;3.554
688;256;3.426
688;684;2.947
688;685;3.401
688;691;3.471
688;692;2.979
688;1079;4.031
688;1082;3.435
689;259;4.016
689;685;2.952
689;692;3.269
689;693;3.062
690;686;3.074
690;687;3.291
690;693;3.089
690;694;3.11
691;687;3.012
691;688;3.471
691;694;2.959
691;695;3.032
691;1079;3.492
691;1083;3.49
692;260;5.963
692;688;2.979
692;689;3.269
692;1083;3.688
692;1086;3.39
693;689;3.062
693;690;3.089
694;690;3.11
694;691;2.959
695;295;2.832
695;691;3.032
695;1083;3.689
696;294;3.427
696;295;3.303
696;700;3.404
697;1086;3.964
697;1090;2.88
698;1091;2.779
699;702;3.888
700;279;3.731
700;293;3.953
700;294;3.768
700;696;3.404
701;281;2.778
701;290;2.947
702;281;2.724
702;699;3.888
702;1096;3.686
703;1097;3.923
704;811;3.654
705;323;2.835
706;323;3.326
707;320;3.317
707;721;3.675
708;317;3.878
708;323;2.933
709;320;3.729
709;711;2.964
710;712;2.898
710;713;2.961
711;709;2.964
711;719;3.174
712;710;2.898
712;719;4.016
712;723;3.843
713;710;2.961
714;717;2.811
714;718;2.858
714;722;3.613
715;722;3.737
716;717;3.07
717;714;2.811
717;716;3.07
718;714;2.858
719;320;2.923
719;711;3.174
719;712;4.016
719;722;3.005
720;321;3.82
721;321;3.704
721;707;3.675
721;723;3.859
722;714;3.613
722;715;3.737
722;719;3.005
723;712;3.843
723;721;3.859
723;743;2.829
724;744;3.516
725;736;3.747
726;737;3.516
727;737;3.503
728;732;2.747
728;737;3.184
729;732;3.238
730;734;2.822
731;734;2.713
732;728;2.747
732;729;3.238
732;734;3.754
732;735;2.685
733;741;3.871
733;742;2.832
733;755;2.898
734;730;2.822
734;731;2.713
734;732;3.754
735;732;2.685
735;738;3.297
735;739;2.718
736;725;3.747
736;740;3.371
737;726;3.516
737;727;3.503
737;728;3.184
737;740;3.718
738;735;3.297
739;735;2.718
739;741;3.891
740;736;3.371
740;737;3.718
740;742;2.815
741;733;3.871
741;739;3.891
741;755;2.91
742;733;2.832
742;740;2.815
743;723;2.829
744;724;3.516
744;746;2.917
744;747;3.064
745;747;3.027
746;744;2.917
746;811;3.745
747;744;3.064
747;745;3.027
748;812;2.731
749;752;4.008
750;1100;3.483
750;1101;2.853
751;792;3.755
752;749;4.008
752;754;3.185
753;756;2.74
754;752;3.185
755;733;2.898
755;741;2.91
756;753;2.74
757;758;3.004
758;757;3.004
759;783;3.729
760;762;2.943
760;763;3.786
760;781;3.868
761;785;2.64
762;760;2.943
762;765;2.788
763;760;3.786
764;780;3.679
765;762;2.788
766;769;2.803
766;780;3.851
767;781;3.038
768;780;3.608
769;766;2.803
769;775;3.612
769;780;3.86
770;773;3.524
770;774;2.964
771;776;3.478
771;780;3.477
772;775;2.949
773;770;3.524
774;770;2.964
775;769;3.612
775;772;2.949
775;780;3.909
776;771;3.478
776;780;3.767
777;778;3.671
778;777;3.671
779;782;2.868
780;764;3.679
780;766;3.851
780;768;3.608
780;769;3.86
780;771;3.477
780;775;3.909
780;776;3.767
781;760;3.868
781;767;3.038
782;779;2.868
782;784;3.007
783;759;3.729
784;782;3.007
785;761;2.64
786;789;2.929
786;790;3.989
786;791;2.694
787;788;2.983
788;787;2.983
789;786;2.929
790;786;3.989
791;786;2.694
792;751;3.755
793;794;3.154
794;793;3.154
795;800;2.802
796;800;3.015
797;799;2.949
797;800;3.014
798;801;3.965
798;803;3.628
799;797;2.949
800;795;2.802
800;796;3.015
800;797;3.014
800;802;3.87
801;798;3.965
802;800;3.87
803;798;3.628
804;815;2.909
804;816;2.927
805;808;2.921
806;808;2.884
806;809;3.208
807;810;3.957
808;805;2.921
808;806;2.884
809;806;3.208
810;807;3.957
811;704;3.654
811;746;3.745
812;748;2.731
812;1099;3.665
813;1100;3.421
813;1103;4.021
814;1103;3.327
814;1106;3.713
815;804;2.909
815;817;2.779
816;804;2.927
817;815;2.779
817;819;2.751
818;826;2.919
819;817;2.751
820;823;2.99
820;826;3.86
820;827;3.922
821;824;3.349
821;826;3.525
822;824;3.524
823;820;2.99
824;821;3.349
824;822;3.524
824;826;3.053
825;827;2.976
825;828;3.988
826;818;2.919
826;820;3.86
826;821;3.525
826;824;3.053
827;820;3.922
827;825;2.976
827;830;2.844
828;825;3.988
828;883;3.808
829;834;3.874
829;835;3.363
829;883;3.755
829;884;3.684
830;827;2.844
831;834;2.865
831;835;3.013
832;836;3.059
833;837;2.922
834;829;3.874
834;831;2.865
834;837;3.136
834;838;2.947
834;883;3.987
835;829;3.363
835;831;3.013
835;839;3.25
835;943;3.216
836;832;3.059
836;839;3.386
836;840;3.033
837;833;2.922
837;834;3.136
837;840;3.293
837;841;2.913
838;834;2.947
838;841;3.386
838;842;2.959
838;877;3.717
838;880;3.669
839;835;3.25
839;836;3.386
839;842;3.407
839;843;2.952
839;943;3.44
840;836;3.033
840;837;3.293
840;843;3.281
840;844;2.982
841;837;2.913
841;838;3.386
841;845;2.948
841;877;3.967
842;838;2.959
842;839;3.407
842;846;2.894
842;873;3.981
842;877;3.456
842;936;3.686
842;940;3.788
843;839;2.952
843;840;3.281
843;846;3.159
843;847;2.981
844;840;2.982
844;847;3.111
844;848;3.012
845;841;2.948
845;848;3.433
845;849;2.947
845;936;3.623
846;842;2.894
846;843;3.159
846;850;2.997
847;843;2.981
847;844;3.111
847;850;3.395
847;851;2.956
848;844;3.012
848;845;3.433
848;851;3.056
848;852;3.277
849;845;2.947
849;934;3.927
850;846;2.997
850;847;3.395
850;854;3.636
850;1266;3.828
851;847;2.956
851;848;3.056
851;854;3.065
851;855;3.027
851;858;3.583
851;862;3.713
851;866;3.853
852;848;3.277
852;859;2.783
852;927;2.696
853;856;3.292
853;859;2.667
853;1269;3.351
853;1323;3.088
854;850;3.636
854;851;3.065
854;1289;3.764
855;851;3.027
855;858;2.964
855;859;3.03
856;853;3.292
856;859;3.218
856;860;3.014
856;1324;4.031
857;860;2.638
858;851;3.583
858;855;2.964
858;861;3.275
858;862;2.962
859;852;2.783
859;853;2.667
859;855;3.03
859;856;3.218
859;863;3.028
859;1322;3.83
860;856;3.014
860;857;2.638
860;1324;3.505
861;858;3.275
862;851;3.713
862;858;2.962
862;865;3.116
862;866;3.032
863;859;3.028
863;866;3.496
863;867;2.761
864;868;3.023
865;862;3.116
865;868;3.393
865;869;2.987
866;851;3.853
866;862;3.032
866;863;3.496
866;869;2.991
866;870;3.259
867;863;2.761
867;870;2.998
867;871;3.028
867;927;2.873
867;930;3.771
868;864;3.023
868;865;3.393
868;871;2.907
868;872;2.951
869;865;2.987
869;866;2.991
869;873;2.923
870;866;3.259
870;867;2.998
870;874;3.007
870;930;4.039
870;933;3.789
871;867;3.028
871;868;2.907
871;874;3.333
871;875;3.039
872;868;2.951
872;876;2.986
873;842;3.981
873;869;2.923
873;876;3.271
873;877;2.94
873;933;4.034
873;936;3.61
874;870;3.007
874;871;3.333
874;878;2.972
874;933;3.855
875;871;3.039
875;879;3.03
876;872;2.986
876;873;3.271
876;880;2.943
877;838;3.717
877;841;3.967
877;842;3.456
877;873;2.94
877;881;3.01
877;939;3.631
878;874;2.972
878;881;3.336
878;882;2.965
878;906;3.854
878;910;3.67
879;875;3.03
879;882;3.339
879;883;2.952
880;838;3.669
880;876;2.943
880;883;3.402
880;884;2.689
880;939;3.575
881;877;3.01
881;878;3.336
881;885;2.971
881;903;3.838
882;878;2.965
882;879;3.339
882;885;3.395
882;886;2.986
883;828;3.808
883;829;3.755
883;834;3.987
883;879;2.952
883;880;3.402
883;886;3.469
883;887;3.016
884;829;3.684
884;880;2.689
884;888;3.071
884;893;3.756
884;899;4.09
884;902;2.672
885;881;2.971
885;882;3.395
885;888;3.035
885;889;2.934
885;890;3.705
885;893;3.856
886;882;2.986
886;883;3.469
887;883;3.016
888;884;3.071
888;885;3.035
888;892;2.811
888;893;4.001
888;896;3.793
888;899;3.622
889;885;2.934
889;893;2.995
890;885;3.705
890;893;3.499
890;894;3.0
891;894;2.847
891;895;2.888
892;888;2.811
893;884;3.756
893;885;3.856
893;888;4.001
893;889;2.995
893;890;3.499
893;896;3.036
893;899;3.634
893;903;3.756
894;890;3.0
894;891;2.847
894;900;3.508
894;903;3.974
895;891;2.888
896;888;3.793
896;893;3.036
896;899;3.108
896;900;2.957
897;900;3.48
897;901;2.975
898;901;3.318
898;902;3.002
898;948;3.812
898;951;3.909
899;884;4.09
899;888;3.622
899;893;3.634
899;896;3.108
899;902;3.146
899;903;2.977
900;894;3.508
900;896;2.957
900;897;3.48
900;903;6.386
900;904;2.977
901;897;2.975
901;898;3.318
901;904;3.217
902;884;2.672
902;898;3.002
902;899;3.146
902;939;2.915
902;942;2.753
903;881;3.838
903;893;3.756
903;894;3.974
903;899;2.977
903;900;6.386
903;906;3.032
903;907;2.948
904;900;2.977
904;901;3.217
904;908;3.029
905;935;4.003
905;939;3.665
906;878;3.854
906;903;3.032
906;909;3.05
906;910;3.085
907;903;2.948
907;910;2.965
907;911;2.913
908;904;3.029
908;912;2.968
908;932;3.696
909;906;3.05
909;912;3.995
909;913;3.047
909;933;2.862
910;878;3.67
910;906;3.085
910;907;2.965
910;913;3.351
910;914;2.985
911;907;2.913
911;914;3.215
911;915;2.993
912;908;2.968
912;909;3.995
912;915;3.471
912;916;2.993
913;909;3.047
913;910;3.351
913;916;3.257
913;917;2.984
913;926;3.748
914;910;2.985
914;911;3.215
914;917;3.185
914;918;2.925
915;911;2.993
915;912;3.471
915;918;3.155
915;919;2.961
916;912;2.993
916;913;3.257
916;921;3.041
916;925;3.289
916;926;3.314
916;929;3.655
917;913;2.984
917;914;3.185
917;920;3.0
918;914;2.925
918;915;3.155
919;915;2.961
920;917;3.0
921;916;3.041
922;925;3.834
923;926;3.484
923;927;3.011
924;927;2.735
924;928;3.205
925;916;3.289
925;922;3.834
925;929;2.96
926;913;3.748
926;916;3.314
926;923;3.484
926;930;2.957
927;852;2.696
927;867;2.873
927;923;3.011
927;924;2.735
927;1321;3.828
928;924;3.205
928;931;3.05
928;1318;2.989
928;1319;3.659
928;1320;3.144
929;916;3.655
929;925;2.96
930;867;3.771
930;870;4.039
930;926;2.957
930;933;2.748
931;928;3.05
931;934;2.76
931;935;3.319
931;1267;3.566
932;908;3.696
932;935;2.977
933;870;3.789
933;873;4.034
933;874;3.855
933;909;2.862
933;930;2.748
933;936;2.854
934;849;3.927
934;931;2.76
935;905;4.003
935;931;3.319
935;932;2.977
935;938;2.939
935;939;3.01
935;1263;3.836
936;842;3.686
936;845;3.623
936;873;3.61
936;933;2.854
936;939;2.981
936;940;3.167
937;940;2.966
937;1263;3.628
938;935;2.939
938;941;2.779
938;1263;3.807
939;877;3.631
939;880;3.575
939;902;2.915
939;905;3.665
939;935;3.01
939;936;2.981
939;942;2.928
940;842;3.788
940;936;3.167
940;937;2.966
940;943;2.983
940;944;2.945
941;938;2.779
941;944;3.151
941;947;3.513
941;951;3.707
942;902;2.753
942;939;2.928
942;948;2.871
943;835;3.216
943;839;3.44
943;940;2.983
944;940;2.945
944;941;3.151
944;947;3.629
944;948;3.008
945;948;3.655
946;949;3.092
946;950;2.928
947;941;3.513
947;944;3.629
947;950;3.336
947;951;2.967
947;1252;3.91
947;1255;3.815
947;1256;4.1
948;898;3.812
948;942;2.871
948;944;3.008
948;945;3.655
948;952;2.967
949;946;3.092
949;952;3.339
949;953;2.96
950;946;2.928
950;947;3.336
950;953;3.108
950;954;2.993
950;1252;3.749
