1.0 0.17550890632288466 0.18546730756947585 0.17385549734990352 0.1745116355165014 0.1737779493851146 0.1759534625272951 0.17425500939284094 0.17511506440832886 0.18561561501564336 0.18505221598683255 0.17124438379863152 0.1742864054184809 0.17658071561629368 0.17699139134808217 0.17438050815552067 0.17402889240303943 0.17203939836377286 0.1840529703954974 0.1900959436766259 0.17486807447880595 0.17671270697107905 0.17705332603803717 0.174182232764816 0.17328330986222837 0.17335397796814775 0.173604128138631 0.17691125499122623 0.17830917400201293 0.18878419273605032 0.17405813396463232 0.17445398641098372 0.1861288925106567 0.1782931809540366 0.1772750816620059 0.17499925291093962 0.1747643432596418 0.1741875635402797 0.1757859273101461 0.17545925963052472 0.19459915598530322 0.17496162620726177 0.17624307762428085 0.1818401763914548 0.18478595366764744 0.1774006465919473 0.17637961769732674 0.17536884667023794 0.18043373088942477 0.1806966618287373 0.18693742201672428 0.17483643003651994 0.18527098863826363 0.18760769100832791 0.17704179354903357 0.16632059414355133 0.17499925291093962 0.17207459082577822 0.17729487218542878 0.17247265670944598 0.18069324965188094 0.17481271963400485 0.1774450809152835 0.17846569005631457 0.17672037783980876 0.17507148473006906 0.1732466923873783 0.1755981552138518 0.1937394756439748 0.17335836259873955 0.17947792971385065 0.19387379173524094 0.17390328510237116 0.18842161105986072 0.1753051658550156 0.17764792196896195 0.17646347363328496 0.22198920270776407 0.18346632815193623 0.17511903337152204 0.1755728090762575 0.1736275734959697 0.1784166105647551 0.17566067903823437 0.17526665800497865
0.17550890632288466 1.0 0.19808726216837658 0.1985530507150483 0.18781849346900104 0.1950302631007404 0.19831105314840705 0.20936192555536753 0.19241122368252872 0.176247981208949 0.1748178257769774 0.22865795556047053 0.18713682558237182 0.1833336340777304 0.18289676244004713 0.19732331693670208 0.2020801293952186 0.18546828358631773 0.20319103138045722 0.17955306784102523 0.18864912607662107 0.19648490044780423 0.192187553761579 0.19191556437665272 0.20075186851474028 0.2006302940207882 0.1924625662852948 0.20203011165262338 0.19318747237299835 0.19232676968259574 0.19187476794880576 0.19381072919743633 0.17425632750438227 0.1936329656664853 0.18700935671965 0.1936068644935953 0.19446505119455942 0.18721077429850083 0.19189256649031017 0.19139249761311536 0.19235595858942972 0.18700950840161318 0.1847616163757888 0.19082244815242144 0.19120313168637537 0.19203080055174618 0.19439578492301401 0.18991889970974746 0.189724969902607 0.18374534913168805 0.17267929324972842 0.18759721897021145 0.17112022977307956 0.17498562860610933 0.19122396700798344 0.1665625151356254 0.19240731762560526 0.19878089933189713 0.19315514371129117 0.19138340848852187 0.17087629489529133 0.18716950224315357 0.1899255192416123 0.183759791487042 0.1948198365732551 0.18914553487558092 0.19332710916200915 0.19252727231240424 0.18143349764267527 0.1882189160126435 0.18700117001863462 0.174836209032612 0.18744138519264783 0.17308198907873626 0.20919607756832237 0.18547424487783054 0.18822694301294876 0.17196141067786297 0.19450542409057983 0.18928849576883108 0.18869070537976068 0.19177248353255652 0.19547576150591967 0.192475826553404 0.21045608927704998
0.18546730756947585 0.19808726216837658 1.0 0.18778674818528165 0.1865125505354663 0.19455590206537493 0.19373178418812412 0.18683185823284157 0.18976988485917756 0.17713068623229142 0.1753441896494677 0.19128596825514516 0.19779955357474738 0.1834812827547121 0.1838843434788556 0.2129875138399894 0.20460885233386214 0.18742476811504963 0.2018501441149106 0.17862053171667608 0.19566066318439665 0.20048408740577195 0.2017386196315205 0.1908403124676151 0.19569946130863386 0.20014581479859017 0.19066615111318083 0.20648223909600782 0.19959043649102737 0.20321373812761656 0.19020572767242405 0.1945452197047392 0.17406134258619244 0.20038666415454515 0.18810686237473093 0.19600950586087493 0.20022312293783642 0.1904786198180242 0.2124008875911676 0.18984139203169534 0.1896053308047712 0.1933970224666114 0.1849044545445152 0.20232052211747642 0.19903917218013645 0.19746898724340217 0.1973968736103857 0.2274651563190779 0.1920243429244436 0.2159352094648526 0.1782393452867191 0.18929743277024208 0.1794461695005662 0.17466810769742375 0.19746720921696853 0.16685747769887457 0.19888319440129093 0.20262147527975183 0.19316684105950496 0.18828998850863693 0.175836535473329 0.18611221667280145 0.19436526484145394 0.18713555801491152 0.19927984832545706 0.1848439486633506 0.1965968752475311 0.1897831806899736 0.17554670719347615 0.18643124494001825 0.19161533214649218 0.1764354337549139 0.189753471258312 0.17397608971686554 0.19275367379586722 0.19377105567297306 0.18631363817768076 0.17548779811452428 0.19415248345486313 0.19145949900521628 0.18677369972084124 0.200654111640866 0.1987144498298725 0.1940430432335102 0.1985715831027736
0.17385549734990352 0.1985530507150483 0.18778674818528165 1.0 0.18470118885754214 0.18968057993655152 0.19458966397665706 0.18942493478658307 0.19114841846213637 0.17398797624991794 0.1703089216492805 0.18954406996569412 0.18917105389552474 0.20416080932336297 0.1802001615268025 0.18753460228799218 0.19616293037682075 0.19002314944074153 0.20012141224272442 0.1749701343494567 0.18755055289473016 0.19110457860292648 0.18841917332296837 0.19042364090361663 0.19081846559156262 0.18806297336020303 0.18773759848917357 0.20088735210125036 0.1863053981192625 0.18102299842523878 0.18823674154144757 0.1853651338353431 0.17273931255348957 0.18865886364334689 0.18817406127209435 0.18580411087823925 0.19103552098914922 0.19088694521536823 0.1909850142560895 0.18227682403991954 0.1923960129770225 0.19091948491818822 0.18192576145621644 0.18982010787900763 0.19245323410798051 0.1863574832198273 0.19096747627782265 0.19022249642217387 0.19300956780242254 0.1841456369039928 0.1769873548261401 0.19042648843405854 0.17284020763045088 0.174288559836451 0.19079835708972134 0.17009473376069548 0.18544861831916098 0.18710026156184792 0.18722437831140865 0.1985114780629334 0.17069718549972973 0.24964488636363635 0.20785984848484848 0.18555359370918076 0.1929296034993369 0.18566077248216015 0.18990371314316723 0.2084371371395554 0.17408816757407375 0.18664808289994678 0.18532737619492742 0.17401629744000224 0.18444857173998272 0.175762092262286 0.19063878889059419 0.19390115979652658 0.18785487325488542 0.17711372924768728 0.19070784840703822 0.18533012079946823 0.18759726198170315 0.1897987719315175 0.1843292523972776 0.18990061886844933 0.18956603876355246
0.1745116355165014 0.18781849346900104 0.1865125505354663 0.18470118885754214 1.0 0.18734988240473163 0.19085444204611038 0.23912576963964416 0.2053227360308285 0.1800513597014646 0.19523649117893432 0.20463878678206734 0.21518274282567218 0.18207078947847796 0.183911083244185 0.22330470579305947 0.21327071290944125 0.21792556537021868 0.18644356001212573 0.17357367003228397 0.20553555297273426 0.19444526127145428 0.1971559927296122 0.21770888520757845 0.18742622033106143 0.1956969162714788 0.18634887455728774 0.18638788044116433 0.1908029497243547 0.18692735445052855 0.19010156162795658 0.1882905796979833 0.17241571262397912 0.18812387835679628 0.18955957460447545 0.18955957460447545 0.18467119735632925 0.18605307169151344 0.19263383633639572 0.1909401246017058 0.18590638214688565 0.18933030103408732 0.18385429801317396 0.19399235527880326 0.18570629654235898 0.1891697243987929 0.1904640112282203 0.18647863873825757 0.18831861573405595 0.18380444045064429 0.17444728781271115 0.18643897710015503 0.17529025121711383 0.17459246371184692 0.18742212840503106 0.16798648748597508 0.1945794372358676 0.18440204740176003 0.19643292674160628 0.1899756506877777 0.1718121683207486 0.19341688813782693 0.18935752134974906 0.18727496051952888 0.18690750156527203 0.1903767072644884 0.20322853995553283 0.1929061496920702 0.17522932001072128 0.19018416053844434 0.18909812372801857 0.17563818737869152 0.19013242019726004 0.17438513195836405 0.1873418824218671 0.18719678497216613 0.19032147248238085 0.17493104988265254 0.21237359431443922 0.18920101298794742 0.19296490187381038 0.18605317733111512 0.18867056479480954 0.18400760406794162 0.19156519443266837
0.1737779493851146 0.1950302631007404 0.19455590206537493 0.18968057993655152 0.18734988240473163 1.0 0.18745498743742411 0.18934490148216032 0.18939413657731213 0.17775409288047309 0.17873875034420947 0.20098397337301555 0.1939034123166778 0.18515955450598748 0.18089598457219627 0.2478386167146974 0.20202041234913296 0.18705672217545166 0.19138324692108455 0.17417004336063915 0.1938236504721571 0.19187349186274522 0.19915810860519836 0.1855103635693708 0.2050088640460547 0.21558037647893552 0.1849983051618138 0.22898655139289145 0.19148947376398268 0.19099309056498748 0.18743365375331375 0.1911467083837895 0.17228791476426103 0.19865563645469836 0.1874960140139825 0.20193714558348722 0.19180976885807688 0.18902104145145385 0.19247554151691373 0.19294461443809494 0.19545284583599065 0.1867823803621926 0.18430400551502374 0.19082139249012625 0.19335503649903593 0.19935116933249142 0.19389048079089685 0.1869268543559444 0.19068212192948458 0.1875162893503733 0.17801896763513436 0.19239176340361872 0.17288538908882736 0.19028796675955206 0.19455673316924485 0.1670299454304257 0.19823735154501906 0.19729727478393488 0.1918175378348557 0.20136467910049063 0.17120624966388304 0.19540318699937648 0.19218422052653744 0.18390407033620512 0.189636670412516 0.1846023794973371 0.1947555197440876 0.190121674299347 0.1769034363429802 0.18906908134528608 0.18665781234283138 0.17383284484701095 0.1899784199606202 0.18846417826872977 0.19260925877030952 0.18871963109209475 0.18775731285853572 0.1739614392283844 0.19424454923160453 0.19155385263681854 0.188098876380563 0.19020550099002276 0.19424865286132337 0.19221901112890635 0.19297858335277468
0.1759534625272951 0.19831105314840705 0.19373178418812412 0.19458966397665706 0.19085444204611038 0.18745498743742411 1.0 0.18804054103164905 0.20000005213154823 0.17716261073148873 0.1739391866917895 0.18768031011013248 0.18294818550644734 0.1833766869560258 0.18126574882353644 0.19214136212335972 0.19590859498806287 0.18971962501029532 0.1979457283040511 0.1747798164883118 0.21741221741221742 0.19961511475107668 0.18750019577614277 0.19156640330138464 0.1900487485429339 0.19267278526454504 0.2025742944373496 0.20127378458825987 0.22242272589944145 0.2101716200456022 0.2099669054434443 0.19164571257385163 0.17241217580801274 0.19507518907083612 0.18619803247410552 0.18798954657744843 0.22840151801684583 0.1920361135958791 0.1976359661940144 0.18768031011013248 0.194156505261736 0.18895401246870067 0.18527148930976042 0.19409344899992523 0.1982958441658666 0.22186147186147187 0.19916782486393814 0.193879138684033 0.20088802309531145 0.1905459018458713 0.1720497007581287 0.19684090902902654 0.19765743700097835 0.17398648692472857 0.1954141716156687 0.16774610350107677 0.19109483768990945 0.19288972289888187 0.18882485997237755 0.19198225609849381 0.17132973056681902 0.19315798036677362 0.1916069897893999 0.18797523822417797 0.1925342215750908 0.1910768322582097 0.2109065882094146 0.19109483768990945 0.17727204878846378 0.20050488141112985 0.20282043379400716 0.2004820696590811 0.21212121212121213 0.17245159878741786 0.18648386066019207 0.19017139451425819 0.19126949387819742 0.1755226755934838 0.196192315042569 0.18583972965343695 0.19149662861201802 0.19560341239770573 0.21589457680212132 0.1918797400908726 0.1907022855793756
0.17425500939284094 0.20936192555536753 0.18683185823284157 0.18942493478658307 0.23912576963964416 0.18934490148216032 0.18804054103164905 1.0 0.19634749125184853 0.18864545635367136 0.18029058653918068 0.27314148681055156 0.18762218703113076 0.1826342323308895 0.18040737148771793 0.2189825381526886 0.19166110682172485 0.20964124975042486 0.18906676523467678 0.17452815355505763 0.1986073147294684 0.18836105340458645 0.1954072591829075 0.18827336819092647 0.18869751277580651 0.19419456696880766 0.18258287895954411 0.19702428912148748 0.18498528526164337 0.1845980741658454 0.18837519051810803 0.1842775435019503 0.17385417089002914 0.19083604450115688 0.1855721417109649 0.1868840270315437 0.1871365300267231 0.18828613167490246 0.18899410475023273 0.20503597122302158 0.1876575707447057 0.18760512518359182 0.18476661825616583 0.19032291743951193 0.18710297266193732 0.1885208489270045 0.1888594455918821 0.1878672180984262 0.1889889341395993 0.18184178589024866 0.17407037569541334 0.1884273658759735 0.17574784334995566 0.17493414537315247 0.18952347556277824 0.1682183661858776 0.18521435480535248 0.18436230849032434 0.18855297378387628 0.18813809737486892 0.17096373059580988 0.18632742012969553 0.18763790709991718 0.1865128003118949 0.18770227750710688 0.19032380316551964 0.1848785791950421 0.18461804329599849 0.17473038050117828 0.18689243890912405 0.18905057008770737 0.17513939742822673 0.18864092590084333 0.17581342004973932 0.21556711800715414 0.18906154243471626 0.18750176200736238 0.17586731843041112 0.20734190468562685 0.1895077976727013 0.18386160540242505 0.1874420369285315 0.18444516922618429 0.18635404549243198 0.1909100968629878
0.17511506440832886 0.19241122368252872 0.18976988485917756 0.19114841846213637 0.2053227360308285 0.18939413657731213 0.20000005213154823 0.19634749125184853 1.0 0.17789074338504704 0.1805606736041777 0.1906997971950328 0.18597678446122312 0.1872248671266508 0.18127694012480217 0.2181339452388852 0.21832851637764933 0.18744730774796034 0.19287264828840592 0.17805533492495285 0.19193747481938592 0.20881730232195309 0.18859971187154223 0.18529445118778343 0.19558562044790662 0.18571973933626215 0.2360659838545486 0.19829265474030966 0.19152523218387907 0.19175128617828413 0.19477619019257844 0.19190460234093884 0.1728996865541517 0.18980677567117019 0.19075477999290216 0.1869301227499367 0.20332968620839362 0.18953406464574174 0.20160746225268747 0.18913766905165824 0.19321798067103782 0.19172840491038987 0.18755285949169984 0.2035230742259584 0.19339400868900256 0.19506623616440413 0.19393134099948103 0.1897102967908461 0.19251680143513364 0.1863388417963196 0.17528482623156505 0.1933885019535027 0.17768492678018918 0.17579323718992013 0.19459847027120966 0.16786726357718446 0.18872293083257674 0.18655879649417825 0.21137629049372847 0.19140583124502572 0.17348605165859865 0.2363984188351218 0.19222295672956874 0.19061915624309192 0.19123183964775906 0.1939687206091014 0.1882905796979833 0.21943970931514306 0.17908846539292575 0.18777828880487768 0.21948889361287868 0.1762360028564951 0.18724433280185862 0.1998313718222747 0.18999408410351515 0.19018906094678517 0.19973496319488923 0.17505078366080631 0.22865436389561428 0.18740820490530738 0.19078860598801553 0.19048016611648572 0.18639886597915595 0.1892683802726131 0.19313639161098045
0.18561561501564336 0.176247981208949 0.17713068623229142 0.17398797624991794 0.1800513597014646 0.17775409288047309 0.17716261073148873 0.18864545635367136 0.17789074338504704 1.0 0.20155922244408878 0.17642841727552885 0.17659346911404047 0.1777779604866863 0.17567784020865473 0.17859312096554614 0.17717053794624119 0.1774747346066564 0.17495829483510555 0.18520619198549682 0.1899970043322127 0.17660137811948712 0.20901065110871728 0.17722030125208396 0.17557709538307636 0.17481446298890732 0.17326685716774512 0.17547673093527485 0.1747067479475325 0.1745421272084138 0.17503004846303455 0.17411256101464936 0.18620946829189713 0.19710061111497776 0.17322055901143182 0.1747692985349178 0.1783511645477016 0.19897104570471405 0.17531396791921502 0.17606909259675996 0.17586636951371115 0.1772440370431685 0.17315100238318953 0.17568766638518518 0.17444927873183927 0.1774025059389789 0.1747123510064443 0.1766888655363283 0.17599239344211134 0.1722628390812711 0.19212979749513973 0.17496743710404214 0.19286371588124052 0.19102335163197032 0.1756091346114736 0.16839364330963247 0.17655630567740163 0.17472857370867825 0.18018159578337695 0.17558060637219558 0.17876434277603442 0.17327393530771582 0.17636811272392502 0.17428789289799193 0.17552686521679914 0.17412633754376852 0.1763940359520827 0.17286315758293505 0.18896709639919182 0.17530016847903498 0.17754732912315924 0.18627244517262787 0.18423951935244867 0.19449666792232337 0.17700237713451764 0.1763309542624532 0.17370638242552755 0.19310240859891534 0.1773069129699796 0.1782241790103865 0.1741428989546959 0.17567175152721343 0.1744739985494096 0.17554658460606581 0.17456139765671025
0.18505221598683255 0.1748178257769774 0.1753441896494677 0.1703089216492805 0.19523649117893432 0.17873875034420947 0.1739391866917895 0.18029058653918068 0.1805606736041777 0.20155922244408878 1.0 0.17692964351448223 0.18975386837998334 0.18067645291595769 0.17270849292045154 0.18450451648434524 0.17647069165711438 0.17364639043540872 0.1719434867737228 0.1800405792749011 0.17862725046579075 0.17336366126333683 0.17623719594874238 0.20345836518317298 0.1748776965012302 0.17567247594807905 0.1778499741410178 0.17549550689038307 0.17544497111003718 0.17443737303922882 0.1743306265378624 0.17436841284886156 0.18165642887097724 0.19464462304295022 0.17275908217204639 0.1746693415464436 0.17527169935663428 0.17278217700293394 0.17449756379795375 0.17392880152814436 0.1726543705134599 0.17343485109895676 0.1732867550628174 0.17438009788507203 0.1731463277976216 0.17934849104640632 0.17640360675757313 0.1753967594505743 0.1727780927582969 0.17335836259873955 0.18453714966030177 0.17223353974858405 0.18466891486785122 0.18831744526441813 0.17252374496999312 0.16899566567997187 0.17598264486634166 0.17163509103507266 0.17358882278557822 0.17107880432173336 0.17879228118895532 0.17209788091030237 0.1754372715308765 0.17693128081019338 0.17758597722832983 0.17378493089571753 0.1735260533664999 0.17240090853934692 0.18901397672551798 0.18180725787070415 0.1732326950486264 0.18368906377328875 0.1734583596380458 0.18058123079130112 0.17208614609535994 0.17192947518059024 0.17420224892571534 0.18120039250310532 0.175521583230771 0.17204273490664743 0.17306985939867184 0.17234622397030774 0.17795624513797156 0.17174569161637793 0.17469709523431376
0.17124438379863152 0.22865795556047053 0.19128596825514516 0.18954406996569412 0.20463878678206734 0.20098397337301555 0.18768031011013248 0.27314148681055156 0.1906997971950328 0.17642841727552885 0.17692964351448223 1.0 0.1858158116746051 0.18562431472006583 0.17873472036134172 0.22414212672286152 0.20283633123201977 0.20315006426503326 0.18640385304827287 0.1750116110441298 0.18635946339790507 0.19848410425934349 0.18915422688905445 0.18211827730776156 0.1970787474803157 0.18531847187573058 0.19255286511325606 0.1913847388238566 0.1899102181809469 0.18339469688966648 0.18622233119790108 0.18860500049221135 0.17168099375390378 0.19671345881954574 0.19034263378579688 0.18676476472967288 0.18642044636590657 0.19211892824843738 0.19006861324217972 0.20887290167865707 0.1914848762028514 0.1866479561775531 0.18417136497570138 0.19176749366296175 0.19153782851619208 0.19140269629913703 0.19219997905781558 0.18846438026657122 0.1889889341395993 0.1858158116746051 0.1746673248576061 0.19034033405745548 0.1735972919017577 0.17517378118873214 0.19202976837563615 0.17190632188019314 0.19499386355875808 0.19022077354611286 0.1855467082579854 0.19194367203731885 0.1689355495629217 0.1866848256670287 0.18799531263725036 0.183056652574486 0.19369532595880248 0.18781482647595535 0.18632106485846248 0.1878381254465101 0.1756930823221214 0.18509193371732133 0.1910963114572115 0.17323052116197904 0.18563900155487192 0.1746100427735604 0.2082291748160624 0.1881060829656842 0.18762218703113076 0.17311939157993594 0.20361143512947222 0.18390246948477368 0.18880801342178163 0.1887553250853556 0.183132816793139 0.19196136952453463 0.18765389179962666
0.1742864054184809 0.18713682558237182 0.19779955357474738 0.18917105389552474 0.21518274282567218 0.1939034123166778 0.18294818550644734 0.18762218703113076 0.18597678446122312 0.17659346911404047 0.18975386837998334 0.1858158116746051 1.0 0.18126551011223616 0.18023123376597927 0.19161368898913467 0.18923530047709142 0.18942443230369096 0.19171171354933908 0.1755292046975741 0.19235488192668654 0.19099496684956352 0.20495190606176608 0.21139444254825268 0.19108062412982713 0.19082189096702296 0.19085596297103144 0.19233675951362197 0.1909766051726566 0.1874547265900218 0.18138563304802954 0.20222174895390846 0.17618585069575518 0.1874487767327574 0.18649817712685351 0.1887740058779198 0.18723038694894412 0.18549531973695532 0.18585824510963606 0.18822431214997262 0.18895337800301357 0.18721855331793533 0.18329758344506278 0.18824810813929196 0.1844248084813263 0.18668674434013216 0.1866844051443173 0.18544475851722836 0.18476125541442098 0.18311562651185292 0.1747067504030579 0.18480306718832706 0.1713516656576687 0.17268571943357958 0.1863913263160103 0.1673959428125829 0.18949268864141441 0.1886456260902286 0.1921499602500117 0.18943326422519483 0.1687109386670082 0.18306876183437878 0.18953001225206276 0.18229593960816037 0.1861101526841583 0.18347107618387637 0.18990734991313313 0.18458168975753453 0.17379748345354695 0.18529332636596849 0.19083882223445803 0.1713470470836802 0.18741033637245824 0.17657727630433387 0.18980318094984802 0.18616446650629911 0.2077890662796323 0.17255160729392688 0.1870921449138322 0.1914091760107334 0.18768963509946368 0.1860980622001001 0.1862051127049224 0.1848870584965864 0.20566882190217953
0.17658071561629368 0.1833336340777304 0.1834812827547121 0.20416080932336297 0.18207078947847796 0.18515955450598748 0.1833766869560258 0.1826342323308895 0.1872248671266508 0.1777779604866863 0.18067645291595769 0.18562431472006583 0.18126551011223616 1.0 0.1974735970833421 0.18456110733563846 0.1854269330633347 0.1806977349977969 0.18267633481749024 0.1740903470690421 0.18122072329488376 0.18416203059727726 0.18460146568033114 0.18250412804383462 0.18476064656432228 0.18281960990809903 0.17960866825284516 0.18180825035203296 0.18092667715930366 0.18029385965717157 0.18492006680983059 0.18249631895597007 0.17438148873906123 0.1862893538134229 0.18225151608089663 0.1833221842563066 0.18976234044124776 0.18506590107115392 0.18435184826509923 0.18239502573975538 0.23097112860892388 0.18641843896853053 0.18513439253834837 0.1846820764900178 0.18388373524596774 0.1850535475813585 0.19040878215564536 0.1844176294797762 0.1874403537259831 0.18138563304802954 0.1797073249560948 0.18783543241575895 0.1788822385166545 0.1778418060482657 0.18845281362515384 0.16791505577988347 0.18272736860330105 0.21371498088193017 0.18316207803370088 0.1838701218195932 0.17291497529509542 0.18383979745241125 0.18419630643260337 0.18235969512175587 0.1853184587979519 0.20736515324382335 0.18141716858106616 0.1847497418235199 0.17705289147425302 0.18019752262327127 0.1837748995573433 0.17755618936013928 0.1826580324023118 0.17561246117073367 0.18394833539652003 0.18501329365768243 0.1788630513963682 0.20545834723698359 0.18305468440558365 0.18463077869291877 0.18111389806308772 0.18542366133640795 0.18410149124673958 0.1835064638025032 0.18561928962069424
0.17699139134808217 0.18289676244004713 0.1838843434788556 0.1802001615268025 0.183911083244185 0.18089598457219627 0.18126574882353644 0.18040737148771793 0.18127694012480217 0.17567784020865473 0.17270849292045154 0.17873472036134172 0.18023123376597927 0.1974735970833421 1.0 0.1814937902052835 0.18343214813156997 0.18625332523915886 0.18187746322125434 0.17438544942651746 0.18162469090041475 0.1828838762840729 0.1821269850118732 0.18086540797696726 0.18325024358211447 0.18238459054670844 0.17929643664653128 0.1817329124585184 0.18228870027547872 0.18165937740613866 0.1836492535337539 0.18230068232411561 0.17311185029092652 0.18310169902854348 0.18276915548898975 0.18467052511696364 0.1831372198880053 0.18331600717424842 0.1861765879925198 0.18972642776324242 0.18269585053033402 0.1835958006593259 0.1829193077588107 0.18064567598118494 0.18165626514075014 0.18138539618249588 0.18307198846300166 0.2226585885087237 0.1830652899409933 0.17891129796609526 0.1783250513743049 0.18120090404637215 0.1986904761904762 0.17741238062937953 0.18266153879738709 0.1676165096367341 0.18490819632046038 0.18656187753886838 0.1803296792387297 0.17940705862878173 0.17629594733157886 0.18138725086492372 0.18281175807066918 0.18252045828540855 0.18201456152169837 0.20142857142857143 0.17930625587332527 0.18383867590472505 0.1743450394379707 0.17940632921099536 0.17818206919176371 0.17724697064826977 0.18294081184896846 0.17302606046010435 0.17883672808876522 0.2083779735322155 0.17963126294785017 0.17821428571428571 0.18249872766478087 0.18241264868374465 0.1769527324061594 0.1887937668652581 0.18544954675472894 0.18271535471924255 0.1802530510250136
0.17438050815552067 0.19732331693670208 0.2129875138399894 0.18753460228799218 0.22330470579305947 0.2478386167146974 0.19214136212335972 0.2189825381526886 0.2181339452388852 0.17859312096554614 0.18450451648434524 0.22414212672286152 0.19161368898913467 0.18456110733563846 0.1814937902052835 1.0 0.21332393542104872 0.21027340859336946 0.20192143836547338 0.1753795575506436 0.19658740990232426 0.1997124465900101 0.2052953071181078 0.2039889349405386 0.19362613927435673 0.19361422453258517 0.2122852546561164 0.2255043227665706 0.1976200218882533 0.18990927100944846 0.18982744243470984 0.18801907187153113 0.17530839012829086 0.206817922423834 0.18606383567651097 0.1923892900003436 0.2054251571829964 0.19153812570667295 0.19151973497927544 0.1903048249370762 0.19174247337982672 0.1948044441341586 0.18585277867061217 0.20202492121587232 0.19035635417119728 0.20283590948357172 0.19699463873459347 0.19708592252746313 0.19247874996273975 0.18872140689118547 0.18375380686096418 0.18916130468975198 0.17647222288735076 0.17565965425503702 0.195989931940289 0.16738710140782506 0.1995501816877013 0.1990919740694164 0.19795473634776514 0.19184389049053835 0.17240015656530483 0.21650530054354342 0.19874137445269102 0.18533523041664254 0.19095609063676502 0.18520018513042433 0.1966802191362466 0.2163782771529919 0.1756991923923813 0.18702703917065466 0.20881590103385136 0.1763400493399967 0.19286234284427287 0.19147478814522703 0.19441497057128118 0.19421747974962253 0.18281633094120583 0.17611353950749842 0.2265182871076554 0.19322472736386867 0.19123788201977648 0.19952461473199623 0.19508438769231862 0.19174144836833765 0.1970819428487061
0.17402889240303943 0.2020801293952186 0.20460885233386214 0.19616293037682075 0.21327071290944125 0.20202041234913296 0.19590859498806287 0.19166110682172485 0.21832851637764933 0.17717053794624119 0.17647069165711438 0.20283633123201977 0.18923530047709142 0.1854269330633347 0.18343214813156997 0.21332393542104872 1.0 0.19479582045530325 0.20063607564089522 0.18132573903581933 0.19422387734074537 0.20712647396307085 0.1931791297955797 0.19146286960199815 0.19366576159688423 0.19088863823041052 0.1934513187426107 0.1976914035130801 0.19622006817078746 0.1906659015395391 0.19297825612926234 0.1925069394480981 0.17483558227484197 0.1990627109002266 0.1872886843664647 0.1901571772986888 0.19352201899128288 0.19325512607957201 0.2004109787971819 0.18865701423831224 0.1928583938583746 0.1896900166155327 0.18492807392629437 0.2170349795687606 0.20000063631502438 0.22623351263977776 0.20277901007097401 0.19581453977906893 0.19635514264754753 0.1894766720338224 0.17803673817922785 0.19422723771166536 0.17457184854819124 0.1761534692333421 0.20691785714148292 0.16703269621565017 0.19732840962924902 0.1986605552905251 0.2104122025097206 0.20165545857196981 0.1702578480784593 0.19413324698278184 0.20153562171398262 0.1856028626577474 0.19952015430585915 0.1878622979232593 0.21913023958453717 0.19649176585735034 0.1761941063562724 0.18813916956491267 0.1944044486285497 0.1762360028564951 0.18880871347436773 0.17776188416779296 0.19505737822302507 0.19282226380444992 0.19189038760113225 0.1754099849952676 0.19922838035630527 0.18716916382762203 0.19115132196898135 0.19945379203277744 0.1921378945660703 0.19644216600625608 0.19821256711014265
0.17203939836377286 0.18546828358631773 0.18742476811504963 0.19002314944074153 0.21792556537021868 0.18705672217545166 0.18971962501029532 0.20964124975042486 0.18744730774796034 0.1774747346066564 0.17364639043540872 0.20315006426503326 0.18942443230369096 0.1806977349977969 0.18625332523915886 0.21027340859336946 0.19479582045530325 1.0 0.19027272270289458 0.1737575811463518 0.19080304926479574 0.18738733744388106 0.1916817485215775 0.18330454642366234 0.1860535542181938 0.1937233975272775 0.18882471210286308 0.1924699392158988 0.18617538578509332 0.18277245663231942 0.19148923874683588 0.20631477464449266 0.17393048192582625 0.19071713747874744 0.18376947090286563 0.18604118199405267 0.19203653481768926 0.1900828855766827 0.18803549503378947 0.1848785791950421 0.18681292045558565 0.18903889219098433 0.1785499351380749 0.1937004203635896 0.19622768455641357 0.18887696170123947 0.18730348732050567 0.19181435406888284 0.19282637305606803 0.19087318513201748 0.17439065325539863 0.1884241720217529 0.17343718002977623 0.17537629773670788 0.1876095243577176 0.16661600510100824 0.18221514226152716 0.18602691792478404 0.20120555866824705 0.1878982744429002 0.16816647712173113 0.18679836940623493 0.19241187539222793 0.17957653665797432 0.18997916061462944 0.18289956761427367 0.19076885996625692 0.18448685335271417 0.17577522726949796 0.1848377378439278 0.19013161165183856 0.17127624127903202 0.21536066570013854 0.17481009218497084 0.18921857341407253 0.19396957153033095 0.1864061972446774 0.1749942817841872 0.2030402934073885 0.1840085983861485 0.19412319370109393 0.19102778489747166 0.1856289989281129 0.19065246410529121 0.1939316342062931
0.1840529703954974 0.20319103138045722 0.2018501441149106 0.20012141224272442 0.18644356001212573 0.19138324692108455 0.1979457283040511 0.18906676523467678 0.19287264828840592 0.17495829483510555 0.1719434867737228 0.18640385304827287 0.19171171354933908 0.18267633481749024 0.18187746322125434 0.20192143836547338 0.20063607564089522 0.19027272270289458 1.0 0.17728179079808865 0.1920061442949277 0.19963695108015916 0.20005285344447657 0.20407007314434067 0.19072919529459093 0.19240410729905294 0.18237466787873907 0.20373836792485078 0.19377308462116025 0.19230161701192944 0.1914901963123196 0.18505478451652693 0.17465017593316393 0.2085084158395023 0.21454139591547175 0.18769362302593742 0.19493563908707764 0.19273221974233465 0.19235365575546767 0.1850723969550709 0.18738511013664566 0.24397775162874286 0.18387531890041692 0.20367299309848896 0.1935967142440469 0.19843059230479587 0.2010084650645612 0.19519529516720782 0.1938022543711542 0.18794312564824237 0.17246746954014677 0.22521619568208526 0.17657069373734507 0.17441635538413994 0.20240536073318321 0.16561073410400318 0.18853637822874791 0.1984219859064031 0.19726085366946264 0.19184357482919495 0.1743920056401945 0.1873732934339932 0.19915929006848057 0.18419155164554027 0.1977106444217329 0.18706362430780205 0.1935491024943347 0.1870916550239299 0.17347233676123514 0.18236430415394841 0.1910868247376911 0.17246502215245754 0.1892181762906453 0.1729864198515398 0.19041045179997582 0.19857112485509038 0.1852686439119802 0.17620886854526033 0.19618895228949212 0.19082385663637638 0.19059900877251448 0.20585215791374611 0.19028961941402436 0.19354140404958048 0.20099963619480818
0.1900959436766259 0.17955306784102523 0.17862053171667608 0.1749701343494567 0.17357367003228397 0.17417004336063915 0.1747798164883118 0.17452815355505763 0.17805533492495285 0.18520619198549682 0.1800405792749011 0.1750116110441298 0.1755292046975741 0.1740903470690421 0.17438544942651746 0.1753795575506436 0.18132573903581933 0.1737575811463518 0.17728179079808865 1.0 0.17562708706685626 0.1946072410630545 0.17260829739584552 0.1757909415785269 0.17319135702783184 0.17495369097718275 0.18900953657728456 0.17271862633263382 0.1766591376465459 0.17358244106013027 0.17336697997595746 0.1742422605916694 0.20615808885402914 0.17253553353451262 0.17251205152992422 0.17371422610504564 0.17095072356850052 0.17228763752497 0.17245583154895996 0.17622025476681027 0.1726436128828728 0.1723436238519468 0.17004583335232268 0.17716438607768145 0.17374048198154693 0.1736904686016118 0.17365581887154938 0.17528631386824137 0.17421509831906712 0.17273724639325586 0.18340731840936148 0.17402807185793884 0.18221352554027687 0.18768825551872595 0.17251466403745935 0.1668074650733675 0.17515683559519135 0.1742691079685454 0.19200248811447984 0.17094411159353023 0.1761812843814542 0.17521031298274356 0.17280852664987525 0.1711880782355623 0.17349884014290778 0.17378328972545903 0.17509044962097514 0.1735940086475335 0.189958143046935 0.17471679870494436 0.17904100838906517 0.18544132458443846 0.17381150725568958 0.18668300264957405 0.17376209817175528 0.17311931273525488 0.1760147626635425 0.18775339479001432 0.17649367696889554 0.19823858743752268 0.19336040926580275 0.17341859962459966 0.17161139441115025 0.1719721751982795 0.1733531988769817
0.17486807447880595 0.18864912607662107 0.19566066318439665 0.18755055289473016 0.20553555297273426 0.1938236504721571 0.21741221741221742 0.1986073147294684 0.19193747481938592 0.1899970043322127 0.17862725046579075 0.18635946339790507 0.19235488192668654 0.18122072329488376 0.18162469090041475 0.19658740990232426 0.19422387734074537 0.19080304926479574 0.1920061442949277 0.17562708706685626 1.0 0.19032227083582098 0.19243758050756335 0.18854485119883915 0.1911278897018528 0.19951963611247464 0.18693613631570147 0.21701519699486407 0.2482858335621672 0.18823857254084325 0.18565242637612017 0.1912845711556848 0.17301670657872809 0.18978990069699572 0.18715350666255506 0.1887061522187856 0.1954141716156687 0.18891747589850694 0.1895057510087797 0.18756023313629364 0.1904434567342136 0.18871437516690143 0.2224688539588243 0.19529899837259557 0.187492801808162 0.22318422318422318 0.18865386650279445 0.18969297591170659 0.1893813105552459 0.18270698816233863 0.1751583124466008 0.1904950646381881 0.17456549672180838 0.17314655216026437 0.22039372015858905 0.16750782778587636 0.19348352316103332 0.2137232497669175 0.19592987702490963 0.19257773456033778 0.17132973056681902 0.18349411600006044 0.18993669224453588 0.18188842098644267 0.22662382190384753 0.1850944643102382 0.19393294155557472 0.18691463811544268 0.17317466628757475 0.1982209529058472 0.18872061754094785 0.17706461694562467 0.21512746512746514 0.18016431878909134 0.19238677356222658 0.2139727199911999 0.18427477089904518 0.17528338087556494 0.19221544379170613 0.19001992922790373 0.18460999906571832 0.21305946264835673 0.1918797400908726 0.18710066810853457 0.1956540232036659
0.17671270697107905 0.19648490044780423 0.20048408740577195 0.19110457860292648 0.19444526127145428 0.19187349186274522 0.19961511475107668 0.18836105340458645 0.20881730232195309 0.17660137811948712 0.17336366126333683 0.19848410425934349 0.19099496684956352 0.18416203059727726 0.1828838762840729 0.1997124465900101 0.20712647396307085 0.18738733744388106 0.19963695108015916 0.1946072410630545 0.19032227083582098 1.0 0.18938889389972358 0.19383814809685673 0.19458894599721613 0.19120163107828045 0.19642745912947737 0.20369222360539074 0.20862117355607676 0.19303358502540088 0.19738515289864833 0.19306574160884715 0.2003400964562786 0.19939943114973258 0.1923873033572888 0.19262703831474334 0.19300419172445393 0.19730719750363968 0.21695214682154218 0.19004822854704595 0.19774578350686756 0.19420899917351966 0.18761866209290665 0.1979432510536167 0.1946782009045345 0.1973220753434162 0.197851762312752 0.19206155806560135 0.21917993888481338 0.1886952809369262 0.1735137191946626 0.19863638393705346 0.17868102948831285 0.1737745794385215 0.2023605167427929 0.16620228280329694 0.20413431627256248 0.1958725383045355 0.18745512089245134 0.19877451430790533 0.17530865242499602 0.19816922154626776 0.19290067426648783 0.19189117214386042 0.19431679335335034 0.23175698045191115 0.19282410738906136 0.19478465293183445 0.17597986604759291 0.1872375798752253 0.1914612563253193 0.17578829306090574 0.18646030972818226 0.17356089881669817 0.18752297795201056 0.1968630970172414 0.19438397766818696 0.17603924007383512 0.20234660886434566 0.1879522066443793 0.2120772452389364 0.1999127636087883 0.19101688325103877 0.1962929302460455 0.19296974800302552
0.17705332603803717 0.192187553761579 0.2017386196315205 0.18841917332296837 0.1971559927296122 0.19915810860519836 0.18750019577614277 0.1954072591829075 0.18859971187154223 0.20901065110871728 0.17623719594874238 0.18915422688905445 0.20495190606176608 0.18460146568033114 0.1821269850118732 0.2052953071181078 0.1931791297955797 0.1916817485215775 0.20005285344447657 0.17260829739584552 0.19243758050756335 0.18938889389972358 1.0 0.19595868714188924 0.1927251436088618 0.19234994611291512 0.18431525108559427 0.1977140618962785 0.18961582039785974 0.18814873385504033 0.1860408533269614 0.18818566631583802 0.17738366565091457 0.1970414082132301 0.18574965752508502 0.19316529098712962 0.19521799752418278 0.19039188621110165 0.18942059673505646 0.18855297378387628 0.1903590162668522 0.1894672488285102 0.1844648637999728 0.19630580222672192 0.18980746682351854 0.1943643647929958 0.19299477064276616 0.19140462843891842 0.188934971447504 0.18599053349152608 0.17361559119205555 0.18825251839818982 0.17517740268905171 0.17555990064601712 0.1934226143464619 0.16727282568826005 0.19759074966609172 0.19484735184526017 0.20320791123974916 0.19404890665787658 0.17301329097919396 0.1851932267917571 0.19917232842700586 0.18382476305273937 0.1880043559923895 0.18344500924551174 0.1980711401389634 0.19208882806521993 0.17390784187627525 0.18911791996958624 0.18971764568320937 0.17313294055801776 0.19316012461460053 0.18211445759285175 0.24333455568867834 0.19308151504601784 0.18405816431239336 0.17685488807731897 0.19188998513759725 0.19161040009992672 0.19080561583324496 0.19169555965412477 0.19311442022158995 0.1919179244333521 0.1996863758718483
0.174182232764816 0.19191556437665272 0.1908403124676151 0.19042364090361663 0.21770888520757845 0.1855103635693708 0.19156640330138464 0.18827336819092647 0.18529445118778343 0.17722030125208396 0.20345836518317298 0.18211827730776156 0.21139444254825268 0.18250412804383462 0.18086540797696726 0.2039889349405386 0.19146286960199815 0.18330454642366234 0.20407007314434067 0.1757909415785269 0.18854485119883915 0.19383814809685673 0.19595868714188924 1.0 0.18619533285118547 0.18918624943844903 0.18498573438764077 0.19058291257322077 0.18704113143639234 0.18083894238717624 0.18346721051372292 0.18657136012230188 0.20391300419359829 0.19703379647960997 0.182343927858561 0.18186375951660297 0.19076265424108635 0.18831163983384705 0.18626419734816185 0.1838079100992186 0.1849118342185554 0.1923241850860872 0.18154101967129815 0.1972622404427158 0.1838624724666985 0.18975347203985735 0.18805284050780646 0.18813386087995096 0.18612858420847733 0.18400043795197682 0.17424715235795785 0.18255918531851742 0.17280823887161034 0.17378650813984348 0.18811984668862797 0.16764182546386844 0.19074687384282646 0.18725253286460983 0.19620076087523314 0.189009112564539 0.1702802859770559 0.18706604522017756 0.18982407024585965 0.1818544138846318 0.1865166551401023 0.18206797053000562 0.1880232773216972 0.18822599004754684 0.17466159070482795 0.1827984005475895 0.1898021585537208 0.17484350943765403 0.19035778246036644 0.17441934161924566 0.18815937815553146 0.18717215424286496 0.18206103939648827 0.17449182644586403 0.18604729772719536 0.1877458217055888 0.19659989161282798 0.19071050399453732 0.18216868394019312 0.18457038049840266 0.1898519561575489
