source;destination;distance
0;3;2.784
1;47;3.599
2;7;3.553
2;48;3.671
3;0;2.784
4;7;3.232
4;8;2.972
5;9;2.973
6;10;2.976
7;2;3.553
7;4;3.232
7;10;3.119
7;11;2.966
7;43;4.033
7;47;3.738
8;4;2.972
8;11;3.471
8;12;2.985
9;5;2.973
9;13;2.923
10;6;2.976
10;7;3.119
10;14;2.946
11;7;2.966
11;8;3.471
11;14;3.418
11;15;3.019
11;44;3.615
12;8;2.985
12;16;2.979
13;9;2.923
13;16;3.366
13;17;2.939
14;10;2.946
14;11;3.418
14;18;3.012
14;37;3.693
15;11;3.019
15;19;2.98
15;37;3.791
15;99;3.981
15;100;3.539
16;12;2.979
16;13;3.366
16;19;3.187
16;20;3.081
17;13;2.939
17;20;3.326
17;21;2.985
18;14;3.012
18;21;3.489
18;22;2.967
18;37;2.995
18;96;3.152
19;15;2.98
19;16;3.187
19;22;3.142
19;97;3.487
19;591;3.502
20;16;3.081
20;17;3.326
21;17;2.985
21;18;3.489
21;24;2.985
21;30;3.635
21;33;3.411
22;18;2.967
22;19;3.142
22;93;4.08
22;96;3.888
22;97;3.946
23;591;3.723
24;21;2.985
24;27;4.032
25;598;3.242
25;625;3.694
25;626;3.279
26;30;3.83
27;24;4.032
27;30;2.856
28;31;2.73
28;32;3.004
29;32;3.315
29;33;2.985
30;21;3.635
30;26;3.83
30;27;2.856
30;33;3.365
30;34;2.994
31;28;2.73
31;34;3.419
31;35;3.001
32;28;3.004
32;29;3.315
32;36;2.993
33;21;3.411
33;29;2.985
33;30;3.365
33;36;3.265
33;37;2.956
34;30;2.994
34;31;3.419
34;37;3.365
34;38;2.939
34;93;2.82
34;96;3.621
35;31;3.001
35;38;3.437
35;39;2.984
35;81;3.733
36;32;2.993
36;33;3.265
36;39;3.355
36;40;3.0
37;14;3.693
37;15;3.791
37;18;2.995
37;33;2.956
37;34;3.365
37;40;2.974
37;41;2.865
37;96;3.938
38;34;2.939
38;35;3.437
38;41;4.03
38;42;2.993
38;80;2.753
39;35;2.984
39;36;3.355
39;42;3.15
39;43;2.987
40;36;3.0
40;37;2.974
40;43;3.486
40;44;2.911
41;37;2.865
41;38;4.03
41;45;2.949
41;73;3.472
41;99;3.519
42;38;2.993
42;39;3.15
42;45;3.286
42;46;2.977
43;7;4.033
43;39;2.987
43;40;3.486
43;46;3.42
43;47;3.053
44;11;3.615
44;40;2.911
44;47;3.249
44;48;2.816
44;99;2.656
45;41;2.949
45;42;3.286
45;49;2.983
45;56;3.956
45;73;3.916
46;42;2.977
46;43;3.42
46;50;3.073
46;51;3.94
47;1;3.599
47;7;3.738
47;43;3.053
47;44;3.249
48;2;3.671
48;44;2.816
48;66;3.218
48;69;2.665
49;45;2.983
49;56;4.009
49;59;3.827
49;66;3.693
50;46;3.073
50;55;3.663
51;46;3.94
52;55;3.111
52;58;3.446
53;56;2.982
54;57;2.99
55;50;3.663
55;52;3.111
55;58;3.004
56;45;3.956
56;49;4.009
56;53;2.982
56;59;3.042
56;70;3.925
57;54;2.99
57;60;3.017
58;52;3.446
58;55;3.004
58;61;3.023
59;49;3.827
59;56;3.042
59;62;2.982
59;63;3.753
59;66;3.504
59;67;4.021
59;70;3.792
60;57;3.017
61;58;3.023
62;59;2.982
63;59;3.753
63;66;3.434
63;67;2.932
64;67;3.435
64;68;3.041
65;68;3.019
65;69;3.058
65;102;3.489
65;108;3.218
65;111;3.781
66;48;3.218
66;49;3.693
66;59;3.504
66;63;3.434
66;69;3.677
66;70;2.987
67;59;4.021
67;63;2.932
67;64;3.435
67;70;3.388
67;71;2.945
68;64;3.041
68;65;3.019
68;72;3.001
68;101;3.909
69;48;2.665
69;65;3.058
69;66;3.677
69;72;3.472
69;73;2.938
69;99;3.172
69;102;2.739
70;56;3.925
70;59;3.792
70;66;2.987
70;67;3.388
70;73;3.188
70;74;2.987
71;67;2.945
71;74;3.409
71;75;2.983
72;68;3.001
72;69;3.472
72;76;2.932
72;95;3.525
73;41;3.472
73;45;3.916
73;69;2.938
73;70;3.188
73;76;3.415
73;77;2.899
74;70;2.987
74;71;3.409
74;77;3.38
74;78;3.005
75;71;2.983
75;79;2.99
75;89;3.552
75;92;3.293
76;72;2.932
76;73;3.415
76;79;3.007
76;80;2.867
77;73;2.899
77;74;3.38
77;81;2.962
78;74;3.005
78;82;3.009
79;75;2.99
79;76;3.007
79;83;3.962
79;89;2.739
80;38;2.753
80;76;2.867
81;35;3.733
81;77;2.962
82;78;3.009
82;84;2.987
83;79;3.962
83;90;2.882
83;93;3.562
84;82;2.987
85;89;3.69
86;89;3.139
87;90;2.872
87;91;3.175
87;600;3.911
88;91;3.146
89;75;3.552
89;79;2.739
89;85;3.69
89;86;3.139
89;92;2.994
90;83;2.882
90;87;2.872
91;87;3.175
91;88;3.146
91;94;3.008
91;599;3.378
91;600;3.822
92;75;3.293
92;89;2.994
92;95;2.866
93;22;4.08
93;34;2.82
93;83;3.562
93;96;2.939
94;91;3.008
94;97;2.851
94;592;3.932
94;595;3.623
94;596;3.691
95;72;3.525
95;92;2.866
95;98;3.837
95;99;3.003
96;18;3.152
96;22;3.888
96;34;3.621
96;37;3.938
96;93;2.939
96;99;3.123
97;19;3.487
97;22;3.946
97;94;2.851
97;100;2.999
98;95;3.837
98;101;2.905
98;592;3.952
99;15;3.981
99;41;3.519
99;44;2.656
99;69;3.172
99;95;3.003
99;96;3.123
99;102;2.948
100;15;3.539
100;97;2.999
100;103;2.991
100;104;3.001
100;107;3.631
100;588;3.522
101;68;3.909
101;98;2.905
101;111;3.882
102;65;3.489
102;69;2.739
102;99;2.948
102;108;2.817
103;100;2.991
104;100;3.001
104;107;3.094
104;108;2.987
105;108;3.345
105;109;2.946
106;110;3.135
106;581;3.438
107;100;3.631
107;104;3.094
107;110;3.412
107;111;3.003
107;585;3.694
108;65;3.218
108;102;2.817
108;104;2.987
108;105;3.345
108;111;3.47
108;112;2.976
109;105;2.946
109;112;3.227
109;113;3.034
110;106;3.135
110;107;3.412
110;113;3.089
110;114;2.995
110;581;3.343
110;582;4.003
111;65;3.781
111;101;3.882
111;107;3.003
111;108;3.47
111;114;3.248
111;115;3.043
112;108;2.976
112;109;3.227
112;115;3.459
112;116;3.005
113;109;3.034
113;110;3.089
113;116;3.23
113;117;3.051
114;110;2.995
114;111;3.248
114;117;3.004
114;118;3.234
114;670;3.813
115;111;3.043
115;112;3.459
115;118;2.988
116;112;3.005
116;113;3.23
116;119;2.781
116;253;3.91
117;113;3.051
117;114;3.004
117;120;3.033
117;121;3.018
117;253;3.949
118;114;3.234
118;115;2.988
118;122;3.003
119;116;2.781
119;257;2.738
120;117;3.033
120;123;3.458
120;253;3.849
120;256;2.652
120;257;2.877
121;117;3.018
121;124;3.339
121;125;2.933
121;250;3.988
122;118;3.003
122;126;2.982
123;120;3.458
123;126;3.151
123;127;3.086
123;1259;3.469
123;1260;2.958
124;121;3.339
124;127;3.441
124;128;3.162
124;242;3.597
124;1263;3.986
125;121;2.933
125;128;3.373
125;129;2.921
126;122;2.982
126;123;3.151
126;129;3.336
126;130;2.982
127;123;3.086
127;124;3.441
127;131;2.965
127;1254;3.998
127;1260;3.962
127;1263;3.817
128;124;3.162
128;125;3.373
128;131;3.294
128;132;2.893
128;242;3.42
129;125;2.921
129;126;3.336
129;132;3.498
129;133;3.01
130;126;2.982
130;133;3.424
130;134;2.932
130;1250;3.68
130;1253;3.409
130;1254;3.801
131;127;2.965
131;128;3.294
131;135;2.893
132;128;2.893
132;129;3.498
132;136;2.963
132;202;3.708
132;205;3.987
133;129;3.01
133;130;3.424
133;136;3.205
133;137;3.007
134;130;2.932
134;137;3.215
134;138;2.975
134;1161;3.757
134;1250;3.778
135;131;2.893
135;139;2.944
135;205;3.617
135;231;3.671
135;235;3.852
135;238;3.999
136;132;2.963
136;133;3.205
136;140;2.93
136;198;3.926
136;202;3.924
137;133;3.007
137;134;3.215
137;140;3.21
137;141;3.116
137;198;3.835
137;1247;3.763
138;134;2.975
138;141;3.126
138;142;3.451
138;231;3.59
138;1244;3.675
138;1247;3.92
139;135;2.944
139;142;3.469
139;143;2.954
139;195;3.533
140;136;2.93
140;137;3.21
140;144;3.739
140;196;3.908
140;197;3.548
140;198;3.932
141;137;3.116
141;138;3.126
141;1244;3.626
141;1247;3.404
142;138;3.451
142;139;3.469
142;1240;3.702
142;1244;3.507
143;139;2.954
143;218;3.061
143;228;3.386
143;231;3.622
143;232;3.658
144;140;3.739
144;196;3.799
145;150;2.741
145;191;2.956
146;185;3.074
146;189;3.798
146;191;3.109
147;150;2.935
147;151;3.778
147;189;2.776
148;189;2.877
148;192;3.491
148;196;2.643
149;153;4.039
149;155;3.754
150;145;2.741
150;147;2.935
150;154;3.068
150;186;2.826
151;147;3.778
151;154;3.63
151;183;3.872
151;186;3.809
152;183;3.576
153;149;4.039
153;181;2.732
154;150;3.068
154;151;3.63
155;149;3.754
156;159;3.701
157;159;3.618
158;161;3.949
158;180;3.853
159;156;3.701
159;157;3.618
160;168;3.38
160;179;3.33
161;158;3.949
161;167;3.941
162;167;3.071
162;168;3.597
163;165;3.854
163;166;3.852
164;167;3.462
164;170;2.766
165;163;3.854
166;163;3.852
166;170;3.99
167;161;3.941
167;162;3.071
167;164;3.462
167;170;2.784
168;160;3.38
168;162;3.597
169;172;3.204
170;164;2.766
170;166;3.99
170;167;2.784
170;175;2.939
170;176;3.919
170;178;3.76
171;173;3.081
172;169;3.204
172;174;3.737
173;171;3.081
174;172;3.737
175;170;2.939
175;177;2.974
176;170;3.919
177;175;2.974
178;170;3.76
179;160;3.33
180;158;3.853
181;153;2.732
182;1013;4.314
182;1015;3.738
183;151;3.872
183;152;3.576
184;186;3.489
185;146;3.074
186;150;2.826
186;151;3.809
186;184;3.489
187;190;3.052
188;1012;2.834
188;1014;3.528
189;146;3.798
189;147;2.776
189;148;2.877
189;192;3.127
190;187;3.052
190;221;3.518
190;222;3.92
191;145;2.956
191;146;3.109
192;148;3.491
192;189;3.127
192;195;2.999
192;196;3.031
192;200;3.502
193;200;3.134
194;200;3.437
194;218;3.478
195;139;3.533
195;192;2.999
195;201;3.373
195;204;3.585
195;218;3.148
195;232;6.226
196;140;3.908
196;144;3.799
196;148;2.643
196;192;3.031
197;140;3.548
197;200;2.798
197;201;2.972
198;136;3.926
198;137;3.835
198;140;3.932
198;202;2.955
199;203;2.991
200;192;3.502
200;193;3.134
200;194;3.437
200;197;2.798
200;203;3.326
200;204;2.961
201;195;3.373
201;197;2.972
201;204;3.216
201;205;2.95
202;132;3.708
202;136;3.924
202;198;2.955
202;206;2.936
203;199;2.991
203;200;3.326
203;206;3.057
203;207;2.969
203;658;3.836
204;195;3.585
204;200;2.961
204;201;3.216
204;207;3.287
204;208;2.932
205;132;3.987
205;135;3.617
205;201;2.95
205;208;3.876
205;209;2.963
206;202;2.936
206;203;3.057
206;209;3.247
206;210;2.951
206;662;3.501
206;666;3.931
207;203;2.969
207;204;3.287
207;211;2.965
207;212;2.829
207;213;3.916
207;641;3.659
208;204;2.932
208;205;3.876
208;211;3.079
208;214;3.614
208;232;3.896
208;235;3.782
208;236;3.757
209;205;2.963
209;206;3.247
210;206;2.951
210;665;3.613
211;207;2.965
211;208;3.079
211;1325;3.161
211;1327;2.979
212;207;2.829
212;640;3.796
212;641;3.387
213;207;3.916
213;216;3.301
213;217;2.997
213;641;5.977
213;1322;3.462
213;1332;3.664
214;208;3.614
214;218;3.05
214;219;3.174
214;233;3.904
214;236;3.35
214;1318;3.727
214;1321;3.597
214;1322;3.434
215;219;3.138
215;220;2.986
215;1318;3.839
215;1322;3.817
215;1357;3.373
215;1358;2.77
215;1359;3.318
216;213;3.301
216;1332;3.394
216;1359;3.255
217;213;2.997
217;220;3.06
218;143;3.061
218;194;3.478
218;195;3.148
218;214;3.05
218;228;2.86
219;214;3.174
219;215;3.138
219;222;2.945
219;229;3.482
219;1318;3.11
219;1356;3.774
219;1357;3.52
220;215;2.986
220;217;3.06
220;1308;3.642
220;1357;3.302
221;190;3.518
222;190;3.92
222;219;2.945
222;224;2.933
222;225;3.125
222;228;3.602
223;225;3.086
223;1353;2.933
223;1356;3.51
224;222;2.933
224;228;3.013
225;222;3.125
225;223;3.086
225;228;2.969
225;229;2.941
225;1354;3.766
225;1355;3.721
226;229;3.607
226;230;2.922
226;1352;2.839
226;1354;2.787
227;1237;3.744
227;1240;3.821
227;1241;3.265
227;1354;2.933
228;143;3.386
228;218;2.86
228;222;3.602
228;224;3.013
228;225;2.969
228;231;3.021
228;232;3.286
229;219;3.482
229;225;2.941
229;226;3.607
229;232;3.32
229;233;2.945
229;1318;3.561
229;1355;4.065
230;226;2.922
230;234;2.98
231;135;3.671
231;138;3.59
231;143;3.622
231;228;3.021
231;234;3.108
231;235;2.968
232;143;3.658
232;195;6.226
232;208;3.896
232;228;3.286
232;229;3.32
232;235;3.142
232;236;2.963
233;214;3.904
233;229;2.945
233;236;3.152
233;237;2.965
233;1321;3.963
234;230;2.98
234;231;3.108
234;238;2.941
235;135;3.852
235;208;3.782
235;231;2.968
235;232;3.142
235;239;2.909
236;208;3.757
236;214;3.35
236;232;2.963
236;233;3.152
236;240;2.942
236;1321;3.424
237;233;2.965
237;241;2.953
237;1321;3.462
238;135;3.999
238;234;2.941
238;242;2.925
239;235;2.909
239;243;2.946
240;236;2.942
240;243;3.319
240;244;2.957
241;237;2.953
241;244;3.429
241;245;2.944
241;1267;3.705
241;1274;3.563
242;124;3.597
242;128;3.42
242;238;2.925
242;245;3.169
242;246;2.88
243;239;2.946
243;240;3.319
243;246;3.345
243;247;2.955
244;240;2.957
244;241;3.429
244;247;3.812
244;248;2.993
244;1385;3.808
245;241;2.944
245;242;3.169
245;248;3.619
245;249;2.902
245;1263;3.132
245;1266;3.78
246;242;2.88
246;243;3.345
246;249;3.122
246;250;2.942
246;673;3.603
247;243;2.955
247;244;3.812
247;251;3.083
247;673;3.727
247;676;3.659
247;1382;3.525
248;244;2.993
248;245;3.619
248;252;2.922
248;1385;3.979
248;1386;3.931
248;1389;3.508
249;245;2.902
249;246;3.122
249;253;2.933
250;121;3.988
250;246;2.942
250;253;3.351
250;254;3.079
250;677;3.806
251;247;3.083
251;254;3.182
251;255;3.077
251;676;3.652
251;677;3.989
251;680;3.445
251;1386;3.482
252;248;2.922
252;256;2.898
252;1390;3.822
253;116;3.91
253;117;3.949
253;120;3.849
253;249;2.933
253;250;3.351
253;256;3.208
253;257;2.962
254;250;3.079
254;251;3.182
254;258;3.062
254;677;3.672
255;251;3.077
255;258;3.418
255;259;2.886
255;681;3.809
255;684;5.944
255;1104;6.179
255;1390;4.035
256;120;2.652
256;252;2.898
256;253;3.208
256;259;3.011
256;260;3.523
257;119;2.738
257;120;2.877
257;253;2.962
257;267;2.934
258;254;3.062
258;255;3.418
258;266;3.98
258;267;3.134
258;268;3.028
259;255;2.886
259;256;3.011
259;266;3.518
259;270;3.29
260;256;3.523
260;265;2.736
260;266;2.921
261;270;3.723
262;264;3.501
263;270;3.462
263;272;3.928
263;696;3.844
264;262;3.501
264;266;3.862
265;260;2.736
266;258;3.98
266;259;3.518
266;260;2.921
266;264;3.862
267;257;2.934
267;258;3.134
268;258;3.028
268;270;3.931
269;271;3.013
270;259;3.29
270;261;3.723
270;263;3.462
270;268;3.931
270;272;2.987
271;269;3.013
271;274;2.972
272;263;3.928
272;270;2.987
272;691;3.627
272;695;3.909
272;697;3.691
273;275;2.942
273;277;3.56
273;278;3.563
273;281;3.674
274;271;2.972
275;273;2.942
275;278;3.012
276;279;3.091
276;286;2.734
276;287;2.797
276;288;3.706
276;290;3.927
276;700;2.858
277;273;3.56
277;280;2.979
277;281;2.62
277;697;2.649
277;698;3.496
278;273;3.563
278;275;3.012
278;281;3.015
279;276;3.091
280;277;2.979
280;285;3.617
280;287;2.749
280;288;2.82
281;273;3.674
281;277;2.62
281;278;3.015
281;698;2.831
282;285;3.489
283;714;3.802
284;714;3.989
284;723;2.809
285;280;3.617
285;282;3.489
285;723;3.297
286;276;2.734
286;698;3.749
286;700;3.578
286;701;2.969
287;276;2.797
287;280;2.749
287;701;3.983
288;276;3.706
288;280;2.82
289;303;2.729
290;276;3.927
291;687;2.83
291;1105;3.655
292;1102;3.289
292;1105;3.647
292;1106;3.91
293;302;3.31
293;303;4.012
294;296;2.811
294;302;3.782
295;298;3.916
295;300;2.737
296;294;2.811
296;975;3.703
297;971;3.418
298;295;3.916
298;300;3.085
299;300;2.887
300;295;2.737
300;298;3.085
300;299;2.887
301;306;3.795
302;293;3.31
302;294;3.782
302;304;3.194
303;289;2.729
303;293;4.012
304;302;3.194
304;310;2.86
305;307;2.998
306;301;3.795
307;305;2.998
307;310;3.605
307;316;3.694
308;316;3.089
308;317;3.211
308;318;3.591
309;311;3.018
310;304;2.86
310;307;3.605
311;309;3.018
312;316;3.419
312;318;2.727
312;320;2.653
313;316;2.845
313;321;3.18
314;321;3.888
315;318;3.0
315;320;2.748
315;321;2.797
316;307;3.694
316;308;3.089
316;312;3.419
316;313;2.845
317;308;3.211
318;308;3.591
318;312;2.727
318;315;3.0
319;324;3.38
320;312;2.653
320;315;2.748
320;323;3.021
320;324;3.059
321;313;3.18
321;314;3.888
321;315;2.797
322;325;2.797
323;320;3.021
324;319;3.38
324;320;3.059
325;322;2.797
326;435;3.348
326;436;2.879
326;437;3.651
327;431;3.134
328;431;2.955
329;431;2.79
330;431;2.654
331;334;3.876
332;338;2.886
333;336;2.939
333;337;3.306
333;338;3.038
333;344;4.006
334;331;3.876
335;339;3.483
336;333;2.939
337;333;3.306
338;332;2.886
338;333;3.038
338;342;3.673
338;343;3.72
338;344;3.707
339;335;3.483
340;342;3.051
340;344;3.796
341;428;3.923
342;338;3.673
342;340;3.051
342;429;2.744
342;430;2.838
342;432;2.604
343;338;3.72
344;333;4.006
344;338;3.707
344;340;3.796
345;351;3.725
346;351;3.555
346;352;2.862
347;350;3.013
347;352;3.016
348;352;4.023
348;353;2.956
349;362;3.705
350;347;3.013
351;345;3.725
351;346;3.555
352;346;2.862
352;347;3.016
352;348;4.023
353;348;2.956
353;355;3.208
354;358;3.635
355;353;3.208
355;358;2.996
355;362;3.933
356;359;3.007
357;360;2.988
357;361;2.99
357;362;3.593
357;364;3.693
358;354;3.635
358;355;2.996
359;356;3.007
360;357;2.988
361;357;2.99
361;363;3.717
362;349;3.705
362;355;3.933
362;357;3.593
363;361;3.717
364;357;3.693
364;365;3.388
365;364;3.388
366;369;2.849
366;372;3.654
367;369;3.914
368;385;3.18
369;366;2.849
369;367;3.914
369;385;2.949
370;386;3.704
371;374;2.961
372;366;3.654
372;376;3.988
373;375;3.009
373;376;3.109
373;377;3.105
373;378;2.783
374;371;2.961
375;373;3.009
376;372;3.988
376;373;3.109
377;373;3.105
378;373;2.783
378;381;2.785
379;381;3.218
380;382;2.966
381;378;2.785
381;379;3.218
382;380;2.966
383;387;2.797
383;388;3.747
384;387;2.808
385;368;3.18
385;369;2.949
386;370;3.704
386;389;2.961
386;390;2.999
387;383;2.797
387;384;2.808
388;383;3.747
389;386;2.961
390;386;2.999
391;392;4.025
392;391;4.025
393;394;2.785
394;393;2.785
395;396;2.773
395;402;3.655
396;395;2.773
396;401;3.052
397;400;2.799
397;401;3.845
398;401;3.845
399;401;2.974
400;397;2.799
401;396;3.052
401;397;3.845
401;398;3.845
401;399;2.974
402;395;3.655
402;403;3.011
403;402;3.011
404;406;2.926
405;407;2.951
406;404;2.926
407;405;2.951
407;408;3.026
408;407;3.026
409;411;3.944
410;434;2.728
411;409;3.944
412;413;3.328
413;412;3.328
413;414;2.899
414;413;2.899
414;416;3.064
415;417;3.422
415;421;3.663
416;414;3.064
417;415;3.422
417;421;3.602
418;419;3.097
419;418;3.097
420;427;3.893
421;415;3.663
421;417;3.602
421;423;2.949
422;425;2.823
423;421;2.949
423;426;2.99
423;427;3.087
424;427;2.887
424;428;3.986
425;422;2.823
425;428;3.677
426;423;2.99
427;420;3.893
427;423;3.087
427;424;2.887
428;341;3.923
428;424;3.986
428;425;3.677
429;342;2.744
429;432;3.964
430;342;2.838
431;327;3.134
431;328;2.955
431;329;2.79
431;330;2.654
432;342;2.604
432;429;3.964
433;435;3.847
434;410;2.728
435;326;3.348
435;433;3.847
436;326;2.879
436;442;3.503
437;326;3.651
438;441;3.006
439;442;3.009
439;443;3.139
439;444;3.913
440;445;3.53
440;446;2.813
440;447;3.108
441;438;3.006
442;436;3.503
442;439;3.009
443;439;3.139
444;439;3.913
445;440;3.53
446;440;2.813
447;440;3.108
448;450;2.818
449;451;3.191
450;448;2.818
451;449;3.191
451;453;2.988
451;455;3.381
451;456;3.927
451;459;2.681
452;454;3.953
452;455;3.818
452;512;3.452
452;513;2.764
453;451;2.988
454;452;3.953
454;512;3.643
454;513;3.959
455;451;3.381
455;452;3.818
455;458;2.973
455;459;3.127
456;451;3.927
456;459;3.025
457;509;3.627
458;455;2.973
458;514;3.943
459;451;2.681
459;455;3.127
459;456;3.025
459;462;2.972
459;463;3.185
460;464;2.957
461;465;2.962
462;459;2.972
462;465;3.207
462;466;3.018
463;459;3.185
463;466;3.424
463;467;2.93
463;561;2.674
464;460;2.957
464;467;3.204
464;468;2.975
465;461;2.962
465;462;3.207
465;469;3.052
466;462;3.018
466;463;3.424
466;469;3.32
466;470;2.978
466;502;4.027
466;506;3.807
466;558;3.951
467;463;2.93
467;464;3.204
467;470;2.995
467;471;3.085
467;562;2.735
467;563;3.627
468;464;2.975
468;471;3.464
468;472;3.006
469;465;3.052
469;466;3.32
469;473;2.981
469;499;3.665
470;466;2.978
470;467;2.995
470;473;3.075
470;474;3.071
470;503;3.318
470;556;3.893
470;558;3.869
470;559;3.83
471;467;3.085
471;468;3.464
471;474;3.129
471;475;3.434
471;559;3.792
472;468;3.006
472;475;3.306
472;476;3.015
473;469;2.981
473;470;3.075
473;476;3.242
473;477;2.991
473;499;3.249
473;555;3.177
474;470;3.071
474;471;3.129
474;478;3.046
474;556;3.647
474;989;3.905
475;471;3.434
475;472;3.306
475;478;3.3
475;479;2.977
476;472;3.015
476;473;3.242
476;479;3.14
476;480;2.955
476;492;3.516
477;473;2.991
477;480;3.027
477;555;3.807
477;556;3.692
477;993;4.001
478;474;3.046
478;475;3.3
479;475;2.977
479;476;3.14
479;492;3.783
480;476;2.955
480;477;3.027
480;485;2.906
480;492;3.978
480;496;3.411
481;485;2.967
481;1036;3.21
481;1037;3.054
482;486;3.587
483;486;2.955
483;487;3.023
484;487;3.884
484;488;3.022
485;480;2.906
485;481;2.967
485;489;2.801
486;482;3.587
486;483;2.955
486;489;2.793
487;483;3.023
487;484;3.884
488;484;3.022
488;491;3.014
488;492;2.93
489;485;2.801
489;486;2.793
489;493;2.968
490;493;3.334
490;494;3.037
491;488;3.014
491;494;3.917
491;495;2.965
492;476;3.516
492;479;3.783
492;480;3.978
492;488;2.93
492;495;3.294
492;496;2.913
493;489;2.968
493;490;3.334
493;496;3.336
493;497;3.034
494;490;3.037
494;491;3.917
494;498;2.96
495;491;2.965
495;492;3.294
495;499;2.976
496;480;3.411
496;492;2.913
496;493;3.336
496;499;3.392
496;500;3.087
496;555;3.271
497;493;3.034
497;500;3.346
497;501;3.011
497;539;3.788
497;540;3.391
498;494;2.96
498;501;3.016
498;502;3.088
499;469;3.665
499;473;3.249
499;495;2.976
499;496;3.392
499;502;3.063
499;503;3.365
500;496;3.087
500;497;3.346
500;503;2.95
500;535;2.842
500;536;3.747
500;539;3.815
501;497;3.011
501;498;3.016
501;504;2.864
502;466;4.027
502;498;3.088
502;499;3.063
502;505;3.064
502;506;3.247
503;470;3.318
503;499;3.365
503;500;2.95
503;507;2.986
503;532;3.685
503;536;3.926
503;558;3.404
504;501;2.864
504;507;3.404
504;508;3.036
504;536;3.503
505;502;3.064
505;509;3.061
506;466;3.807
506;502;3.247
506;509;3.424
506;510;2.945
506;558;2.742
506;561;2.727
507;503;2.986
507;504;3.404
507;510;3.49
507;511;2.989
507;532;3.68
508;504;3.036
508;511;3.23
508;512;3.088
509;457;3.627
509;505;3.061
509;506;3.424
509;513;2.982
510;506;2.945
510;507;3.49
510;513;3.028
510;514;3.024
510;518;2.67
510;519;3.641
510;525;2.77
511;507;2.989
511;508;3.23
511;519;3.756
511;520;3.986
512;452;3.452
512;454;3.643
512;508;3.088
513;452;2.764
513;454;3.959
513;509;2.982
513;510;3.028
514;458;3.943
514;510;3.024
514;518;3.661
515;518;2.913
515;519;2.921
516;520;2.978
517;521;3.07
518;510;2.67
518;514;3.661
518;515;2.913
518;521;3.069
518;522;2.927
519;510;3.641
519;511;3.756
519;515;2.921
519;525;3.205
519;529;3.154
520;511;3.986
520;516;2.978
521;517;3.07
521;518;3.069
522;518;2.927
522;525;2.965
522;526;3.032
523;526;3.959
523;527;3.008
524;528;2.995
524;566;2.943
524;569;3.883
525;510;2.77
525;519;3.205
525;522;2.965
525;528;3.484
525;529;2.956
526;522;3.032
526;523;3.959
526;529;3.4
526;530;2.989
527;523;3.008
527;530;3.427
527;531;3.02
527;557;3.974
528;524;2.995
528;525;3.484
528;531;3.215
528;532;2.903
528;558;2.642
528;561;3.855
529;519;3.154
529;525;2.956
529;526;3.4
529;533;3.005
530;526;2.989
530;527;3.427
530;533;3.187
530;534;3.087
531;527;3.02
531;528;3.215
531;535;3.008
532;503;3.685
532;507;3.68
532;528;2.903
532;536;2.938
532;558;3.748
533;529;3.005
533;530;3.187
533;537;2.991
534;530;3.087
534;538;3.208
534;551;3.549
535;500;2.842
535;531;3.008
535;539;3.413
535;555;3.052
536;500;3.747
536;503;3.926
536;504;3.503
536;532;2.938
536;539;3.134
536;540;2.909
537;533;2.991
537;540;3.282
537;541;3.043
538;534;3.208
538;542;3.001
538;543;3.06
538;552;3.794
539;497;3.788
539;500;3.815
539;535;3.413
539;536;3.134
539;543;3.663
539;552;3.951
540;497;3.391
540;536;2.909
540;537;3.282
541;537;3.043
542;538;3.001
542;544;2.948
543;538;3.06
543;539;3.663
543;549;2.822
544;542;2.948
544;549;3.279
545;548;2.8
546;549;3.221
546;550;2.929
547;550;3.287
547;551;2.963
547;1076;3.931
548;545;2.8
548;551;3.081
548;552;3.088
549;543;2.822
549;544;3.279
549;546;3.221
549;552;2.943
550;546;2.929
550;547;3.287
550;553;2.981
550;997;3.155
551;534;3.549
551;547;2.963
551;548;3.081
551;554;2.972
552;538;3.794
552;539;3.951
552;548;3.088
552;549;2.943
552;555;3.043
553;550;2.981
553;556;3.18
553;993;3.703
553;994;3.899
554;551;2.972
554;557;2.901
554;990;3.602
554;994;4.116
555;473;3.177
555;477;3.807
555;496;3.271
555;535;3.052
555;552;3.043
555;558;2.951
556;470;3.893
556;474;3.647
556;477;3.692
556;553;3.18
556;559;2.942
556;986;3.823
556;990;3.501
557;527;3.974
557;554;2.901
557;560;2.762
557;987;3.427
557;990;3.467
558;466;3.951
558;470;3.869
558;503;3.404
558;506;2.742
558;528;2.642
558;532;3.748
558;555;2.951
558;561;2.978
559;470;3.83
559;471;3.792
559;556;2.942
559;562;2.968
559;563;2.947
559;565;3.881
559;986;3.55
560;557;2.762
560;565;4.033
561;463;2.674
561;506;2.727
561;528;3.855
561;558;2.978
562;467;2.735
562;559;2.968
563;467;3.627
563;559;2.947
563;565;3.87
563;566;3.022
564;567;3.041
564;568;2.925
564;979;3.089
565;559;3.881
565;560;4.033
565;563;3.87
565;568;3.189
565;569;3.011
565;983;3.48
566;524;2.943
566;563;3.022
566;569;3.828
566;570;3.048
567;564;3.041
567;571;2.982
568;564;2.925
568;565;3.189
568;571;3.271
568;572;2.956
568;983;3.62
569;524;3.883
569;565;3.011
569;566;3.828
569;573;3.056
570;566;3.048
570;573;3.373
570;574;2.792
571;567;2.982
571;568;3.271
571;574;3.31
571;575;2.931
571;1094;3.752
572;568;2.956
572;575;3.205
572;576;3.077
572;1090;3.586
573;569;3.056
573;570;3.373
573;576;3.007
574;570;2.792
574;571;3.31
574;577;2.983
575;571;2.931
575;572;3.205
575;578;3.091
575;579;3.083
575;679;3.774
575;1090;3.488
575;1094;3.569
576;572;3.077
576;573;3.007
576;580;2.97
576;1090;3.883
577;574;2.983
577;580;3.037
578;575;3.091
578;679;3.879
579;575;3.083
579;582;3.259
579;583;2.868
579;675;3.562
579;1090;3.841
580;576;2.97
580;577;3.037
580;584;3.053
581;106;3.438
581;110;3.343
581;584;3.22
581;585;3.302
582;110;4.003
582;579;3.259
582;585;3.037
582;586;3.023
582;674;3.522
582;675;3.788
583;579;2.868
583;587;2.926
584;580;3.053
584;581;3.22
584;587;3.309
584;588;3.055
585;107;3.694
585;581;3.302
585;582;3.037
585;588;3.475
585;589;3.031
586;582;3.023
586;589;3.467
586;590;2.963
586;637;3.912
587;583;2.926
587;584;3.309
587;591;2.98
588;100;3.522
588;584;3.055
588;585;3.475
588;591;3.281
588;592;3.0
589;585;3.031
589;586;3.467
589;592;3.278
589;593;2.949
589;667;3.723
590;586;2.963
590;593;3.489
590;594;2.929
590;630;3.52
590;633;3.802
591;19;3.502
591;23;3.723
591;587;2.98
591;588;3.281
591;594;3.282
591;595;2.997
591;626;3.453
592;94;3.932
592;98;3.952
592;588;3.0
592;589;3.278
592;595;3.28
592;596;2.995
593;589;2.949
593;590;3.489
593;597;2.959
593;633;3.77
593;663;4.069
593;664;3.521
593;667;3.895
594;590;2.929
594;591;3.282
594;597;3.246
594;598;2.994
594;626;3.742
594;629;3.968
594;630;4.013
595;94;3.623
595;591;2.997
595;592;3.28
595;599;3.32
596;94;3.691
596;592;2.995
596;599;3.317
596;600;3.018
597;593;2.959
597;594;3.246
597;601;3.001
597;602;2.821
597;623;3.82
598;25;3.242
598;594;2.994
598;602;3.046
598;603;3.158
598;625;3.961
599;91;3.378
599;595;3.32
599;596;3.317
600;87;3.911
600;91;3.822
600;596;3.018
600;603;2.807
601;597;3.001
601;604;3.007
601;605;3.573
601;619;3.504
601;623;4.1
601;657;3.353
602;597;2.821
602;598;3.046
602;619;3.751
603;598;3.158
603;600;2.807
604;601;3.007
604;619;2.982
605;601;3.573
605;617;3.097
605;619;2.963
605;645;3.791
605;646;3.348
605;653;2.795
605;657;3.595
606;615;2.718
606;616;3.501
606;646;3.763
606;647;2.94
607;610;3.02
607;611;2.872
607;612;2.816
607;613;2.755
608;646;4.099
608;647;2.748
608;649;3.631
609;612;3.824
610;607;3.02
611;607;2.872
612;607;2.816
612;609;3.824
612;1024;3.958
613;607;2.755
614;620;3.568
614;621;3.182
615;606;2.718
616;606;3.501
616;620;3.493
617;605;3.097
617;620;3.179
617;621;3.136
617;644;2.858
617;645;3.566
618;621;3.032
618;622;2.838
618;643;3.88
619;601;3.504
619;602;3.751
619;604;2.982
619;605;2.963
619;623;3.701
619;645;3.589
620;614;3.568
620;616;3.493
620;617;3.179
620;624;3.496
621;614;3.182
621;617;3.136
621;618;3.032
621;1064;3.705
622;618;2.838
622;628;4.027
622;631;3.89
622;632;3.845
622;1059;3.785
623;597;3.82
623;601;4.1
623;619;3.701
623;628;3.647
623;632;3.639
623;645;4.028
624;620;3.496
624;1068;2.722
625;25;3.694
625;598;3.961
625;628;2.891
625;629;2.942
625;1071;2.867
626;25;3.279
626;591;3.453
626;594;3.742
626;629;3.417
626;630;2.941
627;630;3.216
627;631;2.995
627;1071;3.629
627;1074;3.886
627;1075;3.621
627;1078;3.976
628;622;4.027
628;623;3.647
628;625;2.891
628;631;3.277
628;632;2.983
628;1074;3.143
629;594;3.968
629;625;2.942
629;626;3.417
629;632;4.029
629;633;2.972
630;590;3.52
630;594;4.013
630;626;2.941
630;627;3.216
630;633;3.483
630;634;2.972
631;622;3.89
631;627;2.995
631;628;3.277
631;634;3.27
631;635;3.041
631;1059;3.977
631;1078;3.614
632;622;3.845
632;623;3.639
632;628;2.983
632;629;4.029
632;635;3.136
632;636;3.018
632;642;3.804
633;590;3.802
633;593;3.77
633;629;2.972
633;630;3.483
633;636;3.395
633;637;2.994
633;664;4.026
634;630;2.972
634;631;3.27
634;637;3.059
634;638;3.214
634;1051;3.947
634;1054;3.52
634;1078;3.696
634;1085;3.907
635;631;3.041
635;632;3.136
635;641;2.867
635;1055;3.524
636;632;3.018
636;633;3.395
636;639;2.966
636;661;3.414
636;664;3.556
636;665;3.968
637;586;3.912
637;633;2.994
637;634;3.059
637;668;3.792
638;634;3.214
638;1051;3.477
639;636;2.966
639;661;2.873
639;665;3.998
640;212;3.796
640;1051;3.765
640;1052;2.76
640;1053;2.838
641;207;3.659
641;212;3.387
641;213;5.977
641;635;2.867
641;661;3.882
641;1056;3.901
642;632;3.804
642;645;3.508
642;661;3.269
643;618;3.88
643;1056;3.521
644;617;2.858
644;1010;3.825
645;605;3.791
645;617;3.566
645;619;3.589
645;623;4.028
645;642;3.508
645;654;3.307
645;657;3.477
646;605;3.348
646;606;3.763
646;608;4.099
646;650;3.377
646;654;2.976
647;606;2.94
647;608;2.748
647;654;3.666
648;1011;3.368
649;608;3.631
650;646;3.377
650;653;2.77
650;654;3.072
651;655;2.953
652;655;3.375
652;656;2.988
653;605;2.795
653;650;2.77
653;656;3.188
653;657;3.042
654;645;3.307
654;646;2.976
654;647;3.666
654;650;3.072
654;657;3.361
654;658;2.921
655;651;2.953
655;652;3.375
655;658;3.138
655;659;3.019
656;652;2.988
656;653;3.188
657;601;3.353
657;605;3.595
657;645;3.477
657;653;3.042
657;654;3.361
657;660;2.995
657;661;2.922
658;203;3.836
658;654;2.921
658;655;3.138
658;661;3.335
658;662;2.963
659;655;3.019
659;662;3.454
659;663;3.001
660;657;2.995
660;663;3.39
660;664;2.974
661;636;3.414
661;639;2.873
661;641;3.882
661;642;3.269
661;657;2.922
661;658;3.335
661;664;3.29
661;665;2.977
662;206;3.501
662;658;2.963
662;659;3.454
662;665;3.428
662;666;2.996
663;593;4.069
663;659;3.001
663;660;3.39
663;666;3.469
663;667;2.998
664;593;3.521
664;633;4.026
664;636;3.556
664;660;2.974
664;661;3.29
664;668;2.953
665;210;3.613
665;636;3.968
665;639;3.998
665;661;2.977
665;662;3.428
665;669;2.933
666;206;3.931
666;662;2.996
666;663;3.469
666;669;3.433
666;670;3.036
667;589;3.723
667;593;3.895
667;663;2.998
667;670;3.418
667;671;2.985
668;637;3.792
668;664;2.953
668;671;3.185
668;672;2.932
669;665;2.933
669;666;3.433
669;672;3.266
669;673;2.981
670;114;3.813
670;666;3.036
670;667;3.418
670;674;3.029
671;667;2.985
671;668;3.185
671;674;3.344
671;675;2.915
672;668;2.932
672;669;3.266
672;675;3.146
672;676;3.081
673;246;3.603
673;247;3.727
673;669;2.981
673;676;3.473
673;677;3.018
674;582;3.522
674;670;3.029
674;671;3.344
674;677;3.488
674;678;2.902
675;579;3.562
675;582;3.788
675;671;2.915
675;672;3.146
675;678;3.398
675;679;3.135
675;1093;3.371
676;247;3.659
676;251;3.652
676;672;3.081
676;673;3.473
676;679;3.477
676;680;2.948
676;1093;3.576
676;1096;3.748
676;1382;6.37
677;250;3.806
677;251;3.989
677;254;3.672
677;673;3.018
677;674;3.488
677;680;3.341
677;681;2.951
678;674;2.902
678;675;3.398
678;682;3.086
679;575;3.774
679;578;3.879
679;675;3.135
679;676;3.477
679;682;3.3
679;683;2.994
679;1093;3.633
679;1094;3.794
679;1097;3.537
680;251;3.445
680;676;2.948
680;677;3.341
680;683;3.481
680;684;2.984
680;1097;4.015
680;1100;3.47
681;255;3.809
681;677;2.951
681;684;3.264
681;685;3.066
682;678;3.086
682;679;3.3
682;685;3.092
682;686;3.112
683;679;2.994
683;680;3.481
683;686;2.976
683;687;2.992
683;1097;3.46
683;1101;3.408
684;255;5.944
684;680;2.984
684;681;3.264
684;1101;3.591
684;1104;3.205
685;681;3.066
685;682;3.092
686;682;3.112
686;683;2.976
687;291;2.83
687;683;2.992
687;1101;3.575
688;1109;2.848
689;1104;3.513
690;1108;2.787
690;1109;2.849
691;272;3.627
691;699;3.52
691;1108;3.328
692;1108;3.69
692;1111;3.819
693;699;3.888
693;700;3.462
693;711;3.089
693;1111;3.94
694;711;2.627
695;272;3.909
696;263;3.844
697;272;3.691
697;277;2.649
698;277;3.496
698;281;2.831
698;286;3.749
699;691;3.52
699;693;3.888
700;276;2.858
700;286;3.578
700;693;3.462
700;703;3.802
701;286;2.969
701;287;3.983
702;713;3.928
703;700;3.802
703;711;3.635
703;712;3.957
704;706;3.606
705;708;3.022
706;704;3.606
706;824;3.532
707;823;3.503
707;1114;2.859
707;1116;2.656
708;705;3.022
708;710;2.846
708;1114;3.179
709;790;3.716
710;708;2.846
711;693;3.089
711;694;2.627
711;703;3.635
712;703;3.957
712;715;3.11
712;799;3.851
713;702;3.928
714;283;3.802
714;284;3.989
714;723;2.973
715;712;3.11
715;723;3.004
716;723;3.791
717;723;3.674
717;724;3.987
717;806;3.81
718;721;2.94
719;803;3.769
720;806;2.77
721;718;2.94
722;724;3.009
722;726;3.966
723;284;2.809
723;285;3.297
723;714;2.973
723;715;3.004
723;716;3.791
723;717;3.674
724;717;3.987
724;722;3.009
724;807;2.611
725;728;2.939
725;729;2.976
725;742;2.94
725;743;2.864
725;745;2.818
726;722;3.966
727;745;2.897
728;725;2.939
728;742;3.734
729;725;2.976
730;732;3.397
731;740;3.393
731;742;3.569
732;730;3.397
733;738;3.988
734;736;2.825
735;737;2.865
735;739;3.708
736;734;2.825
737;735;2.865
738;733;3.988
738;743;3.672
739;735;3.708
740;731;3.393
740;743;2.974
741;755;2.907
741;759;3.939
742;725;2.94
742;728;3.734
742;731;3.569
742;755;2.859
743;725;2.864
743;738;3.672
743;740;2.974
744;759;3.905
745;725;2.818
745;727;2.897
745;751;3.462
746;750;3.705
746;757;3.897
746;759;3.876
746;763;3.409
747;766;2.718
748;762;3.751
749;762;3.087
749;765;2.817
750;746;3.705
751;745;3.462
751;754;3.422
751;755;3.691
752;754;3.015
753;760;2.928
754;751;3.422
754;752;3.015
755;741;2.907
755;742;2.859
755;751;3.691
756;762;2.982
757;746;3.897
758;761;2.929
759;741;3.939
759;744;3.905
759;746;3.876
760;753;2.928
761;758;2.929
761;764;2.983
762;748;3.751
762;749;3.087
762;756;2.982
762;765;2.752
763;746;3.409
763;767;2.859
764;761;2.983
765;749;2.817
765;762;2.752
766;747;2.718
767;763;2.859
767;771;3.678
768;771;3.641
768;772;3.444
769;770;2.95
770;769;2.95
771;767;3.678
771;768;3.641
772;768;3.444
773;780;3.848
774;780;3.719
775;779;3.693
775;780;2.879
776;784;2.768
777;1128;2.981
778;1124;2.701
778;1128;2.798
779;775;3.693
780;773;3.848
780;774;3.719
780;775;2.879
781;786;2.862
782;785;3.017
783;1128;2.749
784;776;2.768
785;782;3.017
786;781;2.862
787;794;3.315
787;795;2.772
788;790;3.639
788;1122;2.809
789;791;2.698
790;709;3.716
790;788;3.639
790;793;3.734
791;789;2.698
792;801;3.568
793;790;3.734
794;787;3.315
794;796;3.79
794;797;2.954
794;798;3.646
795;787;2.772
796;794;3.79
797;794;2.954
797;802;2.847
798;794;3.646
798;801;3.407
798;803;3.423
799;712;3.851
799;803;3.799
800;804;2.832
801;792;3.568
801;798;3.407
801;804;3.351
802;797;2.847
802;805;3.137
803;719;3.769
803;798;3.423
803;799;3.799
804;800;2.832
804;801;3.351
805;802;3.137
806;717;3.81
806;720;2.77
806;807;3.741
807;724;2.611
807;806;3.741
808;809;2.951
808;810;3.726
809;808;2.951
810;808;3.726
811;813;3.046
812;814;3.614
812;819;3.314
813;811;3.046
814;812;3.614
814;819;2.878
815;818;3.648
816;818;2.998
817;820;3.024
818;815;3.648
818;816;2.998
819;812;3.314
819;814;2.878
820;817;3.024
820;821;2.859
820;822;2.792
821;820;2.859
822;820;2.792
823;707;3.503
824;706;3.532
824;826;3.055
825;833;3.962
825;836;3.827
826;824;3.055
826;828;4.032
827;831;3.832
828;826;4.032
829;832;2.957
830;834;2.631
830;907;2.676
831;827;3.832
832;829;2.957
833;825;3.962
833;835;3.001
833;837;2.802
833;838;2.866
834;830;2.631
835;833;3.001
835;837;3.069
836;825;3.827
837;833;2.802
837;835;3.069
838;833;2.866
839;841;3.896
839;842;3.499
840;843;2.792
841;839;3.896
842;839;3.499
842;846;3.743
843;840;2.792
843;846;2.697
843;902;2.879
843;903;2.804
844;847;3.039
845;850;3.772
845;896;3.957
845;899;3.393
845;900;3.549
846;842;3.743
846;843;2.697
846;903;3.946
847;844;3.039
847;850;2.849
847;851;2.953
848;852;3.044
849;853;2.892
850;845;3.772
850;847;2.849
850;853;3.284
850;854;2.967
851;847;2.953
851;854;3.411
851;855;3.178
851;959;3.111
852;848;3.044
852;855;3.413
852;856;3.004
853;849;2.892
853;850;3.284
853;856;3.266
853;857;2.918
854;850;2.967
854;851;3.411
854;857;3.42
854;858;2.971
854;893;3.782
854;896;3.74
855;851;3.178
855;852;3.413
855;858;3.354
855;859;2.95
855;959;3.407
856;852;3.004
856;853;3.266
856;859;3.243
856;860;2.975
857;853;2.918
857;854;3.42
857;861;2.955
857;893;3.98
858;854;2.971
858;855;3.354
858;862;2.894
858;889;3.972
858;893;3.442
858;952;3.698
858;956;3.775
859;855;2.95
859;856;3.243
859;862;3.161
859;863;2.98
860;856;2.975
860;863;3.103
860;864;3.012
861;857;2.955
861;864;3.421
861;865;2.948
861;952;3.617
862;858;2.894
862;859;3.161
862;866;3.0
863;859;2.98
863;860;3.103
863;866;3.392
863;867;2.952
864;860;3.012
864;861;3.421
864;867;3.062
864;868;3.27
865;861;2.948
865;950;3.884
865;953;4.014
866;862;3.0
866;863;3.392
866;870;3.498
866;1290;3.963
867;863;2.952
867;864;3.062
867;870;3.065
867;871;3.023
867;874;3.588
867;878;3.716
867;882;3.853
868;864;3.27
868;875;2.781
868;943;2.701
869;872;3.312
869;875;2.666
869;1293;3.354
869;1347;3.085
870;866;3.498
870;867;3.065
870;1313;3.798
871;867;3.023
871;874;2.964
871;875;3.029
872;869;3.312
872;875;3.216
872;876;3.015
872;1348;4.003
873;876;2.64
874;867;3.588
874;871;2.964
874;877;3.263
874;878;2.961
875;868;2.781
875;869;2.666
875;871;3.029
875;872;3.216
875;879;3.027
875;1346;3.838
876;872;3.015
876;873;2.64
876;1348;3.484
877;874;3.263
878;867;3.716
878;874;2.961
878;881;3.108
878;882;3.026
879;875;3.027
879;883;2.758
880;884;3.021
881;878;3.108
881;884;3.386
881;885;2.996
882;867;3.853
882;878;3.026
882;885;2.986
882;886;3.279
883;879;2.758
883;886;2.985
883;887;3.025
883;943;2.862
883;946;3.76
884;880;3.021
884;881;3.386
884;887;2.917
884;888;2.954
885;881;2.996
885;882;2.986
885;888;3.485
885;889;2.913
886;882;3.279
886;883;2.985
886;890;3.008
886;949;3.795
887;883;3.025
887;884;2.917
887;890;3.38
887;891;3.044
888;884;2.954
888;885;3.485
888;892;2.978
889;858;3.972
889;885;2.913
889;892;3.255
889;893;2.94
889;952;3.621
890;886;3.008
890;887;3.38
890;894;2.978
890;949;3.764
891;887;3.044
891;895;3.024
892;888;2.978
892;889;3.255
892;895;4.032
892;896;2.944
893;854;3.782
893;857;3.98
893;858;3.442
893;889;2.94
893;897;3.007
893;955;3.649
894;890;2.978
894;897;3.345
894;898;2.956
894;922;3.847
894;926;3.683
895;891;3.024
895;892;4.032
895;898;3.389
895;899;2.944
896;845;3.957
896;854;3.74
896;892;2.944
896;900;2.744
896;955;3.584
897;893;3.007
897;894;3.345
897;900;3.44
897;901;2.925
897;919;3.824
898;894;2.956
898;895;3.389
898;901;3.412
898;902;2.997
899;845;3.393
899;895;2.944
899;902;3.989
899;903;2.972
900;845;3.549
900;896;2.744
900;897;3.44
900;903;3.441
900;904;3.066
900;909;3.599
900;915;4.048
900;918;2.671
901;897;2.925
901;898;3.412
901;904;3.013
901;905;2.917
901;906;3.771
901;909;6.252
901;910;3.645
902;843;2.879
902;898;2.997
902;899;3.989
903;843;2.804
903;846;3.946
903;899;2.972
903;900;3.441
904;900;3.066
904;901;3.013
904;908;2.966
904;912;3.756
904;915;3.608
905;901;2.917
905;908;2.952
905;909;2.977
906;901;3.771
906;909;3.474
906;910;3.009
907;830;2.676
907;910;3.013
907;911;2.9
908;904;2.966
908;905;2.952
909;900;3.599
909;901;6.252
909;905;2.977
909;906;3.474
909;912;3.033
909;915;3.741
909;919;3.846
910;901;3.645
910;906;3.009
910;907;3.013
910;916;3.69
910;919;3.644
911;907;2.9
912;904;3.756
912;909;3.033
912;915;3.095
912;916;2.916
913;917;2.977
914;917;3.39
914;918;2.998
914;964;4.006
914;967;3.94
915;900;4.048
915;904;3.608
915;909;3.741
915;912;3.095
915;918;3.205
915;919;2.977
916;910;3.69
916;912;2.916
916;919;5.62
916;920;2.959
917;913;2.977
917;914;3.39
917;920;3.234
918;900;2.671
918;914;2.998
918;915;3.205
918;955;2.957
918;958;2.799
919;897;3.824
919;909;3.846
919;910;3.644
919;915;2.977
919;916;5.62
919;922;3.038
919;923;2.953
920;916;2.959
920;917;3.234
920;924;3.026
921;951;3.994
921;955;3.72
922;894;3.847
922;919;3.038
922;925;3.057
922;926;3.088
923;919;2.953
923;926;2.882
923;927;2.911
924;920;3.026
924;928;2.976
924;948;3.733
925;922;3.057
925;928;4.016
925;929;3.048
925;949;2.885
926;894;3.683
926;922;3.088
926;923;2.882
926;929;3.352
926;930;2.986
927;923;2.911
927;930;3.175
927;931;3.0
928;924;2.976
928;925;4.016
928;931;3.452
928;932;2.987
929;925;3.048
929;926;3.352
929;932;3.308
929;933;2.988
929;942;3.758
930;926;2.986
930;927;3.175
930;933;3.183
930;934;2.925
931;927;3.0
931;928;3.452
931;934;3.153
931;935;2.963
932;928;2.987
932;929;3.308
932;937;3.04
932;941;3.322
932;942;3.348
932;945;3.66
933;929;2.988
933;930;3.183
933;936;3.003
934;930;2.925
934;931;3.153
935;931;2.963
936;933;3.003
937;932;3.04
938;941;3.776
938;942;3.181
939;942;3.484
939;943;3.0
940;943;2.731
940;944;3.23
941;932;3.322
941;938;3.776
941;945;2.995
942;929;3.758
942;932;3.348
942;938;3.181
942;939;3.484
942;946;2.961
943;868;2.701
943;883;2.862
943;939;3.0
943;940;2.731
943;1345;3.847
944;940;3.23
944;947;3.053
944;1295;3.907
944;1342;3.009
944;1343;3.668
944;1344;3.14
945;932;3.66
945;941;2.995
946;883;3.76
946;942;2.961
946;949;2.747
947;944;3.053
947;950;2.756
947;951;3.329
947;1291;3.564
948;924;3.733
948;951;2.979
949;886;3.795
949;890;3.764
949;925;2.885
949;946;2.747
949;952;2.855
950;865;3.884
950;947;2.756
951;921;3.994
951;947;3.329
951;948;2.979
