source;destination;distance
0;3;2.795
1;47;3.6
2;7;3.64
2;48;3.67
3;0;2.795
4;7;3.195
4;8;2.976
5;9;2.991
6;10;2.965
7;2;3.64
7;4;3.195
7;10;3.142
7;11;2.967
7;43;3.969
7;47;3.768
8;4;2.976
8;11;3.47
8;12;2.99
9;5;2.991
9;13;2.953
9;282;3.803
10;6;2.965
10;7;3.142
10;13;3.293
10;14;2.934
11;7;2.967
11;8;3.47
11;14;3.386
11;15;3.03
11;44;3.612
12;8;2.99
12;16;2.98
13;9;2.953
13;10;3.293
13;17;2.982
13;282;4.033
14;10;2.934
14;11;3.386
14;18;2.98
14;37;3.625
14;40;4.017
15;11;3.03
15;19;2.98
15;37;3.783
15;98;3.926
15;99;3.594
16;12;2.98
16;19;3.13
16;20;3.09
17;13;2.982
17;20;3.305
17;21;2.988
18;14;2.98
18;22;2.962
18;37;3.157
18;95;3.623
19;15;2.98
19;16;3.13
19;22;3.169
19;96;3.515
19;587;3.49
20;16;3.09
20;17;3.305
21;17;2.988
21;24;2.986
21;30;3.613
21;33;3.412
22;18;2.962
22;19;3.169
22;92;4.019
23;587;3.765
24;21;2.986
24;27;4.036
25;594;3.255
25;621;3.705
25;622;3.263
26;30;3.839
27;24;4.036
27;30;2.851
28;31;2.738
28;32;3.017
29;32;3.316
29;33;2.975
30;21;3.613
30;26;3.839
30;27;2.851
30;33;3.434
30;34;3.003
31;28;2.738
31;34;3.465
31;35;3.003
32;28;3.017
32;29;3.316
32;36;2.987
33;21;3.412
33;29;2.975
33;30;3.434
33;36;3.261
33;37;2.945
34;30;3.003
34;31;3.465
34;37;3.335
34;38;2.944
34;92;2.811
34;95;3.169
35;31;3.003
35;38;3.386
35;39;2.971
35;80;3.721
36;32;2.987
36;33;3.261
36;39;3.368
36;40;3.003
37;14;3.625
37;15;3.783
37;18;3.157
37;33;2.945
37;34;3.335
37;40;3.011
37;41;2.864
37;95;3.463
38;34;2.944
38;35;3.386
38;41;4.006
38;42;2.986
38;79;2.779
39;35;2.971
39;36;3.368
39;42;3.183
39;43;2.981
40;14;4.017
40;36;3.003
40;37;3.011
40;43;3.48
40;44;2.912
41;37;2.864
41;38;4.006
41;45;2.952
41;72;3.474
41;98;3.52
42;38;2.986
42;39;3.183
42;45;3.303
42;46;2.965
43;7;3.969
43;39;2.981
43;40;3.48
43;46;3.393
43;47;3.058
44;11;3.612
44;40;2.912
44;47;3.271
44;48;2.816
44;98;2.65
45;41;2.952
45;42;3.303
45;49;2.99
45;55;3.973
45;72;3.925
46;42;2.965
46;43;3.393
46;50;3.07
47;1;3.6
47;7;3.768
47;43;3.058
47;44;3.271
48;2;3.67
48;44;2.816
48;65;3.205
48;68;2.664
49;45;2.99
49;55;4.012
49;58;3.841
49;65;3.629
50;46;3.07
50;52;3.078
50;54;3.613
51;54;3.656
51;57;3.456
52;50;3.078
52;55;2.991
53;56;2.984
54;50;3.613
54;51;3.656
54;57;2.987
55;45;3.973
55;49;4.012
55;52;2.991
55;58;3.035
55;69;3.921
56;53;2.984
56;59;3.013
56;69;4.03
57;51;3.456
57;54;2.987
57;60;3.054
58;49;3.841
58;55;3.035
58;61;2.97
58;62;3.822
58;65;3.496
58;66;3.833
58;69;3.687
59;56;3.013
59;66;3.817
60;57;3.054
61;58;2.97
62;58;3.822
62;66;2.905
63;66;3.399
63;67;3.041
64;67;3.033
64;68;3.044
64;101;3.447
64;107;3.243
64;110;3.791
65;48;3.205
65;49;3.629
65;58;3.496
65;68;3.823
65;69;2.977
66;58;3.833
66;59;3.817
66;62;2.905
66;63;3.399
66;69;5.89
66;70;2.969
67;63;3.041
67;64;3.033
67;71;3.006
67;100;3.897
68;48;2.664
68;64;3.044
68;65;3.823
68;71;3.357
68;72;2.917
68;98;3.159
68;101;2.751
69;55;3.921
69;56;4.03
69;58;3.687
69;65;2.977
69;66;5.89
69;72;3.245
69;73;2.999
70;66;2.969
70;73;3.405
70;74;2.986
71;67;3.006
71;68;3.357
71;75;2.938
71;94;3.52
72;41;3.474
72;45;3.925
72;68;2.917
72;69;3.245
72;75;3.457
72;76;2.899
73;69;2.999
73;70;3.405
73;76;3.36
73;77;3.01
74;70;2.986
74;77;3.44
74;78;2.977
74;88;3.605
74;91;3.332
75;71;2.938
75;72;3.457
75;78;3.004
75;79;2.865
76;72;2.899
76;73;3.36
76;80;2.958
77;73;3.01
77;74;3.44
77;81;3.01
78;74;2.977
78;75;3.004
78;82;3.966
78;88;2.748
79;38;2.779
79;75;2.865
79;82;3.206
79;95;3.602
80;35;3.721
80;76;2.958
81;77;3.01
81;83;2.987
82;78;3.966
82;79;3.206
82;89;2.947
82;92;3.579
83;81;2.987
84;88;3.506
85;88;3.129
86;89;2.921
86;90;3.193
86;596;3.906
87;90;3.106
88;74;3.605
88;78;2.748
88;84;3.506
88;85;3.129
88;91;3.004
89;82;2.947
89;86;2.921
90;86;3.193
90;87;3.106
90;93;3.018
90;595;3.433
90;596;3.853
91;74;3.332
91;88;3.004
91;94;2.865
92;22;4.019
92;34;2.811
92;82;3.579
92;95;2.914
93;90;3.018
93;96;2.864
93;97;3.475
93;588;3.955
93;591;3.636
93;592;3.69
94;71;3.52
94;91;2.865
94;97;3.815
94;98;3.007
95;18;3.623
95;34;3.169
95;37;3.463
95;79;3.602
95;92;2.914
95;98;3.236
96;19;3.515
96;93;2.864
96;99;3.06
97;93;3.475
97;94;3.815
97;100;2.935
97;588;3.931
98;15;3.926
98;41;3.52
98;44;2.65
98;68;3.159
98;94;3.007
98;95;3.236
98;101;2.952
99;15;3.594
99;96;3.06
99;102;2.992
99;103;2.996
99;106;3.548
99;584;3.54
100;67;3.897
100;97;2.935
100;110;3.883
101;64;3.447
101;68;2.751
101;98;2.952
101;107;2.825
102;99;2.992
103;99;2.996
103;106;3.09
103;107;2.999
104;107;3.408
104;108;2.962
105;109;3.133
105;577;3.444
106;99;3.548
106;103;3.09
106;109;3.413
106;110;3.014
106;581;3.725
107;64;3.243
107;101;2.825
107;103;2.999
107;104;3.408
107;110;3.446
107;111;2.986
108;104;2.962
108;111;3.207
108;112;3.053
109;105;3.133
109;106;3.413
109;112;3.053
109;113;2.997
109;577;3.311
109;578;4.002
110;64;3.791
110;100;3.883
110;106;3.014
110;107;3.446
110;113;3.241
110;114;3.047
111;107;2.986
111;108;3.207
111;114;3.377
111;115;2.994
112;108;3.053
112;109;3.053
112;115;3.379
112;116;3.051
113;109;2.997
113;110;3.241
113;116;3.022
113;117;3.261
113;666;3.828
114;110;3.047
114;111;3.377
114;117;2.951
115;111;2.994
115;112;3.379
115;118;2.901
115;250;3.942
115;254;3.339
116;112;3.051
116;113;3.022
116;119;3.125
116;120;3.031
117;113;3.261
117;114;2.951
117;121;2.995
118;115;2.901
118;250;3.74
118;254;2.755
119;116;3.125
119;122;3.299
119;250;3.577
119;253;2.644
120;116;3.031
120;123;3.416
120;124;2.945
120;243;3.92
121;117;2.995
121;125;2.994
122;119;3.299
122;125;3.183
122;126;3.094
122;1233;3.451
122;1234;2.907
123;120;3.416
123;126;3.42
123;127;3.167
123;239;3.548
123;1237;3.981
124;120;2.945
124;127;3.396
124;128;2.926
125;121;2.994
125;122;3.183
125;128;3.347
125;129;2.985
126;122;3.094
126;123;3.42
126;129;3.485
126;130;2.959
126;1234;3.963
126;1237;3.814
127;123;3.167
127;124;3.396
127;130;3.329
127;131;2.894
127;239;3.353
128;124;2.926
128;125;3.347
128;131;3.473
128;132;3.018
129;125;2.985
129;126;3.485
129;132;3.431
129;133;2.935
129;1224;3.688
129;1227;3.405
129;1228;3.812
130;126;2.959
130;127;3.329
130;133;3.497
130;134;2.872
131;127;2.894
131;128;3.473
131;135;2.966
131;199;3.732
131;202;4.015
132;128;3.018
132;129;3.431
132;135;3.208
132;136;3.011
133;129;2.935
133;130;3.497
133;136;3.279
133;137;2.978
133;1135;3.765
133;1224;3.762
134;130;2.872
134;138;2.944
134;202;3.592
134;228;3.695
134;232;3.821
134;235;3.65
135;131;2.966
135;132;3.208
135;139;2.926
135;195;3.819
135;199;3.924
136;132;3.011
136;133;3.279
136;139;3.195
136;140;3.121
136;195;3.83
136;1221;3.893
137;133;2.978
137;140;3.145
137;141;3.454
137;228;3.579
137;1218;3.665
137;1221;3.944
138;134;2.944
138;141;3.449
138;142;2.948
138;192;3.536
139;135;2.926
139;136;3.195
139;143;3.759
139;193;3.918
139;194;3.53
139;195;3.878
140;136;3.121
140;137;3.145
140;1218;3.645
140;1221;3.395
141;137;3.454
141;138;3.449
141;1214;3.687
141;1218;3.511
142;138;2.948
142;215;3.072
142;225;3.427
142;228;3.614
142;229;3.756
143;139;3.759
143;193;3.912
144;149;2.74
144;188;2.982
145;182;3.05
145;186;3.81
145;188;3.122
146;149;2.961
146;150;3.811
146;186;2.775
147;186;2.902
147;189;3.664
147;193;2.652
148;153;2.878
148;154;3.79
149;144;2.74
149;146;2.961
149;153;3.341
149;183;2.807
150;146;3.811
150;180;3.866
150;183;3.829
151;180;3.527
152;178;2.717
153;148;2.878
153;149;3.341
154;148;3.79
155;158;3.651
156;158;3.632
157;160;3.892
157;175;3.912
158;155;3.651
158;156;3.632
159;166;3.368
159;174;3.484
160;157;3.892
161;165;3.085
161;166;3.732
162;163;3.428
163;162;3.428
164;165;2.888
164;171;2.846
165;161;3.085
165;164;2.888
165;167;3.363
165;175;2.77
166;159;3.368
166;161;3.732
167;165;3.363
167;171;3.777
167;173;2.808
168;169;3.795
169;168;3.795
170;172;3.05
171;164;2.846
171;167;3.777
172;170;3.05
172;176;3.868
172;177;4.003
173;167;2.808
174;159;3.484
175;157;3.912
175;165;2.77
176;172;3.868
177;172;4.003
178;152;2.717
179;991;4.064
179;993;3.752
180;150;3.866
180;151;3.527
181;183;3.481
182;145;3.05
183;149;2.807
183;150;3.829
183;181;3.481
184;187;3.097
185;990;2.817
185;992;3.51
186;145;3.81
186;146;2.775
186;147;2.902
186;189;3.136
187;184;3.097
187;218;3.573
187;219;3.93
188;144;2.982
188;145;3.122
189;147;3.664
189;186;3.136
189;192;3.001
189;193;3.013
189;197;3.497
190;197;3.16
191;197;3.417
191;215;3.447
192;138;3.536
192;189;3.001
192;198;3.361
192;201;3.585
192;215;3.149
192;229;6.074
193;139;3.918
193;143;3.912
193;147;2.652
193;189;3.013
194;139;3.53
194;197;2.795
194;198;2.976
195;135;3.819
195;136;3.83
195;139;3.878
195;199;2.959
196;200;2.995
197;189;3.497
197;190;3.16
197;191;3.417
197;194;2.795
197;200;3.289
197;201;2.958
198;192;3.361
198;194;2.976
198;201;3.254
198;202;2.954
199;131;3.732
199;135;3.924
199;195;2.959
199;203;2.935
200;196;2.995
200;197;3.289
200;203;3.094
200;204;2.963
200;654;3.825
201;192;3.585
201;197;2.958
201;198;3.254
201;204;3.317
201;205;2.935
202;131;4.015
202;134;3.592
202;198;2.954
202;205;3.487
202;206;2.954
203;199;2.935
203;200;3.094
203;206;3.243
203;207;2.941
203;658;3.44
203;661;4.121
203;662;3.855
204;200;2.963
204;201;3.317
204;208;2.974
204;209;2.813
204;210;3.886
204;637;3.619
205;201;2.935
205;202;3.487
205;208;3.097
205;211;3.672
205;229;3.895
205;232;3.746
205;233;3.716
206;202;2.954
206;203;3.243
207;203;2.941
207;636;3.496
207;661;3.655
208;204;2.974
208;205;3.097
208;1299;3.135
208;1301;3.016
209;204;2.813
209;636;3.778
209;637;3.42
210;204;3.886
210;213;3.287
210;214;3.011
210;637;5.699
210;1296;3.753
210;1306;4.004
211;205;3.672
211;215;3.055
211;216;3.153
211;230;3.897
211;233;3.305
211;1292;3.785
211;1295;3.593
211;1296;3.329
212;216;3.125
212;217;2.994
212;1292;3.71
212;1296;3.635
212;1331;3.478
212;1332;2.802
212;1333;3.178
213;210;3.287
213;1306;3.456
213;1333;3.143
214;210;3.011
214;217;3.057
215;142;3.072
215;191;3.447
215;192;3.149
215;211;3.055
215;225;2.855
215;229;6.499
216;211;3.153
216;212;3.125
216;219;2.945
216;226;3.364
216;1292;3.16
216;1331;3.5
217;212;2.994
217;214;3.057
217;1282;3.733
217;1331;3.453
218;187;3.573
219;187;3.93
219;216;2.945
219;221;2.939
219;222;3.106
219;225;3.588
220;222;3.056
220;1289;3.68
220;1327;2.865
220;1330;3.495
221;219;2.939
221;225;3.016
222;219;3.106
222;220;3.056
222;225;2.976
222;226;2.942
222;1328;3.791
222;1329;3.748
223;226;3.663
223;227;2.923
223;1326;2.857
223;1328;2.767
224;1211;3.743
224;1214;3.805
224;1215;3.287
224;1328;2.942
225;142;3.427
225;215;2.855
225;219;3.588
225;221;3.016
225;222;2.976
225;228;3.027
225;229;3.376
226;216;3.364
226;222;2.942
226;223;3.663
226;229;3.357
226;230;2.943
226;1292;3.497
226;1329;3.986
227;223;2.923
227;231;2.981
228;134;3.695
228;137;3.579
228;142;3.614
228;225;3.027
228;231;3.138
228;232;2.97
229;142;3.756
229;192;6.074
229;205;3.895
229;215;6.499
229;225;3.376
229;226;3.357
229;232;3.153
229;233;2.971
230;211;3.897
230;226;2.943
230;233;3.18
230;234;2.978
230;1295;4.013
231;227;2.981
231;228;3.138
231;235;2.936
232;134;3.821
232;205;3.746
232;228;2.97
232;229;3.153
232;236;2.899
233;205;3.716
233;211;3.305
233;229;2.971
233;230;3.18
233;237;2.946
233;1295;3.381
234;230;2.978
234;238;2.962
234;1295;3.354
235;134;3.65
235;231;2.936
235;239;2.904
236;232;2.899
236;240;2.917
237;233;2.946
237;240;3.466
237;241;2.979
238;234;2.962
238;241;3.386
238;242;2.941
238;1241;3.655
238;1248;3.371
239;123;3.548
239;127;3.353
239;235;2.904
239;242;3.159
239;243;2.887
240;236;2.917
240;237;3.466
240;243;3.31
240;244;2.95
241;237;2.979
241;238;3.386
241;244;3.791
241;245;3.002
241;1359;3.763
242;238;2.941
242;239;3.159
242;245;3.554
242;246;2.924
242;1237;3.203
242;1240;3.781
243;120;3.92
243;239;2.887
243;240;3.31
243;246;3.129
243;247;2.946
243;669;3.638
244;240;2.95
244;241;3.791
244;248;3.071
244;669;3.743
244;672;3.653
244;1356;3.492
245;241;3.002
245;242;3.554
245;249;2.921
245;1359;4.031
245;1360;3.949
245;1363;3.491
246;242;2.924
246;243;3.129
246;250;2.941
247;243;2.946
247;250;3.343
247;251;3.08
247;673;3.803
248;244;3.071
248;251;3.242
248;252;3.077
248;672;3.655
248;673;3.975
248;676;3.427
248;1360;3.477
249;245;2.921
249;253;2.906
249;1364;3.801
250;115;3.942
250;118;3.74
250;119;3.577
250;246;2.941
250;247;3.343
250;254;2.975
251;247;3.08
251;248;3.242
251;255;3.092
251;673;3.667
251;677;3.988
252;248;3.077
252;255;2.889
252;256;2.865
252;677;3.968
252;680;4.002
252;1081;6.343
252;1364;4.026
253;119;2.644
253;249;2.906
253;257;3.342
254;115;3.339
254;118;2.755
254;250;2.975
254;263;2.833
255;251;3.092
255;252;2.889
255;263;2.807
255;264;2.965
256;252;2.865
256;262;3.513
257;253;3.342
257;261;3.082
257;262;2.82
258;259;3.307
259;258;3.307
260;265;4.038
261;257;3.082
262;256;3.513
262;257;2.82
262;265;3.052
263;254;2.833
263;255;2.807
264;255;2.965
265;260;4.038
265;262;3.052
265;266;2.98
266;265;2.98
267;277;2.833
267;278;2.813
267;279;2.915
268;273;3.822
268;277;3.766
269;276;3.906
270;272;3.562
270;275;3.772
271;566;2.669
272;270;3.562
273;268;3.822
274;277;2.977
275;270;3.772
276;269;3.906
276;281;3.713
277;267;2.833
277;268;3.766
277;274;2.977
278;267;2.813
279;267;2.915
280;282;2.959
281;276;3.713
282;9;3.803
282;13;4.033
282;280;2.959
283;286;3.427
284;324;2.865
285;288;3.95
286;283;3.427
287;289;3.331
287;291;2.924
288;285;3.95
288;308;2.61
289;287;3.331
289;292;3.223
290;305;3.586
291;287;2.924
292;289;3.223
292;305;4.038
293;295;2.909
294;297;2.982
295;293;2.909
295;302;3.93
296;302;3.787
297;294;2.982
297;302;2.883
298;300;2.941
298;301;2.951
299;303;2.913
300;298;2.941
301;298;2.951
301;304;3.829
302;295;3.93
302;296;3.787
302;297;2.883
303;299;2.913
304;301;3.829
304;306;3.173
304;307;2.736
305;290;3.586
305;292;4.038
306;304;3.173
306;307;2.793
307;304;2.736
307;306;2.793
308;288;2.61
309;320;2.806
309;321;2.838
310;316;2.653
311;314;3.117
311;317;3.819
312;322;2.835
312;325;2.961
312;335;3.517
313;318;2.749
314;311;3.117
314;317;3.955
315;318;2.847
316;310;2.653
316;319;3.016
317;311;3.819
317;314;3.955
317;320;3.079
318;313;2.749
318;315;2.847
318;335;2.85
319;316;3.016
320;309;2.806
320;317;3.079
321;309;2.838
321;326;2.669
321;512;3.524
322;312;2.835
322;325;2.897
322;326;3.289
323;326;2.992
323;327;3.032
323;513;3.769
324;284;2.865
324;331;3.567
325;312;2.961
325;322;2.897
325;328;2.993
325;332;3.565
325;335;4.034
326;321;2.669
326;322;3.289
326;323;2.992
326;511;2.776
326;513;3.832
327;323;3.032
327;513;3.579
328;325;2.993
329;331;3.709
330;333;3.163
330;334;3.927
331;324;3.567
331;329;3.709
332;325;3.565
333;330;3.163
334;330;3.927
335;312;3.517
335;318;2.85
335;325;4.034
336;353;3.693
336;355;3.499
337;346;3.929
338;343;3.759
339;341;3.048
339;343;3.35
340;344;3.879
340;345;3.847
340;346;3.961
341;339;3.048
342;343;2.992
342;344;3.766
343;338;3.759
343;339;3.35
343;342;2.992
344;340;3.879
344;342;3.766
345;340;3.847
346;337;3.929
346;340;3.961
347;350;3.781
348;350;3.893
348;351;2.832
349;350;2.823
350;347;3.781
350;348;3.893
350;349;2.823
351;348;2.832
352;356;3.77
352;358;3.51
353;336;3.693
353;356;2.99
353;357;3.074
353;358;3.017
354;357;2.999
355;336;3.499
356;352;3.77
356;353;2.99
357;353;3.074
357;354;2.999
358;352;3.51
358;353;3.017
359;361;3.617
360;363;2.848
360;364;3.968
361;359;3.617
361;364;2.976
361;365;4.021
362;368;2.935
363;360;2.848
364;360;3.968
364;361;2.976
365;361;4.021
365;368;3.31
365;369;3.123
366;369;3.081
367;370;3.685
368;362;2.935
368;365;3.31
369;365;3.123
369;366;3.081
369;371;2.831
370;367;3.685
371;369;2.831
372;373;2.736
373;372;2.736
374;378;3.703
375;378;3.692
376;377;2.95
377;376;2.95
378;374;3.703
378;375;3.692
379;381;3.687
380;382;2.958
380;384;3.334
381;379;3.687
381;383;2.999
381;384;4.034
381;385;3.112
381;386;3.686
382;380;2.958
382;454;3.132
383;381;2.999
384;380;3.334
384;381;4.034
385;381;3.112
386;381;3.686
387;390;2.856
388;392;3.925
389;391;3.483
389;392;2.982
390;387;2.856
390;392;3.966
391;389;3.483
392;388;3.925
392;389;2.982
392;390;3.966
393;396;3.922
394;396;3.015
395;397;3.297
395;400;4.021
396;393;3.922
396;394;3.015
397;395;3.297
397;400;3.261
398;408;2.79
399;402;3.011
399;408;2.948
399;410;3.687
400;395;4.021
400;397;3.261
401;410;3.158
402;399;3.011
402;407;3.795
402;408;2.835
403;407;2.905
404;409;2.831
405;409;2.795
405;413;3.136
405;414;3.709
406;409;3.371
407;402;3.795
407;403;2.905
408;398;2.79
408;399;2.948
408;402;2.835
409;404;2.831
409;405;2.795
409;406;3.371
410;399;3.687
410;401;3.158
411;412;3.882
412;411;3.882
412;415;2.942
413;405;3.136
414;405;3.709
415;412;2.942
415;417;3.705
416;419;3.998
416;421;3.476
416;422;2.93
417;415;3.705
418;419;3.845
419;416;3.998
419;418;3.845
420;437;3.452
420;439;3.705
421;416;3.476
422;416;2.93
423;425;3.782
424;426;2.94
425;423;3.782
425;427;3.051
426;424;2.94
426;430;3.967
426;431;3.763
427;425;3.051
427;430;3.325
428;433;2.849
429;433;2.909
430;426;3.967
430;427;3.325
430;434;2.992
431;426;3.763
431;433;3.704
432;434;2.913
433;428;2.849
433;429;2.909
433;431;3.704
434;430;2.992
434;432;2.913
435;438;2.813
435;440;2.744
436;439;3.097
437;420;3.452
438;435;2.813
439;420;3.705
439;436;3.097
440;435;2.744
441;444;3.067
442;444;3.242
443;445;2.764
444;441;3.067
444;442;3.242
445;443;2.764
446;452;3.529
447;452;3.696
447;455;2.636
448;505;3.843
449;508;3.688
450;509;3.788
451;454;3.008
451;455;3.238
452;446;3.529
452;447;3.696
452;455;3.02
453;505;3.463
453;506;4.027
454;382;3.132
454;451;3.008
454;510;3.839
455;447;2.636
455;451;3.238
455;452;3.02
455;458;2.904
455;459;3.2
456;460;2.961
457;461;2.975
458;455;2.904
458;461;3.243
458;462;3.036
459;455;3.2
459;462;3.398
459;463;2.925
459;557;2.656
460;456;2.961
460;463;3.181
460;464;2.973
461;457;2.975
461;458;3.243
461;465;3.055
462;458;3.036
462;459;3.398
462;465;3.32
462;466;2.98
462;498;3.919
462;502;3.757
462;554;3.968
463;459;2.925
463;460;3.181
463;466;3.007
463;467;3.092
463;558;2.744
463;559;3.666
464;460;2.973
464;467;3.458
464;468;3.012
465;461;3.055
465;462;3.32
465;469;2.986
465;495;3.665
466;462;2.98
466;463;3.007
466;469;3.069
466;470;3.073
466;499;3.313
466;552;3.897
466;554;3.873
466;555;3.841
467;463;3.092
467;464;3.458
467;470;3.13
467;471;3.443
467;555;3.854
468;464;3.012
468;471;3.303
468;472;3.016
469;465;2.986
469;466;3.069
469;472;3.247
469;473;2.992
469;495;3.172
469;551;3.1
470;466;3.073
470;467;3.13
470;474;3.06
470;552;3.624
470;967;3.928
471;467;3.443
471;468;3.303
471;474;3.305
471;475;2.969
472;468;3.016
472;469;3.247
472;475;3.177
472;476;2.961
472;488;3.487
473;469;2.992
473;476;3.024
473;551;3.787
473;552;3.688
473;971;3.985
474;470;3.06
474;471;3.305
475;471;2.969
475;472;3.177
475;480;3.654
476;472;2.961
476;473;3.024
476;481;2.939
476;488;4.002
476;492;3.433
477;481;2.963
477;1013;3.239
477;1014;3.035
478;481;3.819
478;482;2.77
479;482;2.986
479;483;3.057
480;475;3.654
480;484;2.994
480;488;3.986
481;476;2.939
481;477;2.963
481;478;3.819
481;485;2.772
482;478;2.77
482;479;2.986
482;485;2.699
483;479;3.057
484;480;2.994
484;487;3.076
484;488;2.951
485;481;2.772
485;482;2.699
485;489;2.956
486;489;3.296
486;490;3.033
487;484;3.076
487;490;3.96
487;491;2.965
488;472;3.487
488;476;4.002
488;480;3.986
488;484;2.951
488;491;3.416
488;492;2.938
489;485;2.956
489;486;3.296
489;492;3.369
489;493;3.017
490;486;3.033
490;487;3.96
490;494;2.959
491;487;2.965
491;488;3.416
491;495;2.958
492;476;3.433
492;488;2.938
492;489;3.369
492;495;3.424
492;496;3.086
492;551;3.27
493;489;3.017
493;496;3.318
493;497;2.996
493;535;3.771
493;536;3.388
494;490;2.959
494;497;3.044
494;498;3.074
495;465;3.665
495;469;3.172
495;491;2.958
495;492;3.424
495;498;3.036
495;499;3.381
496;492;3.086
496;493;3.318
496;499;2.911
496;531;2.833
496;532;3.769
496;535;3.758
496;536;4.016
497;493;2.996
497;494;3.044
497;500;2.853
498;462;3.919
498;494;3.074
498;495;3.036
498;501;3.107
498;502;3.142
499;466;3.313
499;495;3.381
499;496;2.911
499;503;2.977
499;528;3.65
499;532;3.83
499;554;3.431
500;497;2.853
500;504;3.072
500;532;3.415
501;498;3.107
501;504;3.4
501;505;2.996
502;462;3.757
502;498;3.142
502;505;3.423
502;506;3.016
502;554;2.73
502;557;2.737
503;499;2.977
503;507;3.048
503;528;3.749
504;500;3.072
504;501;3.4
504;507;2.997
505;448;3.843
505;453;3.463
505;501;2.996
505;502;3.423
505;509;3.122
506;453;4.027
506;502;3.016
506;509;3.083
506;510;2.969
506;514;2.657
506;515;3.705
506;521;2.75
507;503;3.048
507;504;2.997
507;515;3.653
507;516;3.594
508;449;3.688
509;450;3.788
509;505;3.122
509;506;3.083
510;454;3.839
510;506;2.969
511;326;2.776
511;514;2.828
511;515;2.873
512;321;3.524
512;516;3.034
513;323;3.769
513;326;3.832
513;327;3.579
513;517;3.066
514;506;2.657
514;511;2.828
514;517;3.067
514;518;2.938
515;506;3.705
515;507;3.653
515;511;2.873
515;521;3.241
515;525;2.926
516;507;3.594
516;512;3.034
517;513;3.066
517;514;3.067
518;514;2.938
518;521;2.95
518;522;3.029
519;522;4.003
519;523;3.005
520;524;2.987
520;562;2.966
520;565;3.871
521;506;2.75
521;515;3.241
521;518;2.95
521;525;2.955
522;518;3.029
522;519;4.003
522;525;3.393
522;526;2.987
523;519;3.005
523;526;3.43
523;527;3.015
523;553;3.957
524;520;2.987
524;527;3.226
524;528;2.898
524;554;2.642
524;557;3.882
525;515;2.926
525;521;2.955
525;522;3.393
525;529;3.01
526;522;2.987
526;523;3.43
526;529;3.24
526;530;3.083
527;523;3.015
527;524;3.226
527;531;3.011
528;499;3.65
528;503;3.749
528;524;2.898
528;532;2.934
528;554;3.763
529;525;3.01
529;526;3.24
529;533;2.994
530;526;3.083
530;534;3.227
530;547;3.617
531;496;2.833
531;527;3.011
531;535;3.443
531;551;3.026
532;496;3.769
532;499;3.83
532;500;3.415
532;528;2.934
532;535;3.139
532;536;2.913
533;529;2.994
533;536;3.323
533;537;3.03
534;530;3.227
534;538;2.996
534;539;3.036
534;548;3.802
535;493;3.771
535;496;3.758
535;531;3.443
535;532;3.139
535;539;3.758
535;548;3.975
536;493;3.388
536;496;4.016
536;532;2.913
536;533;3.323
537;533;3.03
538;534;2.996
538;540;2.948
539;534;3.036
539;535;3.758
539;545;2.835
540;538;2.948
540;545;3.257
541;544;2.795
542;545;3.242
542;546;2.933
543;546;3.286
543;547;2.97
543;1053;3.965
544;541;2.795
544;547;3.109
544;548;3.081
545;539;2.835
545;540;3.257
545;542;3.242
545;548;2.96
546;542;2.933
546;543;3.286
546;549;2.876
546;975;3.093
547;530;3.617
547;543;2.97
547;544;3.109
547;550;2.978
548;534;3.802
548;535;3.975
548;544;3.081
548;545;2.96
548;551;3.018
549;546;2.876
549;552;3.193
549;968;3.8
549;971;3.876
550;547;2.978
550;553;2.909
550;968;3.613
551;469;3.1
551;473;3.787
551;492;3.27
551;531;3.026
551;548;3.018
551;554;2.985
552;466;3.897
552;470;3.624
552;473;3.688
552;549;3.193
552;555;2.958
552;964;3.829
552;968;3.497
553;523;3.957
553;550;2.909
553;556;2.766
553;965;3.426
553;968;3.447
554;462;3.968
554;466;3.873
554;499;3.431
554;502;2.73
554;524;2.642
554;528;3.763
554;551;2.985
554;557;2.964
555;466;3.841
555;467;3.854
555;552;2.958
555;558;2.97
555;559;2.949
555;561;3.862
555;964;3.59
556;553;2.766
556;561;3.995
557;459;2.656
557;502;2.737
557;524;3.882
557;554;2.964
558;463;2.744
558;555;2.97
559;463;3.666
559;555;2.949
559;561;3.9
559;562;3.018
560;563;3.177
560;564;2.936
560;957;3.193
561;555;3.862
561;556;3.995
561;559;3.9
561;564;3.221
561;565;3.01
561;961;3.502
562;520;2.966
562;559;3.018
562;565;3.86
562;566;3.067
563;560;3.177
563;566;3.333
563;567;2.971
564;560;2.936
564;561;3.221
564;567;3.306
564;568;2.976
564;961;3.568
565;520;3.871
565;561;3.01
565;562;3.86
565;569;3.068
566;271;2.669
566;562;3.067
566;563;3.333
566;569;3.356
566;570;2.848
567;563;2.971
567;564;3.306
567;571;2.97
567;1071;3.705
568;564;2.976
568;571;3.091
568;572;3.086
568;1067;3.578
569;565;3.068
569;566;3.356
569;572;2.896
570;566;2.848
570;573;3.017
571;567;2.97
571;568;3.091
571;574;3.071
571;575;3.078
571;675;3.543
571;1067;3.433
571;1071;3.124
572;568;3.086
572;569;2.896
572;576;2.962
572;1067;3.909
573;570;3.017
573;576;3.047
574;571;3.071
574;675;3.82
575;571;3.078
575;578;3.283
575;579;2.876
575;671;3.536
575;1067;3.819
576;572;2.962
576;573;3.047
576;580;3.052
577;105;3.444
577;109;3.311
577;580;3.202
577;581;3.286
578;109;4.002
578;575;3.283
578;581;3.088
578;582;3.031
578;670;3.465
578;671;3.814
579;575;2.876
579;583;2.933
580;576;3.052
580;577;3.202
580;583;3.283
580;584;3.053
581;106;3.725
581;577;3.286
581;578;3.088
581;584;3.472
581;585;3.033
582;578;3.031
582;585;3.468
582;586;2.962
582;633;3.948
583;579;2.933
583;580;3.283
583;587;2.979
584;99;3.54
584;580;3.053
584;581;3.472
584;587;3.283
584;588;3.004
585;581;3.033
585;582;3.468
585;588;3.287
585;589;2.949
585;663;3.712
586;582;2.962
586;589;3.485
586;590;2.927
586;626;3.47
586;629;3.806
587;19;3.49
587;23;3.765
587;583;2.979
587;584;3.283
587;590;3.266
587;591;3.003
587;622;3.498
588;93;3.955
588;97;3.931
588;584;3.004
588;585;3.287
588;591;3.241
588;592;2.993
589;585;2.949
589;586;3.485
589;593;2.956
589;629;3.782
589;659;4.034
589;660;3.555
589;663;3.905
590;586;2.927
590;587;3.266
590;593;3.256
590;594;2.994
590;622;3.822
590;625;3.962
590;626;4.007
591;93;3.636
591;587;3.003
591;588;3.241
591;595;3.323
592;93;3.69
592;588;2.993
592;595;3.317
592;596;3.019
593;589;2.956
593;590;3.256
593;597;2.999
593;598;2.811
593;619;3.811
594;25;3.255
594;590;2.994
594;598;3.051
594;599;3.143
594;621;3.915
595;90;3.433
595;591;3.323
595;592;3.317
596;86;3.906
596;90;3.853
596;592;3.019
596;599;2.807
597;593;2.999
597;600;3.012
597;601;3.546
597;615;3.513
597;619;4.099
597;653;3.428
598;593;2.811
598;594;3.051
598;615;3.748
599;594;3.143
599;596;2.807
600;597;3.012
600;612;4.063
600;615;2.987
601;597;3.546
601;613;3.075
601;615;2.969
601;641;3.803
601;642;3.349
601;649;2.791
601;653;3.578
602;611;2.646
602;612;3.366
602;642;3.696
602;643;2.912
603;606;3.004
603;607;2.893
603;608;2.84
603;609;2.744
604;642;4.1
604;643;2.786
604;645;3.626
605;608;3.831
606;603;3.004
606;611;3.999
607;603;2.893
608;603;2.84
608;605;3.831
608;1001;3.971
609;603;2.744
610;616;3.549
611;602;2.646
611;606;3.999
612;600;4.063
612;602;3.366
612;616;3.427
613;601;3.075
613;616;3.226
613;617;3.112
613;640;2.863
613;641;3.561
614;617;3.051
614;618;2.84
614;639;3.902
615;597;3.513
615;598;3.748
615;600;2.987
615;601;2.969
615;619;3.677
615;641;3.616
616;610;3.549
616;612;3.427
616;613;3.226
616;620;3.628
617;613;3.112
617;614;3.051
617;1037;4.014
617;1041;3.662
617;1047;4.031
618;614;2.84
618;624;6.432
618;627;3.936
618;628;3.919
618;1032;3.473
618;1036;3.916
619;593;3.811
619;597;4.099
619;615;3.677
619;624;3.688
619;628;3.649
619;641;4.045
620;616;3.628
620;1045;2.732
621;25;3.705
621;594;3.915
621;624;2.893
621;625;2.948
621;1048;2.886
622;25;3.263
622;587;3.498
622;590;3.822
622;625;3.46
622;626;2.945
623;626;3.19
623;627;2.995
623;1048;3.692
623;1051;3.858
623;1052;3.622
623;1055;3.922
624;618;6.432
624;619;3.688
624;621;2.893
624;627;3.312
624;628;2.991
624;1051;3.063
625;590;3.962
625;621;2.948
625;622;3.46
625;629;2.967
626;586;3.47
626;590;4.007
626;622;2.945
626;623;3.19
626;629;3.469
626;630;2.974
627;618;3.936
627;623;2.995
627;624;3.312
627;630;3.294
627;631;3.041
627;1036;4.026
627;1055;3.626
628;618;3.919
628;619;3.649
628;624;2.991
628;631;3.17
628;632;3.026
628;638;3.86
629;586;3.806
629;589;3.782
629;625;2.967
629;626;3.469
629;632;3.348
629;633;2.978
630;626;2.974
630;627;3.294
630;633;3.102
630;634;3.212
630;1028;5.774
630;1031;3.518
630;1055;3.732
630;1062;3.904
631;627;3.041
631;628;3.17
631;637;2.876
631;1032;3.523
632;628;3.026
632;629;3.348
632;635;3.036
632;638;3.74
632;657;3.536
632;660;3.591
633;582;3.948
633;629;2.978
633;630;3.102
633;664;3.81
634;630;3.212
634;1028;3.413
635;632;3.036
635;661;4.021
636;207;3.496
636;209;3.778
636;1028;3.825
636;1029;2.749
636;1030;2.878
637;204;3.619
637;209;3.42
637;210;5.699
637;631;2.876
637;1033;3.907
638;628;3.86
638;632;3.74
638;641;3.51
638;657;3.297
639;614;3.902
639;1033;3.538
640;613;2.863
640;988;3.826
641;601;3.803
641;613;3.561
641;615;3.616
641;619;4.045
641;638;3.51
641;650;3.298
641;653;3.489
642;601;3.349
642;602;3.696
642;604;4.1
642;646;3.38
642;650;2.993
643;602;2.912
643;604;2.786
643;650;3.631
644;989;3.445
645;604;3.626
646;642;3.38
646;649;2.774
646;650;3.068
647;651;2.952
648;651;3.388
648;652;2.99
649;601;2.791
649;646;2.774
649;652;3.181
649;653;3.042
650;641;3.298
650;642;2.993
650;643;3.631
650;646;3.068
650;653;3.383
650;654;2.923
651;647;2.952
651;648;3.388
651;654;3.147
651;655;3.023
652;648;2.99
652;649;3.181
653;597;3.428
653;601;3.578
653;641;3.489
653;649;3.042
653;650;3.383
653;656;3.011
653;657;2.933
654;200;3.825
654;650;2.923
654;651;3.147
654;657;3.353
654;658;2.962
655;651;3.023
655;658;3.424
655;659;3.005
656;653;3.011
656;659;3.365
656;660;2.966
657;632;3.536
657;638;3.297
657;653;2.933
657;654;3.353
657;660;3.367
657;661;2.991
658;203;3.44
658;654;2.962
658;655;3.424
658;661;3.473
658;662;3.003
659;589;4.034
659;655;3.005
659;656;3.365
659;662;3.41
659;663;2.983
660;589;3.555
660;632;3.591
660;656;2.966
660;657;3.367
660;664;2.954
661;203;4.121
661;207;3.655
661;635;4.021
661;657;2.991
661;658;3.473
661;665;2.92
662;203;3.855
662;658;3.003
662;659;3.41
662;665;3.421
662;666;3.034
663;585;3.712
663;589;3.905
663;659;2.983
663;666;3.494
663;667;2.995
664;633;3.81
664;660;2.954
664;667;3.152
664;668;2.925
665;661;2.92
665;662;3.421
665;668;3.361
665;669;2.992
666;113;3.828
666;662;3.034
666;663;3.494
666;669;3.479
666;670;3.024
667;663;2.995
667;664;3.152
667;670;3.357
667;671;2.927
668;664;2.925
668;665;3.361
668;671;3.13
668;672;3.073
669;243;3.638
669;244;3.743
669;665;2.992
669;666;3.479
669;673;3.017
670;578;3.465
670;666;3.024
670;667;3.357
670;674;2.912
671;575;3.536
671;578;3.814
671;667;2.927
671;668;3.13
671;674;3.413
671;675;3.131
671;1070;3.363
672;244;3.653
672;248;3.655
672;668;3.073
672;675;3.404
672;676;2.931
672;1070;3.599
672;1073;3.735
673;247;3.803
673;248;3.975
673;251;3.667
673;669;3.017
673;677;2.953
674;670;2.912
674;671;3.413
674;678;3.049
675;571;3.543
675;574;3.82
675;671;3.131
675;672;3.404
675;678;3.363
675;679;3.028
675;1070;3.7
675;1071;3.763
675;1074;3.536
676;248;3.427
676;672;2.931
676;679;3.364
676;680;2.962
676;1077;3.484
677;251;3.988
677;252;3.968
677;673;2.953
677;680;3.341
677;681;3.051
678;674;3.049
678;675;3.363
678;681;2.982
678;682;3.095
679;675;3.028
679;676;3.364
679;682;2.965
679;683;3.072
679;1074;3.48
679;1078;3.652
680;252;4.002
680;676;2.962
680;677;3.341
680;685;3.493
680;1077;4.026
680;1078;3.619
680;1081;3.534
681;677;3.051
681;678;2.982
682;678;3.095
682;679;2.965
683;679;3.072
683;1078;3.999
684;1086;2.84
685;680;3.493
686;1085;3.55
687;693;3.978
688;693;3.541
689;693;3.469
690;692;2.931
690;693;2.901
691;694;3.063
692;690;2.931
693;687;3.978
693;688;3.541
693;689;3.469
693;690;2.901
694;691;3.063
694;1088;3.598
695;1090;3.002
695;1095;3.77
696;1092;4.015
697;699;3.922
697;1092;3.855
697;1093;3.754
698;810;2.649
698;812;2.893
699;697;3.922
700;807;3.524
700;808;3.243
700;811;3.285
700;813;2.814
700;815;2.804
701;815;3.526
702;808;2.886
702;1093;3.531
703;808;3.384
703;809;3.584
704;787;2.799
705;786;3.473
705;787;3.716
706;718;3.749
707;715;2.643
707;716;2.883
707;718;2.771
708;713;4.0
709;713;3.847
709;786;2.837
710;781;2.82
710;782;2.83
711;713;2.982
711;781;2.823
711;784;2.94
711;785;2.723
711;786;2.758
712;714;2.875
712;715;2.703
713;708;4.0
713;709;3.847
713;711;2.982
714;712;2.875
715;707;2.643
715;712;2.703
716;707;2.883
717;720;3.578
718;706;3.749
718;707;2.771
718;722;3.768
719;722;3.054
720;717;3.578
720;724;2.89
721;724;2.725
722;718;3.768
722;719;3.054
723;725;2.964
724;720;2.89
724;721;2.725
725;723;2.964
726;731;3.905
727;728;3.298
727;731;3.592
728;727;3.298
729;792;3.912
730;732;3.909
730;733;2.825
730;789;3.645
731;726;3.905
731;727;3.592
731;733;2.79
732;730;3.909
732;734;3.004
732;791;3.891
733;730;2.825
733;731;2.79
734;732;3.004
734;791;3.401
734;795;2.874
735;741;2.899
736;739;2.765
736;741;3.413
736;742;3.834
737;739;3.023
737;740;3.604
737;788;3.924
738;790;2.683
739;736;2.765
739;737;3.023
740;737;3.604
740;788;2.699
741;735;2.899
741;736;3.413
742;736;3.834
743;746;3.903
744;750;3.247
745;749;3.803
746;743;3.903
747;757;2.843
748;756;3.03
749;745;3.803
749;759;3.445
750;744;3.247
751;752;2.891
751;753;3.167
751;754;2.971
751;755;2.933
752;751;2.891
753;751;3.167
754;751;2.971
754;759;2.861
755;751;2.933
756;748;3.03
757;747;2.843
758;760;3.902
759;749;3.445
759;754;2.861
760;758;3.902
761;763;2.99
762;765;2.957
763;761;2.99
764;767;3.809
765;762;2.957
766;768;3.94
766;770;4.13
767;764;3.809
767;779;3.066
768;766;3.94
769;776;3.993
770;766;4.13
770;777;3.808
771;772;3.824
771;773;4.029
772;771;3.824
773;771;4.029
773;776;2.819
774;776;3.47
775;778;2.757
776;769;3.993
776;773;2.819
776;774;3.47
777;770;3.808
778;775;2.757
779;767;3.066
780;783;2.802
781;710;2.82
781;711;2.823
781;784;3.836
782;710;2.83
783;780;2.802
784;711;2.94
784;781;3.836
785;711;2.723
786;705;3.473
786;709;2.837
786;711;2.758
787;704;2.799
787;705;3.716
788;737;3.924
788;740;2.699
789;730;3.645
790;738;2.683
791;732;3.891
791;734;3.401
792;729;3.912
792;795;3.174
792;809;3.748
793;796;2.976
793;809;3.332
793;810;3.667
794;798;4.011
795;734;2.874
795;792;3.174
796;793;2.976
797;799;3.011
798;794;4.011
799;797;3.011
800;802;2.856
801;803;3.569
802;800;2.856
803;801;3.569
804;805;4.014
805;804;4.014
806;815;3.36
807;700;3.524
808;700;3.243
808;702;2.886
808;703;3.384
809;703;3.584
809;792;3.748
809;793;3.332
810;698;2.649
810;793;3.667
811;700;3.285
812;698;2.893
813;700;2.814
813;815;3.438
814;817;3.217
815;700;2.804
815;701;3.526
815;806;3.36
815;813;3.438
816;818;2.798
817;814;3.217
818;816;2.798
819;822;3.121
820;824;3.75
821;824;3.012
822;819;3.121
822;824;3.153
822;881;2.781
823;828;3.851
823;874;3.824
823;877;3.403
823;878;3.75
824;820;3.75
824;821;3.012
824;822;3.153
825;828;2.849
825;829;2.959
826;830;3.037
827;830;3.397
827;831;2.9
828;823;3.851
828;825;2.849
828;831;3.242
828;832;2.948
829;825;2.959
829;832;3.414
829;833;3.197
829;937;3.154
830;826;3.037
830;827;3.397
830;833;3.447
830;834;3.026
831;827;2.9
831;828;3.242
831;834;3.295
831;835;2.925
832;828;2.948
832;829;3.414
832;835;3.389
832;836;2.964
832;871;3.692
832;874;3.651
833;829;3.197
833;830;3.447
833;836;3.402
833;837;2.955
833;937;3.451
834;830;3.026
834;831;3.295
834;837;3.248
834;838;2.975
835;831;2.925
835;832;3.389
835;839;2.957
835;871;3.994
836;832;2.964
836;833;3.402
836;840;2.899
836;867;3.967
836;871;3.476
836;930;3.69
836;934;3.781
837;833;2.955
837;834;3.248
837;840;3.16
837;841;2.984
838;834;2.975
838;841;3.088
838;842;3.003
839;835;2.957
839;842;3.442
839;843;2.957
839;930;3.631
840;836;2.899
840;837;3.16
840;844;3.001
841;837;2.984
841;838;3.088
841;844;3.401
841;845;2.95
842;838;3.003
842;839;3.442
842;845;2.976
842;846;3.247
843;839;2.957
843;928;3.864
843;931;4.01
844;840;3.001
844;841;3.401
844;848;3.681
844;1264;3.873
845;841;2.95
845;842;2.976
845;848;3.069
845;849;3.032
845;852;3.552
845;856;3.787
845;860;3.953
846;842;3.247
846;853;2.782
846;921;2.687
847;850;3.351
847;853;2.677
847;1267;3.353
847;1321;3.039
848;844;3.681
848;845;3.069
848;1287;3.778
849;845;3.032
849;852;2.961
849;853;3.026
850;847;3.351
850;853;3.177
850;854;3.002
850;1322;4.028
851;854;2.64
852;845;3.552
852;849;2.961
852;855;3.271
852;856;2.959
853;846;2.782
853;847;2.677
853;849;3.026
853;850;3.177
853;857;3.02
853;1320;3.861
854;850;3.002
854;851;2.64
854;1322;3.476
855;852;3.271
856;845;3.787
856;852;2.959
856;859;3.108
856;860;3.025
857;853;3.02
857;861;2.759
858;862;3.026
859;856;3.108
859;862;3.363
859;863;2.994
860;845;3.953
860;856;3.025
860;863;2.98
860;864;3.284
861;857;2.759
861;864;2.989
861;865;3.026
861;921;2.876
861;924;3.766
862;858;3.026
862;859;3.363
862;865;2.913
862;866;2.955
863;859;2.994
863;860;2.98
863;867;2.924
864;860;3.284
864;861;2.989
864;868;3.003
864;927;3.811
865;861;3.026
865;862;2.913
865;868;3.382
865;869;3.045
866;862;2.955
866;870;2.982
867;836;3.967
867;863;2.924
867;870;3.267
867;871;2.933
867;930;3.61
868;864;3.003
868;865;3.382
868;872;2.987
868;927;3.728
869;865;3.045
869;873;3.018
870;866;2.982
870;867;3.267
870;874;2.939
871;832;3.692
871;835;3.994
871;836;3.476
871;867;2.933
871;875;3.011
871;933;3.646
872;868;2.987
872;875;3.335
872;876;2.963
872;900;3.851
872;904;3.661
873;869;3.018
873;876;3.374
873;877;2.949
874;823;3.824
874;832;3.651
874;870;2.939
874;877;3.473
874;878;2.673
874;933;3.586
875;871;3.011
875;872;3.335
875;878;3.462
875;879;2.948
875;897;3.747
876;872;2.963
876;873;3.374
876;879;3.489
876;880;3.012
877;823;3.403
877;873;2.949
877;874;3.473
877;880;3.45
877;881;2.984
878;823;3.75
878;874;2.673
878;875;3.462
878;881;3.385
878;882;3.06
878;887;3.81
878;893;3.957
878;896;2.673
879;875;2.948
879;876;3.489
879;882;3.0
879;883;2.937
879;884;3.786
879;887;6.426
879;888;3.706
880;876;3.012
880;877;3.45
881;822;2.781
881;877;2.984
881;878;3.385
882;878;3.06
882;879;3.0
882;886;2.831
882;887;3.961
882;890;3.806
882;893;3.636
883;879;2.937
883;887;2.991
884;879;3.786
884;887;3.439
884;888;2.992
885;888;2.799
885;889;2.865
886;882;2.831
887;878;3.81
887;879;6.426
887;882;3.961
887;883;2.991
887;884;3.439
887;890;3.041
887;893;3.653
887;897;3.793
888;879;3.706
888;884;2.992
888;885;2.799
888;894;3.579
888;897;3.698
889;885;2.865
890;882;3.806
890;887;3.041
890;893;3.11
890;894;2.951
891;894;3.43
891;895;2.959
892;895;3.415
892;896;3.006
892;936;3.234
892;945;3.822
893;878;3.957
893;882;3.636
893;887;3.653
893;890;3.11
893;896;3.13
893;897;2.985
894;888;3.579
894;890;2.951
894;891;3.43
894;897;6.317
894;898;2.98
895;891;2.959
895;892;3.415
895;898;3.22
896;878;2.673
896;892;3.006
896;893;3.13
896;933;2.931
896;936;2.79
897;875;3.747
897;887;3.793
897;888;3.698
897;893;2.985
897;894;6.317
897;900;3.02
897;901;2.958
898;894;2.98
898;895;3.22
898;902;3.03
899;929;4.021
899;933;3.724
900;872;3.851
900;897;3.02
900;903;3.289
900;904;3.1
901;897;2.958
901;904;2.868
901;905;2.908
902;898;3.03
902;906;2.964
902;926;3.703
903;900;3.289
903;906;3.987
903;907;3.054
903;927;2.875
904;872;3.661
904;900;3.1
904;901;2.868
904;907;3.336
904;908;2.981
905;901;2.908
905;908;3.186
905;909;2.995
906;902;2.964
906;903;3.987
906;909;3.448
906;910;2.992
907;903;3.054
907;904;3.336
907;910;3.294
907;911;2.986
907;920;3.806
908;904;2.981
908;905;3.186
908;911;3.22
908;912;2.935
909;905;2.995
909;906;3.448
909;912;3.17
909;913;2.973
910;906;2.992
910;907;3.294
910;915;3.039
910;919;3.328
910;920;3.278
910;923;3.63
911;907;2.986
911;908;3.22
911;914;3.004
912;908;2.935
912;909;3.17
913;909;2.973
914;911;3.004
915;910;3.039
916;919;3.834
917;920;3.483
917;921;3.004
918;921;2.745
918;922;3.225
919;910;3.328
919;916;3.834
919;923;2.981
920;907;3.806
920;910;3.278
920;917;3.483
920;924;2.943
921;846;2.687
921;861;2.876
921;917;3.004
921;918;2.745
921;1319;3.827
922;918;3.225
922;925;3.053
922;1269;3.911
922;1316;2.969
922;1317;3.638
922;1318;3.152
923;910;3.63
923;919;2.981
924;861;3.766
924;920;2.943
924;927;2.74
925;922;3.053
925;928;2.744
925;929;3.332
925;1265;3.616
926;902;3.703
926;929;2.98
927;864;3.811
927;868;3.728
927;903;2.875
927;924;2.74
927;930;2.847
928;843;3.864
928;925;2.744
929;899;4.021
929;925;3.332
929;926;2.98
929;932;2.939
929;933;3.001
929;1261;3.815
930;836;3.69
930;839;3.631
930;867;3.61
930;927;2.847
930;933;2.968
930;934;3.175
931;843;4.01
931;934;2.978
931;1261;3.646
932;929;2.939
932;935;2.772
932;1261;3.81
933;871;3.646
933;874;3.586
933;896;2.931
933;899;3.724
933;929;3.001
933;930;2.968
933;936;2.906
934;836;3.781
934;930;3.175
934;931;2.978
934;937;2.981
934;938;2.931
935;932;2.772
935;938;3.228
935;941;3.52
935;945;3.693
936;892;3.234
936;896;2.79
936;933;2.906
936;942;2.878
937;829;3.154
937;833;3.451
937;934;2.981
938;934;2.931
938;935;3.228
938;941;3.482
938;942;3.014
939;942;3.685
940;943;3.13
940;944;2.937
941;935;3.52
941;938;3.482
941;944;3.316
941;945;2.984
941;1253;3.856
941;1254;4.071
942;936;2.878
942;938;3.014
942;939;3.685
942;946;2.985
943;940;3.13
943;946;3.332
943;947;2.969
944;940;2.937
944;941;3.316
944;947;3.054
944;948;2.964
944;1250;3.7
944;1254;3.812
945;892;3.822
945;935;3.693
945;941;2.984
945;948;3.339
945;949;2.993
946;942;2.985
946;943;3.332
946;950;2.971
947;943;2.969
947;944;3.054
947;950;3.123
947;951;3.037
948;944;2.964
948;945;3.339
948;951;3.042
948;1354;3.652
949;945;2.993
949;952;3.029
950;946;2.971
950;947;3.123
951;947;3.037
951;948;3.042
951;954;3.424
951;955;3.175
952;949;3.029
952;956;2.898
953;957;3.021
954;951;3.424
954;957;3.402
954;958;3.281
954;1079;2.778
955;951;3.175
955;958;3.464
955;959;2.956
956;952;2.898
956;960;2.975
957;560;3.193
957;953;3.021
