source;destination;distance
0;3;2.763
1;47;3.56
2;7;3.689
2;48;3.745
3;0;2.763
4;7;3.259
4;8;2.966
5;9;2.968
6;10;2.967
7;2;3.689
7;4;3.259
7;10;3.123
7;11;2.967
7;43;3.929
7;47;3.765
8;4;2.966
8;11;3.476
8;12;2.985
9;5;2.968
9;12;3.493
9;13;2.919
10;6;2.967
10;7;3.123
10;14;2.946
11;7;2.967
11;8;3.476
11;14;3.441
11;15;3.022
11;44;3.598
12;8;2.985
12;9;3.493
12;16;2.974
12;104;3.956
13;9;2.919
13;16;3.342
13;17;2.943
14;10;2.946
14;11;3.441
14;18;3.006
14;37;3.729
15;11;3.022
15;19;2.985
15;37;3.75
15;96;3.966
15;99;3.664
15;100;3.453
16;12;2.974
16;13;3.342
16;19;3.15
16;20;3.082
17;13;2.943
17;20;3.349
17;21;2.985
18;14;3.006
18;21;3.538
18;22;2.96
18;37;3.024
18;96;3.179
19;15;2.985
19;16;3.15
19;22;3.14
19;97;3.516
19;595;3.501
20;16;3.082
20;17;3.349
21;17;2.985
21;18;3.538
21;24;2.996
21;30;3.614
21;33;3.402
22;18;2.96
22;19;3.14
22;93;4.055
22;96;3.874
22;97;3.963
23;595;3.749
24;21;2.996
24;27;4.023
25;602;3.237
25;629;3.7
25;630;3.284
26;30;3.839
27;24;4.023
27;30;2.839
28;31;2.725
28;32;3.011
29;32;3.306
29;33;2.983
30;21;3.614
30;26;3.839
30;27;2.839
30;33;3.452
30;34;2.991
31;28;2.725
31;34;3.434
31;35;2.99
32;28;3.011
32;29;3.306
32;36;2.983
33;21;3.402
33;29;2.983
33;30;3.452
33;36;3.29
33;37;2.956
34;30;2.991
34;31;3.434
34;37;3.289
34;38;2.924
34;80;3.785
34;93;2.865
34;96;3.739
35;31;2.99
35;38;3.404
35;39;2.976
35;81;3.709
36;32;2.983
36;33;3.29
36;39;3.365
36;40;3.007
37;14;3.729
37;15;3.75
37;18;3.024
37;33;2.956
37;34;3.289
37;40;3.041
37;41;2.861
37;96;3.856
38;34;2.924
38;35;3.404
38;42;2.988
38;80;2.625
39;35;2.976
39;36;3.365
39;42;3.188
39;43;2.987
40;36;3.007
40;37;3.041
40;43;3.412
40;44;2.904
41;37;2.861
41;45;2.951
41;73;3.475
41;99;3.346
42;38;2.988
42;39;3.188
42;45;3.325
42;46;2.984
43;7;3.929
43;39;2.987
43;40;3.412
43;46;3.387
43;47;3.055
44;11;3.598
44;40;2.904
44;47;3.235
44;48;2.755
44;99;2.693
45;41;2.951
45;42;3.325
45;49;2.991
45;56;3.984
45;73;3.942
46;42;2.984
46;43;3.387
46;50;3.08
46;51;3.951
47;1;3.56
47;7;3.765
47;43;3.055
47;44;3.235
48;2;3.745
48;44;2.755
48;66;3.25
48;69;2.764
49;45;2.991
49;56;3.971
49;59;3.829
49;66;3.644
50;46;3.08
50;55;3.649
51;46;3.951
52;55;3.121
52;58;3.428
53;56;2.982
54;57;2.997
55;50;3.649
55;52;3.121
55;58;3.0
56;45;3.984
56;49;3.971
56;53;2.982
56;59;3.04
56;70;3.937
57;54;2.997
57;60;3.019
58;52;3.428
58;55;3.0
58;61;3.025
59;49;3.829
59;56;3.04
59;62;2.982
59;63;3.816
59;66;3.516
59;70;3.826
60;57;3.019
61;58;3.025
62;59;2.982
63;59;3.816
63;67;2.918
64;67;3.424
64;68;3.033
65;68;3.041
65;69;3.049
65;108;3.406
65;111;3.885
66;48;3.25
66;49;3.644
66;59;3.516
66;69;3.86
66;70;2.973
67;63;2.918
67;64;3.424
67;70;3.278
67;71;2.916
68;64;3.033
68;65;3.041
68;72;3.008
68;101;3.809
69;48;2.764
69;65;3.049
69;66;3.86
69;73;2.963
69;99;2.704
69;102;2.659
70;56;3.937
70;59;3.826
70;66;2.973
70;67;3.278
70;73;3.173
70;74;2.981
71;67;2.916
71;74;3.442
71;75;2.983
72;68;3.008
72;76;2.925
72;95;3.566
73;41;3.475
73;45;3.942
73;69;2.963
73;70;3.173
73;76;3.399
73;77;2.882
74;70;2.981
74;71;3.442
74;77;3.414
74;78;3.009
75;71;2.983
75;78;3.389
75;79;2.971
75;89;3.48
75;92;3.314
76;72;2.925
76;73;3.399
76;79;3.014
76;80;2.847
77;73;2.882
77;74;3.414
77;81;2.968
78;74;3.009
78;75;3.389
78;82;3.012
79;75;2.971
79;76;3.014
79;83;3.985
79;89;2.675
80;34;3.785
80;38;2.625
80;76;2.847
80;83;3.208
80;96;3.919
81;35;3.709
81;77;2.968
82;78;3.012
82;84;2.987
83;79;3.985
83;80;3.208
83;90;2.947
83;93;3.588
84;82;2.987
85;89;3.556
86;89;3.135
87;90;2.905
87;91;3.168
87;604;3.88
88;91;3.148
89;75;3.48
89;79;2.675
89;85;3.556
89;86;3.135
89;92;3.008
90;83;2.947
90;87;2.905
91;87;3.168
91;88;3.148
91;94;3.001
91;603;3.377
91;604;3.858
92;75;3.314
92;89;3.008
92;95;2.86
93;22;4.055
93;34;2.865
93;83;3.588
93;96;2.938
94;91;3.001
94;97;2.845
94;596;3.92
94;599;3.638
94;600;3.687
95;72;3.566
95;92;2.86
95;98;3.173
95;99;3.039
96;15;3.966
96;18;3.179
96;22;3.874
96;34;3.739
96;37;3.856
96;80;3.919
96;93;2.938
96;99;3.047
97;19;3.516
97;22;3.963
97;94;2.845
97;100;3.036
98;95;3.173
98;101;2.723
98;596;3.981
99;15;3.664
99;41;3.346
99;44;2.693
99;69;2.704
99;95;3.039
99;96;3.047
99;102;2.806
99;103;3.439
100;15;3.453
100;97;3.036
100;103;2.988
100;104;2.952
100;107;3.671
100;592;3.495
101;68;3.809
101;98;2.723
101;107;4.021
101;111;3.777
102;69;2.659
102;99;2.806
102;108;2.792
103;99;3.439
103;100;2.988
104;12;3.956
104;100;2.952
104;107;3.088
104;108;2.973
105;108;3.393
105;109;2.939
106;110;3.133
106;585;3.475
107;100;3.671
107;101;4.021
107;104;3.088
107;110;3.408
107;111;3.008
107;589;3.681
108;65;3.406
108;102;2.792
108;104;2.973
108;105;3.393
108;111;3.485
108;112;2.964
109;105;2.939
109;112;3.254
109;113;3.031
110;106;3.133
110;107;3.408
110;113;3.081
110;114;2.997
110;585;3.338
110;586;3.971
111;65;3.885
111;101;3.777
111;107;3.008
111;108;3.485
111;114;3.246
111;115;3.047
112;108;2.964
112;109;3.254
112;115;3.436
112;116;3.003
113;109;3.031
113;110;3.081
113;116;3.226
113;117;3.059
114;110;2.997
114;111;3.246
114;117;2.995
114;118;3.228
114;674;3.78
115;111;3.047
115;112;3.436
115;118;2.982
116;112;3.003
116;113;3.226
116;119;2.772
116;256;4.019
117;113;3.059
117;114;2.995
117;120;3.033
117;121;3.021
117;256;3.914
118;114;3.228
118;115;2.982
118;122;3.011
119;116;2.772
119;260;2.757
120;117;3.033
120;123;3.394
120;256;3.45
120;259;2.632
120;260;2.869
121;117;3.021
121;124;3.349
121;125;2.931
121;253;3.976
122;118;3.011
122;126;2.985
123;120;3.394
123;126;3.177
123;127;3.093
123;1266;3.445
123;1267;2.917
124;121;3.349
124;127;3.446
124;128;3.161
124;245;3.613
124;1270;3.998
125;121;2.931
125;128;3.385
125;129;2.919
126;122;2.985
126;123;3.177
126;129;3.336
126;130;2.978
127;123;3.093
127;124;3.446
127;131;2.962
127;1261;3.953
127;1267;3.943
127;1270;3.864
128;124;3.161
128;125;3.385
128;131;3.3
128;132;2.878
128;245;3.444
129;125;2.919
129;126;3.336
129;132;3.497
129;133;3.012
130;126;2.978
130;133;3.415
130;134;2.933
130;1168;4.087
130;1257;3.676
130;1260;3.362
130;1261;3.824
131;127;2.962
131;128;3.3
131;134;3.476
131;135;2.866
132;128;2.878
132;129;3.497
132;136;2.961
132;205;3.726
132;208;4.009
133;129;3.012
133;130;3.415
133;136;3.232
133;137;3.014
134;130;2.933
134;131;3.476
134;137;3.246
134;138;2.966
134;1168;3.774
134;1257;3.754
135;131;2.866
135;139;2.943
135;208;3.599
135;234;3.689
135;238;3.78
135;241;3.672
136;132;2.961
136;133;3.232
136;140;2.931
136;201;3.652
136;205;3.93
137;133;3.014
137;134;3.246
137;140;3.207
137;141;3.127
137;1254;3.855
138;134;2.966
138;141;3.128
138;142;3.475
138;234;3.582
138;1251;3.674
138;1254;3.915
139;135;2.943
139;142;3.386
139;143;2.947
139;198;3.548
140;136;2.931
140;137;3.207
140;144;3.713
140;199;3.915
140;200;3.53
140;201;3.876
141;137;3.127
141;138;3.128
141;1251;3.645
141;1254;3.383
142;138;3.475
142;139;3.386
142;1247;3.667
142;1251;3.466
143;139;2.947
143;221;3.041
143;231;3.411
143;234;3.609
143;235;3.697
144;140;3.713
144;199;3.827
145;150;2.735
145;194;2.941
146;188;3.052
146;192;3.679
146;194;3.114
147;150;2.942
147;151;3.751
147;192;2.794
148;192;2.871
148;195;3.629
148;199;2.628
149;154;2.957
149;155;3.423
150;145;2.735
150;147;2.942
150;189;2.875
151;147;3.751
151;186;3.791
151;189;3.853
152;186;3.631
153;184;2.717
154;149;2.957
155;149;3.423
156;172;3.445
157;160;3.723
158;160;3.369
159;162;4.003
159;181;3.998
160;157;3.723
160;158;3.369
161;172;3.082
161;180;2.756
162;159;4.003
163;171;3.053
163;172;3.763
164;166;3.324
164;167;3.547
165;169;3.941
166;164;3.324
167;164;3.547
168;171;2.913
168;177;2.84
169;165;3.941
170;173;3.994
170;174;3.761
171;163;3.053
171;168;2.913
171;173;2.939
171;181;2.595
172;156;3.445
172;161;3.082
172;163;3.763
173;170;3.994
173;171;2.939
173;177;3.757
173;179;2.623
174;170;3.761
174;175;2.986
175;174;2.986
176;178;3.136
177;168;2.84
177;173;3.757
178;176;3.136
178;182;3.97
178;183;3.976
179;173;2.623
180;161;2.756
181;159;3.998
181;171;2.595
182;178;3.97
183;178;3.976
184;153;2.717
185;1020;4.118
185;1022;3.76
186;151;3.791
186;152;3.631
187;189;3.468
188;146;3.052
189;150;2.875
189;151;3.853
189;187;3.468
190;193;3.142
191;1019;2.609
191;1021;3.506
192;146;3.679
192;147;2.794
192;148;2.871
192;195;3.108
193;190;3.142
193;224;3.503
193;225;3.943
194;145;2.941
194;146;3.114
195;148;3.629
195;192;3.108
195;198;2.991
195;199;3.025
195;203;3.482
196;203;3.12
197;203;3.444
197;221;3.456
198;139;3.548
198;195;2.991
198;204;3.358
198;207;3.595
198;221;3.177
198;235;6.261
199;140;3.915
199;144;3.827
199;148;2.628
199;195;3.025
200;140;3.53
200;203;2.789
200;204;2.975
201;136;3.652
201;140;3.876
201;205;2.954
202;206;2.992
203;195;3.482
203;196;3.12
203;197;3.444
203;200;2.789
203;206;3.328
203;207;2.96
204;198;3.358
204;200;2.975
204;207;3.231
204;208;2.951
205;132;3.726
205;136;3.93
205;201;2.954
205;209;2.931
206;202;2.992
206;203;3.328
206;209;3.07
206;210;2.963
206;662;3.803
207;198;3.595
207;203;2.96
207;204;3.231
207;210;3.284
207;211;2.934
208;132;4.009
208;135;3.599
208;204;2.951
208;211;3.499
208;212;2.959
209;205;2.931
209;206;3.07
209;212;3.267
209;213;2.943
209;666;3.483
209;670;3.88
210;206;2.963
210;207;3.284
210;214;2.965
210;215;2.789
210;216;3.849
210;645;3.661
211;207;2.934
211;208;3.499
211;214;3.094
211;217;3.641
211;235;3.904
211;238;3.786
211;239;3.752
212;208;2.959
212;209;3.267
213;209;2.943
213;669;3.659
214;210;2.965
214;211;3.094
214;1332;3.112
214;1334;2.978
215;210;2.789
215;644;3.781
215;645;3.411
216;210;3.849
216;219;3.272
216;220;3.001
216;645;5.743
216;1339;3.979
217;211;3.641
217;221;3.051
217;222;3.194
217;236;3.93
217;239;3.308
217;1325;3.718
217;1328;3.628
217;1329;3.623
218;222;3.132
218;223;3.017
218;1325;3.684
218;1329;3.573
218;1364;3.627
218;1365;2.777
218;1366;3.14
219;216;3.272
219;1339;3.444
219;1366;3.141
220;216;3.001
220;223;3.063
221;143;3.041
221;197;3.456
221;198;3.177
221;217;3.051
221;231;2.798
222;217;3.194
222;218;3.132
222;225;2.949
222;232;3.401
222;1325;3.202
222;1364;3.493
223;218;3.017
223;220;3.063
223;1315;3.809
223;1364;3.469
224;193;3.503
225;193;3.943
225;222;2.949
225;227;2.938
225;228;3.131
225;231;3.624
226;228;3.058
226;1322;3.667
226;1360;2.829
226;1363;3.524
227;225;2.938
227;231;3.017
228;225;3.131
228;226;3.058
228;231;2.972
228;232;2.945
228;1361;3.778
228;1362;3.49
229;232;3.727
229;233;2.917
229;1359;2.834
229;1361;2.751
230;1244;3.709
230;1247;3.976
230;1248;3.296
230;1361;2.922
231;143;3.411
231;221;2.798
231;225;3.624
231;227;3.017
231;228;2.972
231;234;3.019
231;235;3.308
232;222;3.401
232;228;2.945
232;229;3.727
232;235;3.353
232;236;2.943
232;1325;3.474
232;1362;3.946
232;1363;3.933
233;229;2.917
233;237;2.976
234;135;3.689
234;138;3.582
234;143;3.609
234;231;3.019
234;237;3.139
234;238;2.968
235;143;3.697
235;198;6.261
235;211;3.904
235;231;3.308
235;232;3.353
235;238;3.135
235;239;2.961
236;217;3.93
236;232;2.943
236;239;3.286
236;240;3.0
236;1328;3.997
237;233;2.976
237;234;3.139
237;241;2.931
238;135;3.78
238;211;3.786
238;234;2.968
238;235;3.135
238;242;2.893
239;211;3.752
239;217;3.308
239;235;2.961
239;236;3.286
239;242;3.488
239;243;2.939
239;1328;3.406
240;236;3.0
240;244;2.959
240;1328;3.386
241;135;3.672
241;237;2.931
241;245;2.907
242;238;2.893
242;239;3.488
242;246;2.932
243;239;2.939
243;246;3.465
243;247;2.985
244;240;2.959
244;247;3.414
244;248;2.927
244;1274;3.676
244;1281;3.636
245;124;3.613
245;128;3.444
245;241;2.907
245;248;3.158
245;249;2.866
246;242;2.932
246;243;3.465
246;249;3.362
246;250;2.967
247;243;2.985
247;244;3.414
247;250;3.958
247;251;2.989
247;1392;3.726
248;244;2.927
248;245;3.158
248;251;3.637
248;252;2.893
248;1270;3.151
248;1273;3.762
249;245;2.866
249;246;3.362
249;252;3.119
249;253;2.938
249;677;3.614
250;246;2.967
250;247;3.958
250;254;3.124
250;677;3.663
250;680;3.733
250;1389;3.446
251;247;2.989
251;248;3.637
251;254;3.455
251;255;2.916
251;1392;3.947
251;1393;3.923
251;1396;3.504
252;248;2.893
252;249;3.119
252;256;2.925
253;121;3.976
253;249;2.938
253;256;3.363
253;257;3.099
253;681;3.809
254;250;3.124
254;251;3.455
254;257;3.199
254;258;3.093
254;680;3.649
254;681;3.997
254;684;3.426
254;1393;3.48
255;251;2.916
255;259;2.889
255;1397;3.751
256;116;4.019
256;117;3.914
256;120;3.45
256;252;2.925
256;253;3.363
256;259;3.234
256;260;2.971
257;253;3.099
257;254;3.199
257;261;3.087
257;681;3.677
258;254;3.093
258;261;3.026
258;262;2.902
258;264;3.206
258;1397;3.538
259;120;2.632
259;255;2.889
259;256;3.234
259;262;3.023
259;263;3.6
260;119;2.757
260;120;2.869
260;256;2.971
260;270;2.883
261;257;3.087
261;258;3.026
261;269;3.948
261;270;3.145
261;271;2.998
262;258;2.902
262;259;3.023
262;269;3.553
262;271;3.767
262;272;3.072
263;259;3.6
263;268;2.751
263;269;2.85
264;258;3.206
264;272;3.788
264;695;3.918
265;267;3.512
266;272;3.544
266;273;3.848
266;275;3.841
266;699;3.73
267;265;3.512
267;269;3.691
268;263;2.751
269;261;3.948
269;262;3.553
269;263;2.85
269;267;3.691
270;260;2.883
270;261;3.145
271;261;2.998
271;262;3.767
272;262;3.072
272;264;3.788
272;266;3.544
272;275;2.972
273;266;3.848
274;277;3.026
275;266;3.841
275;272;2.972
275;694;3.542
275;698;3.961
275;700;3.626
276;278;2.94
276;280;3.42
276;281;3.579
276;284;3.625
277;274;3.026
277;281;3.934
278;276;2.94
278;281;3.006
278;294;3.782
279;282;3.19
279;289;2.771
279;290;2.827
279;291;3.354
279;703;3.021
280;276;3.42
280;283;3.019
280;284;2.692
280;700;2.667
280;701;3.697
281;276;3.579
281;277;3.934
281;278;3.006
281;284;3.037
282;279;3.19
282;293;3.505
283;280;3.019
283;288;3.644
283;289;3.911
283;290;2.736
283;291;2.78
284;276;3.625
284;280;2.692
284;281;3.037
284;701;2.773
285;288;3.562
286;719;3.929
287;727;2.755
288;283;3.644
288;285;3.562
288;727;3.085
289;279;2.771
289;283;3.911
289;701;3.737
289;703;3.649
289;704;2.964
290;279;2.827
290;283;2.736
291;279;3.354
291;283;2.78
292;307;2.755
293;282;3.505
294;278;3.782
295;691;2.887
295;692;3.905
295;1110;3.733
295;1113;3.607
296;1110;3.393
296;1113;3.656
296;1114;4.017
297;306;3.17
298;300;3.937
298;306;3.879
299;302;2.83
299;304;2.719
300;298;3.937
300;982;3.703
301;978;3.413
302;299;2.83
302;304;3.577
303;304;2.773
304;299;2.719
304;302;3.577
304;303;2.773
305;310;3.908
306;297;3.17
306;298;3.879
306;308;3.167
307;292;2.755
308;306;3.167
308;314;2.854
309;311;2.988
309;314;4.038
310;305;3.908
311;309;2.988
311;314;3.732
312;320;3.104
312;321;3.322
312;322;3.998
313;315;3.038
314;308;2.854
314;309;4.038
314;311;3.732
315;313;3.038
316;320;2.771
316;322;2.754
316;323;3.049
316;325;2.754
317;320;2.803
317;326;3.784
318;326;3.084
319;322;2.938
319;324;2.76
319;325;3.986
319;326;2.718
320;312;3.104
320;316;2.771
320;317;2.803
321;312;3.322
322;312;3.998
322;316;2.754
322;319;2.938
323;316;3.049
324;319;2.76
324;329;3.226
325;316;2.754
325;319;3.986
325;328;3.0
325;329;2.882
326;317;3.784
326;318;3.084
326;319;2.718
327;330;2.76
328;325;3.0
329;324;3.226
329;325;2.882
330;327;2.76
331;440;3.702
331;441;2.83
331;442;3.537
332;436;3.091
332;439;3.748
333;436;2.914
334;436;2.732
335;436;2.607
336;341;2.833
337;339;2.963
337;340;3.527
337;341;3.961
337;346;3.894
338;342;3.418
339;337;2.963
340;337;3.527
340;347;3.62
341;336;2.833
341;337;3.961
341;345;3.677
341;346;3.656
342;338;3.418
343;345;3.024
344;432;3.951
345;341;3.677
345;343;3.024
345;433;3.621
345;434;2.828
345;435;2.93
345;437;2.754
346;337;3.894
346;341;3.656
347;340;3.62
348;354;3.77
349;354;3.683
349;355;3.357
350;353;3.02
350;355;3.024
351;355;4.009
351;356;2.959
352;365;3.777
353;350;3.02
354;348;3.77
354;349;3.683
355;349;3.357
355;350;3.024
355;351;4.009
356;351;2.959
357;361;3.741
358;361;3.014
358;365;4.014
359;362;2.968
360;363;3.01
360;364;3.001
360;365;4.503
361;357;3.741
361;358;3.014
361;364;3.258
362;359;2.968
363;360;3.01
364;360;3.001
364;361;3.258
364;366;3.449
365;352;3.777
365;358;4.014
365;360;4.503
366;364;3.449
367;369;3.355
368;373;3.733
368;375;3.514
369;367;3.355
370;388;3.341
371;373;3.945
371;388;2.968
372;387;3.62
372;389;3.586
373;368;3.733
373;371;3.945
373;387;3.658
374;377;2.982
375;368;3.514
376;378;3.016
376;379;3.051
376;380;3.315
376;381;2.75
377;374;2.982
378;376;3.016
379;376;3.051
380;376;3.315
381;376;2.75
381;383;2.705
381;384;3.118
382;385;3.123
383;381;2.705
384;381;3.118
385;382;3.123
386;390;3.6
386;391;3.425
387;372;3.62
387;373;3.658
387;390;2.751
388;370;3.341
388;371;2.968
389;372;3.586
389;392;2.952
389;393;3.051
390;386;3.6
390;387;2.751
391;386;3.425
392;389;2.952
393;389;3.051
394;395;2.717
395;394;2.717
396;398;2.642
396;404;3.656
397;405;3.999
398;396;2.642
398;403;2.98
399;402;2.693
399;403;3.833
400;403;3.851
401;403;2.976
402;399;2.693
403;398;2.98
403;399;3.833
403;400;3.851
403;401;2.976
404;396;3.656
404;406;2.996
405;397;3.999
406;404;2.996
407;410;2.887
408;411;3.753
409;411;2.94
410;407;2.887
411;408;3.753
411;409;2.94
411;412;3.029
412;411;3.029
413;415;3.739
414;439;2.882
415;413;3.739
416;417;3.427
417;416;3.427
418;420;3.069
419;421;3.005
420;418;3.069
421;419;3.005
421;425;3.391
422;423;3.878
423;422;3.878
423;425;3.868
424;427;3.53
424;431;3.652
425;421;3.391
425;423;3.868
425;427;2.879
426;429;2.833
427;424;3.53
427;425;2.879
427;430;2.97
427;431;3.044
428;431;2.88
429;426;2.833
429;432;3.628
430;427;2.97
431;424;3.652
431;427;3.044
431;428;2.88
432;344;3.951
432;429;3.628
433;345;3.621
433;437;3.862
434;345;2.828
435;345;2.93
436;332;3.091
436;333;2.914
436;334;2.732
436;335;2.607
437;345;2.754
437;433;3.862
438;440;3.804
439;332;3.748
439;414;2.882
439;440;3.097
440;331;3.702
440;438;3.804
440;439;3.097
441;331;2.83
441;447;3.59
442;331;3.537
443;446;2.996
444;447;2.972
444;448;3.147
444;449;3.879
445;450;3.641
445;451;2.823
445;452;3.843
446;443;2.996
447;441;3.59
447;444;2.972
448;444;3.147
449;444;3.879
450;445;3.641
451;445;2.823
452;445;3.843
453;454;2.781
454;453;2.781
455;457;3.03
455;459;3.213
455;460;3.896
455;463;2.658
456;458;2.809
456;459;3.619
456;517;2.746
457;455;3.03
458;456;2.809
458;513;3.765
458;516;3.584
458;517;3.932
459;455;3.213
459;456;3.619
459;462;2.944
459;463;3.11
460;455;3.896
460;463;3.016
461;513;3.626
462;459;2.944
462;518;3.459
463;455;2.658
463;459;3.11
463;460;3.016
463;466;2.96
463;467;3.161
464;468;2.962
465;469;2.959
466;463;2.96
466;469;3.23
466;470;3.021
467;463;3.161
467;470;3.369
467;471;2.923
467;565;2.665
467;566;3.961
468;464;2.962
468;471;3.179
468;472;2.963
469;465;2.959
469;466;3.23
469;473;3.056
470;466;3.021
470;467;3.369
470;473;3.321
470;474;2.975
470;510;3.812
470;562;3.927
471;467;2.923
471;468;3.179
471;474;3.002
471;475;3.087
471;566;2.64
471;567;3.602
472;468;2.963
472;475;3.476
472;476;3.007
473;469;3.056
473;470;3.321
473;477;2.981
473;503;3.672
474;470;2.975
474;471;3.002
474;477;3.097
474;478;3.072
474;507;3.323
474;560;3.87
474;562;3.882
474;563;3.84
475;471;3.087
475;472;3.476
475;478;3.125
475;479;3.442
475;563;3.909
476;472;3.007
476;479;3.305
476;480;3.016
477;473;2.981
477;474;3.097
477;480;3.276
477;481;2.996
477;503;3.2
477;559;3.084
478;474;3.072
478;475;3.125
478;482;3.051
478;560;3.666
478;996;3.883
479;475;3.442
479;476;3.305
479;482;3.296
479;483;2.987
480;476;3.016
480;477;3.276
480;483;3.006
480;484;2.947
480;496;3.526
481;477;2.996
481;484;3.034
481;559;3.788
481;560;3.667
481;1000;4.003
482;478;3.051
482;479;3.296
483;479;2.987
483;480;3.006
483;488;3.662
484;480;2.947
484;481;3.034
484;489;2.913
484;496;4.0
484;500;3.413
485;489;2.968
485;1044;3.188
485;1045;3.088
486;489;3.555
486;490;2.801
487;490;2.956
487;491;3.004
488;483;3.662
488;492;3.015
489;484;2.913
489;485;2.968
489;486;3.555
489;493;2.776
490;486;2.801
490;487;2.956
490;493;2.741
491;487;3.004
492;488;3.015
492;495;3.062
492;496;2.934
493;489;2.776
493;490;2.741
493;497;2.964
494;497;3.28
494;498;3.035
495;492;3.062
495;498;3.937
495;499;2.962
496;480;3.526
496;484;4.0
496;492;2.934
496;499;3.354
496;500;2.928
497;493;2.964
497;494;3.28
497;500;3.347
497;501;3.032
498;494;3.035
498;495;3.937
498;502;2.957
499;495;2.962
499;496;3.354
499;503;2.961
500;484;3.413
500;496;2.928
500;497;3.347
500;503;3.411
500;504;3.095
500;559;3.243
501;497;3.032
501;504;3.343
501;505;3.008
501;543;3.831
501;544;3.381
502;498;2.957
502;505;3.019
502;506;3.086
503;473;3.672
503;477;3.2
503;499;2.961
503;500;3.411
503;506;3.064
503;507;3.369
504;500;3.095
504;501;3.343
504;507;2.964
504;539;2.752
504;540;3.745
504;543;3.806
505;501;3.008
505;502;3.019
505;508;2.846
506;502;3.086
506;503;3.064
506;509;3.063
506;510;3.26
507;474;3.323
507;503;3.369
507;504;2.964
507;511;2.986
507;536;3.705
507;540;3.898
507;562;3.441
508;505;2.846
508;511;3.413
508;512;3.027
508;540;3.5
509;506;3.063
509;513;3.057
510;470;3.812
510;506;3.26
510;513;3.467
510;514;2.942
510;562;2.729
510;565;2.727
511;507;2.986
511;508;3.413
511;515;2.989
511;536;3.641
512;508;3.027
512;515;3.207
512;516;3.1
513;458;3.765
513;461;3.626
513;509;3.057
513;510;3.467
513;517;2.979
514;510;2.942
514;517;3.014
514;518;3.025
514;522;2.672
514;523;3.561
514;529;2.752
515;511;2.989
515;512;3.207
515;523;3.757
515;524;4.026
516;458;3.584
516;512;3.1
517;456;2.746
517;458;3.932
517;513;2.979
517;514;3.014
518;462;3.459
518;514;3.025
518;522;3.907
519;522;2.938
519;523;2.932
520;524;2.974
521;525;2.784
522;514;2.672
522;518;3.907
522;519;2.938
522;525;3.077
522;526;2.914
523;514;3.561
523;515;3.757
523;519;2.932
523;529;3.212
523;533;3.382
524;515;4.026
524;520;2.974
525;521;2.784
525;522;3.077
526;522;2.914
526;529;2.961
526;530;3.048
527;530;3.5
527;531;3.005
528;532;2.998
528;570;2.941
528;573;3.897
529;514;2.752
529;523;3.212
529;526;2.961
529;533;2.951
530;526;3.048
530;527;3.5
530;533;3.411
530;534;2.99
531;527;3.005
531;534;3.413
531;535;3.019
532;528;2.998
532;535;3.211
532;536;2.902
532;562;2.637
532;565;3.886
533;523;3.382
533;529;2.951
533;530;3.411
533;537;3.009
534;530;2.99
534;531;3.413
534;537;3.186
534;538;3.087
535;531;3.019
535;532;3.211
535;539;3.004
536;507;3.705
536;511;3.641
536;532;2.902
536;540;2.93
536;562;3.777
537;533;3.009
537;534;3.186
537;541;2.999
538;534;3.087
538;542;3.206
538;555;3.567
539;504;2.752
539;535;3.004
539;543;3.4
539;559;3.081
540;504;3.745
540;507;3.898
540;508;3.5
540;536;2.93
540;543;3.155
540;544;2.91
541;537;2.999
541;544;3.31
541;545;3.034
542;538;3.206
542;546;2.995
542;547;3.053
542;556;3.751
543;501;3.831
543;504;3.806
543;539;3.4
543;540;3.155
543;547;3.748
543;556;3.981
544;501;3.381
544;540;2.91
544;541;3.31
545;541;3.034
546;542;2.995
546;548;2.942
547;542;3.053
547;543;3.748
547;553;2.794
548;546;2.942
548;553;3.304
549;552;2.784
550;553;3.239
550;554;2.931
551;554;3.288
551;555;2.963
551;1084;3.857
552;549;2.784
552;555;3.07
552;556;3.081
553;547;2.794
553;548;3.304
553;550;3.239
553;556;2.927
554;550;2.931
554;551;3.288
554;557;3.016
554;1004;3.131
555;538;3.567
555;551;2.963
555;552;3.07
555;558;2.978
556;542;3.751
556;543;3.981
556;552;3.081
556;553;2.927
556;559;3.046
557;554;3.016
557;560;3.186
557;1000;3.708
557;1001;3.884
558;555;2.978
558;561;2.895
558;997;3.884
559;477;3.084
559;481;3.788
559;500;3.243
559;539;3.081
559;556;3.046
559;562;2.986
560;474;3.87
560;478;3.666
560;481;3.667
560;557;3.186
560;563;2.918
560;993;3.813
560;997;3.53
561;558;2.895
561;564;2.775
561;994;3.367
561;997;3.487
562;470;3.927
562;474;3.882
562;507;3.441
562;510;2.729
562;532;2.637
562;536;3.777
562;559;2.986
562;565;2.994
563;474;3.84
563;475;3.909
563;560;2.918
563;566;2.979
563;567;2.94
563;569;3.875
563;993;3.63
564;561;2.775
564;569;4.035
565;467;2.665
565;510;2.727
565;532;3.886
565;562;2.994
566;467;3.961
566;471;2.64
566;563;2.979
567;471;3.602
567;563;2.94
567;569;3.877
567;570;3.036
568;571;3.051
568;572;2.925
568;986;3.162
569;563;3.875
569;564;4.035
569;567;3.877
569;572;3.176
569;573;3.005
569;990;3.486
570;528;2.941
570;567;3.036
570;573;3.844
570;574;3.051
571;568;3.051
571;575;2.987
572;568;2.925
572;569;3.176
572;575;3.264
572;576;2.954
572;990;3.683
573;528;3.897
573;569;3.005
573;570;3.844
573;577;3.064
574;570;3.051
574;577;3.344
574;578;2.771
575;571;2.987
575;572;3.264
575;578;3.348
575;579;2.938
575;1102;3.727
576;572;2.954
576;579;3.16
576;580;3.071
576;1098;3.574
577;573;3.064
577;574;3.344
577;580;2.997
578;574;2.771
578;575;3.348
578;581;2.998
579;575;2.938
579;576;3.16
579;582;3.086
579;583;3.077
579;683;3.699
579;1098;3.506
579;1102;3.748
580;576;3.071
580;577;2.997
580;584;2.971
580;1098;3.855
581;578;2.998
581;584;3.025
582;579;3.086
582;683;3.934
583;579;3.077
583;586;3.258
583;587;2.866
583;679;3.596
583;1098;3.783
584;580;2.971
584;581;3.025
584;588;3.05
585;106;3.475
585;110;3.338
585;588;3.218
585;589;3.304
586;110;3.971
586;583;3.258
586;589;3.049
586;590;3.022
586;678;3.509
586;679;3.807
587;583;2.866
587;591;2.929
588;584;3.05
588;585;3.218
588;591;3.286
588;592;3.053
589;107;3.681
589;585;3.304
589;586;3.049
589;592;3.45
589;593;3.026
590;586;3.022
590;593;3.488
590;594;2.962
590;641;3.914
591;587;2.929
591;588;3.286
591;595;2.974
592;100;3.495
592;588;3.053
592;589;3.45
592;595;3.301
592;596;3.0
593;589;3.026
593;590;3.488
593;596;3.306
593;597;2.946
593;671;3.736
594;590;2.962
594;597;3.496
594;598;2.927
594;634;3.521
594;637;3.793
595;19;3.501
595;23;3.749
595;591;2.974
595;592;3.301
595;598;3.262
595;599;2.995
595;630;3.461
596;94;3.92
596;98;3.981
596;592;3.0
596;593;3.306
596;599;3.287
596;600;2.997
597;593;2.946
597;594;3.496
597;601;2.96
597;637;3.771
597;667;4.108
597;668;3.554
597;671;3.892
598;594;2.927
598;595;3.262
598;601;3.254
598;602;2.994
598;630;3.75
598;633;3.979
598;634;4.034
599;94;3.638
599;595;2.995
599;596;3.287
599;603;3.348
600;94;3.687
600;596;2.997
600;603;3.33
600;604;3.021
601;597;2.96
601;598;3.254
601;605;3.008
601;606;2.809
601;627;3.834
602;25;3.237
602;598;2.994
602;606;3.045
602;607;3.148
602;629;3.965
603;91;3.377
603;599;3.348
603;600;3.33
604;87;3.88
604;91;3.858
604;600;3.021
604;607;2.787
605;601;3.008
605;608;3.014
605;609;3.59
605;623;3.488
605;627;4.115
605;661;3.378
605;664;3.999
606;601;2.809
606;602;3.045
606;623;3.74
607;602;3.148
607;604;2.787
608;605;3.014
608;620;4.116
608;623;2.991
609;605;3.59
609;621;3.083
609;623;2.935
609;649;3.794
609;650;3.382
609;657;2.709
609;661;3.528
610;619;2.635
610;620;3.342
610;621;3.985
610;650;3.713
610;651;2.92
611;614;2.997
611;615;2.827
611;616;2.793
611;617;2.745
612;650;4.136
612;651;2.753
612;653;3.675
613;616;3.845
614;611;2.997
614;619;4.012
615;611;2.827
616;611;2.793
616;613;3.845
616;1031;3.961
617;611;2.745
618;624;3.48
619;610;2.635
619;614;4.012
620;608;4.116
620;610;3.342
620;624;3.451
621;609;3.083
621;610;3.985
621;625;3.129
621;648;2.672
621;649;3.697
622;625;3.048
622;626;2.824
622;647;3.89
623;605;3.488
623;606;3.74
623;608;2.991
623;609;2.935
623;627;3.66
623;649;3.597
624;618;3.48
624;620;3.451
624;628;3.641
625;621;3.129
625;622;3.048
625;1068;4.033
625;1072;3.977
625;1078;3.837
626;622;2.824
626;632;4.019
626;635;3.949
626;636;3.802
626;1063;3.4
626;1067;3.79
627;601;3.834
627;605;4.115
627;623;3.66
627;632;3.658
627;636;3.643
627;649;4.009
628;624;3.641
628;1076;2.713
629;25;3.7
629;602;3.965
629;632;2.819
629;633;2.955
629;1079;2.717
630;25;3.284
630;595;3.461
630;598;3.75
630;633;3.413
630;634;2.941
631;634;3.226
631;635;2.995
631;1079;3.605
631;1082;3.798
631;1083;3.637
631;1086;3.972
632;626;4.019
632;627;3.658
632;629;2.819
632;635;3.249
632;636;2.983
632;1082;3.052
633;598;3.979
633;629;2.955
633;630;3.413
633;636;4.036
633;637;2.969
634;594;3.521
634;598;4.034
634;630;2.941
634;631;3.226
634;637;3.487
634;638;2.975
635;626;3.949
635;631;2.995
635;632;3.249
635;638;3.272
635;639;3.037
635;1067;3.958
635;1086;3.6
636;626;3.802
636;627;3.643
636;632;2.983
636;633;4.036
636;639;3.134
636;640;3.014
636;646;3.79
637;594;3.793
637;597;3.771
637;633;2.969
637;634;3.487
637;640;3.401
637;641;2.995
638;634;2.975
638;635;3.272
638;641;3.062
638;642;3.222
638;1059;3.942
638;1062;3.498
638;1086;3.715
638;1093;3.9
639;635;3.037
639;636;3.134
639;645;2.829
639;1063;3.54
640;636;3.014
640;637;3.401
640;643;2.957
640;665;3.413
640;668;3.576
640;669;3.96
641;590;3.914
641;637;2.995
641;638;3.062
641;672;3.783
642;638;3.222
642;1059;3.48
643;640;2.957
643;665;2.886
643;669;3.999
644;215;3.781
644;1059;3.793
644;1060;2.74
644;1061;2.825
645;210;3.661
645;215;3.411
645;216;5.743
645;639;2.829
645;665;3.89
645;1064;3.884
646;636;3.79
646;649;3.507
646;665;3.275
647;622;3.89
647;1064;3.516
648;621;2.672
648;1017;3.881
649;609;3.794
649;621;3.697
649;623;3.597
649;627;4.009
649;646;3.507
649;658;3.35
649;661;3.455
650;609;3.382
650;610;3.713
650;612;4.136
650;654;3.378
650;658;3.024
651;610;2.92
651;612;2.753
651;658;3.692
652;1018;3.376
653;612;3.675
654;650;3.378
654;657;2.756
654;658;3.083
655;659;2.951
656;659;3.276
656;660;3.004
657;609;2.709
657;654;2.756
657;660;3.255
657;661;3.093
658;649;3.35
658;650;3.024
658;651;3.692
658;654;3.083
658;661;3.383
658;662;2.912
659;655;2.951
659;656;3.276
659;662;3.28
659;663;3.011
660;656;3.004
660;657;3.255
660;663;3.472
660;664;3.342
661;605;3.378
661;609;3.528
661;649;3.455
661;657;3.093
661;658;3.383
661;664;3.477
661;665;2.941
662;206;3.803
662;658;2.912
662;659;3.28
662;665;3.263
662;666;2.962
663;659;3.011
663;660;3.472
663;666;3.427
663;667;3.018
664;605;3.999
664;660;3.342
664;661;3.477
664;667;3.284
664;668;2.985
665;640;3.413
665;643;2.886
665;645;3.89
665;646;3.275
665;661;2.941
665;662;3.263
665;668;3.29
665;669;2.98
666;209;3.483
666;662;2.962
666;663;3.427
666;669;3.416
666;670;2.996
667;597;4.108
667;663;3.018
667;664;3.284
667;670;3.494
667;671;3.007
668;597;3.554
668;640;3.576
668;664;2.985
668;665;3.29
668;672;2.955
669;213;3.659
669;640;3.96
669;643;3.999
669;665;2.98
669;666;3.416
669;673;2.925
670;209;3.88
670;666;2.996
670;667;3.494
670;673;3.441
670;674;3.037
671;593;3.736
671;597;3.892
671;667;3.007
671;674;3.423
671;675;2.993
672;641;3.783
672;668;2.955
672;675;3.18
672;676;2.931
673;669;2.925
673;670;3.441
673;676;3.257
673;677;2.98
674;114;3.78
674;670;3.037
674;671;3.423
674;678;3.028
675;671;2.993
675;672;3.18
675;678;3.341
675;679;2.917
676;672;2.931
676;673;3.257
676;679;3.123
676;680;3.081
677;249;3.614
677;250;3.663
677;673;2.98
677;680;3.462
677;681;3.021
678;586;3.509
678;674;3.028
678;675;3.341
678;682;2.905
679;583;3.596
679;586;3.807
679;675;2.917
679;676;3.123
679;682;3.4
679;683;3.136
679;1101;3.417
680;250;3.733
680;254;3.649
680;676;3.081
680;677;3.462
680;683;3.46
680;684;2.944
680;1101;3.598
680;1104;3.795
681;253;3.809
681;254;3.997
681;257;3.677
681;677;3.021
681;684;3.348
681;685;2.944
682;678;2.905
682;679;3.4
682;686;3.082
683;579;3.699
683;582;3.934
683;679;3.136
683;680;3.46
683;686;3.315
683;687;2.994
683;1101;3.674
683;1105;3.53
684;254;3.426
684;680;2.944
684;681;3.348
684;687;3.458
684;688;2.988
684;1105;4.027
684;1108;3.472
685;681;2.944
685;688;3.277
685;689;3.083
686;682;3.082
686;683;3.315
686;689;3.148
686;690;3.111
687;683;2.994
687;684;3.458
687;690;2.97
687;691;3.002
687;1105;3.443
687;1109;3.452
688;684;2.988
688;685;3.277
688;1109;3.56
688;1112;3.51
689;685;3.083
689;686;3.148
690;686;3.111
690;687;2.97
691;295;2.887
691;687;3.002
691;1109;3.633
692;295;3.905
693;702;3.581
693;1116;2.786
693;1117;2.776
694;275;3.542
694;702;3.586
694;1116;2.771
695;264;3.918
695;698;2.893
695;1119;3.305
696;702;3.169
696;703;3.595
696;1119;3.496
697;716;2.648
697;1126;3.083
698;275;3.961
698;695;2.893
699;266;3.73
700;275;3.626
700;280;2.667
701;280;3.697
701;284;2.773
701;289;3.737
702;693;3.581
702;694;3.586
702;696;3.169
703;279;3.021
703;289;3.649
703;696;3.595
704;289;2.964
705;718;2.763
706;716;3.77
706;717;3.862
706;1124;3.768
707;710;3.936
708;712;2.775
708;1121;3.651
708;1122;3.816
708;1123;3.919
709;712;3.368
709;1123;3.312
710;707;3.936
710;829;3.152
711;829;4.024
711;832;2.81
711;833;2.826
712;708;2.775
712;709;3.368
712;715;3.619
712;1123;2.673
713;795;3.274
713;803;3.35
714;1128;2.731
715;712;3.619
716;697;2.648
716;706;3.77
716;1124;3.312
716;1125;3.935
717;706;3.862
717;720;3.493
717;802;3.372
718;705;2.763
719;286;3.929
719;727;2.801
720;717;3.493
720;727;4.011
721;727;3.846
722;728;3.897
722;806;3.909
722;807;3.946
722;809;3.651
723;725;2.955
724;809;2.742
724;810;3.777
725;723;2.955
726;728;2.986
726;730;3.519
727;287;2.755
727;288;3.085
727;719;2.801
727;720;4.011
727;721;3.846
728;722;3.897
728;726;2.986
728;812;2.604
729;732;2.922
729;733;2.93
729;745;2.988
729;746;2.851
729;747;2.847
730;726;3.519
730;733;4.039
731;747;2.781
732;729;2.922
732;735;3.902
733;729;2.93
733;730;4.039
734;736;3.122
735;732;3.902
735;745;3.707
736;734;3.122
737;741;3.64
738;740;2.855
739;742;3.555
740;738;2.855
741;737;3.64
741;746;3.699
742;739;3.555
743;746;2.957
744;757;2.813
744;761;3.902
745;729;2.988
745;735;3.707
745;757;2.942
746;729;2.851
746;741;3.699
746;743;2.957
747;729;2.847
747;731;2.781
747;752;3.55
747;753;3.359
748;752;3.406
748;759;3.97
748;761;3.947
749;769;2.732
750;765;3.815
751;765;3.119
751;768;2.831
752;747;3.55
752;748;3.406
753;747;3.359
753;756;3.117
754;756;3.02
755;762;2.753
756;753;3.117
756;754;3.02
757;744;2.813
757;745;2.942
758;763;3.88
758;765;2.969
759;748;3.97
760;764;2.928
761;744;3.902
761;748;3.947
762;755;2.753
763;758;3.88
764;760;2.928
764;767;2.988
765;750;3.815
765;751;3.119
765;758;2.969
765;768;2.742
766;770;2.733
767;764;2.988
768;751;2.831
768;765;2.742
769;749;2.732
770;766;2.733
770;774;3.707
771;774;3.463
771;775;3.395
771;776;3.535
772;773;2.942
773;772;2.942
774;770;3.707
774;771;3.463
775;771;3.395
776;771;3.535
777;781;3.566
777;782;2.808
778;786;2.63
779;785;2.841
780;1131;2.793
781;777;3.566
781;784;3.168
782;777;2.808
783;788;2.689
784;781;3.168
784;787;2.941
785;779;2.841
785;790;2.68
785;1131;2.661
786;778;2.63
787;784;2.941
788;783;2.689
789;798;3.395
790;785;2.68
791;793;2.556
791;1131;3.141
791;1132;2.934
792;794;2.72
793;791;2.556
793;796;3.412
794;792;2.72
795;713;3.274
795;804;2.84
796;793;3.412
797;799;3.421
797;800;3.052
797;801;3.749
798;789;3.395
799;797;3.421
800;797;3.052
800;805;2.746
801;797;3.749
801;806;3.093
802;717;3.372
803;713;3.35
803;807;3.084
804;795;2.84
805;800;2.746
805;808;3.409
806;722;3.909
806;801;3.093
807;722;3.946
807;803;3.084
808;805;3.409
809;722;3.651
809;724;2.742
809;812;3.739
810;724;3.777
811;813;2.808
812;728;2.604
812;809;3.739
813;811;2.808
813;815;3.958
814;815;3.703
815;813;3.958
815;814;3.703
816;818;3.073
817;819;3.753
817;825;3.418
818;816;3.073
819;817;3.753
819;825;3.212
820;824;3.602
821;824;3.005
822;826;3.418
823;826;3.022
824;820;3.602
824;821;3.005
825;817;3.418
825;819;3.212
825;828;3.857
826;822;3.418
826;823;3.022
826;827;2.794
826;828;2.791
827;826;2.794
828;825;3.857
828;826;2.791
829;710;3.152
829;711;4.024
830;832;3.043
830;835;3.358
831;840;4.011
831;843;3.855
832;711;2.81
832;830;3.043
832;835;3.756
833;711;2.826
834;838;3.863
835;830;3.358
835;832;3.756
836;839;2.939
837;841;2.628
837;914;2.747
838;834;3.863
839;836;2.939
840;831;4.011
840;842;2.992
840;844;2.79
840;845;2.868
841;837;2.628
842;840;2.992
842;844;3.091
843;831;3.855
844;840;2.79
844;842;3.091
845;840;2.868
846;848;3.939
846;849;3.681
847;850;2.774
848;846;3.939
849;846;3.681
849;853;3.617
850;847;2.774
850;853;2.708
850;909;2.881
850;910;2.774
851;854;3.058
852;857;3.824
852;903;3.98
852;906;3.413
852;907;3.83
853;849;3.617
853;850;2.708
854;851;3.058
854;857;2.853
854;858;2.944
855;859;3.066
856;860;2.897
857;852;3.824
857;854;2.853
857;860;3.284
857;861;2.979
858;854;2.944
858;861;3.386
858;862;3.15
858;966;3.284
859;855;3.066
859;862;3.434
859;863;3.005
860;856;2.897
860;857;3.284
860;863;3.327
860;864;2.916
861;857;2.979
861;858;3.386
861;864;3.377
861;865;2.949
861;900;3.821
861;903;3.787
862;858;3.15
862;859;3.434
862;865;3.362
862;866;2.955
862;966;3.638
863;859;3.005
863;860;3.327
863;866;3.223
863;867;2.978
864;860;2.916
864;861;3.377
864;868;2.95
864;900;3.957
865;861;2.949
865;862;3.362
865;869;2.897
865;896;3.929
865;900;3.409
865;959;3.716
865;963;3.758
866;862;2.955
866;863;3.223
866;869;3.191
866;870;2.983
867;863;2.978
867;870;3.108
867;871;3.014
868;864;2.95
868;871;3.424
868;872;2.945
868;959;3.605
869;865;2.897
869;866;3.191
869;873;2.988
870;866;2.983
870;867;3.108
870;873;3.405
870;874;2.96
871;867;3.014
871;868;3.424
871;874;3.046
871;875;3.281
872;868;2.945
872;957;3.941
873;869;2.988
873;870;3.405
873;877;3.433
873;1297;3.836
874;870;2.96
874;871;3.046
874;877;3.055
874;878;3.025
874;881;3.599
874;885;3.715
874;889;3.842
875;871;3.281
875;882;2.719
875;950;2.698
876;879;3.368
876;882;2.653
876;1300;3.35
876;1354;3.086
877;873;3.433
877;874;3.055
877;1320;3.791
878;874;3.025
878;881;2.953
878;882;3.03
879;876;3.368
879;882;3.252
879;883;3.017
880;883;2.623
881;874;3.599
881;878;2.953
881;884;3.291
881;885;2.963
882;875;2.719
882;876;2.653
882;878;3.03
882;879;3.252
882;886;3.026
882;1353;3.856
883;879;3.017
883;880;2.623
883;1355;3.687
884;881;3.291
885;874;3.715
885;881;2.963
885;888;3.113
885;889;3.033
886;882;3.026
886;890;2.72
887;891;3.022
888;885;3.113
888;891;3.344
888;892;2.984
889;874;3.842
889;885;3.033
889;892;3.01
889;893;3.273
890;886;2.72
890;893;3.005
890;894;3.026
890;950;2.826
890;953;3.758
891;887;3.022
891;888;3.344
891;894;2.907
891;895;2.954
892;888;2.984
892;889;3.01
892;895;3.496
892;896;2.92
893;889;3.273
893;890;3.005
893;897;3.014
893;956;3.843
894;890;3.026
894;891;2.907
894;897;3.376
894;898;3.042
895;891;2.954
895;892;3.496
895;899;2.978
896;865;3.929
896;892;2.92
896;899;3.27
896;900;2.944
896;959;3.587
897;893;3.014
897;894;3.376
897;901;2.987
897;956;4.027
898;894;3.042
898;902;3.023
899;895;2.978
899;896;3.27
899;902;4.024
899;903;2.933
900;861;3.821
900;864;3.957
900;865;3.409
900;896;2.944
900;904;3.005
900;962;3.625
901;897;2.987
901;904;3.234
901;905;2.961
901;929;3.893
901;933;3.621
902;898;3.023
902;899;4.024
902;905;3.445
902;906;2.946
903;852;3.98
903;861;3.787
903;899;2.933
903;906;3.403
903;907;2.65
903;962;3.541
904;900;3.005
904;901;3.234
904;908;2.984
904;916;2.871
904;926;3.813
904;929;4.128
904;930;3.965
905;901;2.961
905;902;3.445
905;908;3.273
905;909;2.992
906;852;3.413
906;902;2.946
906;903;3.403
906;910;2.965
907;852;3.83
907;903;2.65
907;910;3.467
907;911;3.054
907;916;3.797
907;925;2.682
908;904;2.984
908;905;3.273
908;911;3.01
908;912;2.909
908;916;3.59
908;917;3.521
909;850;2.881
909;905;2.992
910;850;2.774
910;906;2.965
910;907;3.467
911;907;3.054
911;908;3.01
911;915;2.864
911;919;3.872
912;908;2.909
912;915;2.944
912;916;2.956
913;916;3.485
913;917;3.048
914;837;2.747
914;917;3.052
914;918;2.887
915;911;2.864
915;912;2.944
916;904;2.871
916;907;3.797
916;908;3.59
916;912;2.956
916;913;3.485
916;919;3.051
917;908;3.521
917;913;3.048
917;914;3.052
917;923;3.554
917;926;5.703
918;914;2.887
919;911;3.872
919;916;3.051
919;922;3.118
919;923;2.913
920;923;3.483
920;924;2.97
921;924;3.382
921;925;2.991
921;965;3.156
921;971;4.018
921;974;3.933
922;919;3.118
922;925;3.239
922;926;2.978
923;917;3.554
923;919;2.913
923;920;3.483
923;926;5.815
923;927;2.959
924;920;2.97
924;921;3.382
924;927;3.271
925;907;2.682
925;921;2.991
925;922;3.239
925;962;2.958
925;965;2.617
926;904;3.813
926;917;5.703
926;922;2.978
926;923;5.815
926;929;3.031
926;930;2.969
927;923;2.959
927;924;3.271
927;931;3.016
928;958;3.999
928;962;3.637
929;901;3.893
929;904;4.128
929;926;3.031
929;932;3.039
929;933;3.086
930;904;3.965
930;926;2.969
930;933;2.977
930;934;2.911
931;927;3.016
931;935;2.974
931;955;3.696
932;929;3.039
932;935;3.914
932;936;3.057
932;956;2.873
933;901;3.621
933;929;3.086
933;930;2.977
933;936;3.37
933;937;2.983
934;930;2.911
934;937;3.199
934;938;2.993
935;931;2.974
935;932;3.914
935;938;3.35
935;939;2.971
936;932;3.057
936;933;3.37
936;939;3.318
936;940;2.994
936;949;3.78
937;933;2.983
937;934;3.199
937;940;3.234
937;941;2.931
938;934;2.993
938;935;3.35
938;941;3.172
938;942;2.96
939;935;2.971
939;936;3.318
939;944;3.04
939;948;3.276
939;949;3.32
939;952;3.642
940;936;2.994
940;937;3.234
940;943;3.0
941;937;2.931
941;938;3.172
942;938;2.96
943;940;3.0
944;939;3.04
945;948;3.811
946;949;3.442
946;950;3.014
947;950;2.754
947;951;3.254
948;939;3.276
948;945;3.811
948;952;2.961
949;936;3.78
949;939;3.32
949;946;3.442
949;953;2.929
950;875;2.698
950;890;2.826
950;946;3.014
950;947;2.754
950;1352;3.847
950;1353;4.001
951;947;3.254
951;954;3.05
951;1349;3.012
951;1350;3.681
951;1351;3.144
952;939;3.642
952;948;2.961
953;890;3.758
953;949;2.929
