source;destination;distance
0;3;2.777
1;47;3.591
2;7;3.581
2;48;3.675
3;0;2.777
4;7;3.242
4;8;2.97
5;9;2.973
6;10;2.973
7;2;3.581
7;4;3.242
7;10;3.113
7;11;2.966
7;43;3.932
7;47;3.779
8;4;2.97
8;11;3.471
8;12;2.978
9;5;2.973
9;13;2.929
10;6;2.973
10;7;3.113
10;14;2.947
11;7;2.966
11;8;3.471
11;14;3.4
11;15;3.013
11;44;3.614
12;8;2.978
12;16;2.977
13;9;2.929
13;16;3.357
13;17;2.939
14;10;2.947
14;11;3.4
14;18;3.016
14;37;3.844
14;40;4.028
15;11;3.013
15;19;2.976
15;37;3.735
15;99;3.973
15;100;3.602
16;12;2.977
16;13;3.357
16;19;3.125
16;20;3.084
17;13;2.939
17;20;3.291
17;21;2.981
18;14;3.016
18;22;2.956
18;37;3.166
18;96;3.571
19;15;2.976
19;16;3.125
19;22;3.171
19;97;3.492
19;586;3.489
20;16;3.084
20;17;3.291
21;17;2.981
21;24;2.986
21;30;3.604
21;33;3.41
22;18;2.956
22;19;3.171
22;93;4.015
22;96;4.036
23;586;3.72
24;21;2.986
24;27;4.013
25;593;3.251
25;620;3.673
25;621;3.259
26;30;3.831
27;24;4.013
27;30;2.847
28;31;2.725
28;32;3.026
29;32;3.288
29;33;2.974
30;21;3.604
30;26;3.831
30;27;2.847
30;33;3.397
30;34;2.995
31;28;2.725
31;34;3.494
31;35;3.009
32;28;3.026
32;29;3.288
32;36;2.992
33;21;3.41
33;29;2.974
33;30;3.397
33;36;3.221
33;37;2.942
34;30;2.995
34;31;3.494
34;37;3.382
34;38;2.943
34;93;2.819
34;96;3.236
35;31;3.009
35;38;3.295
35;39;2.952
35;81;3.811
36;32;2.992
36;33;3.221
36;39;3.389
36;40;3.003
37;14;3.844
37;15;3.735
37;18;3.166
37;33;2.942
37;34;3.382
37;40;2.996
37;41;2.861
37;96;3.47
38;34;2.943
38;35;3.295
38;42;2.978
38;80;2.751
39;35;2.952
39;36;3.389
39;42;3.169
39;43;2.986
40;14;4.028
40;36;3.003
40;37;2.996
40;43;3.466
40;44;2.914
41;37;2.861
41;45;2.951
41;73;3.466
41;99;3.473
42;38;2.978
42;39;3.169
42;45;3.318
42;46;2.979
43;7;3.932
43;39;2.986
43;40;3.466
43;46;3.423
43;47;3.059
44;11;3.614
44;40;2.914
44;47;3.241
44;48;2.813
44;99;2.671
45;41;2.951
45;42;3.318
45;49;2.991
45;56;3.964
45;73;3.916
46;42;2.979
46;43;3.423
46;50;3.071
46;51;3.946
47;1;3.591
47;7;3.779
47;43;3.059
47;44;3.241
48;2;3.675
48;44;2.813
48;66;3.208
48;69;2.67
49;45;2.991
49;56;3.978
49;59;3.826
49;66;3.666
50;46;3.071
50;55;3.576
51;46;3.946
52;55;3.048
52;58;3.455
53;56;2.977
54;57;3.003
55;50;3.576
55;52;3.048
55;58;2.986
56;45;3.964
56;49;3.978
56;53;2.977
56;59;3.042
56;70;3.959
57;54;3.003
57;60;3.023
58;52;3.455
58;55;2.986
58;61;3.029
59;49;3.826
59;56;3.042
59;62;2.979
59;63;3.773
59;66;3.499
59;67;4.001
59;70;3.751
60;57;3.023
61;58;3.029
62;59;2.979
63;59;3.773
63;66;3.457
63;67;2.92
64;67;3.455
64;68;3.033
65;68;3.026
65;69;3.049
65;102;3.432
65;108;3.227
65;111;3.771
66;48;3.208
66;49;3.666
66;59;3.499
66;63;3.457
66;69;3.832
66;70;2.972
67;59;4.001
67;63;2.92
67;64;3.455
67;70;3.417
67;71;2.947
68;64;3.033
68;65;3.026
68;72;3.001
68;101;3.975
69;48;2.67
69;65;3.049
69;66;3.832
69;72;3.347
69;73;2.916
69;99;3.154
69;102;2.747
70;56;3.959
70;59;3.751
70;66;2.972
70;67;3.417
70;73;3.15
70;74;2.965
71;67;2.947
71;74;3.468
71;75;2.997
72;68;3.001
72;69;3.347
72;76;2.917
72;92;4.008
72;95;3.61
73;41;3.466
73;45;3.916
73;69;2.916
73;70;3.15
73;76;3.431
73;77;2.897
74;70;2.965
74;71;3.468
74;77;3.38
74;78;3.02
75;71;2.997
75;78;4.029
75;79;3.014
75;92;3.25
76;72;2.917
76;73;3.431
76;79;2.998
76;80;2.866
77;73;2.897
77;74;3.38
77;81;2.979
78;74;3.02
78;75;4.029
78;82;3.002
79;75;3.014
79;76;2.998
79;83;3.973
79;89;2.738
80;38;2.751
80;76;2.866
80;96;3.583
81;35;3.811
81;77;2.979
82;78;3.002
82;84;2.985
83;79;3.973
83;90;2.896
83;93;3.57
84;82;2.985
85;89;3.645
86;89;3.185
87;90;2.866
87;91;3.175
87;595;3.915
88;91;3.096
89;79;2.738
89;85;3.645
89;86;3.185
89;92;3.007
90;83;2.896
90;87;2.866
91;87;3.175
91;88;3.096
91;94;3.026
91;594;3.423
91;595;3.823
92;72;4.008
92;75;3.25
92;89;3.007
92;95;2.839
93;22;4.015
93;34;2.819
93;83;3.57
93;96;2.929
94;91;3.026
94;97;2.862
94;98;3.494
94;587;3.943
94;590;3.642
94;591;3.681
95;72;3.61
95;92;2.839
95;98;3.841
95;99;3.009
96;18;3.571
96;22;4.036
96;34;3.236
96;37;3.47
96;80;3.583
96;93;2.929
96;99;3.186
97;19;3.492
97;94;2.862
97;100;3.01
98;94;3.494
98;95;3.841
98;101;2.912
98;587;3.949
99;15;3.973
99;41;3.473
99;44;2.671
99;69;3.154
99;95;3.009
99;96;3.186
99;102;2.934
100;15;3.602
100;97;3.01
100;103;2.995
100;104;3.005
100;107;3.604
100;583;3.544
101;68;3.975
101;98;2.912
101;111;3.886
102;65;3.432
102;69;2.747
102;99;2.934
102;108;2.813
103;100;2.995
104;100;3.005
104;107;3.091
104;108;2.984
105;108;3.373
105;109;2.95
106;110;3.134
106;576;3.442
107;100;3.604
107;104;3.091
107;110;3.416
107;111;3.003
107;580;3.687
108;65;3.227
108;102;2.813
108;104;2.984
108;105;3.373
108;111;3.463
108;112;2.972
109;105;2.95
109;112;3.221
109;113;3.035
110;106;3.134
110;107;3.416
110;113;3.087
110;114;3.0
110;576;3.335
110;577;3.996
111;65;3.771
111;101;3.886
111;107;3.003
111;108;3.463
111;114;3.242
111;115;3.048
112;108;2.972
112;109;3.221
112;115;3.456
112;116;3.008
113;109;3.035
113;110;3.087
113;116;3.214
113;117;3.053
114;110;3.0
114;111;3.242
114;117;3.009
114;118;3.225
114;665;3.802
115;111;3.048
115;112;3.456
115;118;2.986
116;112;3.008
116;113;3.214
116;119;2.774
116;254;3.984
117;113;3.053
117;114;3.009
117;120;3.065
117;121;3.02
117;254;3.973
118;114;3.225
118;115;2.986
118;122;3.0
119;116;2.774
119;258;2.729
120;117;3.065
120;123;3.334
120;254;3.441
120;257;2.64
120;258;2.864
121;117;3.02
121;125;2.937
121;251;3.974
122;118;3.0
122;126;2.991
123;120;3.334
123;126;3.133
123;127;3.087
123;1254;3.443
123;1255;2.895
124;127;3.428
124;128;3.157
124;243;3.522
124;1258;3.974
125;121;2.937
125;128;3.397
125;129;2.923
126;122;2.991
126;123;3.133
126;129;3.339
126;130;2.979
127;123;3.087
127;124;3.428
127;130;3.494
127;131;2.96
127;1249;4.026
127;1255;3.968
127;1258;3.82
128;124;3.157
128;125;3.397
128;131;3.321
128;132;2.893
128;243;3.343
129;125;2.923
129;126;3.339
129;132;3.475
129;133;3.013
130;126;2.979
130;127;3.494
130;133;3.416
130;134;2.932
130;1156;4.157
130;1245;3.659
130;1248;3.371
130;1249;3.803
131;127;2.96
131;128;3.321
131;134;3.49
131;135;2.872
132;128;2.893
132;129;3.475
132;136;2.966
132;203;3.734
132;206;4.007
133;129;3.013
133;130;3.416
133;136;3.192
133;137;3.003
134;130;2.932
134;131;3.49
134;137;3.287
134;138;2.977
134;1156;3.739
134;1245;3.752
135;131;2.872
135;139;2.946
135;206;3.583
135;232;3.67
135;236;3.732
135;239;3.631
136;132;2.966
136;133;3.192
136;140;2.923
136;199;3.81
136;203;3.922
137;133;3.003
137;134;3.287
137;140;3.187
137;141;3.123
137;199;3.821
137;1242;3.871
138;134;2.977
138;141;3.133
138;142;3.45
138;232;3.546
138;1239;3.674
138;1242;3.883
139;135;2.946
139;142;3.461
139;143;2.951
139;196;3.524
140;136;2.923
140;137;3.187
140;144;3.723
140;197;3.94
140;198;3.509
140;199;3.902
141;137;3.123
141;138;3.133
141;1239;3.599
141;1242;3.355
142;138;3.45
142;139;3.461
142;1235;3.679
142;1239;3.498
143;139;2.951
143;219;3.087
143;229;3.387
143;232;3.564
143;233;3.81
144;140;3.723
144;197;3.827
145;150;2.748
145;192;2.945
146;186;2.933
146;190;3.683
146;192;3.065
147;150;2.948
147;151;3.787
147;190;2.824
148;190;2.894
148;193;3.66
148;197;2.645
149;153;2.886
149;155;3.275
150;145;2.748
150;147;2.948
150;154;3.111
150;187;2.732
151;147;3.787
151;183;3.77
151;187;3.917
152;183;3.739
153;149;2.886
153;181;2.787
154;150;3.111
155;149;3.275
156;159;3.727
157;159;3.14
158;161;4.017
158;180;3.937
159;156;3.727
159;157;3.14
160;171;3.353
160;179;2.877
161;158;4.017
162;170;3.065
162;171;3.931
163;165;3.92
164;166;3.8
164;169;3.474
165;163;3.92
165;170;3.691
166;164;3.8
167;176;3.019
168;173;2.934
169;164;3.474
170;162;3.065
170;165;3.691
170;172;2.874
170;180;2.74
171;160;3.353
171;162;3.931
172;170;2.874
172;176;3.658
172;178;2.794
173;168;2.934
173;174;3.039
174;173;3.039
175;177;3.065
176;167;3.019
176;172;3.658
177;175;3.065
178;172;2.794
179;160;2.877
180;158;3.937
180;170;2.74
181;153;2.787
182;1008;4.11
182;1010;3.649
183;151;3.77
183;152;3.739
184;187;3.408
185;187;4.036
186;146;2.933
187;150;2.732
187;151;3.917
187;184;3.408
187;185;4.036
188;191;3.12
189;1007;2.673
189;1009;3.521
190;146;3.683
190;147;2.824
190;148;2.894
190;193;3.04
191;188;3.12
191;222;3.588
191;223;3.925
192;145;2.945
192;146;3.065
193;148;3.66
193;190;3.04
193;196;3.004
193;197;3.031
193;201;3.532
194;201;3.145
195;201;3.437
195;219;3.439
196;139;3.524
196;193;3.004
196;202;3.345
196;205;3.583
196;219;3.161
196;233;6.104
197;140;3.94
197;144;3.827
197;148;2.645
197;193;3.031
198;140;3.509
198;201;2.803
198;202;2.971
199;136;3.81
199;137;3.821
199;140;3.902
199;203;2.959
200;204;2.997
201;193;3.532
201;194;3.145
201;195;3.437
201;198;2.803
201;204;3.305
201;205;2.959
202;196;3.345
202;198;2.971
202;205;3.235
202;206;2.949
203;132;3.734
203;136;3.922
203;199;2.959
203;207;2.935
204;200;2.997
204;201;3.305
204;207;3.078
204;208;2.962
204;653;3.824
205;196;3.583
205;201;2.959
205;202;3.235
205;208;3.319
205;209;2.942
206;132;4.007
206;135;3.583
206;202;2.949
206;209;3.467
206;210;2.957
207;203;2.935
207;204;3.078
207;210;3.245
207;211;2.937
207;657;3.443
207;660;4.045
207;661;3.827
208;204;2.962
208;205;3.319
208;212;2.974
208;213;2.815
208;214;3.875
208;636;3.612
209;205;2.942
209;206;3.467
209;212;3.084
209;215;3.653
209;233;3.868
209;236;3.746
209;237;3.71
210;206;2.957
210;207;3.245
211;207;2.937
211;635;3.485
211;660;3.641
212;208;2.974
212;209;3.084
212;1320;3.145
212;1322;2.995
213;208;2.815
213;635;3.762
213;636;3.426
214;208;3.875
214;217;3.296
214;218;3.002
214;636;5.692
214;1317;3.724
214;1327;3.963
215;209;3.653
215;219;3.055
215;220;3.164
215;234;3.938
215;237;3.303
215;1313;3.766
215;1316;3.601
215;1317;3.332
216;220;3.142
216;221;2.974
216;1313;3.685
216;1317;3.616
216;1352;3.408
216;1353;2.793
216;1354;3.153
217;214;3.296
217;1327;3.452
217;1354;3.146
218;214;3.002
218;221;3.051
219;143;3.087
219;195;3.439
219;196;3.161
219;215;3.055
219;223;4.034
219;229;2.855
220;215;3.164
220;216;3.142
220;223;2.952
220;230;3.391
220;1313;3.159
220;1352;3.471
221;216;2.974
221;218;3.051
221;1303;3.72
221;1352;3.368
222;191;3.588
223;191;3.925
223;219;4.034
223;220;2.952
223;225;2.937
223;226;3.114
223;229;3.585
224;226;3.071
224;1310;3.673
224;1347;3.498
224;1348;2.832
224;1351;3.484
225;223;2.937
225;229;3.019
226;223;3.114
226;224;3.071
226;229;2.972
226;230;2.944
226;1349;3.779
226;1350;3.49
227;230;3.679
227;231;2.923
227;1347;2.819
227;1349;2.78
228;1232;3.735
228;1235;3.785
228;1236;3.271
228;1349;2.945
229;143;3.387
229;219;2.855
229;223;3.585
229;225;3.019
229;226;2.972
229;232;3.032
229;233;3.34
230;220;3.391
230;226;2.944
230;227;3.679
230;233;3.389
230;234;2.944
230;1313;3.46
230;1350;3.948
230;1351;3.901
231;227;2.923
231;235;2.974
232;135;3.67
232;138;3.546
232;143;3.564
232;229;3.032
232;235;3.115
232;236;2.963
233;143;3.81
233;196;6.104
233;209;3.868
233;229;3.34
233;230;3.389
233;236;3.134
233;237;2.957
234;215;3.938
234;230;2.944
234;237;3.16
234;238;2.968
234;1316;3.99
235;231;2.974
235;232;3.115
235;239;2.94
236;135;3.732
236;209;3.746
236;232;2.963
236;233;3.134
236;240;2.899
237;209;3.71
237;215;3.303
237;233;2.957
237;234;3.16
237;240;3.495
237;241;2.945
237;1316;3.4
238;234;2.968
238;242;2.962
238;1316;3.389
239;135;3.631
239;235;2.94
239;243;2.903
240;236;2.899
240;237;3.495
240;244;2.928
241;237;2.945
241;244;3.43
241;245;2.968
242;238;2.962
242;245;3.412
242;246;2.939
242;1262;3.656
242;1269;3.437
243;124;3.522
243;128;3.343
243;239;2.903
243;246;3.191
243;247;2.885
244;240;2.928
244;241;3.43
244;247;3.349
244;248;2.954
245;241;2.968
245;242;3.412
245;248;3.812
245;249;2.992
245;1380;3.748
246;242;2.939
246;243;3.191
246;249;3.598
246;250;2.924
246;1258;3.2
246;1261;3.754
247;243;2.885
247;244;3.349
247;250;3.108
247;251;2.944
247;668;3.599
248;244;2.954
248;245;3.812
248;252;3.079
248;668;3.709
248;671;3.676
248;1377;3.517
249;245;2.992
249;246;3.598
249;253;2.918
249;1380;3.966
249;1381;3.924
249;1384;3.493
250;246;2.924
250;247;3.108
250;254;2.928
251;121;3.974
251;247;2.944
251;254;3.379
251;255;3.09
251;672;3.82
252;248;3.079
252;255;3.158
252;256;3.077
252;671;3.677
252;672;4.003
252;675;3.418
252;1381;3.472
253;249;2.918
253;257;2.883
253;1385;3.814
254;116;3.984
254;117;3.973
254;120;3.441
254;250;2.928
254;251;3.379
254;258;2.971
255;251;3.09
255;252;3.158
255;259;3.086
255;672;3.659
256;252;3.077
256;259;3.063
256;260;2.906
256;676;3.971
256;679;3.737
256;1099;6.429
256;1385;6.367
257;120;2.64
257;253;2.883
257;260;2.999
257;261;3.597
258;119;2.729
258;120;2.864
258;254;2.971
258;267;2.901
259;255;3.086
259;256;3.063
259;266;4.003
259;267;3.167
259;268;2.975
260;256;2.906
260;257;2.999
260;266;3.577
260;268;3.831
260;270;3.106
261;257;3.597
261;265;2.836
261;266;2.852
262;270;3.63
263;270;3.565
263;271;3.902
263;273;3.952
263;690;3.677
264;266;3.889
265;261;2.836
266;259;4.003
266;260;3.577
266;261;2.852
266;264;3.889
267;258;2.901
267;259;3.167
268;259;2.975
268;260;3.831
269;272;3.116
270;260;3.106
270;262;3.63
270;263;3.565
270;273;2.993
271;263;3.902
272;269;3.116
272;275;2.991
273;263;3.952
273;270;2.993
273;685;3.497
273;689;3.921
273;691;3.6
274;277;2.917
274;692;3.915
275;272;2.991
276;280;3.904
277;274;2.917
277;280;3.031
277;294;3.833
278;281;3.026
278;288;2.835
278;289;2.789
278;290;2.951
278;694;3.413
279;282;2.982
279;283;3.019
279;693;2.72
280;276;3.904
280;277;3.031
280;283;3.049
281;278;3.026
281;292;3.343
282;279;2.982
282;290;2.95
283;279;3.019
283;280;3.049
283;692;2.932
284;287;3.324
285;708;3.89
286;717;2.775
287;284;3.324
287;717;3.171
288;278;2.835
288;692;3.825
288;694;3.532
288;695;2.975
289;278;2.789
290;278;2.951
290;282;2.95
291;306;2.709
292;281;3.343
293;295;3.779
294;277;3.833
295;293;3.779
296;682;2.818
296;1100;3.766
297;1101;3.898
298;305;3.448
298;306;3.986
299;305;3.854
300;303;2.635
301;970;3.678
302;966;3.477
303;300;2.635
304;309;3.919
305;298;3.448
305;299;3.854
305;307;3.121
306;291;2.709
306;298;3.986
307;305;3.121
307;313;2.875
308;310;3.012
309;304;3.919
310;308;3.012
310;313;3.58
310;319;3.973
310;320;3.741
311;319;3.091
311;320;2.911
311;321;3.758
312;314;3.077
313;307;2.875
313;310;3.58
314;312;3.077
315;319;2.801
315;321;2.774
315;322;2.937
315;324;2.704
316;319;2.977
317;325;3.543
318;321;2.943
318;323;2.758
318;325;2.715
319;310;3.973
319;311;3.091
319;315;2.801
319;316;2.977
320;310;3.741
320;311;2.911
321;311;3.758
321;315;2.774
321;318;2.943
322;315;2.937
323;318;2.758
324;315;2.704
324;327;3.002
325;317;3.543
325;318;2.715
326;328;2.775
327;324;3.002
328;326;2.775
329;432;3.838
329;433;2.914
329;434;2.761
330;427;3.17
331;427;2.962
332;427;2.746
333;427;2.635
334;337;4.008
335;341;2.841
336;339;2.968
336;340;3.67
336;341;3.159
337;334;4.008
338;342;3.434
339;336;2.968
340;336;3.67
341;335;2.841
341;336;3.159
341;345;3.688
341;346;3.7
342;338;3.434
343;345;3.075
344;423;3.866
345;341;3.688
345;343;3.075
345;424;2.657
345;425;3.447
345;426;3.492
345;428;2.607
346;341;3.7
347;352;3.436
347;353;2.869
348;351;3.057
348;353;3.033
349;353;4.038
349;354;2.946
350;363;3.825
351;348;3.057
352;347;3.436
353;347;2.869
353;348;3.033
353;349;4.038
354;349;2.946
354;356;2.933
355;359;3.792
356;354;2.933
356;359;3.003
356;363;4.025
357;360;3.005
358;361;3.004
358;362;3.008
358;363;4.012
358;365;3.659
359;355;3.792
359;356;3.003
360;357;3.005
361;358;3.004
362;358;3.008
362;364;3.453
363;350;3.825
363;356;4.025
363;358;4.012
364;362;3.453
365;358;3.659
366;368;3.354
367;370;2.756
367;373;3.601
367;385;3.799
368;366;3.354
369;386;3.041
370;367;2.756
370;386;3.965
371;387;2.93
371;392;3.272
372;375;2.958
373;367;3.601
374;376;3.025
374;377;3.174
374;378;3.38
374;379;2.792
375;372;2.958
376;374;3.025
377;374;3.174
378;374;3.38
379;374;2.792
379;381;2.734
379;382;3.125
380;383;3.098
381;379;2.734
382;379;3.125
383;380;3.098
384;388;3.651
384;389;3.468
385;367;3.799
385;388;2.932
386;369;3.041
386;370;3.965
387;371;2.93
387;390;2.963
387;391;3.046
388;384;3.651
388;385;2.932
389;384;3.468
390;387;2.963
391;387;3.046
392;371;3.272
393;394;2.775
394;393;2.775
395;396;2.82
395;402;3.662
396;395;2.82
396;401;2.984
397;400;2.8
397;401;3.821
398;401;3.777
399;401;2.976
400;397;2.8
401;396;2.984
401;397;3.821
401;398;3.777
401;399;2.976
402;395;3.662
402;403;3.062
403;402;3.062
404;406;3.087
405;407;2.942
406;404;3.087
407;405;2.942
407;408;3.054
408;407;3.054
409;430;2.85
410;411;3.401
411;410;3.401
412;414;3.075
413;415;3.025
413;417;3.977
414;412;3.075
415;413;3.025
416;418;3.616
416;422;3.376
417;413;3.977
417;418;2.96
418;416;3.616
418;417;2.96
418;421;2.993
418;422;3.076
419;422;2.917
420;423;3.706
421;418;2.993
422;416;3.376
422;418;3.076
422;419;2.917
423;344;3.866
423;420;3.706
424;345;2.657
424;428;3.959
425;345;3.447
426;345;3.492
427;330;3.17
427;331;2.962
427;332;2.746
427;333;2.635
428;345;2.607
428;424;3.959
429;432;3.374
430;409;2.85
430;432;3.034
431;439;2.813
432;329;3.838
432;429;3.374
432;430;3.034
433;329;2.914
433;438;3.85
433;439;3.205
434;329;2.761
435;438;3.098
436;439;2.93
436;440;3.101
437;441;2.884
438;433;3.85
438;435;3.098
439;431;2.813
439;433;3.205
439;436;2.93
440;436;3.101
441;437;2.884
442;443;3.584
443;442;3.584
444;446;2.723
445;447;3.127
446;444;2.723
447;445;3.127
447;449;2.972
447;451;3.395
447;452;3.791
447;454;3.035
447;455;2.764
448;450;3.455
448;451;3.883
448;508;2.782
449;447;2.972
450;448;3.455
450;504;3.71
450;507;3.545
450;508;3.924
451;447;3.395
451;448;3.883
451;454;2.985
451;455;3.109
452;447;3.791
452;455;2.985
453;504;3.622
454;447;3.035
454;451;2.985
454;509;3.995
455;447;2.764
455;451;3.109
455;452;2.985
455;458;2.99
455;459;3.158
456;460;2.954
457;461;2.959
458;455;2.99
458;461;3.211
458;462;3.012
459;455;3.158
459;462;3.42
459;463;2.931
459;556;2.675
459;557;4.031
460;456;2.954
460;463;3.193
460;464;2.978
461;457;2.959
461;458;3.211
461;465;3.051
462;458;3.012
462;459;3.42
462;465;3.309
462;466;2.979
462;497;4.022
462;501;3.826
462;553;3.911
463;459;2.931
463;460;3.193
463;466;3.0
463;467;3.084
463;557;2.726
463;558;3.603
464;460;2.978
464;467;3.461
464;468;3.006
465;461;3.051
465;462;3.309
465;469;2.983
465;494;3.666
466;462;2.979
466;463;3.0
466;469;3.081
466;470;3.064
466;498;3.307
466;551;3.859
466;553;3.869
466;554;3.833
467;463;3.084
467;464;3.461
467;470;3.134
467;471;3.428
467;554;3.803
468;464;3.006
468;471;3.292
468;472;3.012
469;465;2.983
469;466;3.081
469;472;3.287
469;473;2.993
469;494;3.213
469;550;3.1
470;466;3.064
470;467;3.134
470;474;3.046
470;551;3.636
470;984;3.91
471;467;3.428
471;468;3.292
471;474;3.313
471;475;2.992
472;468;3.012
472;469;3.287
472;475;3.005
472;476;2.95
472;487;3.511
473;469;2.993
473;476;3.043
473;548;4.004
473;550;3.788
473;551;3.659
473;988;3.995
474;470;3.046
474;471;3.313
475;471;2.992
475;472;3.005
475;479;3.711
476;472;2.95
476;473;3.043
476;480;2.955
476;487;3.975
476;491;3.415
477;480;2.969
477;1031;3.195
477;1032;3.008
478;481;2.945
478;482;3.005
479;475;3.711
479;483;3.026
480;476;2.955
480;477;2.969
480;484;2.807
481;478;2.945
481;484;2.764
482;478;3.005
483;479;3.026
483;486;3.031
483;487;2.924
484;480;2.807
484;481;2.764
484;488;2.969
485;488;3.32
485;489;3.033
486;483;3.031
486;489;3.926
486;490;2.964
487;472;3.511
487;476;3.975
487;483;2.924
487;490;3.298
487;491;2.917
488;484;2.969
488;485;3.32
488;491;3.345
488;492;3.035
489;485;3.033
489;486;3.926
489;493;2.961
490;486;2.964
490;487;3.298
490;494;2.965
491;476;3.415
491;487;2.917
491;488;3.345
491;494;3.39
491;495;3.088
491;550;3.257
492;488;3.035
492;495;3.359
492;496;3.011
492;534;3.778
492;535;3.381
493;489;2.961
493;496;3.021
493;497;3.085
494;465;3.666
494;469;3.213
494;490;2.965
494;491;3.39
494;497;3.054
494;498;3.369
495;491;3.088
495;492;3.359
495;498;2.943
495;530;2.834
495;531;3.756
495;534;3.788
496;492;3.011
496;493;3.021
496;499;2.869
497;462;4.022
497;493;3.085
497;494;3.054
497;500;3.059
497;501;3.245
498;466;3.307
498;494;3.369
498;495;2.943
498;502;2.986
498;527;3.671
498;531;3.914
498;553;3.425
499;496;2.869
499;502;3.409
499;503;3.029
499;531;3.494
500;497;3.059
500;504;3.058
501;462;3.826
501;497;3.245
501;504;3.443
501;505;2.951
501;553;2.743
501;556;2.721
502;498;2.986
502;499;3.409
502;506;2.985
502;527;3.681
503;499;3.029
503;506;3.222
503;507;3.092
504;450;3.71
504;453;3.622
504;500;3.058
504;501;3.443
504;508;2.982
505;501;2.951
505;508;3.009
505;509;3.032
505;513;2.67
505;514;3.63
505;520;2.774
506;502;2.985
506;503;3.222
506;514;3.723
506;515;3.91
507;450;3.545
507;503;3.092
508;448;2.782
508;450;3.924
508;504;2.982
508;505;3.009
509;454;3.995
509;505;3.032
509;513;3.726
510;513;2.907
510;514;2.92
511;515;2.975
512;516;3.073
513;505;2.67
513;509;3.726
513;510;2.907
513;516;3.069
513;517;2.927
514;505;3.63
514;506;3.723
514;510;2.92
514;520;3.195
514;524;2.943
515;506;3.91
515;511;2.975
516;512;3.073
516;513;3.069
517;513;2.927
517;520;2.961
517;521;3.035
518;521;3.971
518;522;3.012
519;522;3.995
519;523;2.998
519;561;2.953
519;564;3.832
520;505;2.774
520;514;3.195
520;517;2.961
520;523;3.444
520;524;2.96
521;517;3.035
521;518;3.971
521;524;3.396
521;525;2.984
522;518;3.012
522;519;3.995
522;525;3.423
522;526;3.024
522;552;3.928
523;519;2.998
523;520;3.444
523;526;3.233
523;527;2.907
523;553;2.643
523;556;3.852
524;514;2.943
524;520;2.96
524;521;3.396
524;528;3.004
525;521;2.984
525;522;3.423
525;528;3.187
525;529;3.086
526;522;3.024
526;523;3.233
526;530;3.013
527;498;3.671
527;502;3.681
527;523;2.907
527;531;2.937
527;553;3.751
528;524;3.004
528;525;3.187
528;532;2.993
529;525;3.086
529;533;3.197
529;546;3.562
530;495;2.834
530;526;3.013
530;534;3.407
530;550;3.065
531;495;3.756
531;498;3.914
531;499;3.494
531;527;2.937
531;534;3.147
531;535;2.909
532;528;2.993
532;535;3.296
532;536;3.038
533;529;3.197
533;537;3.001
533;538;3.07
533;547;3.774
534;492;3.778
534;495;3.788
534;530;3.407
534;531;3.147
534;538;3.743
534;547;3.951
535;492;3.381
535;531;2.909
535;532;3.296
536;532;3.038
537;533;3.001
537;539;2.95
538;533;3.07
538;534;3.743
538;544;2.828
539;537;2.95
539;544;3.272
540;543;2.789
541;544;3.219
541;545;2.933
542;545;3.291
542;546;2.958
542;1071;3.904
543;540;2.789
543;546;3.075
543;547;3.081
544;538;2.828
544;539;3.272
544;541;3.219
544;547;2.931
545;541;2.933
545;542;3.291
545;548;2.978
545;992;3.141
546;529;3.562
546;542;2.958
546;543;3.075
546;549;2.974
547;533;3.774
547;534;3.951
547;543;3.081
547;544;2.931
547;550;3.02
548;473;4.004
548;545;2.978
548;551;3.182
548;988;3.693
548;989;3.907
549;546;2.974
549;552;2.896
549;985;3.884
550;469;3.1
550;473;3.788
550;491;3.257
550;530;3.065
550;547;3.02
550;553;2.961
551;466;3.859
551;470;3.636
551;473;3.659
551;548;3.182
551;554;2.919
551;981;3.797
551;985;3.528
552;522;3.928
552;549;2.896
552;555;2.783
552;982;3.391
552;985;3.481
553;462;3.911
553;466;3.869
553;498;3.425
553;501;2.743
553;523;2.643
553;527;3.751
553;550;2.961
553;556;2.969
554;466;3.833
554;467;3.803
554;551;2.919
554;557;2.974
554;558;2.951
554;560;3.879
554;981;3.562
555;552;2.783
555;560;4.028
556;459;2.675
556;501;2.721
556;523;3.852
556;553;2.969
557;459;4.031
557;463;2.726
557;554;2.974
558;463;3.603
558;554;2.951
558;560;3.9
558;561;3.02
559;562;3.082
559;563;2.926
559;974;3.154
560;554;3.879
560;555;4.028
560;558;3.9
560;563;3.178
560;564;3.01
560;978;3.469
561;519;2.953
561;558;3.02
561;564;3.818
561;565;3.06
562;559;3.082
562;565;3.325
562;566;2.965
563;559;2.926
563;560;3.178
563;566;3.314
563;567;2.942
563;975;4.021
563;978;3.607
564;519;3.832
564;560;3.01
564;561;3.818
564;568;3.041
565;561;3.06
565;562;3.325
565;569;2.759
566;562;2.965
566;563;3.314
566;569;3.17
566;570;2.927
566;1089;3.574
567;563;2.942
567;570;3.195
567;571;3.075
567;1085;3.591
568;564;3.041
568;571;3.035
569;565;2.759
569;566;3.17
569;572;2.958
570;566;2.927
570;567;3.195
570;573;3.077
570;574;3.084
570;674;3.782
570;1085;3.486
570;1089;3.447
571;567;3.075
571;568;3.035
571;575;2.98
571;1085;3.869
572;569;2.958
572;575;3.015
573;570;3.077
573;674;3.833
574;570;3.084
574;577;3.27
574;578;2.87
574;670;3.551
574;1085;3.831
575;571;2.98
575;572;3.015
575;579;3.049
576;106;3.442
576;110;3.335
576;579;3.212
576;580;3.288
577;110;3.996
577;574;3.27
577;580;3.051
577;581;3.02
577;669;3.506
577;670;3.802
578;574;2.87
578;582;2.925
579;575;3.049
579;576;3.212
579;582;3.315
579;583;3.054
580;107;3.687
580;576;3.288
580;577;3.051
580;583;3.46
580;584;3.032
581;577;3.02
581;584;3.462
581;585;2.96
581;632;3.956
582;578;2.925
582;579;3.315
582;586;2.978
583;100;3.544
583;579;3.054
583;580;3.46
583;586;3.282
583;587;2.999
584;580;3.032
584;581;3.462
584;587;3.288
584;588;2.944
584;662;3.699
585;581;2.96
585;588;3.48
585;589;2.925
585;625;3.482
585;628;3.818
586;19;3.489
586;23;3.72
586;582;2.978
586;583;3.282
586;589;3.273
586;590;3.0
586;621;3.466
587;94;3.943
587;98;3.949
587;583;2.999
587;584;3.288
587;590;3.254
587;591;2.992
588;584;2.944
588;585;3.48
588;592;2.958
588;628;3.78
588;658;4.04
588;659;3.56
588;662;3.892
589;585;2.925
589;586;3.273
589;592;3.229
589;593;2.988
589;621;3.825
589;624;3.982
589;625;4.004
590;94;3.642
590;586;3.0
590;587;3.254
590;594;3.323
591;94;3.681
591;587;2.992
591;594;3.323
591;595;3.02
592;588;2.958
592;589;3.229
592;596;3.0
592;597;2.813
592;618;3.828
593;25;3.251
593;589;2.988
593;597;3.041
593;598;3.158
593;620;3.952
594;91;3.423
594;590;3.323
594;591;3.323
595;87;3.915
595;91;3.823
595;591;3.02
595;598;2.805
596;592;3.0
596;599;3.018
596;600;3.562
596;614;3.514
596;618;4.034
596;652;3.371
596;655;4.024
597;592;2.813
597;593;3.041
597;614;3.767
598;593;3.158
598;595;2.805
599;596;3.018
599;611;4.085
599;614;2.964
600;596;3.562
600;612;3.077
600;614;2.977
600;640;3.8
600;641;3.369
600;648;2.796
600;652;3.576
601;610;2.633
601;611;3.359
601;641;3.69
601;642;2.915
602;605;3.018
602;606;2.841
602;607;2.804
602;608;2.752
603;641;4.11
603;642;2.758
603;644;3.63
604;607;3.777
605;602;3.018
605;610;3.936
606;602;2.841
607;602;2.804
607;604;3.777
607;1019;3.928
608;602;2.752
609;615;3.49
609;616;3.985
610;601;2.633
610;605;3.936
611;599;4.085
611;601;3.359
611;615;3.398
612;600;3.077
612;615;3.154
612;616;3.111
612;639;2.809
612;640;3.545
613;616;3.063
613;617;2.838
613;638;3.874
614;596;3.514
614;597;3.767
614;599;2.964
614;600;2.977
614;618;3.681
614;640;3.592
615;609;3.49
615;611;3.398
615;612;3.154
615;619;3.589
616;609;3.985
616;612;3.111
616;613;3.063
616;623;3.919
616;1055;3.811
616;1058;3.938
616;1065;3.622
617;613;2.838
617;623;3.222
617;626;3.97
617;627;3.768
617;630;3.975
617;1050;3.4
617;1054;3.797
618;592;3.828
618;596;4.034
618;614;3.681
618;623;3.754
618;627;3.651
618;640;4.052
619;615;3.589
619;1063;2.752
620;25;3.673
620;593;3.952
620;623;2.842
620;624;2.945
620;1066;2.866
621;25;3.259
621;586;3.466
621;589;3.825
621;624;3.462
621;625;2.942
622;625;3.192
622;626;2.996
622;1066;3.68
622;1069;3.853
622;1070;3.68
622;1073;3.97
623;616;3.919
623;617;3.222
623;618;3.754
623;620;2.842
623;626;3.298
623;627;2.985
623;1054;2.939
624;589;3.982
624;620;2.945
624;621;3.462
624;627;3.987
624;628;2.973
625;585;3.482
625;589;4.004
625;621;2.942
625;622;3.192
625;628;3.448
625;629;2.977
626;617;3.97
626;622;2.996
626;623;3.298
626;629;3.244
626;630;3.023
626;1054;3.932
626;1073;3.672
627;617;3.768
627;618;3.651
627;623;2.985
627;624;3.987
627;630;3.152
627;631;3.031
627;637;3.85
628;585;3.818
628;588;3.78
628;624;2.973
628;625;3.448
628;631;3.385
628;632;2.983
629;625;2.977
629;626;3.244
629;632;3.094
629;633;3.2
629;1046;3.934
629;1049;3.53
629;1073;3.707
629;1080;3.889
630;617;3.975
630;626;3.023
630;627;3.152
630;636;2.842
630;1050;3.554
631;627;3.031
631;628;3.385
631;634;3.037
631;637;3.736
631;656;3.509
631;659;3.611
631;660;3.997
632;581;3.956
632;628;2.983
632;629;3.094
632;663;3.77
633;629;3.2
633;1046;3.443
634;631;3.037
634;660;4.012
635;211;3.485
635;213;3.762
635;1046;3.787
635;1047;2.74
635;1048;2.857
636;208;3.612
636;213;3.426
636;214;5.692
636;630;2.842
636;1051;3.885
637;627;3.85
637;631;3.736
637;640;3.515
637;656;3.306
638;613;3.874
638;1051;3.532
639;612;2.809
639;1005;3.861
640;600;3.8
640;612;3.545
640;614;3.592
640;618;4.052
640;637;3.515
640;649;3.301
640;652;3.502
641;600;3.369
641;601;3.69
641;603;4.11
641;645;3.37
641;649;3.04
642;601;2.915
642;603;2.758
642;649;3.725
643;1006;3.369
644;603;3.63
645;641;3.37
645;648;2.776
645;649;3.068
646;650;2.954
647;650;3.397
647;651;2.988
648;600;2.796
648;645;2.776
648;651;3.223
648;652;3.051
649;640;3.301
649;641;3.04
649;642;3.725
649;645;3.068
649;652;3.053
649;653;2.895
650;646;2.954
650;647;3.397
650;653;3.185
650;654;3.026
651;647;2.988
651;648;3.223
652;596;3.371
652;600;3.576
652;640;3.502
652;648;3.051
652;649;3.053
652;655;2.999
652;656;2.922
653;204;3.824
653;649;2.895
653;650;3.185
653;656;3.377
653;657;2.962
654;650;3.026
654;657;3.425
654;658;3.001
655;596;4.024
655;652;2.999
655;658;3.364
655;659;2.956
656;631;3.509
656;637;3.306
656;652;2.922
656;653;3.377
656;659;3.353
656;660;2.989
657;207;3.443
657;653;2.962
657;654;3.425
657;660;3.423
657;661;3.001
658;588;4.04
658;654;3.001
658;655;3.364
658;661;3.423
658;662;2.984
659;588;3.56
659;631;3.611
659;655;2.956
659;656;3.353
659;663;2.95
660;207;4.045
660;211;3.641
660;631;3.997
660;634;4.012
660;656;2.989
660;657;3.423
660;664;2.927
661;207;3.827
661;657;3.001
661;658;3.423
661;664;3.47
661;665;3.038
662;584;3.699
662;588;3.892
662;658;2.984
662;665;3.43
662;666;2.989
663;632;3.77
663;659;2.95
663;666;3.184
663;667;2.929
664;660;2.927
664;661;3.47
664;667;3.263
664;668;2.976
665;114;3.802
665;661;3.038
665;662;3.43
665;669;3.029
666;662;2.989
666;663;3.184
666;669;3.343
666;670;2.918
667;663;2.929
667;664;3.263
667;670;3.143
667;671;3.078
668;247;3.599
668;248;3.709
668;664;2.976
668;671;3.46
668;672;3.02
669;577;3.506
669;665;3.029
669;666;3.343
669;673;2.908
670;574;3.551
670;577;3.802
670;666;2.918
670;667;3.143
670;673;3.398
670;674;3.133
670;1088;3.359
671;248;3.676
671;252;3.677
671;667;3.078
671;668;3.46
671;674;3.48
671;675;2.941
671;1088;3.564
671;1091;3.742
671;1377;6.365
672;251;3.82
672;252;4.003
672;255;3.659
672;668;3.02
672;675;3.332
672;676;2.947
673;669;2.908
673;670;3.398
673;677;3.078
674;570;3.782
674;573;3.833
674;670;3.133
674;671;3.48
674;677;3.345
674;678;2.985
674;1088;3.636
674;1089;3.747
674;1092;3.501
675;252;3.418
675;671;2.941
675;672;3.332
675;678;3.486
675;679;2.98
675;1095;3.493
676;256;3.971
676;672;2.947
676;679;3.289
676;680;3.064
677;673;3.078
677;674;3.345
677;680;3.137
677;681;3.119
678;674;2.985
678;675;3.486
678;681;2.971
678;682;2.96
678;1092;3.449
678;1096;3.401
679;256;3.737
679;675;2.98
679;676;3.289
679;1096;3.568
679;1099;3.496
680;676;3.064
680;677;3.137
681;677;3.119
681;678;2.971
682;296;2.818
682;678;2.96
682;1096;3.55
683;1100;3.436
684;693;3.491
684;1100;3.311
684;1103;2.839
684;1104;2.799
685;273;3.497
685;693;3.417
685;1103;2.775
686;689;2.828
686;1106;3.69
687;693;3.23
687;694;3.663
687;1106;3.449
688;705;2.627
688;1114;2.966
689;273;3.921
689;686;2.828
690;263;3.677
691;273;3.6
692;274;3.915
692;283;2.932
692;288;3.825
693;279;2.72
693;684;3.491
693;685;3.417
693;687;3.23
694;278;3.413
694;288;3.532
694;687;3.663
695;288;2.975
696;707;2.831
697;705;3.656
697;706;3.755
697;1112;3.522
698;702;3.87
698;1108;3.486
698;1109;3.534
698;1110;3.996
698;1111;2.905
698;1112;3.655
699;702;2.908
699;1109;3.17
699;1110;3.509
700;816;2.992
700;817;3.772
701;816;3.967
701;819;2.82
701;820;2.875
702;698;3.87
702;699;2.908
702;1110;2.915
703;785;2.956
703;793;3.477
704;786;3.915
705;688;2.627
705;697;3.656
705;1112;3.413
706;697;3.755
706;709;3.354
706;792;3.351
707;696;2.831
708;285;3.89
708;717;2.829
709;706;3.354
709;717;4.002
710;717;3.918
710;718;2.893
711;799;3.79
711;800;3.971
712;715;2.93
713;796;3.81
714;799;2.721
715;712;2.93
716;718;2.928
716;720;3.371
717;286;2.775
717;287;3.171
717;708;2.829
717;709;4.002
717;710;3.918
718;710;2.893
718;716;2.928
718;800;2.684
719;721;2.879
719;722;2.916
719;735;2.823
719;736;3.082
719;738;2.711
720;716;3.371
721;719;2.879
721;735;3.512
722;719;2.916
723;725;2.768
724;733;3.592
725;723;2.768
726;731;3.531
727;729;2.869
728;730;2.809
728;732;3.794
729;727;2.869
730;728;2.809
731;726;3.531
731;736;3.978
732;728;3.794
733;724;3.592
733;736;2.98
734;748;2.865
734;752;3.834
735;719;2.823
735;721;3.512
735;748;2.793
736;719;3.082
736;731;3.978
736;733;2.98
737;752;3.933
738;719;2.711
738;743;3.426
739;743;3.008
739;750;4.034
740;757;3.99
740;760;2.66
741;756;3.932
742;744;4.017
742;756;3.103
742;759;2.926
743;738;3.426
743;739;3.008
743;749;3.441
743;756;3.961
744;742;4.017
745;747;3.011
746;753;2.706
747;745;3.011
748;734;2.865
748;735;2.793
749;743;3.441
749;754;3.963
749;756;2.986
750;739;4.034
751;755;2.862
752;734;3.834
752;737;3.933
753;746;2.706
754;749;3.963
755;751;2.862
755;758;3.891
756;741;3.932
756;742;3.103
756;743;3.961
756;749;2.986
756;759;2.802
757;740;3.99
758;755;3.891
759;742;2.926
759;756;2.802
760;740;2.66
761;765;3.838
762;765;3.439
762;766;3.427
762;767;3.518
763;764;2.932
764;763;2.932
765;761;3.838
765;762;3.439
766;762;3.427
767;762;3.518
768;772;2.817
769;776;2.849
770;775;2.901
771;774;3.159
772;768;2.817
773;778;2.862
774;771;3.159
774;777;2.967
775;770;2.901
775;1119;2.78
776;769;2.849
777;774;2.967
778;773;2.862
779;787;3.901
779;788;3.568
779;1119;3.258
780;1119;2.945
781;783;2.786
781;1119;3.709
781;1120;3.268
782;784;2.692
783;781;2.786
783;786;3.463
784;782;2.692
785;703;2.956
785;793;3.969
785;794;3.567
786;704;3.915
786;783;3.463
787;779;3.901
787;789;3.353
787;790;3.188
787;791;3.681
788;779;3.568
789;787;3.353
790;787;3.188
791;787;3.681
791;794;3.406
791;796;3.386
792;706;3.351
793;703;3.477
793;785;3.969
793;797;2.89
794;785;3.567
794;791;3.406
794;797;3.247
795;798;3.051
796;713;3.81
796;791;3.386
797;793;2.89
797;794;3.247
798;795;3.051
799;711;3.79
799;714;2.721
799;800;3.619
800;711;3.971
800;718;2.684
800;799;3.619
801;802;2.863
801;803;3.684
802;801;2.863
803;801;3.684
804;806;3.074
805;807;3.736
805;812;3.502
806;804;3.074
807;805;3.736
807;812;3.188
808;811;3.625
809;811;3.038
810;813;3.022
811;808;3.625
811;809;3.038
812;805;3.502
812;807;3.188
812;815;3.799
813;810;3.022
813;814;2.894
813;815;2.831
814;813;2.894
815;812;3.799
815;813;2.831
816;700;2.992
816;701;3.967
817;700;3.772
817;819;3.03
818;830;3.838
819;701;2.82
819;817;3.03
819;822;3.591
820;701;2.875
821;825;3.738
822;819;3.591
823;826;2.95
824;828;2.616
824;902;2.701
825;821;3.738
826;823;2.95
827;829;3.018
827;831;2.754
827;832;2.834
828;824;2.616
829;827;3.018
829;831;3.732
830;818;3.838
831;827;2.754
831;829;3.732
832;827;2.834
833;836;3.978
833;837;3.575
834;838;2.789
835;842;4.008
836;833;3.978
837;833;3.575
837;841;3.194
838;834;2.789
838;841;2.938
838;897;2.893
838;898;2.777
839;842;3.046
840;845;3.806
840;891;3.98
840;894;3.398
840;895;3.607
841;837;3.194
841;838;2.938
842;835;4.008
842;839;3.046
842;845;2.826
842;846;2.959
843;847;3.051
844;847;3.453
844;848;2.89
845;840;3.806
845;842;2.826
845;848;3.302
845;849;2.974
846;842;2.959
846;849;3.436
846;850;3.198
846;954;3.156
847;843;3.051
847;844;3.453
847;850;3.425
847;851;3.01
848;844;2.89
848;845;3.302
848;851;3.279
848;852;2.924
849;845;2.974
849;846;3.436
849;852;3.36
849;853;2.958
849;888;3.781
849;891;3.747
850;846;3.198
850;847;3.425
850;853;3.362
850;854;2.952
850;954;3.436
851;847;3.01
851;848;3.279
851;854;3.235
851;855;2.975
852;848;2.924
852;849;3.36
852;856;2.958
852;888;3.986
853;849;2.958
853;850;3.362
853;857;2.893
853;884;3.972
853;888;3.429
853;947;3.692
853;951;3.774
854;850;2.952
854;851;3.235
854;857;3.166
854;858;2.976
855;851;2.975
855;858;3.079
855;859;3.003
856;852;2.958
856;859;3.441
856;860;2.956
856;947;3.615
857;853;2.893
857;854;3.166
857;860;4.036
857;861;3.0
858;854;2.976
858;855;3.079
858;861;3.388
858;862;2.954
859;855;3.003
859;856;3.441
859;862;2.98
859;863;3.23
860;856;2.956
860;857;4.036
860;945;3.933
860;948;4.026
861;857;3.0
861;858;3.388
861;865;3.678
861;1285;3.877
862;858;2.954
862;859;2.98
862;865;3.076
862;866;3.024
862;869;3.488
862;873;3.826
862;877;3.985
863;859;3.23
863;870;2.771
863;938;2.701
864;867;3.301
864;870;2.671
864;1288;3.363
864;1342;3.07
865;861;3.678
865;862;3.076
865;1308;3.752
866;862;3.024
866;869;2.966
866;870;3.021
867;864;3.301
867;870;3.201
867;871;3.008
867;1343;3.982
868;871;2.638
869;862;3.488
869;866;2.966
869;872;3.294
869;873;2.963
870;863;2.771
870;864;2.671
870;866;3.021
870;867;3.201
870;874;3.028
870;1341;3.861
871;867;3.008
871;868;2.638
871;1343;3.451
872;869;3.294
873;862;3.826
873;869;2.963
873;876;3.102
873;877;3.027
874;870;3.028
874;877;3.487
874;878;2.749
875;879;3.021
876;873;3.102
876;879;3.374
876;880;2.987
877;862;3.985
877;873;3.027
877;874;3.487
877;880;2.995
877;881;3.264
878;874;2.749
878;881;2.993
878;882;3.026
878;938;2.869
878;941;3.753
879;875;3.021
879;876;3.374
879;882;2.902
879;883;2.949
880;876;2.987
880;877;2.995
880;883;3.477
880;884;2.92
881;877;3.264
881;878;2.993
881;885;3.008
881;944;3.791
882;878;3.026
882;879;2.902
882;885;3.341
882;886;3.04
883;879;2.949
883;880;3.477
883;887;2.979
884;853;3.972
884;880;2.92
884;887;3.23
884;888;2.933
884;947;3.604
885;881;3.008
885;882;3.341
885;889;2.974
885;944;3.841
886;882;3.04
886;890;3.028
887;883;2.979
887;884;3.23
887;890;4.021
887;891;2.937
888;849;3.781
888;852;3.986
888;853;3.429
888;884;2.933
888;892;3.004
888;950;3.65
889;885;2.974
889;892;3.149
889;893;2.954
889;917;3.957
889;921;3.792
890;886;3.028
890;887;4.021
890;893;3.398
890;894;2.942
891;840;3.98
891;849;3.747
891;887;2.937
891;894;3.478
891;895;2.763
891;950;3.596
892;888;3.004
892;889;3.149
892;896;2.958
892;904;2.889
892;914;3.838
893;889;2.954
893;890;3.398
893;896;3.425
893;897;3.012
894;840;3.398
894;890;2.942
894;891;3.478
894;897;4.031
894;898;2.978
895;840;3.607
895;891;2.763
895;898;3.483
895;899;3.047
895;904;3.72
895;910;4.069
895;913;2.686
896;892;2.958
896;893;3.425
896;899;3.013
896;900;2.909
896;904;3.592
896;905;3.545
897;838;2.893
897;893;3.012
897;894;4.031
898;838;2.777
898;894;2.978
898;895;3.483
899;895;3.047
899;896;3.013
899;903;2.929
899;907;3.72
899;910;3.611
900;896;2.909
900;903;2.951
900;904;2.972
901;905;3.042
902;824;2.701
902;905;3.089
902;906;2.894
903;899;2.929
903;900;2.951
904;892;2.889
904;895;3.72
904;896;3.592
904;900;2.972
904;907;3.041
905;896;3.545
905;901;3.042
905;902;3.089
905;911;3.499
905;914;5.802
906;902;2.894
907;899;3.72
907;904;3.041
907;910;2.99
907;911;2.921
908;912;2.976
909;912;3.413
909;913;2.995
909;953;3.211
909;962;3.914
910;895;4.069
910;899;3.611
910;907;2.99
910;913;3.224
910;914;2.982
911;905;3.499
911;907;2.921
911;914;5.633
911;915;2.965
912;908;2.976
912;909;3.413
912;915;3.211
913;895;2.686
913;909;2.995
913;910;3.224
913;950;2.953
913;953;2.803
914;892;3.838
914;905;5.802
914;910;2.982
914;911;5.633
914;917;3.045
914;918;2.961
915;911;2.965
915;912;3.211
915;919;3.029
916;946;4.017
916;950;3.745
917;889;3.957
917;914;3.045
917;920;3.047
917;921;3.087
918;914;2.961
918;921;2.961
918;922;2.913
919;915;3.029
919;923;2.972
919;943;3.72
920;917;3.047
920;923;4.003
920;924;3.045
920;944;2.876
921;889;3.792
921;917;3.087
921;918;2.961
921;924;3.34
921;925;2.979
922;918;2.913
922;925;3.196
922;926;2.997
923;919;2.972
923;920;4.003
923;926;3.461
923;927;2.994
924;920;3.045
924;921;3.34
924;927;3.293
924;928;2.99
924;937;3.734
925;921;2.979
925;922;3.196
925;928;3.184
925;929;2.929
926;922;2.997
926;923;3.461
926;929;3.134
926;930;2.96
927;923;2.994
927;924;3.293
927;932;3.047
927;936;3.337
927;937;3.368
927;940;3.648
928;924;2.99
928;925;3.184
928;931;3.0
929;925;2.929
929;926;3.134
930;926;2.96
931;928;3.0
932;927;3.047
933;936;3.772
933;937;3.178
934;937;3.477
934;938;3.002
935;938;2.739
935;939;3.246
936;927;3.337
936;933;3.772
936;940;2.994
937;924;3.734
937;927;3.368
937;933;3.178
937;934;3.477
937;941;2.98
938;863;2.701
938;878;2.869
938;934;3.002
938;935;2.739
938;1340;3.803
938;1341;3.941
939;935;3.246
939;942;3.061
939;1290;3.901
939;1337;2.977
939;1338;3.639
939;1339;3.155
940;927;3.648
940;936;2.994
941;878;3.753
941;937;2.98
941;944;2.75
942;939;3.061
942;945;2.755
942;946;3.313
942;1286;3.588
943;919;3.72
943;946;2.981
944;881;3.791
944;885;3.841
944;920;2.876
944;941;2.75
944;947;2.847
945;860;3.933
945;942;2.755
946;916;4.017
946;942;3.313
946;943;2.981
946;949;2.921
946;950;3.009
946;1282;3.822
947;853;3.692
947;856;3.615
947;884;3.604
947;944;2.847
947;950;2.971
947;951;3.17
948;860;4.026
948;951;2.974
948;1282;3.634
