source;destination;distance
0;3;2.783
1;47;3.596
2;7;3.645
2;48;3.664
3;0;2.783
4;7;3.264
4;8;2.972
5;9;2.969
6;10;2.972
7;2;3.645
7;4;3.264
7;10;3.116
7;11;2.965
7;43;3.912
7;47;3.737
8;4;2.972
8;11;3.461
8;12;2.973
9;5;2.969
9;13;2.934
10;6;2.972
10;7;3.116
10;14;2.948
11;7;2.965
11;8;3.461
11;14;3.382
11;15;3.012
11;44;3.619
12;8;2.973
12;16;2.98
12;104;3.952
13;9;2.934
13;16;3.36
13;17;2.945
14;10;2.948
14;11;3.382
14;18;3.005
14;37;3.735
15;11;3.012
15;19;2.985
15;37;3.764
15;99;3.95
15;100;3.569
16;12;2.98
16;13;3.36
16;19;3.171
16;20;3.082
17;13;2.945
17;20;3.302
17;21;2.982
18;14;3.005
18;21;3.516
18;22;2.959
18;37;3.032
18;96;3.171
19;15;2.985
19;16;3.171
19;22;3.157
19;97;3.509
19;598;3.485
20;16;3.082
20;17;3.302
21;17;2.982
21;18;3.516
21;24;2.984
21;30;3.628
21;33;3.416
22;18;2.959
22;19;3.157
22;93;4.068
22;96;3.899
22;97;3.982
23;598;3.768
24;21;2.984
24;27;3.98
25;605;3.232
25;632;3.676
25;633;3.278
26;30;3.849
27;24;3.98
27;30;2.849
28;31;2.73
28;32;3.021
29;32;3.295
29;33;2.987
30;21;3.628
30;26;3.849
30;27;2.849
30;33;3.389
30;34;2.998
31;28;2.73
31;34;3.441
31;35;3.005
32;28;3.021
32;29;3.295
32;36;3.009
33;21;3.416
33;29;2.987
33;30;3.389
33;36;3.262
33;37;2.953
34;30;2.998
34;31;3.441
34;37;3.363
34;38;2.945
34;93;2.824
34;96;3.594
35;31;3.005
35;38;3.331
35;39;2.963
35;81;3.972
36;32;3.009
36;33;3.262
36;39;3.373
36;40;3.001
37;14;3.735
37;15;3.764
37;18;3.032
37;33;2.953
37;34;3.363
37;40;3.009
37;41;2.863
37;96;3.916
38;34;2.945
38;35;3.331
38;42;2.981
38;80;2.745
39;35;2.963
39;36;3.373
39;42;3.143
39;43;2.989
40;36;3.001
40;37;3.009
40;43;3.488
40;44;2.919
41;37;2.863
41;45;2.95
41;73;3.479
41;99;3.499
42;38;2.981
42;39;3.143
42;45;3.3
42;46;2.974
43;7;3.912
43;39;2.989
43;40;3.488
43;46;3.406
43;47;3.062
44;11;3.619
44;40;2.919
44;47;3.255
44;48;2.81
44;99;2.654
45;41;2.95
45;42;3.3
45;49;2.988
45;56;3.952
45;73;3.93
46;42;2.974
46;43;3.406
46;50;3.078
46;51;3.922
47;1;3.596
47;7;3.737
47;43;3.062
47;44;3.255
48;2;3.664
48;44;2.81
48;66;3.207
48;69;2.655
49;45;2.988
49;56;4.013
49;59;3.853
49;66;3.69
50;46;3.078
50;55;3.691
51;46;3.922
52;55;3.086
52;58;3.481
53;56;2.97
54;57;3.003
55;50;3.691
55;52;3.086
55;58;2.998
56;45;3.952
56;49;4.013
56;53;2.97
56;59;3.049
56;70;3.935
57;54;3.003
57;60;3.017
58;52;3.481
58;55;2.998
58;61;3.032
59;49;3.853
59;56;3.049
59;62;2.982
59;63;3.785
59;66;3.511
59;67;4.006
59;70;3.779
60;57;3.017
61;58;3.032
62;59;2.982
63;59;3.785
63;66;3.465
63;67;2.924
64;67;3.358
64;68;3.003
65;68;3.03
65;69;3.054
65;102;3.368
65;108;3.204
65;111;3.869
66;48;3.207
66;49;3.69
66;59;3.511
66;63;3.465
66;69;3.799
66;70;2.975
67;59;4.006
67;63;2.924
67;64;3.358
67;70;3.39
67;71;2.946
68;64;3.003
68;65;3.03
68;72;3.0
68;101;3.899
69;48;2.655
69;65;3.054
69;66;3.799
69;72;3.343
69;73;2.917
69;99;3.179
69;102;2.749
70;56;3.935
70;59;3.779
70;66;2.975
70;67;3.39
70;73;3.192
70;74;2.99
71;67;2.946
71;74;3.428
71;75;2.985
72;68;3.0
72;69;3.343
72;76;2.92
72;95;3.623
73;41;3.479
73;45;3.93
73;69;2.917
73;70;3.192
73;76;3.446
73;77;2.896
74;70;2.99
74;71;3.428
74;77;3.417
74;78;3.009
75;71;2.985
75;78;3.468
75;79;2.981
75;89;3.571
75;92;3.309
76;72;2.92
76;73;3.446
76;79;3.006
76;80;2.862
77;73;2.896
77;74;3.417
77;81;2.96
78;74;3.009
78;75;3.468
78;82;3.015
79;75;2.981
79;76;3.006
79;83;3.941
79;89;2.746
80;38;2.745
80;76;2.862
80;96;3.993
81;35;3.972
81;77;2.96
82;78;3.015
82;84;2.984
83;79;3.941
83;90;2.941
83;93;3.568
84;82;2.984
85;89;3.663
86;89;3.125
87;90;2.904
87;91;3.196
87;607;3.926
88;91;3.137
89;75;3.571
89;79;2.746
89;85;3.663
89;86;3.125
89;92;3.001
90;83;2.941
90;87;2.904
91;87;3.196
91;88;3.137
91;94;3.004
91;606;3.354
91;607;3.816
92;75;3.309
92;89;3.001
92;95;2.866
93;22;4.068
93;34;2.824
93;83;3.568
93;96;2.936
94;91;3.004
94;97;2.855
94;599;3.955
94;602;3.642
94;603;3.707
95;72;3.623
95;92;2.866
95;98;3.159
95;99;3.036
96;18;3.171
96;22;3.899
96;34;3.594
96;37;3.916
96;80;3.993
96;93;2.936
96;99;3.065
97;19;3.509
97;22;3.982
97;94;2.855
97;100;3.023
98;95;3.159
98;101;2.738
98;599;3.986
99;15;3.95
99;41;3.499
99;44;2.654
99;69;3.179
99;95;3.036
99;96;3.065
99;102;2.772
99;103;3.384
100;15;3.569
100;97;3.023
100;103;2.991
100;104;2.955
100;107;3.639
100;595;3.525
101;68;3.899
101;98;2.738
101;111;3.809
102;65;3.368
102;69;2.749
102;99;2.772
102;108;2.796
103;99;3.384
103;100;2.991
104;12;3.952
104;100;2.955
104;107;3.093
104;108;2.978
105;108;3.369
105;109;2.946
106;110;3.119
106;588;3.46
107;100;3.639
107;104;3.093
107;110;3.437
107;111;3.01
107;592;3.686
108;65;3.204
108;102;2.796
108;104;2.978
108;105;3.369
108;111;3.453
108;112;2.966
109;105;2.946
109;112;3.262
109;113;3.032
110;106;3.119
110;107;3.437
110;113;3.083
110;114;2.999
110;588;3.35
110;589;3.987
111;65;3.869
111;101;3.809
111;107;3.01
111;108;3.453
111;114;3.205
111;115;3.047
112;108;2.966
112;109;3.262
112;115;3.398
112;116;3.007
113;109;3.032
113;110;3.083
113;116;3.23
113;117;3.058
114;110;2.999
114;111;3.205
114;117;2.992
114;118;3.194
114;681;3.599
115;111;3.047
115;112;3.398
115;118;2.957
116;112;3.007
116;113;3.23
116;119;2.802
116;252;3.877
117;113;3.058
117;114;2.992
117;120;3.107
117;121;3.015
117;252;4.087
118;114;3.194
118;115;2.957
118;122;3.004
119;116;2.802
119;256;2.71
120;117;3.107
120;123;3.393
120;252;4.016
120;255;2.637
120;256;2.747
121;117;3.015
121;124;3.358
121;125;2.933
121;249;3.983
122;118;3.004
122;126;2.981
123;120;3.393
123;126;3.18
123;127;3.097
123;1263;3.454
123;1264;2.923
124;121;3.358
124;127;3.438
124;128;3.163
124;241;3.621
124;1267;3.995
125;121;2.933
125;128;3.392
125;129;2.919
126;122;2.981
126;123;3.18
126;129;3.339
126;130;2.983
127;123;3.097
127;124;3.438
127;130;3.895
127;131;2.96
127;1258;3.991
127;1264;3.977
127;1267;3.806
128;124;3.163
128;125;3.392
128;131;3.306
128;132;2.889
128;241;3.414
129;125;2.919
129;126;3.339
129;132;3.471
129;133;3.012
130;126;2.983
130;127;3.895
130;133;3.467
130;134;2.939
130;1254;3.677
130;1257;3.414
130;1258;3.594
131;127;2.96
131;128;3.306
131;134;3.452
131;135;2.866
132;128;2.889
132;129;3.471
132;136;2.975
132;201;3.765
132;204;4.011
133;129;3.012
133;130;3.467
133;136;3.204
133;137;3.009
134;130;2.939
134;131;3.452
134;137;3.221
134;138;2.975
134;1165;3.747
134;1254;3.867
135;131;2.866
135;139;2.943
135;204;3.588
135;230;3.689
135;234;3.743
135;237;3.655
136;132;2.975
136;133;3.204
136;140;2.931
136;197;3.901
136;201;3.925
137;133;3.009
137;134;3.221
137;140;3.217
137;141;3.125
137;197;3.834
137;1251;3.775
138;134;2.975
138;141;3.131
138;142;3.458
138;230;3.57
138;1248;3.667
138;1251;3.897
139;135;2.943
139;142;3.472
139;143;2.959
139;194;3.541
140;136;2.931
140;137;3.217
140;144;3.733
140;195;3.906
140;196;3.57
140;197;3.892
141;137;3.125
141;138;3.131
141;1248;3.605
141;1251;3.411
142;138;3.458
142;139;3.472
142;1244;3.688
142;1248;3.501
143;139;2.959
143;217;3.091
143;227;3.436
143;230;3.558
143;231;3.694
144;140;3.733
144;195;3.919
145;150;2.731
145;190;2.949
146;184;2.955
146;188;3.697
146;190;3.104
147;150;2.956
147;151;3.812
147;188;2.813
148;188;2.795
148;191;3.645
148;195;2.648
149;153;3.9
149;155;3.259
150;145;2.731
150;147;2.956
150;154;3.667
150;185;2.878
151;147;3.812
151;182;3.723
151;185;4.0
152;182;3.537
153;149;3.9
153;180;2.742
154;150;3.667
155;149;3.259
156;159;3.632
157;159;3.498
158;161;4.022
158;179;3.934
159;156;3.632
159;157;3.498
160;168;3.419
160;178;2.788
161;158;4.022
162;167;3.068
162;168;3.65
163;165;3.973
163;166;3.505
164;167;2.913
164;175;2.831
165;163;3.973
166;163;3.505
167;162;3.068
167;164;2.913
167;169;2.885
167;179;2.828
168;160;3.419
168;162;3.65
169;167;2.885
169;175;3.679
169;177;2.796
170;172;3.2
171;173;3.648
172;170;3.2
173;171;3.648
174;176;3.067
175;164;2.831
175;169;3.679
176;174;3.067
177;169;2.796
178;160;2.788
179;158;3.934
179;167;2.828
180;153;2.742
181;1020;4.149
181;1022;3.744
182;151;3.723
182;152;3.537
183;185;3.503
184;146;2.955
185;150;2.878
185;151;4.0
185;183;3.503
186;189;3.161
187;1019;2.718
187;1021;3.473
188;146;3.697
188;147;2.813
188;148;2.795
188;191;3.083
189;186;3.161
189;220;3.49
189;221;3.967
190;145;2.949
190;146;3.104
191;148;3.645
191;188;3.083
191;194;2.999
191;195;3.021
191;199;3.504
192;199;3.175
193;199;3.408
193;217;3.451
194;139;3.541
194;191;2.999
194;200;3.379
194;203;3.577
194;217;3.164
194;231;6.211
195;140;3.906
195;144;3.919
195;148;2.648
195;191;3.021
196;140;3.57
196;199;2.789
196;200;2.976
197;136;3.901
197;137;3.834
197;140;3.892
197;201;2.949
198;202;2.993
199;191;3.504
199;192;3.175
199;193;3.408
199;196;2.789
199;202;3.295
199;203;2.956
200;194;3.379
200;196;2.976
200;203;3.24
200;204;2.952
201;132;3.765
201;136;3.925
201;197;2.949
201;205;2.934
202;198;2.993
202;199;3.295
202;205;3.062
202;206;2.966
202;665;3.836
203;194;3.577
203;199;2.956
203;200;3.24
203;206;3.313
203;207;2.936
204;132;4.011
204;135;3.588
204;200;2.952
204;207;3.476
204;208;2.956
205;201;2.934
205;202;3.062
205;208;3.251
205;209;2.945
205;669;3.465
205;672;4.137
205;673;3.867
206;202;2.966
206;203;3.313
206;210;2.967
206;211;2.829
206;212;3.923
206;648;3.618
207;203;2.936
207;204;3.476
207;210;3.101
207;213;3.601
207;231;3.915
207;234;3.792
207;235;3.756
208;204;2.956
208;205;3.251
209;205;2.945
209;672;3.614
210;206;2.967
210;207;3.101
210;1329;3.165
210;1331;3.037
211;206;2.829
211;647;3.789
211;648;3.409
212;206;3.923
212;215;3.21
212;216;3.012
212;648;5.939
212;1336;3.711
213;207;3.601
213;217;3.056
213;218;3.181
213;232;3.874
213;235;3.366
213;1322;3.708
213;1325;3.566
213;1326;3.515
214;218;3.131
214;219;2.995
214;1322;3.829
214;1326;3.803
214;1361;3.406
214;1362;2.758
214;1363;3.311
215;212;3.21
215;1336;3.705
215;1363;3.381
216;212;3.012
216;219;3.061
217;143;3.091
217;193;3.451
217;194;3.164
217;213;3.056
217;227;2.851
218;213;3.181
218;214;3.131
218;221;2.938
218;228;3.384
218;1322;3.137
218;1361;3.516
219;214;2.995
219;216;3.061
219;1312;3.838
219;1361;3.265
220;189;3.49
221;189;3.967
221;218;2.938
221;223;2.933
221;224;3.114
221;227;3.573
222;224;3.051
222;1319;3.611
222;1356;3.449
222;1357;2.862
222;1359;4.017
222;1360;3.453
223;221;2.933
223;227;3.012
224;221;3.114
224;222;3.051
224;227;2.975
224;228;2.941
224;1358;3.786
224;1359;3.738
225;228;3.651
225;229;2.922
225;1356;2.821
225;1358;2.782
226;1241;3.729
226;1244;3.799
226;1245;3.292
226;1358;2.942
227;143;3.436
227;217;2.851
227;221;3.573
227;223;3.012
227;224;2.975
227;230;3.024
227;231;3.286
228;218;3.384
228;224;2.941
228;225;3.651
228;231;3.335
228;232;2.946
228;1322;3.497
228;1359;3.988
228;1360;3.999
229;225;2.922
229;233;2.979
230;135;3.689
230;138;3.57
230;143;3.558
230;227;3.024
230;233;3.142
230;234;2.965
231;143;3.694
231;194;6.211
231;207;3.915
231;227;3.286
231;228;3.335
231;234;3.152
231;235;2.963
232;213;3.874
232;228;2.946
232;235;3.182
232;236;2.973
232;1325;3.986
233;229;2.979
233;230;3.142
233;237;2.934
234;135;3.743
234;207;3.792
234;230;2.965
234;231;3.152
234;238;2.903
235;207;3.756
235;213;3.366
235;231;2.963
235;232;3.182
235;239;2.944
235;1325;3.383
236;232;2.973
236;240;2.959
236;1325;3.37
237;135;3.655
237;233;2.934
237;241;2.909
238;234;2.903
238;242;2.937
239;235;2.944
239;242;3.329
239;243;2.96
240;236;2.959
240;243;3.394
240;244;2.936
240;1271;3.675
240;1278;3.617
241;124;3.621
241;128;3.414
241;237;2.909
241;244;3.2
241;245;2.883
242;238;2.937
242;239;3.329
242;245;3.338
242;246;2.955
243;239;2.96
243;240;3.394
243;246;3.818
243;247;2.993
243;1389;3.803
244;240;2.936
244;241;3.2
244;247;3.628
244;248;2.9
244;1267;3.159
244;1270;3.787
245;241;2.883
245;242;3.338
245;248;3.128
245;249;2.946
245;680;3.647
246;242;2.955
246;243;3.818
246;250;3.081
246;680;3.755
246;683;3.667
246;1386;3.526
247;243;2.993
247;244;3.628
247;251;2.925
247;1389;3.973
247;1390;3.95
247;1393;3.499
248;244;2.9
248;245;3.128
248;252;2.937
249;121;3.983
249;245;2.946
249;252;3.31
249;253;3.085
249;684;3.818
250;246;3.081
250;253;3.247
250;254;3.081
250;683;3.694
250;684;3.992
250;687;3.453
250;1390;3.478
251;247;2.925
251;255;2.894
251;1394;3.832
252;116;3.877
252;117;4.087
252;120;4.016
252;248;2.937
252;249;3.31
252;256;2.982
253;249;3.085
253;250;3.247
253;257;3.091
253;684;3.673
254;250;3.081
254;257;2.971
254;258;2.901
254;688;3.928
254;691;3.887
255;120;2.637
255;251;2.894
255;258;2.997
255;259;3.481
256;119;2.71
256;120;2.747
256;252;2.982
256;266;2.851
257;253;3.091
257;254;2.971
257;265;3.957
257;266;2.753
257;267;2.993
258;254;2.901
258;255;2.997
258;265;3.53
258;267;3.883
258;268;3.056
259;255;3.481
259;264;2.716
259;265;2.835
260;268;3.877
261;263;3.367
262;268;3.494
262;269;3.762
262;271;3.861
262;702;3.801
263;261;3.367
263;265;3.773
264;259;2.716
265;257;3.957
265;258;3.53
265;259;2.835
265;263;3.773
266;256;2.851
266;257;2.753
267;257;2.993
267;258;3.883
268;258;3.056
268;260;3.877
268;262;3.494
268;271;2.967
269;262;3.762
270;273;2.997
271;262;3.861
271;268;2.967
271;697;3.532
271;701;3.736
271;703;3.514
272;274;2.91
272;276;3.984
273;270;2.997
274;272;2.91
274;277;3.021
274;290;3.783
275;278;3.08
275;285;2.814
275;286;2.773
275;287;2.949
275;289;4.013
275;706;3.414
276;272;3.984
276;279;2.983
276;280;3.032
276;705;2.672
277;274;3.021
277;280;3.007
278;275;3.08
279;276;2.983
279;287;2.923
280;276;3.032
280;277;3.007
280;704;2.903
281;284;3.554
282;721;3.849
283;730;2.751
284;281;3.554
284;730;3.248
285;275;2.814
285;704;3.821
285;706;3.565
285;707;2.983
286;275;2.773
287;275;2.949
287;279;2.923
288;305;2.722
289;275;4.013
289;291;3.762
290;274;3.783
291;289;3.762
292;694;2.85
292;1107;3.29
292;1111;3.765
293;1108;3.259
293;1111;3.703
293;1112;4.013
294;303;3.128
295;297;2.814
295;303;3.859
296;299;3.938
296;301;2.746
297;295;2.814
297;982;3.711
298;978;3.441
299;296;3.938
299;301;3.119
300;301;2.876
301;296;2.746
301;299;3.119
301;300;2.876
302;308;3.685
303;294;3.128
303;295;3.859
303;306;3.138
304;309;4.006
305;288;2.722
306;303;3.138
306;313;2.818
307;310;2.998
307;313;4.0
308;302;3.685
309;304;4.006
310;307;2.998
310;313;3.88
311;315;3.916
311;319;3.083
311;320;2.913
312;314;2.989
313;306;2.818
313;307;4.0
313;310;3.88
314;312;2.989
315;311;3.916
315;319;2.802
315;321;2.829
315;322;2.901
315;324;2.68
316;319;2.876
317;325;3.342
318;321;2.922
318;323;2.894
318;325;2.754
319;311;3.083
319;315;2.802
319;316;2.876
320;311;2.913
321;315;2.829
321;318;2.922
322;315;2.901
323;318;2.894
324;315;2.68
324;327;2.995
325;317;3.342
325;318;2.754
326;328;2.768
326;329;3.989
327;324;2.995
328;326;2.768
329;326;3.989
330;443;3.821
330;444;2.904
330;445;2.744
331;438;3.093
331;440;3.787
331;441;3.903
332;438;2.918
333;438;2.805
334;438;2.637
335;338;3.961
336;343;2.773
337;341;2.927
337;342;3.572
337;343;3.91
338;335;3.961
339;388;3.771
340;344;3.606
341;337;2.927
342;337;3.572
343;336;2.773
343;337;3.91
343;347;3.658
343;348;3.803
344;340;3.606
345;347;3.068
345;349;3.665
346;435;4.036
347;343;3.658
347;345;3.068
347;436;2.806
347;437;2.908
347;439;2.608
348;343;3.803
349;345;3.665
350;356;3.748
351;356;3.586
351;357;2.882
352;355;3.04
352;357;3.025
353;358;2.968
354;367;3.757
355;352;3.04
356;350;3.748
356;351;3.586
357;351;2.882
357;352;3.025
358;353;2.968
358;360;3.101
359;363;3.673
360;358;3.101
360;363;2.992
360;367;3.956
361;364;2.97
362;365;3.028
362;366;3.045
362;367;3.696
363;359;3.673
363;360;2.992
363;366;3.108
364;361;2.97
365;362;3.028
365;369;2.801
366;362;3.045
366;363;3.108
366;368;3.518
367;354;3.757
367;360;3.956
367;362;3.696
368;366;3.518
369;365;2.801
370;373;2.804
370;376;3.617
370;391;3.779
371;373;3.94
372;392;3.36
373;370;2.804
373;371;3.94
373;391;4.01
373;392;3.039
374;393;2.883
374;398;3.839
375;378;2.944
376;370;3.617
377;379;3.011
377;380;2.769
377;381;2.78
377;382;3.13
378;375;2.944
379;377;3.011
380;377;2.769
380;383;3.72
381;377;2.78
382;377;3.13
382;385;2.724
382;386;3.344
383;380;3.72
384;387;2.943
385;382;2.724
386;382;3.344
387;384;2.943
388;339;3.771
389;395;3.863
390;394;2.703
391;370;3.779
391;373;4.01
391;394;2.967
392;372;3.36
392;373;3.039
393;374;2.883
393;396;2.965
393;397;3.023
394;390;2.703
394;391;2.967
395;389;3.863
396;393;2.965
397;393;3.023
398;374;3.839
399;400;3.302
400;399;3.302
401;402;2.792
402;401;2.792
403;404;2.779
403;410;3.658
404;403;2.779
404;409;2.993
405;408;2.807
405;409;3.833
406;409;3.839
407;409;2.974
408;405;2.807
409;404;2.993
409;405;3.833
409;406;3.839
409;407;2.974
410;403;3.658
410;411;3.012
411;410;3.012
412;414;2.908
413;415;2.947
414;412;2.908
415;413;2.947
415;416;3.026
416;415;3.026
417;419;3.988
418;441;2.725
419;417;3.988
420;421;3.572
421;420;3.572
421;423;2.87
422;425;3.236
423;421;2.87
424;426;3.457
424;429;3.652
425;422;3.236
426;424;3.457
426;429;3.648
427;428;2.903
428;427;2.903
429;424;3.652
429;426;3.648
429;430;2.944
430;429;2.944
430;433;2.987
430;434;3.067
431;434;2.885
432;435;3.682
433;430;2.987
434;430;3.067
434;431;2.885
435;346;4.036
435;432;3.682
436;347;2.806
436;439;3.946
437;347;2.908
438;331;3.093
438;332;2.918
438;333;2.805
438;334;2.637
439;347;2.608
439;436;3.946
440;331;3.787
440;443;3.58
441;331;3.903
441;418;2.725
442;450;2.759
443;330;3.821
443;440;3.58
444;330;2.904
444;450;3.346
445;330;2.744
446;449;3.135
447;451;3.819
448;452;3.943
448;453;2.932
448;454;2.761
449;446;3.135
450;442;2.759
450;444;3.346
451;447;3.819
452;448;3.943
453;448;2.932
454;448;2.761
455;457;2.721
456;458;3.168
457;455;2.721
458;456;3.168
458;460;2.966
458;462;3.362
458;465;3.05
458;466;2.764
459;461;3.894
459;462;3.833
459;519;3.333
459;520;2.775
460;458;2.966
461;459;3.894
461;516;3.73
461;519;3.506
461;520;3.963
462;458;3.362
462;459;3.833
462;465;2.977
462;466;3.086
463;466;2.99
464;516;3.654
465;458;3.05
465;462;2.977
465;521;4.015
466;458;2.764
466;462;3.086
466;463;2.99
466;469;2.997
466;470;3.168
467;471;2.955
468;472;2.962
469;466;2.997
469;472;3.213
469;473;3.015
470;466;3.168
470;473;3.415
470;474;2.931
470;568;2.689
470;569;4.032
471;467;2.955
471;474;3.208
471;475;2.972
472;468;2.962
472;469;3.213
472;476;3.053
473;469;3.015
473;470;3.415
473;476;3.307
473;477;2.979
473;509;4.034
473;513;3.828
473;565;3.934
474;470;2.931
474;471;3.208
474;477;3.021
474;478;3.083
474;569;2.738
474;570;3.678
475;471;2.972
475;478;3.475
475;479;3.007
476;472;3.053
476;473;3.307
476;480;2.986
476;506;3.663
477;473;2.979
477;474;3.021
477;480;3.094
477;481;3.069
477;510;3.313
477;563;3.896
477;565;3.88
477;566;3.844
478;474;3.083
478;475;3.475
478;481;3.122
478;482;3.44
478;566;3.788
479;475;3.007
479;482;3.296
479;483;3.022
480;476;2.986
480;477;3.094
480;483;3.269
480;484;2.992
480;506;3.2
480;562;3.113
481;477;3.069
481;478;3.122
481;485;3.054
481;563;3.651
481;996;3.926
482;478;3.44
482;479;3.296
482;485;3.298
482;486;2.976
483;479;3.022
483;480;3.269
483;486;3.099
483;487;2.957
483;499;3.565
484;480;2.992
484;487;3.038
484;560;4.019
484;562;3.779
484;563;3.643
484;1000;4.037
485;481;3.054
485;482;3.298
486;482;2.976
486;483;3.099
486;491;3.604
487;483;2.957
487;484;3.038
487;492;2.912
487;499;4.02
487;503;3.444
488;492;2.969
488;1042;3.214
488;1043;3.034
489;492;3.564
489;493;2.855
490;493;2.973
490;494;3.025
491;486;3.604
491;494;4.025
491;495;2.997
492;487;2.912
492;488;2.969
492;489;3.564
492;496;2.798
493;489;2.855
493;490;2.973
493;496;2.75
494;490;3.025
494;491;4.025
495;491;2.997
495;498;3.051
495;499;2.946
496;492;2.798
496;493;2.75
496;500;2.945
497;500;3.451
497;501;3.054
498;495;3.051
498;501;4.009
498;502;2.961
499;483;3.565
499;487;4.02
499;495;2.946
499;502;3.317
499;503;2.919
500;496;2.945
500;497;3.451
500;503;3.356
500;504;3.037
501;497;3.054
501;498;4.009
501;505;2.964
502;498;2.961
502;499;3.317
502;506;2.951
503;487;3.444
503;499;2.919
503;500;3.356
503;506;3.396
503;507;3.091
503;562;3.268
504;500;3.037
504;507;3.328
504;508;3.013
504;546;3.787
504;547;3.439
505;501;2.964
505;508;3.022
505;509;3.084
506;476;3.663
506;480;3.2
506;502;2.951
506;503;3.396
506;509;3.062
506;510;3.373
507;503;3.091
507;504;3.328
507;510;2.965
507;542;2.825
507;543;3.774
507;546;3.782
507;547;4.01
508;504;3.013
508;505;3.022
508;511;2.867
509;473;4.034
509;505;3.084
509;506;3.062
509;512;3.054
509;513;3.24
510;477;3.313
510;506;3.373
510;507;2.965
510;514;2.987
510;539;3.67
510;543;3.956
510;565;3.433
511;508;2.867
511;514;3.418
511;515;3.031
511;543;3.484
512;509;3.054
512;516;3.06
513;473;3.828
513;509;3.24
513;516;3.418
513;517;2.945
513;565;2.745
513;568;2.72
514;510;2.987
514;511;3.418
514;518;2.991
514;539;3.65
515;511;3.031
515;518;3.19
515;519;3.087
516;461;3.73
516;464;3.654
516;512;3.06
516;513;3.418
516;520;2.984
517;513;2.945
517;520;3.026
517;521;3.022
517;525;2.679
517;526;3.634
517;532;2.774
518;514;2.991
518;515;3.19
518;526;3.73
518;527;3.966
519;459;3.333
519;461;3.506
519;515;3.087
520;459;2.775
520;461;3.963
520;516;2.984
520;517;3.026
521;465;4.015
521;517;3.022
521;525;3.702
522;525;2.903
522;526;2.926
523;527;2.986
524;528;2.845
525;517;2.679
525;521;3.702
525;522;2.903
525;528;3.069
525;529;2.92
526;517;3.634
526;518;3.73
526;522;2.926
526;532;3.191
526;536;2.938
527;518;3.966
527;523;2.986
528;524;2.845
528;525;3.069
529;525;2.92
529;532;2.964
529;533;3.042
530;533;3.969
530;534;3.012
531;535;2.993
531;573;2.957
531;576;3.861
532;517;2.774
532;526;3.191
532;529;2.964
532;536;2.955
533;529;3.042
533;530;3.969
533;536;3.401
533;537;2.994
534;530;3.012
534;537;3.414
534;538;3.02
534;564;3.987
535;531;2.993
535;538;3.212
535;539;2.899
535;565;2.646
535;568;3.866
536;526;2.938
536;532;2.955
536;533;3.401
536;540;3.012
537;533;2.994
537;534;3.414
537;540;3.183
537;541;3.087
538;534;3.02
538;535;3.212
538;542;3.018
539;510;3.67
539;514;3.65
539;535;2.899
539;543;2.938
539;565;3.756
540;536;3.012
540;537;3.183
540;544;2.971
541;537;3.087
541;545;3.302
541;558;3.599
542;507;2.825
542;538;3.018
542;546;3.437
542;562;3.075
543;507;3.774
543;510;3.956
543;511;3.484
543;539;2.938
543;546;3.095
543;547;2.913
544;540;2.971
544;547;3.303
544;548;3.026
545;541;3.302
545;549;2.997
545;550;3.026
545;559;3.859
546;504;3.787
546;507;3.782
546;542;3.437
546;543;3.095
546;550;3.738
546;559;3.973
547;504;3.439
547;507;4.01
547;543;2.913
547;544;3.303
548;544;3.026
549;545;2.997
549;551;2.956
550;545;3.026
550;546;3.738
550;556;2.818
551;549;2.956
551;556;3.205
552;555;2.792
553;557;2.929
554;557;3.347
554;558;2.968
554;1082;3.967
555;552;2.792
555;558;3.058
555;559;3.086
556;550;2.818
556;551;3.205
556;559;2.939
557;553;2.929
557;554;3.347
557;560;2.977
557;1004;3.136
558;541;3.599
558;554;2.968
558;555;3.058
558;561;2.978
559;545;3.859
559;546;3.973
559;555;3.086
559;556;2.939
559;562;3.051
560;484;4.019
560;557;2.977
560;563;3.175
560;1000;3.692
560;1001;3.92
561;558;2.978
561;564;2.887
561;997;3.622
562;480;3.113
562;484;3.779
562;503;3.268
562;542;3.075
562;559;3.051
562;565;2.944
563;477;3.896
563;481;3.651
563;484;3.643
563;560;3.175
563;566;2.95
563;993;3.802
563;997;3.504
564;534;3.987
564;561;2.887
564;567;2.772
564;994;3.441
564;997;3.473
565;473;3.934
565;477;3.88
565;510;3.433
565;513;2.745
565;535;2.646
565;539;3.756
565;562;2.944
565;568;2.991
566;477;3.844
566;478;3.788
566;563;2.95
566;569;2.97
566;570;2.948
566;572;3.885
566;993;3.521
567;564;2.772
568;470;2.689
568;513;2.72
568;535;3.866
568;565;2.991
569;470;4.032
569;474;2.738
569;566;2.97
570;474;3.678
570;566;2.948
570;572;3.872
570;573;3.028
571;574;3.061
571;575;2.928
571;986;3.226
572;566;3.885
572;570;3.872
572;575;3.184
572;576;3.014
572;990;3.482
573;531;2.957
573;570;3.028
573;576;3.837
573;577;3.053
574;571;3.061
574;577;3.466
574;578;2.973
575;571;2.928
575;572;3.184
575;578;3.274
575;579;2.951
575;990;3.648
576;531;3.861
576;572;3.014
576;573;3.837
576;580;3.055
577;573;3.053
577;574;3.466
577;580;3.378
577;581;2.776
578;574;2.973
578;575;3.274
578;581;3.337
578;582;2.936
579;575;2.951
579;582;3.22
579;583;3.081
579;1096;3.603
580;576;3.055
580;577;3.378
580;583;3.001
581;577;2.776
581;578;3.337
581;584;2.986
582;578;2.936
582;579;3.22
582;585;3.082
582;586;3.082
582;686;3.756
582;1096;3.5
582;1100;3.55
583;579;3.081
583;580;3.001
583;587;2.977
583;1096;3.861
584;581;2.986
584;587;3.022
585;582;3.082
585;686;3.869
586;582;3.082
586;589;3.261
586;590;2.871
586;682;3.563
586;1096;3.837
587;583;2.977
587;584;3.022
587;591;3.05
588;106;3.46
588;110;3.35
588;591;3.217
588;592;3.293
589;110;3.987
589;586;3.261
589;592;3.057
589;593;3.022
589;681;3.505
589;682;3.813
590;586;2.871
590;594;2.929
591;587;3.05
591;588;3.217
591;594;3.287
591;595;3.056
592;107;3.686
592;588;3.293
592;589;3.057
592;595;3.47
592;596;3.035
593;589;3.022
593;596;3.476
593;597;2.96
593;644;3.956
594;590;2.929
594;591;3.287
594;598;2.975
595;100;3.525
595;591;3.056
595;592;3.47
595;598;3.31
595;599;3.006
596;592;3.035
596;593;3.476
596;599;3.298
596;600;2.95
596;674;3.698
597;593;2.96
597;600;3.49
597;601;2.926
597;637;3.51
597;640;3.822
598;19;3.485
598;23;3.768
598;594;2.975
598;595;3.31
598;601;3.275
598;602;3.001
598;633;3.472
599;94;3.955
599;98;3.986
599;595;3.006
599;596;3.298
599;602;3.268
599;603;2.998
600;596;2.95
600;597;3.49
600;604;2.957
600;640;3.779
600;670;4.072
600;671;3.546
600;674;3.892
601;597;2.926
601;598;3.275
601;604;3.256
601;605;2.995
601;633;3.757
601;636;3.989
602;94;3.642
602;598;3.001
602;599;3.268
602;606;3.322
603;94;3.707
603;599;2.998
603;606;3.331
603;607;3.023
604;600;2.957
604;601;3.256
604;608;2.993
604;609;2.817
604;630;3.829
605;25;3.232
605;601;2.995
605;609;3.053
605;610;3.139
605;632;3.984
606;91;3.354
606;602;3.322
606;603;3.331
607;87;3.926
607;91;3.816
607;603;3.023
607;610;2.818
608;604;2.993
608;611;3.013
608;612;3.566
608;626;3.523
608;630;4.141
608;664;3.423
609;604;2.817
609;605;3.053
609;626;3.751
610;605;3.139
610;607;2.818
611;608;3.013
611;626;2.985
612;608;3.566
612;624;3.088
612;626;2.974
612;652;3.797
612;653;3.352
612;660;2.774
612;664;3.58
613;622;2.656
613;623;3.358
613;653;3.748
613;654;2.923
614;617;3.009
614;618;2.915
614;619;2.874
614;620;2.734
615;653;4.128
615;654;2.781
615;656;3.702
616;619;3.866
617;614;3.009
618;614;2.915
619;614;2.874
619;616;3.866
619;1030;3.961
620;614;2.734
621;628;3.934
622;613;2.656
623;613;3.358
623;627;3.407
624;612;3.088
624;627;3.232
624;628;3.106
624;651;2.879
624;652;3.576
625;628;3.044
625;629;2.837
625;650;3.879
626;608;3.523
626;609;3.751
626;611;2.985
626;612;2.974
626;630;3.659
626;652;3.577
627;623;3.407
627;624;3.232
627;631;3.592
628;621;3.934
628;624;3.106
628;625;3.044
628;635;3.834
628;1070;3.667
628;1076;3.891
629;625;2.837
629;635;3.308
629;638;4.028
629;639;3.932
629;1061;3.341
629;1065;3.908
630;604;3.829
630;608;4.141
630;626;3.659
630;635;3.784
630;639;3.638
630;652;4.051
631;627;3.592
631;1074;2.743
632;25;3.676
632;605;3.984
632;635;2.86
632;636;2.948
632;1077;2.862
633;25;3.278
633;598;3.472
633;601;3.757
633;636;3.477
633;637;2.938
634;637;3.224
634;638;2.998
634;1077;3.723
634;1080;3.933
634;1081;3.683
634;1084;3.965
635;628;3.834
635;629;3.308
635;630;3.784
635;632;2.86
635;638;3.312
635;639;2.991
635;1065;2.926
636;601;3.989
636;632;2.948
636;633;3.477
636;640;2.963
637;597;3.51
637;633;2.938
637;634;3.224
637;640;3.46
637;641;2.978
638;629;4.028
638;634;2.998
638;635;3.312
638;641;3.192
638;642;3.017
638;1065;3.901
638;1084;3.685
639;629;3.932
639;630;3.638
639;635;2.991
639;642;3.165
639;643;3.03
639;649;3.866
640;597;3.822
640;600;3.779
640;636;2.963
640;637;3.46
640;643;3.362
640;644;2.98
641;637;2.978
641;638;3.192
641;644;3.087
641;645;3.21
641;1057;3.95
641;1060;3.522
641;1084;3.711
641;1091;3.907
642;638;3.017
642;639;3.165
642;648;2.867
642;1061;3.529
643;639;3.03
643;640;3.362
643;646;3.024
643;649;3.746
643;668;3.516
643;671;3.597
643;672;4.012
644;593;3.956
644;640;2.98
644;641;3.087
644;675;3.731
645;641;3.21
645;1057;3.468
646;643;3.024
646;672;4.015
647;211;3.789
647;1057;3.797
647;1058;2.761
647;1059;2.837
648;206;3.618
648;211;3.409
648;212;5.939
648;642;2.867
648;1062;3.899
649;639;3.866
649;643;3.746
649;652;3.524
649;668;3.311
650;625;3.879
650;1062;3.534
651;624;2.879
651;1017;3.913
652;612;3.797
652;624;3.576
652;626;3.577
652;630;4.051
652;649;3.524
652;661;3.319
652;664;3.47
653;612;3.352
653;613;3.748
653;615;4.128
653;657;3.381
653;661;3.025
654;613;2.923
654;615;2.781
654;661;3.721
655;1018;3.38
656;615;3.702
657;653;3.381
657;660;2.773
657;661;3.072
658;662;2.953
659;662;3.392
659;663;2.985
660;612;2.774
660;657;2.773
660;663;3.241
660;664;3.059
661;652;3.319
661;653;3.025
661;654;3.721
661;657;3.072
661;664;3.054
661;665;2.896
662;658;2.953
662;659;3.392
662;665;3.191
662;666;3.033
663;659;2.985
663;660;3.241
664;608;3.423
664;612;3.58
664;652;3.47
664;660;3.059
664;661;3.054
664;667;3.013
664;668;2.921
665;202;3.836
665;661;2.896
665;662;3.191
665;668;3.386
665;669;2.963
666;662;3.033
666;669;3.418
666;670;3.004
667;664;3.013
667;670;3.376
667;671;2.962
668;643;3.516
668;649;3.311
668;664;2.921
668;665;3.386
668;671;3.347
668;672;2.992
669;205;3.465
669;665;2.963
669;666;3.418
669;672;3.417
669;673;2.999
670;600;4.072
670;666;3.004
670;667;3.376
670;673;3.449
670;674;2.996
671;600;3.546
671;643;3.597
671;667;2.962
671;668;3.347
671;675;2.956
672;205;4.137
672;209;3.614
672;643;4.012
672;646;4.015
672;668;2.992
672;669;3.417
672;676;2.931
673;205;3.867
673;669;2.999
673;670;3.449
673;676;3.45
673;677;3.039
674;596;3.698
674;600;3.892
674;670;2.996
674;677;3.431
674;678;2.99
675;644;3.731
675;671;2.956
675;678;3.222
675;679;2.938
676;672;2.931
676;673;3.45
676;679;3.248
676;680;2.976
677;673;3.039
677;674;3.431
677;681;3.03
678;674;2.99
678;675;3.222
678;681;3.326
678;682;2.912
679;675;2.938
679;676;3.248
679;682;3.149
679;683;3.08
680;245;3.647
680;246;3.755
680;676;2.976
680;683;3.464
680;684;3.018
681;114;3.599
681;589;3.505
681;677;3.03
681;678;3.326
681;685;2.912
682;586;3.563
682;589;3.813
682;678;2.912
682;679;3.149
682;685;3.392
682;686;3.131
682;1099;3.382
683;246;3.667
683;250;3.694
683;679;3.08
683;680;3.464
683;686;3.468
683;687;2.94
683;1099;3.576
683;1102;3.759
683;1386;6.362
684;249;3.818
684;250;3.992
684;253;3.673
684;680;3.018
684;687;3.384
684;688;2.964
685;681;2.912
685;682;3.392
685;689;3.072
686;582;3.756
686;585;3.869
686;682;3.131
686;683;3.468
686;689;3.354
686;690;3.005
686;1099;3.661
686;1100;3.712
686;1103;3.533
687;250;3.453
687;683;2.94
687;684;3.384
687;690;3.479
687;691;2.982
687;1103;4.011
687;1106;3.53
688;254;3.928
688;684;2.964
688;691;3.291
688;692;3.06
689;685;3.072
689;686;3.354
689;692;3.148
689;693;3.117
690;686;3.005
690;687;3.479
690;693;2.949
690;1103;3.444
690;1107;3.46
691;254;3.887
691;687;2.982
691;688;3.291
691;1107;3.604
691;1110;3.466
692;688;3.06
692;689;3.148
693;689;3.117
693;690;2.949
694;292;2.85
694;1107;3.509
695;1111;3.649
696;705;3.703
696;1114;2.806
696;1115;2.83
697;271;3.532
697;705;3.506
697;1114;2.829
698;701;2.813
698;705;3.927
698;1117;3.724
699;705;3.637
699;706;3.685
699;1117;3.731
699;1118;2.846
700;719;2.662
700;1124;2.903
701;271;3.736
701;698;2.813
702;262;3.801
703;271;3.514
704;280;2.903
704;285;3.821
705;276;2.672
705;696;3.703
705;697;3.506
705;698;3.927
705;699;3.637
706;275;3.414
706;285;3.565
706;699;3.685
707;285;2.983
708;719;3.54
708;720;3.885
708;1122;3.751
709;712;3.761
710;714;3.862
710;1119;3.404
710;1120;3.795
710;1121;2.82
710;1122;3.914
711;1120;3.313
711;1121;3.31
712;709;3.761
712;829;2.81
712;830;3.501
713;829;3.936
713;832;2.905
713;833;2.796
714;710;3.862
714;718;3.871
714;1121;2.811
715;799;3.997
716;798;3.293
716;806;3.677
717;1123;3.845
717;1127;3.318
718;714;3.871
718;1123;3.611
719;700;2.662
719;708;3.54
719;1122;3.893
720;708;3.885
720;722;3.393
720;805;3.628
721;282;3.849
721;730;2.865
722;720;3.393
722;730;3.993
723;730;3.713
723;731;2.813
724;812;3.697
724;813;3.573
725;728;2.961
726;809;3.985
727;812;2.748
728;725;2.961
729;731;2.941
729;733;3.473
730;283;2.751
730;284;3.248
730;721;2.865
730;722;3.993
730;723;3.713
731;723;2.813
731;729;2.941
731;813;2.706
732;734;2.925
732;735;2.924
732;748;2.812
732;751;2.857
733;729;3.473
734;732;2.925
735;732;2.924
736;738;3.393
737;748;3.271
738;736;3.393
739;744;3.538
740;742;2.86
741;743;2.819
741;745;3.809
742;740;2.86
743;741;2.819
744;739;3.538
744;749;3.933
745;741;3.809
746;749;2.976
747;761;2.871
748;732;2.812
748;737;3.271
749;744;3.933
749;746;2.976
750;761;2.927
751;732;2.857
751;756;3.298
752;756;4.012
752;768;3.974
753;768;4.009
753;771;2.66
754;767;3.916
755;767;2.949
755;770;2.794
756;751;3.298
756;752;4.012
756;762;3.999
756;767;3.494
757;762;3.917
758;760;3.013
759;764;2.793
760;758;3.013
761;747;2.871
761;750;2.927
762;756;3.999
762;757;3.917
762;765;3.855
762;767;2.992
763;766;2.866
764;759;2.793
765;762;3.855
766;763;2.866
766;769;3.961
767;754;3.916
767;755;2.949
767;756;3.494
767;762;2.992
767;770;2.781
768;752;3.974
768;753;4.009
769;766;3.961
770;755;2.794
770;767;2.781
771;753;2.66
772;776;3.879
773;776;3.546
773;777;3.463
773;778;3.654
774;775;2.933
775;774;2.933
776;772;3.879
776;773;3.546
777;773;3.463
778;773;3.654
779;785;3.785
780;785;3.553
781;784;3.836
781;785;3.136
782;789;2.835
783;788;2.927
784;781;3.836
784;787;3.238
785;779;3.785
785;780;3.553
785;781;3.136
786;791;2.864
787;784;3.238
787;790;2.931
788;783;2.927
788;793;2.802
788;1129;2.697
789;782;2.835
790;787;2.931
791;786;2.864
792;800;4.011
792;801;3.563
792;1129;3.088
793;788;2.802
793;1129;3.136
794;796;2.733
794;1129;3.957
795;797;2.702
796;794;2.733
796;799;3.728
797;795;2.702
798;716;3.293
798;807;2.945
799;715;3.997
799;796;3.728
800;792;4.011
800;802;3.409
800;803;3.119
800;804;3.625
801;792;3.563
802;800;3.409
803;800;3.119
803;808;2.799
804;800;3.625
804;807;3.264
805;720;3.628
806;716;3.677
806;809;3.206
806;810;3.11
807;798;2.945
807;804;3.264
808;803;2.799
808;811;3.21
809;726;3.985
809;806;3.206
809;812;4.03
810;806;3.11
811;808;3.21
812;724;3.697
812;727;2.748
812;809;4.03
812;813;3.553
813;724;3.573
813;731;2.706
813;812;3.553
814;815;2.824
814;816;3.826
815;814;2.824
816;814;3.826
817;819;2.969
818;820;3.723
818;825;3.483
819;817;2.969
820;818;3.723
820;825;3.198
821;824;3.582
822;824;2.996
823;826;3.024
824;821;3.582
824;822;2.996
825;818;3.483
825;820;3.198
825;828;3.776
826;823;3.024
826;827;2.972
826;828;2.842
827;826;2.972
828;825;3.776
828;826;2.842
829;712;2.81
829;713;3.936
830;712;3.501
830;832;3.024
831;843;3.705
832;713;2.905
832;830;3.024
832;835;3.722
833;713;2.796
834;838;3.798
835;832;3.722
836;839;2.95
837;841;2.643
837;914;2.725
838;834;3.798
839;836;2.95
840;842;2.986
840;844;2.749
840;845;2.857
841;837;2.643
842;840;2.986
842;844;3.167
843;831;3.705
844;840;2.749
844;842;3.167
845;840;2.857
846;848;3.937
846;849;3.468
847;850;2.795
848;846;3.937
849;846;3.468
849;853;3.726
850;847;2.795
850;853;2.701
850;909;2.868
850;910;2.802
851;854;3.043
852;857;3.778
852;903;4.005
852;906;3.403
852;907;3.546
853;849;3.726
853;850;2.701
853;910;3.988
854;851;3.043
854;857;2.829
854;858;2.956
855;859;3.047
856;859;3.467
856;860;2.889
857;852;3.778
857;854;2.829
857;860;3.265
857;861;2.966
858;854;2.956
858;861;3.424
858;862;3.192
858;966;3.142
859;855;3.047
859;856;3.467
859;862;3.409
859;863;3.01
860;856;2.889
860;857;3.265
860;863;3.254
860;864;2.92
861;857;2.966
861;858;3.424
861;864;3.424
861;865;2.975
861;900;3.757
861;903;3.764
862;858;3.192
862;859;3.409
862;865;3.354
862;866;2.95
862;966;3.414
863;859;3.01
863;860;3.254
863;866;3.246
863;867;2.974
864;860;2.92
864;861;3.424
864;868;2.957
864;900;3.991
865;861;2.975
865;862;3.354
865;869;2.896
865;896;3.969
865;900;3.457
865;959;3.693
865;963;3.779
866;862;2.95
866;863;3.246
866;869;3.156
866;870;2.982
867;863;2.974
867;870;3.103
867;871;3.009
868;864;2.957
868;871;3.426
868;872;2.948
868;959;3.629
869;865;2.896
869;866;3.156
869;872;4.034
869;873;3.002
870;866;2.982
870;867;3.103
870;873;3.374
870;874;2.955
871;867;3.009
871;868;3.426
871;874;3.074
871;875;3.28
872;868;2.948
872;869;4.034
872;957;3.937
872;960;4.035
873;869;3.002
873;870;3.374
873;877;3.432
873;1294;3.881
874;870;2.955
874;871;3.074
874;877;3.056
874;878;3.034
874;881;3.596
874;885;3.702
874;889;3.863
875;871;3.28
875;882;2.771
875;950;2.698
876;879;3.408
876;882;2.665
876;1297;3.348
876;1351;3.064
877;873;3.432
877;874;3.056
877;1317;3.777
878;874;3.034
878;881;2.957
878;882;3.033
879;876;3.408
879;882;3.266
879;883;3.007
880;883;2.637
881;874;3.596
881;878;2.957
881;884;3.27
881;885;2.964
882;875;2.771
882;876;2.665
882;878;3.033
882;879;3.266
882;886;3.022
882;1350;3.874
883;879;3.007
883;880;2.637
883;1352;3.715
884;881;3.27
885;874;3.702
885;881;2.964
885;888;3.109
885;889;3.024
886;882;3.022
886;890;2.762
887;891;3.02
888;885;3.109
888;891;3.393
888;892;2.997
889;874;3.863
889;885;3.024
889;892;2.988
889;893;3.283
890;886;2.762
890;893;2.991
890;894;3.029
890;950;2.886
890;953;3.813
891;887;3.02
891;888;3.393
891;894;2.908
891;895;2.949
892;888;2.997
892;889;2.988
892;896;2.919
893;889;3.283
893;890;2.991
893;897;3.005
893;956;3.797
894;890;3.029
894;891;2.908
894;897;3.366
894;898;3.034
895;891;2.949
895;899;2.985
896;865;3.969
896;892;2.919
896;899;3.232
896;900;2.936
896;959;3.625
897;893;3.005
897;894;3.366
897;901;2.978
897;956;3.868
898;894;3.034
898;902;3.032
899;895;2.985
899;896;3.232
899;902;4.037
899;903;2.945
900;861;3.757
900;864;3.991
900;865;3.457
900;896;2.936
900;904;3.007
900;962;3.66
901;897;2.978
901;904;3.351
901;905;2.963
901;929;3.873
901;933;3.661
902;898;3.032
902;899;4.037
902;905;3.389
902;906;2.946
903;852;4.005
903;861;3.764
903;899;2.945
903;907;2.741
903;962;3.595
904;900;3.007
904;901;3.351
904;907;3.465
904;908;2.929
904;926;3.889
905;901;2.963
905;902;3.389
905;908;3.42
905;909;2.997
906;852;3.403
906;902;2.946
906;909;4.001
906;910;2.968
907;852;3.546
907;903;2.741
907;904;3.465
907;910;3.493
907;911;3.052
907;916;3.593
907;922;4.147
907;925;2.674
908;904;2.929
908;905;3.42
908;911;3.015
908;912;2.919
908;913;3.802
908;916;6.28
908;917;3.675
909;850;2.868
909;905;2.997
909;906;4.001
910;850;2.802
910;853;3.988
910;906;2.968
910;907;3.493
911;907;3.052
911;908;3.015
911;915;2.899
911;916;4.033
911;919;3.737
911;922;3.612
912;908;2.919
912;915;2.954
912;916;2.991
913;908;3.802
913;916;3.447
913;917;3.015
914;837;2.725
914;917;3.048
914;918;2.887
915;911;2.899
915;912;2.954
916;907;3.593
916;908;6.28
916;911;4.033
916;912;2.991
916;913;3.447
916;919;3.041
916;922;3.755
916;926;3.851
917;908;3.675
917;913;3.015
917;914;3.048
917;923;3.7
917;926;3.65
918;914;2.887
919;911;3.737
919;916;3.041
919;922;3.053
919;923;2.923
920;924;2.979
921;924;3.375
921;925;2.994
921;971;4.018
921;974;3.956
922;907;4.147
922;911;3.612
922;916;3.755
922;919;3.053
922;925;3.217
922;926;2.984
923;917;3.7
923;919;2.923
923;926;5.598
923;927;2.965
924;920;2.979
924;921;3.375
924;927;3.285
925;907;2.674
925;921;2.994
925;922;3.217
925;962;2.96
925;965;2.797
926;904;3.889
926;916;3.851
926;917;3.65
926;922;2.984
926;923;5.598
926;929;3.036
926;930;2.954
927;923;2.965
927;924;3.285
927;931;3.029
928;958;4.021
928;962;3.702
929;901;3.873
929;926;3.036
929;932;3.048
929;933;3.088
930;926;2.954
930;933;2.96
930;934;2.917
931;927;3.029
931;935;2.97
931;955;3.578
932;929;3.048
932;936;3.054
932;956;2.858
933;901;3.661
933;929;3.088
933;930;2.96
933;936;3.34
933;937;2.984
934;930;2.917
934;937;3.186
934;938;2.999
935;931;2.97
935;938;3.471
935;939;2.986
936;932;3.054
936;933;3.34
936;939;3.283
936;940;2.98
936;949;3.71
937;933;2.984
937;934;3.186
937;940;3.234
937;941;2.939
938;934;2.999
938;935;3.471
938;941;3.154
938;942;2.968
939;935;2.986
939;936;3.283
939;944;3.041
939;948;3.34
939;949;3.366
939;952;3.651
940;936;2.98
940;937;3.234
940;943;3.002
941;937;2.939
941;938;3.154
942;938;2.968
943;940;3.002
944;939;3.041
945;948;3.789
945;949;3.186
946;949;3.489
946;950;3.007
947;950;2.729
947;951;3.235
948;939;3.34
948;945;3.789
948;952;2.997
949;936;3.71
949;939;3.366
949;945;3.186
949;946;3.489
949;953;2.975
950;875;2.698
950;890;2.886
950;946;3.007
950;947;2.729
950;1349;3.84
951;947;3.235
951;954;3.053
951;1299;3.911
951;1346;2.982
951;1347;3.65
951;1348;3.151
952;939;3.651
952;948;2.997
953;890;3.813
953;949;2.975
953;956;2.751
954;951;3.053
954;957;2.75
954;958;3.327
954;1295;3.597
955;931;3.578
955;958;2.979
956;893;3.797
956;897;3.868
956;932;2.858
956;953;2.751
956;959;2.851
957;872;3.937
957;954;2.75
958;928;4.021
958;954;3.327
958;955;2.979
958;961;2.935
958;962;3.002
958;1291;3.842
959;865;3.693
959;868;3.629
