source;destination;distance
0;3;2.773
1;47;3.602
2;7;3.558
2;48;3.647
3;0;2.773
4;7;3.312
4;8;2.975
5;9;2.976
6;10;2.975
7;2;3.558
7;4;3.312
7;10;3.115
7;11;2.971
7;43;6.219
7;47;3.737
8;4;2.975
8;11;3.35
8;12;2.965
9;5;2.976
9;13;2.931
10;6;2.975
10;7;3.115
10;14;2.947
11;7;2.971
11;8;3.35
11;14;3.404
11;15;3.019
11;44;3.62
12;8;2.965
12;16;2.987
12;104;4.034
13;9;2.931
13;16;3.34
13;17;2.936
14;10;2.947
14;11;3.404
14;18;3.01
14;37;3.742
15;11;3.019
15;19;2.983
15;37;3.902
15;99;3.937
15;100;3.647
16;12;2.987
16;13;3.34
16;19;3.173
16;20;3.082
17;13;2.936
17;20;3.332
17;21;2.989
18;14;3.01
18;21;3.545
18;22;2.95
18;37;3.011
18;96;3.101
19;15;2.983
19;16;3.173
19;22;3.185
19;97;3.529
19;610;3.868
19;613;3.508
20;16;3.082
20;17;3.332
20;23;3.375
21;17;2.989
21;18;3.545
21;24;2.994
21;30;3.627
21;33;3.397
22;18;2.95
22;19;3.185
22;93;4.086
22;96;3.889
22;97;3.936
23;20;3.375
23;613;3.79
24;21;2.994
24;27;3.986
25;620;3.253
25;647;3.702
25;648;3.267
26;30;3.838
27;24;3.986
27;30;2.84
28;31;2.718
28;32;3.027
29;32;3.309
29;33;2.977
30;21;3.627
30;26;3.838
30;27;2.84
30;33;3.451
30;34;2.999
31;28;2.718
31;34;3.439
31;35;3.004
32;28;3.027
32;29;3.309
32;36;2.995
33;21;3.397
33;29;2.977
33;30;3.451
33;36;3.251
33;37;2.956
34;30;2.999
34;31;3.439
34;37;3.302
34;38;2.928
34;80;3.786
34;93;2.863
34;96;3.682
35;31;3.004
35;38;3.335
35;39;2.958
35;81;4.038
36;32;2.995
36;33;3.251
36;39;3.382
36;40;3.007
37;14;3.742
37;15;3.902
37;18;3.011
37;33;2.956
37;34;3.302
37;40;3.022
37;41;2.857
37;96;3.874
38;34;2.928
38;35;3.335
38;42;2.991
38;80;2.604
39;35;2.958
39;36;3.382
39;42;3.177
39;43;2.983
40;36;3.007
40;37;3.022
40;43;3.472
40;44;2.912
41;37;2.857
41;45;2.958
41;73;3.496
41;99;3.508
42;38;2.991
42;39;3.177
42;45;3.3
42;46;2.969
43;7;6.219
43;39;2.983
43;40;3.472
43;46;3.401
43;47;3.056
44;11;3.62
44;40;2.912
44;47;3.217
44;48;2.787
44;99;2.637
45;41;2.958
45;42;3.3
45;49;2.991
45;56;3.965
45;73;3.942
46;42;2.969
46;43;3.401
46;50;3.058
46;51;4.031
47;1;3.602
47;7;3.737
47;43;3.056
47;44;3.217
48;2;3.647
48;44;2.787
48;66;3.176
48;69;2.654
49;45;2.991
49;56;3.993
49;59;3.846
49;66;3.678
50;46;3.058
50;53;3.068
50;55;3.68
51;46;4.031
52;55;3.658
52;58;3.428
53;50;3.068
53;56;2.983
54;57;2.99
55;50;3.68
55;52;3.658
55;58;2.999
56;45;3.965
56;49;3.993
56;53;2.983
56;59;3.044
56;70;3.998
57;54;2.99
57;60;3.015
58;52;3.428
58;55;2.999
58;61;3.033
59;49;3.846
59;56;3.044
59;62;2.97
59;63;3.875
59;66;3.476
59;67;3.761
59;70;3.719
60;57;3.015
60;67;3.737
61;58;3.033
62;59;2.97
63;59;3.875
63;66;3.466
63;67;2.896
64;67;3.407
64;68;3.039
65;68;3.022
65;69;3.038
65;108;3.212
65;111;3.806
66;48;3.176
66;49;3.678
66;59;3.476
66;63;3.466
66;69;3.75
66;70;2.973
67;59;3.761
67;60;3.737
67;63;2.896
67;64;3.407
67;70;3.493
67;71;2.965
68;64;3.039
68;65;3.022
68;72;3.003
68;101;3.958
69;48;2.654
69;65;3.038
69;66;3.75
69;72;3.339
69;73;2.923
69;99;3.197
69;102;2.613
70;56;3.998
70;59;3.719
70;66;2.973
70;67;3.493
70;73;3.212
70;74;2.993
71;67;2.965
71;74;3.38
71;75;2.977
72;68;3.003
72;69;3.339
72;76;2.921
72;95;3.582
73;41;3.496
73;45;3.942
73;69;2.923
73;70;3.212
73;76;3.407
73;77;2.89
74;70;2.993
74;71;3.38
74;77;3.405
74;78;3.014
75;71;2.977
75;78;3.486
75;79;2.992
75;89;3.572
75;92;3.297
76;72;2.921
76;73;3.407
76;79;3.01
76;80;2.853
77;73;2.89
77;74;3.405
77;81;2.983
78;74;3.014
78;75;3.486
78;82;3.014
79;75;2.992
79;76;3.01
79;83;3.957
79;89;2.678
80;34;3.786
80;38;2.604
80;76;2.853
80;83;3.251
80;96;3.911
81;35;4.038
81;77;2.983
82;78;3.014
82;84;2.992
83;79;3.957
83;80;3.251
83;90;2.929
83;93;3.602
84;82;2.992
85;89;3.652
86;89;3.144
87;90;2.896
87;91;3.186
87;622;3.927
88;91;3.13
89;75;3.572
89;79;2.678
89;85;3.652
89;86;3.144
89;92;3.005
90;83;2.929
90;87;2.896
91;87;3.186
91;88;3.13
91;94;3.006
91;621;3.375
91;622;3.827
92;75;3.297
92;89;3.005
92;95;2.858
93;22;4.086
93;34;2.863
93;83;3.602
93;96;2.936
94;91;3.006
94;97;2.841
94;614;3.944
94;617;3.655
94;618;3.702
95;72;3.582
95;92;2.858
95;98;3.856
95;99;3.006
96;18;3.101
96;22;3.889
96;34;3.682
96;37;3.874
96;80;3.911
96;93;2.936
96;99;3.126
97;19;3.529
97;22;3.936
97;94;2.841
97;100;2.975
98;95;3.856
98;101;2.912
98;614;3.939
99;15;3.937
99;41;3.508
99;44;2.637
99;69;3.197
99;95;3.006
99;96;3.126
99;102;2.948
100;15;3.647
100;97;2.975
100;103;2.983
100;104;3.0
100;107;3.729
101;68;3.958
101;98;2.912
101;111;3.872
102;69;2.613
102;99;2.948
102;108;2.804
103;100;2.983
104;12;4.034
104;100;3.0
104;107;3.095
104;108;2.986
105;108;3.364
105;109;2.944
106;110;3.127
106;603;3.431
107;100;3.729
107;104;3.095
107;110;3.383
107;111;2.997
107;607;3.699
108;65;3.212
108;102;2.804
108;104;2.986
108;105;3.364
108;111;3.467
108;112;2.975
109;105;2.944
109;112;3.221
109;113;3.04
110;106;3.127
110;107;3.383
110;113;3.118
110;114;3.003
110;603;3.345
110;604;3.974
111;65;3.806
111;101;3.872
111;107;2.997
111;108;3.467
111;114;3.243
111;115;3.043
112;108;2.975
112;109;3.221
112;115;3.361
112;116;2.995
113;109;3.04
113;110;3.118
113;116;3.389
113;117;3.044
114;110;3.003
114;111;3.243
114;117;3.006
114;118;3.237
114;692;3.817
115;111;3.043
115;112;3.361
115;118;2.93
116;112;2.995
116;113;3.389
116;119;2.806
116;268;3.256
117;113;3.044
117;114;3.006
117;120;3.163
117;121;3.027
118;114;3.237
118;115;2.93
118;122;2.988
119;116;2.806
119;264;3.816
119;268;2.739
120;117;3.163
120;123;3.306
120;264;3.689
120;267;2.63
121;117;3.027
121;124;3.35
121;125;2.926
121;261;3.995
122;118;2.988
122;126;2.989
123;120;3.306
123;126;3.152
123;127;3.086
123;1251;3.481
123;1252;2.905
124;121;3.35
124;127;3.404
124;128;3.156
124;253;3.51
124;1255;4.008
125;121;2.926
125;128;3.406
125;129;2.925
126;122;2.989
126;123;3.152
126;129;3.318
126;130;2.982
127;123;3.086
127;124;3.404
127;131;2.961
127;1246;3.893
127;1252;3.979
127;1255;3.821
128;124;3.156
128;125;3.406
128;131;3.292
128;132;2.894
128;253;3.338
129;125;2.925
129;126;3.318
129;132;3.481
129;133;3.023
130;126;2.982
130;133;3.416
130;134;2.941
130;1242;3.63
130;1245;3.364
130;1246;3.779
131;127;2.961
131;128;3.292
131;135;2.875
132;128;2.894
132;129;3.481
132;136;2.974
132;213;3.746
132;216;3.994
133;129;3.023
133;130;3.416
133;136;3.181
133;137;3.027
134;130;2.941
134;137;3.219
134;138;2.996
134;1153;3.892
134;1242;3.761
135;131;2.875
135;139;2.945
135;216;3.578
135;242;3.718
135;246;3.845
135;249;3.694
136;132;2.974
136;133;3.181
136;140;2.976
136;209;3.625
136;213;3.953
136;216;4.04
137;133;3.027
137;134;3.219
137;140;3.36
137;141;3.239
138;134;2.996
138;141;3.183
138;142;3.418
138;242;3.57
138;1236;3.672
139;135;2.945
139;142;3.01
139;143;2.924
139;206;3.541
140;136;2.976
140;137;3.36
140;207;3.652
140;208;3.677
140;209;3.833
141;137;3.239
141;138;3.183
141;145;2.83
141;1239;3.786
142;138;3.418
142;139;3.01
142;1232;3.69
142;1236;3.466
143;139;2.924
143;239;3.413
143;242;3.63
143;243;3.584
144;201;3.795
144;206;3.943
144;233;3.41
144;239;4.116
145;141;2.83
146;174;3.059
146;1168;2.757
146;1169;3.96
147;157;3.34
147;168;3.919
147;175;3.946
148;151;3.866
148;167;3.654
148;168;3.659
149;154;3.512
149;155;2.701
149;156;3.744
149;157;2.781
150;153;3.915
151;148;3.866
152;1165;3.419
153;150;3.915
154;149;3.512
154;1165;3.139
155;149;2.701
156;149;3.744
157;147;3.34
157;149;2.781
157;160;2.774
157;167;3.86
158;160;2.954
158;161;3.062
158;167;3.564
159;162;2.735
159;163;2.866
160;157;2.774
160;158;2.954
160;176;3.931
161;158;3.062
162;159;2.735
163;159;2.866
164;176;2.655
165;169;2.68
165;176;2.744
166;169;2.729
167;148;3.654
167;157;3.86
167;158;3.564
167;176;3.745
168;147;3.919
168;148;3.659
168;172;3.937
168;173;4.035
169;165;2.68
169;166;2.729
170;172;3.745
170;173;2.962
171;1171;3.308
171;1235;3.838
172;168;3.937
172;170;3.745
172;1170;3.693
172;1171;3.917
173;168;4.035
173;170;2.962
173;1235;3.784
174;146;3.059
175;147;3.946
175;180;3.403
176;160;3.931
176;164;2.655
176;165;2.744
176;167;3.745
176;180;2.991
176;182;3.008
176;183;3.953
177;179;2.77
177;180;3.301
177;183;3.191
178;183;2.942
179;177;2.77
179;1235;3.661
180;175;3.403
180;176;2.991
180;177;3.301
181;194;3.915
182;176;3.008
183;176;3.953
183;177;3.191
183;178;2.942
183;194;3.269
184;194;3.896
185;188;3.11
185;193;2.884
185;194;3.16
185;195;2.796
186;193;3.015
187;193;3.212
188;185;3.11
188;196;2.686
189;197;3.854
190;196;2.865
191;196;2.958
192;199;3.68
192;200;3.982
193;185;2.884
193;186;3.015
193;187;3.212
194;181;3.915
194;183;3.269
194;184;3.896
194;185;3.16
195;185;2.796
196;188;2.686
196;190;2.865
196;191;2.958
196;200;3.699
197;189;3.854
197;1007;3.883
197;1008;3.444
198;201;3.397
198;202;3.811
199;192;3.68
200;192;3.982
200;196;3.699
201;144;3.795
201;198;3.397
201;203;3.409
202;198;3.811
202;232;3.802
202;1007;6.421
203;201;3.409
203;206;3.055
203;207;3.108
204;211;3.61
205;211;3.556
206;139;3.541
206;144;3.943
206;203;3.055
206;212;3.34
206;215;3.586
206;216;4.022
206;229;3.324
206;243;6.309
207;140;3.652
207;203;3.108
208;140;3.677
208;211;2.826
208;212;2.989
209;136;3.625
209;140;3.833
209;212;3.499
209;213;2.956
210;214;3.005
211;204;3.61
211;205;3.556
211;208;2.826
211;214;3.289
211;215;2.945
212;206;3.34
212;208;2.989
212;209;3.499
212;215;3.219
212;216;2.961
213;132;3.746
213;136;3.953
213;209;2.956
213;217;2.944
214;210;3.005
214;211;3.289
214;217;3.058
214;218;2.969
214;680;3.792
215;206;3.586
215;211;2.945
215;212;3.219
215;218;3.313
215;219;2.964
216;132;3.994
216;135;3.578
216;136;4.04
216;206;4.022
216;212;2.961
216;219;3.92
216;220;2.959
217;213;2.944
217;214;3.058
217;220;3.248
217;221;2.952
217;684;3.453
217;688;3.886
218;214;2.969
218;215;3.313
218;222;2.958
218;223;2.728
218;224;3.832
218;663;3.925
219;215;2.964
219;216;3.92
219;222;3.077
219;225;3.497
219;243;3.746
219;246;3.794
219;247;3.589
220;216;2.959
220;217;3.248
221;217;2.952
221;687;3.655
222;218;2.958
222;219;3.077
222;1317;3.154
222;1319;2.969
223;218;2.728
223;662;3.785
223;663;3.374
224;218;3.832
224;227;3.651
224;228;3.056
224;663;5.709
224;1314;3.668
224;1324;3.986
225;219;3.497
225;229;3.046
225;230;3.116
225;243;3.791
225;244;3.778
225;247;3.256
225;1310;3.379
225;1313;6.46
225;1314;3.351
226;230;3.118
226;231;2.958
226;1310;3.654
226;1314;3.592
226;1349;3.326
226;1350;2.769
226;1351;3.213
227;224;3.651
227;231;3.789
227;1324;3.396
227;1351;3.39
228;224;3.056
228;231;3.131
229;206;3.324
229;225;3.046
229;239;3.211
229;243;3.759
230;225;3.116
230;226;3.118
230;233;2.927
230;240;3.305
230;1310;3.153
230;1348;3.653
230;1349;3.428
231;226;2.958
231;227;3.789
231;228;3.131
231;1300;3.884
231;1348;3.664
231;1349;3.393
232;202;3.802
233;144;3.41
233;230;2.927
233;235;2.95
233;236;3.316
233;239;3.476
234;236;3.021
234;1300;4.033
234;1307;3.687
234;1345;2.804
234;1348;3.54
235;233;2.95
235;239;3.012
236;233;3.316
236;234;3.021
236;239;2.971
236;240;2.947
236;1346;3.773
236;1347;3.785
237;240;3.422
237;241;2.935
237;1344;2.871
237;1346;2.699
238;1229;3.731
238;1232;3.896
238;1233;3.33
238;1346;2.936
239;143;3.413
239;144;4.116
239;229;3.211
239;233;3.476
239;235;3.012
239;236;2.971
239;242;3.033
239;243;3.456
240;230;3.305
240;236;2.947
240;237;3.422
240;243;3.349
240;244;2.939
240;1310;3.409
240;1347;3.921
240;1348;3.925
241;237;2.935
241;245;2.978
242;135;3.718
242;138;3.57
242;143;3.63
242;239;3.033
242;245;3.271
242;246;2.991
243;143;3.584
243;206;6.309
243;219;3.746
243;225;3.791
243;229;3.759
243;239;3.456
243;240;3.349
243;246;3.263
243;247;2.993
244;225;3.778
244;240;2.939
244;247;3.278
244;248;2.988
244;1313;3.919
245;241;2.978
245;242;3.271
245;248;3.499
245;249;2.929
246;135;3.845
246;219;3.794
246;242;2.991
246;243;3.263
246;250;2.905
247;219;3.589
247;225;3.256
247;243;2.993
247;244;3.278
247;250;3.439
247;251;2.924
247;1313;3.334
248;244;2.988
248;245;3.499
248;252;2.966
248;1313;3.36
249;135;3.694
249;245;2.929
249;253;2.907
250;246;2.905
250;247;3.439
250;254;2.931
251;247;2.924
251;254;3.372
251;255;2.961
252;248;2.966
252;255;3.378
252;256;2.936
252;1259;3.709
252;1266;3.376
253;124;3.51
253;128;3.338
253;249;2.907
253;256;3.191
253;257;2.886
254;250;2.931
254;251;3.372
254;257;3.355
254;258;2.948
255;251;2.961
255;252;3.378
255;258;3.796
255;259;2.998
255;1377;3.787
256;252;2.936
256;253;3.191
256;259;3.526
256;260;2.914
256;1255;3.193
256;1258;3.802
257;253;2.886
257;254;3.355
257;260;3.112
257;261;2.94
257;695;3.608
258;254;2.948
258;255;3.796
258;262;3.078
258;695;3.741
258;698;3.673
258;1374;3.529
259;255;2.998
259;256;3.526
259;262;3.445
259;263;2.901
259;1377;3.99
259;1378;3.935
259;1381;3.469
260;256;2.914
260;257;3.112
260;264;2.964
261;121;3.995
261;257;2.94
261;264;3.211
261;265;3.087
261;699;3.784
262;258;3.078
262;259;3.445
262;265;3.288
262;266;3.083
262;698;3.662
262;699;3.988
262;702;3.395
262;1378;3.458
263;259;2.901
263;267;2.88
263;1382;3.599
264;119;3.816
264;120;3.689
264;260;2.964
264;261;3.211
264;267;4.014
264;268;2.983
265;261;3.087
265;262;3.288
265;269;3.116
265;699;3.653
266;262;3.083
266;269;2.873
266;270;2.838
266;272;3.305
266;706;6.321
266;1097;6.343
266;1382;3.646
267;120;2.63
267;263;2.88
267;264;4.014
267;271;3.55
268;116;3.256
268;119;2.739
268;264;2.983
268;279;2.857
269;265;3.116
269;266;2.873
269;279;2.739
269;280;3.049
270;266;2.838
270;278;3.463
270;282;3.157
271;267;3.55
271;277;3.096
271;278;2.797
272;266;3.305
272;282;3.669
273;276;3.359
273;1115;2.8
274;282;3.595
274;283;4.007
275;1113;2.605
276;273;3.359
276;278;3.9
277;271;3.096
278;270;3.463
278;271;2.797
278;276;3.9
279;268;2.857
279;269;2.739
280;269;3.049
281;284;2.942
282;270;3.157
282;272;3.669
282;274;3.595
282;285;2.991
283;274;4.007
284;281;2.942
284;287;2.99
285;282;2.991
286;288;2.956
286;294;3.802
287;284;2.99
288;286;2.956
288;291;2.685
288;714;3.67
289;292;3.261
289;293;2.616
289;299;3.895
289;302;4.01
290;293;2.946
290;294;3.915
290;298;2.951
290;715;2.74
290;716;2.784
291;288;2.685
291;294;3.049
292;289;3.261
293;289;2.616
293;290;2.946
293;299;3.72
293;300;3.253
294;286;3.802
294;290;3.915
294;291;3.049
294;298;4.023
295;297;2.96
296;1112;2.751
297;295;2.96
298;290;2.951
298;294;4.023
299;289;3.895
299;293;3.72
299;715;3.878
300;293;3.253
301;305;3.372
301;318;2.666
302;289;4.01
303;305;3.851
303;714;3.909
304;710;3.723
305;301;3.372
305;303;3.851
305;710;3.416
305;714;3.728
306;709;2.733
306;710;3.555
306;1094;3.876
306;1098;3.779
307;1095;3.21
307;1098;3.451
307;1099;4.03
308;316;3.451
309;316;3.832
310;314;2.702
311;970;3.675
312;966;3.664
313;970;4.037
314;310;2.702
315;321;3.739
316;308;3.451
316;309;3.832
316;319;3.677
317;322;3.705
318;301;2.666
319;316;3.677
319;322;2.969
319;327;2.749
320;323;3.016
320;327;3.998
321;315;3.739
322;317;3.705
322;319;2.969
322;335;3.966
323;320;3.016
323;327;3.678
323;334;3.904
324;330;3.962
324;334;3.066
324;335;2.973
324;336;3.856
325;330;3.449
326;329;3.085
327;319;2.749
327;320;3.998
327;323;3.678
328;720;2.804
329;326;3.085
329;338;2.738
330;324;3.962
330;325;3.449
330;334;3.369
330;336;2.908
330;338;2.747
331;334;2.871
331;719;3.821
332;339;3.537
332;730;3.837
333;336;2.929
333;337;2.924
333;339;2.67
334;323;3.904
334;324;3.066
334;330;3.369
334;331;2.871
334;718;2.914
335;322;3.966
335;324;2.973
336;324;3.856
336;330;2.908
336;333;2.929
337;333;2.924
337;342;3.214
338;329;2.738
338;330;2.747
338;341;3.003
338;342;2.968
339;332;3.537
339;333;2.67
340;343;2.76
341;338;3.003
342;337;3.214
342;338;2.968
343;340;2.76
344;456;3.566
344;457;2.855
344;458;3.772
345;451;3.107
345;454;3.759
346;451;2.965
347;451;2.742
348;451;2.635
349;352;3.776
350;356;2.863
351;354;2.96
351;355;3.431
351;356;3.04
352;349;3.776
353;357;3.446
354;351;2.96
355;351;3.431
356;350;2.863
356;351;3.04
356;360;3.919
357;353;3.446
358;360;3.083
359;447;3.904
360;356;3.919
360;358;3.083
360;448;2.834
360;449;3.012
360;450;2.971
360;452;2.724
361;367;3.625
362;367;3.608
362;368;2.867
363;366;3.047
363;368;3.027
364;368;4.012
364;369;2.975
365;379;4.032
365;380;3.761
366;363;3.047
367;361;3.625
367;362;3.608
368;362;2.867
368;363;3.027
368;364;4.012
369;364;2.975
369;371;3.033
370;374;3.885
371;369;3.033
371;374;3.001
371;380;3.495
372;375;3.121
373;376;2.986
373;377;3.018
373;380;3.785
373;382;3.689
374;370;3.885
374;371;3.001
374;378;4.012
375;372;3.121
376;373;2.986
377;373;3.018
377;381;3.554
378;374;4.012
379;365;4.032
380;365;3.761
380;371;3.495
380;373;3.785
381;377;3.554
382;373;3.689
383;385;2.738
384;388;2.77
384;391;3.811
384;393;3.506
385;383;2.738
386;388;3.883
387;406;2.939
388;384;2.77
388;386;3.883
388;391;4.036
388;406;2.906
389;405;3.675
389;407;3.384
389;411;3.747
390;405;3.969
390;411;3.844
391;384;3.811
391;388;4.036
391;405;3.94
392;395;2.977
393;384;3.506
394;396;2.976
394;397;3.293
394;398;2.768
394;401;3.8
395;392;2.977
396;394;2.976
397;394;3.293
398;394;2.768
398;401;2.765
398;402;2.904
399;401;2.918
400;403;2.968
401;394;3.8
401;398;2.765
401;399;2.918
402;398;2.904
403;400;2.968
404;408;2.617
405;389;3.675
405;390;3.969
405;391;3.94
405;408;2.795
406;387;2.939
406;388;2.906
407;389;3.384
407;409;2.964
407;410;3.058
408;404;2.617
408;405;2.795
409;407;2.964
410;407;3.058
411;389;3.747
411;390;3.844
412;413;2.756
413;412;2.756
414;415;2.679
414;421;3.647
415;414;2.679
415;420;2.988
416;419;2.701
416;420;3.808
417;420;3.768
418;420;2.974
419;416;2.701
420;415;2.988
420;416;3.808
420;417;3.768
420;418;2.974
421;414;3.647
421;422;3.066
422;421;3.066
423;426;4.03
424;426;2.848
425;427;2.95
426;423;4.03
426;424;2.848
427;425;2.95
427;428;3.047
428;427;3.047
429;431;3.88
430;454;2.769
431;429;3.88
432;433;3.975
432;434;3.821
433;432;3.975
434;432;3.821
434;435;2.865
435;434;2.865
435;437;3.144
436;438;2.977
436;441;3.845
437;435;3.144
438;436;2.977
438;441;3.484
439;440;3.971
440;439;3.971
441;436;3.845
441;438;3.484
441;442;3.002
442;441;3.002
442;445;2.979
442;446;3.085
443;446;2.918
444;447;3.677
445;442;2.979
446;442;3.085
446;443;2.918
447;359;3.904
447;444;3.677
448;360;2.834
448;452;3.876
449;360;3.012
450;360;2.971
451;345;3.107
451;346;2.965
451;347;2.742
451;348;2.635
452;360;2.724
452;448;3.876
453;456;3.852
454;345;3.759
454;430;2.769
454;456;3.123
455;465;3.929
456;344;3.566
456;453;3.852
456;454;3.123
457;344;2.855
457;463;3.608
458;344;3.772
459;462;2.991
460;463;2.954
460;464;3.18
460;465;3.964
461;466;3.827
461;467;2.876
461;468;2.841
462;459;2.991
462;468;3.961
463;457;3.608
463;460;2.954
464;460;3.18
465;455;3.929
465;460;3.964
466;461;3.827
467;461;2.876
468;461;2.841
468;462;3.961
469;472;2.751
470;473;3.902
471;474;3.198
472;469;2.751
473;470;3.902
474;471;3.198
474;476;2.976
474;478;3.386
474;479;3.823
474;481;2.974
474;482;2.728
475;477;3.917
475;478;3.829
475;534;3.381
475;535;2.76
476;474;2.976
477;475;3.917
477;534;3.692
477;535;3.964
478;474;3.386
478;475;3.829
478;481;3.002
479;474;3.823
479;482;2.981
480;531;3.671
481;474;2.974
481;478;3.002
481;532;3.752
482;474;2.728
482;479;2.981
482;485;2.98
482;486;3.157
483;487;2.957
484;488;2.956
485;482;2.98
485;488;3.232
485;489;3.016
486;482;3.157
486;489;3.43
486;490;2.933
486;583;2.669
487;483;2.957
487;490;3.199
487;491;2.962
488;484;2.956
488;485;3.232
488;492;3.047
489;485;3.016
489;486;3.43
489;492;3.316
489;493;2.975
489;524;4.024
489;528;3.816
489;580;3.935
490;486;2.933
490;487;3.199
490;493;2.999
490;494;3.088
490;584;2.661
490;585;3.594
491;487;2.962
491;494;3.468
491;495;3.001
492;488;3.047
492;489;3.316
492;496;2.987
492;521;3.664
493;489;2.975
493;490;2.999
493;496;3.068
493;497;3.066
493;525;3.317
493;578;3.887
493;580;3.9
493;581;3.824
494;490;3.088
494;491;3.468
494;497;3.134
494;498;3.442
494;581;3.892
495;491;3.001
495;498;3.289
495;499;3.013
496;492;2.987
496;493;3.068
496;499;3.283
496;500;2.989
496;521;3.221
496;577;3.175
497;493;3.066
497;494;3.134
497;501;3.049
497;578;3.643
497;984;3.905
498;494;3.442
498;495;3.289
498;501;3.319
498;502;2.993
499;495;3.013
499;496;3.283
499;502;3.001
499;503;2.954
499;514;3.511
500;496;2.989
500;503;3.036
500;577;3.774
500;578;3.657
500;988;4.009
501;497;3.049
501;498;3.319
502;498;2.993
502;499;3.001
503;499;2.954
503;500;3.036
503;507;2.869
503;514;4.026
503;518;3.431
504;507;2.967
504;1029;3.015
504;1030;3.022
505;508;2.956
505;509;3.045
506;510;3.017
507;503;2.869
507;504;2.967
507;511;2.77
508;505;2.956
508;511;2.735
509;505;3.045
510;506;3.017
510;513;3.114
510;514;2.906
511;507;2.77
511;508;2.735
511;515;2.968
512;515;3.43
512;516;3.069
513;510;3.114
513;516;3.964
513;517;2.953
514;499;3.511
514;503;4.026
514;510;2.906
514;517;3.34
514;518;2.921
515;511;2.968
515;512;3.43
515;518;3.344
515;519;3.04
516;512;3.069
516;513;3.964
516;520;2.967
517;513;2.953
517;514;3.34
517;521;2.966
518;503;3.431
518;514;2.921
518;515;3.344
518;521;3.412
518;522;3.099
518;577;3.242
519;515;3.04
519;522;3.297
519;523;3.012
519;561;3.798
519;562;3.433
520;516;2.967
520;523;3.021
520;524;3.089
521;492;3.664
521;496;3.221
521;517;2.966
521;518;3.412
521;524;3.058
521;525;3.368
522;518;3.099
522;519;3.297
522;525;2.962
522;557;2.762
522;558;3.742
522;561;3.827
522;562;3.985
523;519;3.012
523;520;3.021
523;526;2.861
524;489;4.024
524;520;3.089
524;521;3.058
524;527;3.073
524;528;3.237
525;493;3.317
525;521;3.368
525;522;2.962
525;529;2.983
525;554;3.685
525;558;3.914
525;580;3.429
526;523;2.861
526;529;3.407
526;530;3.03
526;558;3.488
527;524;3.073
527;531;3.064
528;489;3.816
528;524;3.237
528;531;3.46
528;532;2.95
528;580;2.732
528;583;2.711
529;525;2.983
529;526;3.407
529;532;3.478
529;533;2.987
529;554;3.691
530;526;3.03
530;533;3.207
530;534;3.089
531;480;3.671
531;527;3.064
531;528;3.46
531;535;2.982
532;481;3.752
532;528;2.95
532;529;3.478
532;535;3.012
532;536;3.022
532;540;2.653
532;541;3.894
532;547;2.768
533;529;2.987
533;530;3.207
533;541;3.805
534;475;3.381
534;477;3.692
534;530;3.089
535;475;2.76
535;477;3.964
535;531;2.982
535;532;3.012
536;532;3.022
536;540;3.743
537;540;2.909
537;541;2.914
538;542;2.984
539;543;2.785
540;532;2.653
540;536;3.743
540;537;2.909
540;543;3.072
540;544;2.916
541;532;3.894
541;533;3.805
541;537;2.914
541;547;3.209
541;551;2.945
542;538;2.984
543;539;2.785
543;540;3.072
544;540;2.916
544;547;2.974
544;548;3.042
545;548;3.943
545;549;3.007
546;550;2.997
546;588;2.938
546;591;3.884
547;532;2.768
547;541;3.209
547;544;2.974
547;551;2.95
548;544;3.042
548;545;3.943
548;551;3.395
548;552;2.989
549;545;3.007
549;552;3.392
549;553;3.019
549;579;3.991
550;546;2.997
550;553;3.211
550;554;2.901
550;580;2.64
550;583;3.864
551;541;2.945
551;547;2.95
551;548;3.395
551;555;3.001
552;548;2.989
552;549;3.392
552;555;3.196
552;556;3.08
553;549;3.019
553;550;3.211
553;557;3.006
554;525;3.685
554;529;3.691
554;550;2.901
554;558;2.93
554;580;3.744
555;551;3.001
555;552;3.196
555;559;2.996
556;552;3.08
556;560;3.19
556;573;3.552
557;522;2.762
557;553;3.006
557;561;3.408
557;577;3.067
558;522;3.742
558;525;3.914
558;526;3.488
558;554;2.93
558;561;3.119
558;562;2.912
559;555;2.996
559;562;3.316
559;563;3.036
560;556;3.19
560;564;2.99
560;565;3.059
560;574;3.785
561;519;3.798
561;522;3.827
561;557;3.408
561;558;3.119
561;565;3.74
561;574;3.979
562;519;3.433
562;522;3.985
562;558;2.912
562;559;3.316
563;559;3.036
564;560;2.99
564;566;2.942
565;560;3.059
565;561;3.74
565;571;2.795
566;564;2.942
566;571;3.298
567;570;2.786
568;571;3.24
568;572;2.933
569;572;3.258
569;573;2.961
569;1069;3.843
570;567;2.786
570;573;3.074
570;574;3.082
571;565;2.795
571;566;3.298
571;568;3.24
571;574;2.954
572;568;2.933
572;569;3.258
572;575;2.994
572;992;3.157
573;556;3.552
573;569;2.961
573;570;3.074
573;576;2.972
574;560;3.785
574;561;3.979
574;570;3.082
574;571;2.954
574;577;3.07
575;572;2.994
575;578;3.177
575;988;3.714
575;989;3.878
576;573;2.972
576;579;2.895
576;985;3.602
576;989;4.128
577;496;3.175
577;500;3.774
577;518;3.242
577;557;3.067
577;574;3.07
577;580;2.965
578;493;3.887
578;497;3.643
578;500;3.657
578;575;3.177
578;581;2.947
578;981;3.809
578;985;3.507
579;549;3.991
579;576;2.895
579;582;2.755
579;982;3.437
579;985;3.46
580;489;3.935
580;493;3.9
580;525;3.429
580;528;2.732
580;550;2.64
580;554;3.744
580;577;2.965
580;583;2.988
581;493;3.824
581;494;3.892
581;578;2.947
581;584;2.974
581;585;2.944
581;587;3.897
581;981;3.634
582;579;2.755
582;587;4.016
583;486;2.669
583;528;2.711
583;550;3.864
583;580;2.988
584;490;2.661
584;581;2.974
585;490;3.594
585;581;2.944
585;587;3.804
585;588;3.025
586;589;3.116
586;590;2.943
586;974;3.341
587;581;3.897
587;582;4.016
587;585;3.804
587;590;3.166
587;591;3.013
587;978;3.478
588;546;2.938
588;585;3.025
588;591;3.835
588;592;3.051
589;586;3.116
589;592;3.443
589;593;2.989
590;586;2.943
590;587;3.166
590;593;3.211
590;594;2.956
590;978;3.674
591;546;3.884
591;587;3.013
591;588;3.835
591;595;3.041
592;588;3.051
592;589;3.443
592;595;3.36
592;596;2.807
593;589;2.989
593;590;3.211
593;596;3.492
593;597;2.947
594;590;2.956
594;597;3.09
594;598;3.063
594;1083;3.989
594;1087;3.614
595;591;3.041
595;592;3.36
595;598;3.004
596;592;2.807
596;593;3.492
596;599;3.02
597;593;2.947
597;594;3.09
597;600;3.087
597;601;3.078
597;701;3.613
597;1083;3.538
597;1087;3.711
598;594;3.063
598;595;3.004
598;602;2.996
598;1083;3.765
599;596;3.02
599;602;3.016
600;597;3.087
600;701;3.88
601;597;3.078
601;604;3.218
601;605;2.875
601;697;3.652
601;1083;3.784
602;598;2.996
602;599;3.016
602;606;3.055
603;106;3.431
603;110;3.345
603;606;3.209
603;607;3.286
604;110;3.974
604;601;3.218
604;607;3.081
604;608;3.027
604;696;3.48
604;697;3.804
605;601;2.875
605;609;2.924
606;602;3.055
606;603;3.209
606;609;3.326
606;610;3.061
607;107;3.699
607;603;3.286
607;604;3.081
607;610;3.427
607;611;3.035
608;604;3.027
608;611;3.977
608;612;2.968
608;659;3.914
609;605;2.924
609;606;3.326
609;613;2.966
610;19;3.868
610;606;3.061
610;607;3.427
610;613;3.285
610;614;2.999
611;607;3.035
611;608;3.977
611;614;3.381
611;615;2.968
611;689;3.75
612;608;2.968
612;615;3.443
612;616;2.923
612;652;3.453
612;655;3.812
613;19;3.508
613;23;3.79
613;609;2.966
613;610;3.285
613;616;3.318
613;617;3.005
613;648;3.539
614;94;3.944
614;98;3.939
614;610;2.999
614;611;3.381
614;617;3.227
614;618;2.994
615;611;2.968
615;612;3.443
615;619;2.961
615;655;3.906
615;682;3.754
615;685;3.86
615;686;3.399
616;612;2.923
616;613;3.318
616;619;3.232
616;620;2.991
616;648;3.813
616;651;3.978
616;652;4.038
617;94;3.655
617;613;3.005
617;614;3.227
617;621;3.354
618;94;3.702
618;614;2.994
618;621;3.282
618;622;3.019
619;615;2.961
619;616;3.232
619;623;3.001
619;624;2.813
619;645;3.823
620;25;3.253
620;616;2.991
620;624;3.051
620;625;3.138
620;647;3.855
621;91;3.375
621;617;3.354
621;618;3.282
622;87;3.927
622;91;3.827
622;618;3.019
622;625;2.795
623;619;3.001
623;626;3.015
623;627;3.564
623;641;3.501
623;645;4.137
623;679;3.393
624;619;2.813
624;620;3.051
624;641;3.746
625;620;3.138
625;622;2.795
626;623;3.015
626;638;4.064
626;641;3.009
627;623;3.564
627;639;3.08
627;641;2.939
627;667;3.785
627;668;3.364
627;675;2.714
627;679;3.566
628;637;2.634
628;638;3.34
628;639;3.96
628;668;3.726
628;669;2.922
629;632;2.996
629;633;2.854
629;634;2.795
629;635;2.752
630;668;4.099
630;669;2.753
630;671;3.66
631;634;3.863
632;629;2.996
632;637;4.012
633;629;2.854
634;629;2.795
634;631;3.863
634;1017;4.016
635;629;2.752
636;642;3.478
637;628;2.634
637;632;4.012
638;626;4.064
638;628;3.34
638;642;3.427
639;627;3.08
639;628;3.96
639;642;3.375
639;643;3.117
639;666;2.679
639;667;3.714
640;643;3.066
640;644;2.836
640;665;3.935
641;623;3.501
641;624;3.746
641;626;3.009
641;627;2.939
641;645;3.68
641;667;3.587
642;636;3.478
642;638;3.427
642;639;3.375
642;646;3.625
643;639;3.117
643;640;3.066
643;1053;4.007
643;1057;3.746
643;1063;3.946
644;640;2.836
644;650;4.038
644;653;3.957
644;654;3.879
644;1048;3.422
644;1052;3.935
645;619;3.823
645;623;4.137
645;641;3.68
645;650;3.662
645;654;3.624
645;667;4.025
646;642;3.625
646;1061;2.707
647;25;3.702
647;620;3.855
647;650;2.826
647;651;2.951
647;1064;2.75
648;25;3.267
648;613;3.539
648;616;3.813
648;651;3.471
648;652;2.953
649;652;3.236
649;653;2.992
649;1064;3.639
649;1067;3.795
649;1068;3.643
649;1071;3.985
650;644;4.038
650;645;3.662
650;647;2.826
650;653;3.298
650;654;2.992
650;1067;3.057
651;616;3.978
651;647;2.951
651;648;3.471
651;655;2.965
652;612;3.453
652;616;4.038
652;648;2.953
652;649;3.236
652;656;2.971
653;644;3.957
653;649;2.992
653;650;3.298
653;656;3.28
653;657;3.039
653;1052;3.924
653;1071;3.581
654;644;3.879
654;645;3.624
654;650;2.992
654;657;3.121
654;658;3.015
654;664;3.798
655;612;3.812
655;615;3.906
655;651;2.965
655;658;3.306
655;659;2.981
655;686;4.017
656;652;2.971
656;653;3.28
656;659;3.078
656;660;3.23
656;1044;5.834
656;1047;3.512
656;1071;3.75
656;1078;3.881
657;653;3.039
657;654;3.121
657;663;2.794
657;1048;3.519
658;654;3.015
658;655;3.306
658;661;2.938
658;683;3.448
658;686;3.58
658;687;3.962
659;608;3.914
659;655;2.981
659;656;3.078
659;690;3.813
660;656;3.23
660;1044;3.467
661;658;2.938
661;683;2.894
661;687;3.976
662;223;3.785
662;1044;3.823
662;1045;2.744
662;1046;2.818
663;218;3.925
663;223;3.374
663;224;5.709
663;657;2.794
663;683;3.836
663;1049;3.928
664;654;3.798
664;667;3.508
664;683;3.268
665;640;3.935
665;1049;3.542
666;639;2.679
667;627;3.785
667;639;3.714
667;641;3.587
667;645;4.025
667;664;3.508
667;676;3.249
667;679;3.453
668;627;3.364
668;628;3.726
668;630;4.099
668;672;3.372
668;676;2.982
669;628;2.922
669;630;2.753
669;676;3.609
670;1005;3.427
671;630;3.66
672;668;3.372
672;675;2.756
672;676;3.062
673;677;2.942
674;677;3.359
674;678;2.992
675;627;2.714
675;672;2.756
675;678;3.215
675;679;3.048
676;667;3.249
676;668;2.982
676;669;3.609
676;672;3.062
676;679;3.353
676;680;2.919
677;673;2.942
677;674;3.359
677;680;3.177
677;681;3.026
678;674;2.992
678;675;3.215
679;623;3.393
679;627;3.566
679;667;3.453
679;675;3.048
679;676;3.353
679;682;3.003
679;683;2.929
680;214;3.792
680;676;2.919
680;677;3.177
680;683;3.327
680;684;2.965
681;677;3.026
681;684;3.434
681;685;3.0
682;615;3.754
682;679;3.003
682;685;3.433
682;686;2.983
683;658;3.448
683;661;2.894
683;663;3.836
683;664;3.268
683;679;2.929
683;680;3.327
683;686;3.333
683;687;2.975
684;217;3.453
684;680;2.965
684;681;3.434
684;687;3.434
684;688;2.996
685;615;3.86
685;681;3.0
685;682;3.433
685;688;3.477
685;689;2.996
686;615;3.399
686;655;4.017
686;658;3.58
686;682;2.983
686;683;3.333
686;690;2.963
687;221;3.655
687;658;3.962
687;661;3.976
687;683;2.975
687;684;3.434
687;691;2.929
688;217;3.886
688;684;2.996
688;685;3.477
688;691;3.399
688;692;3.023
689;611;3.75
689;685;2.996
689;692;3.448
689;693;2.992
690;659;3.813
690;686;2.963
690;693;3.165
690;694;2.929
691;687;2.929
691;688;3.399
691;694;3.275
691;695;2.979
692;114;3.817
692;688;3.023
692;689;3.448
692;696;3.03
693;689;2.992
693;690;3.165
693;696;3.298
693;697;2.91
694;690;2.929
694;691;3.275
694;697;3.112
694;698;3.074
695;257;3.608
695;258;3.741
695;691;2.979
695;699;3.015
696;604;3.48
696;692;3.03
696;693;3.298
696;700;2.923
697;601;3.652
697;604;3.804
697;693;2.91
697;694;3.112
697;700;3.382
697;701;3.119
697;1086;3.527
698;258;3.673
698;262;3.662
698;694;3.074
698;701;3.411
698;702;2.939
698;1086;3.602
698;1089;3.743
698;1374;6.39
699;261;3.784
699;262;3.988
699;265;3.653
699;695;3.015
699;702;3.427
699;703;2.957
700;696;2.923
700;697;3.382
700;704;3.06
701;597;3.613
701;600;3.88
701;697;3.119
701;698;3.411
701;704;3.305
701;705;3.014
701;1086;3.622
701;1090;3.531
702;262;3.395
702;698;2.939
702;699;3.427
702;705;3.412
702;706;2.97
702;1093;3.452
703;699;2.957
703;706;3.272
703;707;3.072
704;700;3.06
704;701;3.305
704;707;3.115
704;708;3.111
705;701;3.014
705;702;3.412
705;708;2.964
705;709;3.018
705;1090;3.51
705;1094;3.455
706;266;6.321
706;702;2.97
706;703;3.272
706;1094;3.777
706;1097;3.386
707;703;3.072
707;704;3.115
708;704;3.111
708;705;2.964
709;306;2.733
709;705;3.018
709;1094;3.763
710;304;3.723
710;305;3.416
710;306;3.555
710;714;3.511
711;1097;3.889
711;1101;2.905
712;1102;2.748
713;716;3.723
714;288;3.67
714;303;3.909
714;305;3.728
714;710;3.511
715;290;2.74
715;299;3.878
716;290;2.784
716;713;3.723
717;822;3.666
718;334;2.914
719;331;3.821
719;731;3.64
720;328;2.804
721;724;2.97
722;725;2.956
722;726;2.954
723;727;2.801
724;721;2.97
724;727;2.872
725;722;2.956
725;733;3.722
726;722;2.954
727;723;2.801
727;724;2.872
727;728;3.38
728;727;3.38
728;732;3.747
729;732;2.992
730;332;3.837
731;719;3.64
732;728;3.747
732;729;2.992
733;725;3.722
733;754;2.859
734;753;3.947
734;755;3.75
735;746;3.716
735;754;3.409
736;747;3.336
737;747;3.492
738;742;2.724
738;745;4.014
738;747;3.284
739;742;3.434
740;744;2.604
741;744;2.664
742;738;2.724
742;739;3.434
742;744;3.797
742;745;2.711
743;749;2.761
744;740;2.604
744;741;2.664
744;742;3.797
745;738;4.014
745;742;2.711
745;748;3.328
746;735;3.716
746;750;3.169
746;752;3.755
747;736;3.336
747;737;3.492
747;738;3.284
747;750;3.748
748;745;3.328
749;743;2.761
750;746;3.169
750;747;3.748
750;752;2.866
751;765;2.772
752;746;3.755
752;750;2.866
753;734;3.947
754;733;2.859
754;735;3.409
755;734;3.75
755;757;2.927
756;758;3.034
757;755;2.927
757;822;3.935
758;756;3.034
759;823;2.819
760;805;2.735
761;763;3.662
762;803;3.76
763;761;3.662
764;766;2.727
764;767;3.315
765;751;2.772
766;764;2.727
767;764;3.315
768;792;3.535
769;771;2.96
769;772;3.78
770;795;2.669
771;769;2.96
771;774;3.01
772;769;3.78
773;784;3.693
773;787;3.512
773;789;3.404
774;771;3.01
775;778;2.758
775;789;3.584
775;790;3.821
776;790;3.502
777;780;3.9
777;788;3.59
777;789;3.976
777;790;3.677
778;775;2.758
778;783;3.635
779;782;2.98
780;777;3.9
780;784;3.438
780;789;3.419
781;783;2.924
782;779;2.98
783;778;3.635
783;781;2.924
783;789;3.636
784;773;3.693
784;780;3.438
784;789;3.641
785;786;3.688
786;785;3.688
787;773;3.512
788;777;3.59
788;791;2.785
788;793;3.115
789;773;3.404
789;775;3.584
789;777;3.976
789;780;3.419
789;783;3.636
789;784;3.641
790;775;3.821
790;776;3.502
790;777;3.677
791;788;2.785
791;794;2.967
792;768;3.535
793;788;3.115
794;791;2.967
795;770;2.669
796;802;2.592
797;799;3.603
797;801;2.785
797;802;2.7
798;800;2.976
799;797;3.603
800;798;2.976
801;797;2.785
802;796;2.592
802;797;2.7
803;762;3.76
804;805;3.269
805;760;2.735
805;804;3.269
806;811;2.761
807;810;3.882
807;811;3.113
808;810;2.954
808;811;3.019
809;813;3.75
810;807;3.882
810;808;2.954
811;806;2.761
811;807;3.113
811;808;3.019
811;812;3.783
812;811;3.783
813;809;3.75
814;824;3.868
814;826;2.859
814;827;2.804
815;818;2.811
816;818;2.84
816;819;3.175
817;821;4.079
818;815;2.811
818;816;2.84
819;816;3.175
820;823;3.403
821;817;4.079
822;717;3.666
822;757;3.935
823;759;2.819
823;820;3.403
824;814;3.868
824;825;3.021
825;824;3.021
826;814;2.859
826;828;2.585
827;814;2.804
828;826;2.585
829;830;2.952
830;829;2.952
830;833;2.954
830;837;4.025
831;834;3.463
831;837;3.62
832;834;3.453
833;830;2.954
834;831;3.463
834;832;3.453
834;837;3.05
835;838;2.97
836;839;3.782
837;830;4.025
837;831;3.62
837;834;3.05
837;898;2.773
838;835;2.97
838;841;2.811
839;836;3.782
839;845;3.878
840;845;3.746
840;894;3.702
840;895;3.736
841;838;2.811
842;845;2.914
842;846;3.027
843;847;3.08
844;848;2.927
845;839;3.878
845;840;3.746
845;842;2.914
845;848;3.24
845;849;2.97
846;842;3.027
846;849;3.328
846;850;3.167
846;954;2.879
847;843;3.08
847;850;3.456
847;851;3.03
848;844;2.927
848;845;3.24
848;851;3.352
848;852;2.926
849;845;2.97
849;846;3.328
849;852;3.405
849;853;2.96
849;888;3.765
849;891;3.841
850;846;3.167
850;847;3.456
850;853;3.353
850;854;2.951
850;954;3.602
851;847;3.03
851;848;3.352
851;854;3.218
851;855;2.986
852;848;2.926
852;849;3.405
852;856;2.947
852;888;4.007
853;849;2.96
853;850;3.353
853;857;2.897
853;884;3.978
853;888;3.379
853;947;3.732
853;951;3.761
854;850;2.951
854;851;3.218
854;857;3.15
854;858;2.993
855;851;2.986
855;858;3.138
855;859;2.993
856;852;2.947
856;859;3.493
856;860;2.935
856;947;3.633
857;853;2.897
857;854;3.15
857;861;2.983
858;854;2.993
858;855;3.138
858;861;3.36
858;862;2.978
859;855;2.993
859;856;3.493
859;862;3.027
860;856;2.935
860;945;3.898
861;857;2.983
861;858;3.36
861;865;3.713
861;1282;3.856
862;858;2.978
862;859;3.027
862;865;3.084
862;866;3.016
862;869;3.526
862;873;3.854
862;877;3.978
863;870;2.722
863;938;2.735
864;867;3.33
864;870;2.664
864;1285;3.336
864;1339;3.052
865;861;3.713
865;862;3.084
865;1305;3.795
866;862;3.016
866;869;2.968
866;870;3.027
867;864;3.33
867;870;3.238
867;871;3.013
867;1340;3.924
868;871;2.622
869;862;3.526
869;866;2.968
869;872;3.316
869;873;2.962
870;863;2.722
870;864;2.664
870;866;3.027
870;867;3.238
870;874;3.036
870;1338;3.891
871;867;3.013
871;868;2.622
871;1340;3.45
872;869;3.316
873;862;3.854
873;869;2.962
873;876;3.109
873;877;3.032
874;870;3.036
874;878;2.725
875;879;3.027
876;873;3.109
876;879;3.344
876;880;2.981
877;862;3.978
877;873;3.032
877;880;3.003
877;881;3.253
878;874;2.725
878;881;3.012
878;882;3.031
878;938;2.825
878;941;3.778
879;875;3.027
879;876;3.344
879;882;2.874
879;883;2.958
880;876;2.981
880;877;3.003
880;883;3.475
880;884;2.919
881;877;3.253
881;878;3.012
881;885;3.011
881;944;3.795
882;878;3.031
882;879;2.874
882;885;3.349
882;886;3.039
883;879;2.958
883;880;3.475
883;886;3.498
883;887;2.983
884;853;3.978
884;880;2.919
884;887;3.238
884;888;2.936
884;944;4.036
884;947;3.59
885;881;3.011
885;882;3.349
885;889;2.978
885;944;3.805
886;882;3.039
886;883;3.498
886;890;3.029
887;883;2.983
887;884;3.238
887;890;4.04
887;891;2.944
888;849;3.765
888;852;4.007
888;853;3.379
888;884;2.936
888;892;3.009
888;950;3.704
889;885;2.978
889;892;3.383
889;893;2.971
889;917;3.849
889;921;3.69
890;886;3.029
890;887;4.04
890;893;3.395
890;894;2.961
891;849;3.841
891;887;2.944
891;894;3.382
891;895;2.708
891;950;3.562
892;888;3.009
892;889;3.383
892;896;2.963
892;914;3.93
893;889;2.971
893;890;3.395
893;896;4.015
893;897;2.988
894;840;3.702
894;890;2.961
894;891;3.382
894;897;3.449
894;898;3.001
895;840;3.736
895;891;2.708
895;899;3.07
895;904;3.644
895;910;4.039
895;913;2.662
896;892;2.963
896;893;4.015
896;899;3.031
896;900;2.917
896;901;3.877
896;904;6.287
896;905;3.628
897;893;2.988
897;894;3.449
898;837;2.773
898;894;3.001
899;895;3.07
899;896;3.031
899;903;2.685
899;904;3.946
899;907;3.92
899;910;3.68
900;896;2.917
900;904;2.968
901;896;3.877
901;904;3.431
901;905;3.026
902;905;3.08
902;906;2.883
903;899;2.685
904;895;3.644
904;896;6.287
904;899;3.946
904;900;2.968
904;901;3.431
904;907;3.04
904;910;3.684
904;914;3.795
905;896;3.628
905;901;3.026
905;902;3.08
905;911;3.754
905;914;3.761
906;902;2.883
907;899;3.92
907;904;3.04
907;910;3.013
907;911;2.945
908;912;2.983
909;912;3.342
909;913;3.007
909;959;3.714
909;962;3.919
910;895;4.039
910;899;3.68
910;904;3.684
910;907;3.013
910;913;3.187
910;914;2.977
911;905;3.754
911;907;2.945
911;914;5.772
911;915;2.966
912;908;2.983
912;909;3.342
912;915;3.221
913;895;2.662
913;909;3.007
913;910;3.187
913;950;2.964
913;953;2.634
914;892;3.93
914;904;3.795
914;905;3.761
914;910;2.977
914;911;5.772
914;917;3.029
914;918;2.949
915;911;2.966
915;912;3.221
915;919;3.024
916;946;3.979
916;950;3.701
917;889;3.849
917;914;3.029
917;920;3.05
917;921;3.091
918;914;2.949
918;921;2.971
918;922;2.909
919;915;3.024
919;923;2.971
919;943;3.718
920;917;3.05
920;923;3.998
920;924;3.045
920;944;2.921
921;889;3.69
921;917;3.091
921;918;2.971
921;924;3.371
921;925;2.983
922;918;2.909
922;925;3.187
922;926;2.997
923;919;2.971
923;920;3.998
923;926;3.471
923;927;2.99
924;920;3.045
924;921;3.371
924;927;3.269
924;928;2.986
924;937;3.773
925;921;2.983
925;922;3.187
925;928;3.207
925;929;2.929
926;922;2.997
926;923;3.471
926;929;3.142
926;930;2.973
927;923;2.99
927;924;3.269
927;932;3.041
927;936;3.353
927;937;3.383
927;940;3.664
928;924;2.986
928;925;3.207
928;931;3.0
929;925;2.929
929;926;3.142
930;926;2.973
931;928;3.0
932;927;3.041
933;936;3.783
933;937;3.17
934;937;3.482
934;938;3.011
935;938;2.726
935;939;3.207
936;927;3.353
936;933;3.783
936;940;2.992
937;924;3.773
937;927;3.383
937;933;3.17
937;934;3.482
937;941;2.977
938;863;2.735
938;878;2.825
938;934;3.011
938;935;2.726
938;941;3.693
938;1337;3.92
939;935;3.207
939;942;3.042
939;1287;3.869
939;1334;3.016
939;1335;3.634
939;1336;3.132
940;927;3.664
940;936;2.992
941;878;3.778
941;937;2.977
941;938;3.693
941;944;2.743
942;939;3.042
942;945;2.75
942;946;3.326
942;1283;3.581
943;919;3.718
943;946;2.98
944;881;3.795
944;884;4.036
944;885;3.805
944;920;2.921
944;941;2.743
944;947;2.846
945;860;3.898
945;942;2.75
946;916;3.979
946;942;3.326
946;943;2.98
946;949;2.95
946;950;3.012
946;1279;3.834
