source;destination;distance
0;3;2.789
1;47;3.603
2;7;3.634
2;48;3.674
3;0;2.789
4;7;3.243
4;8;2.973
5;9;2.974
6;10;2.969
7;2;3.634
7;4;3.243
7;10;3.145
7;11;2.966
7;43;3.903
7;47;3.708
8;4;2.973
8;11;3.442
8;12;2.97
9;5;2.974
9;13;2.936
10;6;2.969
10;7;3.145
10;13;3.493
10;14;2.948
11;7;2.966
11;8;3.442
11;14;3.397
11;15;3.008
11;44;3.616
12;8;2.97
12;16;2.981
12;104;3.951
13;9;2.936
13;10;3.493
13;16;3.398
13;17;2.941
14;10;2.948
14;11;3.397
14;18;3.007
14;37;3.851
14;40;4.035
15;11;3.008
15;19;2.981
15;37;3.722
15;99;3.987
15;100;3.597
16;12;2.981
16;13;3.398
16;19;3.123
16;20;3.087
17;13;2.941
17;20;3.29
17;21;2.98
18;14;3.007
18;22;2.96
18;37;3.143
18;96;3.571
19;15;2.981
19;16;3.123
19;22;3.165
19;97;3.496
19;616;3.502
20;16;3.087
20;17;3.29
21;17;2.98
21;24;2.984
21;30;3.596
21;33;3.409
22;18;2.96
22;19;3.165
22;93;4.03
22;96;4.033
23;616;3.709
24;21;2.984
24;27;4.04
25;623;3.249
25;650;3.689
25;651;3.258
26;30;3.826
27;24;4.04
27;30;2.854
28;31;2.73
28;32;3.012
29;32;3.281
29;33;2.974
30;21;3.596
30;26;3.826
30;27;2.854
30;33;3.383
30;34;2.992
31;28;2.73
31;34;3.477
31;35;3.003
32;28;3.012
32;29;3.281
32;36;2.981
33;21;3.409
33;29;2.974
33;30;3.383
33;36;3.266
33;37;2.94
34;30;2.992
34;31;3.477
34;37;3.37
34;38;2.938
34;93;2.811
34;96;3.209
35;31;3.003
35;38;3.36
35;39;2.971
35;81;3.694
36;32;2.981
36;33;3.266
36;39;3.373
36;40;3.007
37;14;3.851
37;15;3.722
37;18;3.143
37;33;2.94
37;34;3.37
37;40;3.014
37;41;2.856
37;96;3.459
38;34;2.938
38;35;3.36
38;42;2.973
38;80;2.764
39;35;2.971
39;36;3.373
39;42;3.177
39;43;2.99
40;14;4.035
40;36;3.007
40;37;3.014
40;43;3.455
40;44;2.911
41;37;2.856
41;45;2.947
41;73;3.456
41;99;3.473
42;38;2.973
42;39;3.177
42;45;3.316
42;46;2.979
43;7;3.903
43;39;2.99
43;40;3.455
43;46;3.421
43;47;3.059
44;11;3.616
44;40;2.911
44;47;3.258
44;48;2.805
44;99;2.653
45;41;2.947
45;42;3.316
45;49;2.988
45;56;3.959
45;73;3.912
46;42;2.979
46;43;3.421
46;50;3.074
46;51;3.945
47;1;3.603
47;7;3.708
47;43;3.059
47;44;3.258
48;2;3.674
48;44;2.805
48;66;3.174
48;69;2.656
49;45;2.988
49;56;3.97
49;59;3.812
49;66;3.715
50;46;3.074
50;55;3.597
51;46;3.945
52;55;3.036
52;58;3.463
53;56;2.98
54;57;3.003
55;50;3.597
55;52;3.036
55;58;2.988
56;45;3.959
56;49;3.97
56;53;2.98
56;59;3.044
56;70;3.952
57;54;3.003
57;60;3.018
58;52;3.463
58;55;2.988
58;61;3.019
59;49;3.812
59;56;3.044
59;62;2.969
59;63;3.729
59;66;3.477
59;70;3.769
60;57;3.018
61;58;3.019
62;59;2.969
63;59;3.729
63;66;3.482
63;67;2.937
64;67;3.438
64;68;3.033
65;68;3.031
65;69;3.054
65;102;3.452
65;108;3.347
65;111;3.854
66;48;3.174
66;49;3.715
66;59;3.477
66;63;3.482
66;69;3.643
66;70;2.977
67;63;2.937
67;64;3.438
67;70;3.408
67;71;2.951
68;64;3.033
68;65;3.031
68;72;3.005
68;101;3.868
69;48;2.656
69;65;3.054
69;66;3.643
69;72;3.355
69;73;2.916
69;99;3.178
69;102;2.735
70;56;3.952
70;59;3.769
70;66;2.977
70;67;3.408
70;73;3.108
70;74;2.973
71;67;2.951
71;74;3.428
71;75;2.988
72;68;3.005
72;69;3.355
72;76;2.922
72;95;3.619
73;41;3.456
73;45;3.912
73;69;2.916
73;70;3.108
73;76;3.447
73;77;2.891
74;70;2.973
74;71;3.428
74;77;3.394
74;78;3.002
75;71;2.988
75;79;2.987
75;89;3.509
75;92;3.297
76;72;2.922
76;73;3.447
76;79;3.004
76;80;2.864
77;73;2.891
77;74;3.394
77;81;2.961
78;74;3.002
78;82;3.012
79;75;2.987
79;76;3.004
79;83;3.981
79;89;2.747
80;38;2.764
80;76;2.864
80;83;3.189
80;96;3.607
81;35;3.694
81;77;2.961
82;78;3.012
82;84;2.998
83;79;3.981
83;80;3.189
83;90;2.919
83;93;3.566
84;82;2.998
85;89;3.699
86;89;3.144
87;90;2.872
87;91;3.171
87;625;3.904
88;91;3.141
89;75;3.509
89;79;2.747
89;85;3.699
89;86;3.144
89;92;2.998
90;83;2.919
90;87;2.872
91;87;3.171
91;88;3.141
91;94;3.015
91;624;3.446
91;625;3.858
92;75;3.297
92;89;2.998
92;95;2.861
93;22;4.03
93;34;2.811
93;83;3.566
93;96;2.916
94;91;3.015
94;97;2.875
94;617;3.953
94;620;3.619
94;621;3.68
95;72;3.619
95;92;2.861
95;98;3.12
95;99;3.04
96;18;3.571
96;22;4.033
96;34;3.209
96;37;3.459
96;80;3.607
96;93;2.916
96;99;3.165
97;19;3.496
97;94;2.875
97;100;3.02
98;95;3.12
98;101;2.716
98;617;3.964
99;15;3.987
99;41;3.473
99;44;2.653
99;69;3.178
99;95;3.04
99;96;3.165
99;102;2.769
99;103;3.441
100;15;3.597
100;97;3.02
100;103;2.986
100;104;2.977
100;107;3.612
100;613;3.496
101;68;3.868
101;98;2.716
101;111;3.816
102;65;3.452
102;69;2.735
102;99;2.769
102;108;2.799
103;99;3.441
103;100;2.986
104;12;3.951
104;100;2.977
104;107;3.092
104;108;2.976
105;108;3.381
105;109;2.944
106;110;3.129
106;606;3.498
107;100;3.612
107;104;3.092
107;110;3.457
107;111;3.002
107;610;3.692
108;65;3.347
108;102;2.799
108;104;2.976
108;105;3.381
108;111;3.437
108;112;2.969
109;105;2.944
109;112;3.303
109;113;3.023
110;106;3.129
110;107;3.457
110;113;3.057
110;114;2.986
110;606;3.357
110;607;4.002
111;65;3.854
111;101;3.816
111;107;3.002
111;108;3.437
111;114;3.186
111;115;3.029
112;108;2.969
112;109;3.303
112;115;3.422
112;116;3.004
113;109;3.023
113;110;3.057
113;116;3.246
113;117;3.051
114;110;2.986
114;111;3.186
114;117;3.024
114;118;3.198
114;699;3.588
115;111;3.029
115;112;3.422
115;118;2.973
116;112;3.004
116;113;3.246
116;119;2.801
116;260;3.827
117;113;3.051
117;114;3.024
117;120;3.144
117;121;3.017
118;114;3.198
118;115;2.973
118;122;3.001
119;116;2.801
119;122;3.487
119;264;2.712
120;117;3.144
120;260;3.782
120;263;2.659
120;264;2.777
121;117;3.017
121;125;2.951
121;253;3.874
121;257;3.996
122;118;3.001
122;119;3.487
122;126;2.989
123;126;3.084
123;127;3.076
123;1269;3.472
123;1270;2.905
124;127;3.426
124;128;3.165
124;249;3.54
124;1273;4.0
125;121;2.951
125;128;3.377
125;129;2.934
126;122;2.989
126;123;3.084
126;129;3.306
126;130;2.986
127;123;3.076
127;124;3.426
127;130;3.869
127;131;2.965
127;1264;4.005
127;1270;3.941
127;1273;3.794
128;124;3.165
128;125;3.377
128;131;3.326
128;132;2.898
128;249;3.347
129;125;2.934
129;126;3.306
129;132;3.468
129;133;3.007
130;126;2.986
130;127;3.869
130;133;3.465
130;134;2.939
130;1260;3.66
130;1263;3.4
130;1264;3.579
131;127;2.965
131;128;3.326
131;134;3.415
131;135;2.865
132;128;2.898
132;129;3.468
132;136;2.968
132;209;3.683
132;212;3.984
133;129;3.007
133;130;3.465
133;136;3.215
133;137;3.005
133;1171;4.033
134;130;2.939
134;131;3.415
134;137;3.297
134;138;2.976
134;1171;3.712
134;1260;3.842
135;131;2.865
135;139;2.948
135;212;3.587
135;245;3.861
136;132;2.968
136;133;3.215
136;140;2.926
136;205;3.788
136;209;3.92
137;133;3.005
137;134;3.297
137;140;3.208
137;141;3.125
137;205;3.825
137;1257;3.899
138;134;2.976
138;141;3.144
138;142;3.457
138;238;3.635
138;1254;3.695
138;1257;3.908
139;135;2.948
139;142;3.478
139;143;2.957
139;202;3.614
140;136;2.926
140;137;3.208
140;144;3.661
140;204;3.496
140;205;3.953
141;137;3.125
141;138;3.144
141;1254;3.654
141;1257;3.4
142;138;3.457
142;139;3.478
142;1250;3.677
142;1254;3.5
143;139;2.957
143;225;3.125
143;235;3.401
143;238;3.73
143;239;3.656
144;140;3.661
144;203;3.802
145;150;2.757
145;198;2.941
146;192;3.092
146;196;3.814
146;198;3.123
147;150;2.92
147;151;3.853
147;193;3.845
147;196;2.77
148;196;2.851
148;199;3.783
148;203;2.664
149;153;3.649
149;155;3.714
150;145;2.757
150;147;2.92
150;154;3.4
150;193;2.837
151;147;3.853
151;188;3.412
151;191;2.923
152;187;3.864
152;188;3.656
153;149;3.649
153;186;2.737
154;150;3.4
155;149;3.714
156;160;3.874
157;160;3.986
158;160;3.629
159;162;3.644
159;182;3.686
160;156;3.874
160;157;3.986
160;158;3.629
161;181;3.258
161;182;2.739
162;159;3.644
163;170;3.036
163;171;3.779
164;166;3.466
165;170;2.853
166;164;3.466
166;170;3.157
167;173;2.629
168;173;3.061
168;174;3.084
169;172;3.313
169;173;2.981
169;180;3.385
169;182;3.798
170;163;3.036
170;165;2.853
170;166;3.157
171;163;3.779
172;169;3.313
173;167;2.629
173;168;3.061
173;169;2.981
173;178;3.198
174;168;3.084
174;176;3.233
175;176;3.683
176;174;3.233
176;175;3.683
177;179;3.06
178;173;3.198
178;180;3.036
179;177;3.06
179;184;3.889
179;185;3.563
180;169;3.385
180;178;3.036
180;183;3.163
181;161;3.258
182;159;3.686
182;161;2.739
182;169;3.798
183;180;3.163
184;179;3.889
185;179;3.563
186;153;2.737
187;152;3.864
187;1027;3.472
188;151;3.412
188;152;3.656
188;191;3.364
189;1029;4.021
190;193;3.942
190;1026;3.701
191;151;2.923
191;188;3.364
191;193;2.986
192;146;3.092
193;147;3.845
193;150;2.837
193;190;3.942
193;191;2.986
194;197;3.214
195;1024;2.844
195;1026;3.598
196;146;3.814
196;147;2.77
196;148;2.851
196;199;3.119
197;194;3.214
197;228;3.591
197;229;3.965
198;145;2.941
198;146;3.123
199;148;3.783
199;196;3.119
199;202;3.0
199;203;3.043
199;207;3.709
200;207;3.152
201;207;3.361
201;225;3.441
202;139;3.614
202;199;3.0
202;208;3.495
202;211;3.501
202;225;3.127
202;239;3.993
203;144;3.802
203;148;2.664
203;199;3.043
204;140;3.496
204;207;2.806
204;208;2.978
205;136;3.788
205;137;3.825
205;140;3.953
205;209;2.952
206;210;2.987
207;199;3.709
207;200;3.152
207;201;3.361
207;204;2.806
207;210;3.32
207;211;2.963
208;202;3.495
208;204;2.978
208;211;3.246
208;212;2.953
209;132;3.683
209;136;3.92
209;205;2.952
209;213;2.929
210;206;2.987
210;207;3.32
210;213;3.058
210;214;2.963
210;683;3.814
211;202;3.501
211;207;2.963
211;208;3.246
211;214;3.319
211;215;2.935
212;132;3.984
212;135;3.587
212;208;2.953
212;215;3.476
212;216;2.962
213;209;2.929
213;210;3.058
213;216;3.219
213;217;2.935
213;687;3.458
213;690;4.069
213;691;3.862
214;210;2.963
214;211;3.319
214;218;2.974
214;219;2.843
214;220;3.829
214;666;3.617
215;211;2.935
215;212;3.476
215;218;3.078
215;221;3.606
215;239;3.903
215;242;3.779
215;243;3.734
216;212;2.962
216;213;3.219
217;213;2.935
217;690;3.614
218;214;2.974
218;215;3.078
218;1335;3.149
218;1337;2.977
219;214;2.843
219;665;3.741
219;666;3.424
220;214;3.829
220;223;3.282
220;224;3.005
220;666;5.729
220;1332;3.768
220;1342;3.912
221;215;3.606
221;225;3.046
221;226;3.158
221;240;3.902
221;243;3.276
221;1328;3.763
221;1331;3.604
221;1332;3.309
222;226;3.122
222;227;2.976
222;1328;3.664
222;1332;3.661
222;1367;3.478
222;1368;2.787
222;1369;3.1
223;220;3.282
223;1342;3.487
223;1369;3.12
224;220;3.005
224;227;3.065
225;143;3.125
225;201;3.441
225;202;3.127
225;221;3.046
225;235;2.839
226;221;3.158
226;222;3.122
226;229;2.958
226;236;3.408
226;1328;3.16
226;1367;3.486
227;222;2.976
227;224;3.065
227;1318;3.742
227;1367;3.474
228;197;3.591
229;197;3.965
229;226;2.958
229;231;2.935
229;232;3.296
229;235;3.655
230;232;3.03
230;1325;3.683
230;1362;3.487
230;1363;2.845
230;1366;3.5
231;229;2.935
231;235;3.018
232;229;3.296
232;230;3.03
232;235;2.972
232;236;2.955
232;1364;3.81
232;1365;3.724
233;236;3.686
233;237;2.921
233;1362;2.825
233;1364;2.768
234;1247;3.738
234;1250;3.837
234;1251;3.264
234;1364;2.928
235;143;3.401
235;225;2.839
235;229;3.655
235;231;3.018
235;232;2.972
235;238;3.024
235;239;3.304
236;226;3.408
236;232;2.955
236;233;3.686
236;239;3.323
236;240;2.948
236;1328;3.47
236;1365;3.973
236;1366;3.937
237;233;2.921
237;241;2.977
238;138;3.635
238;143;3.73
238;235;3.024
238;241;3.098
238;242;2.966
239;143;3.656
239;202;3.993
239;215;3.903
239;235;3.304
239;236;3.323
239;242;3.127
239;243;2.957
240;221;3.902
240;236;2.948
240;243;3.116
240;244;2.963
240;1331;3.992
241;237;2.977
241;238;3.098
241;245;2.949
242;215;3.779
242;238;2.966
242;239;3.127
242;246;2.902
243;215;3.734
243;221;3.276
243;239;2.957
243;240;3.116
243;247;2.943
243;1331;3.432
244;240;2.963
244;248;2.952
244;1331;3.485
245;135;3.861
245;241;2.949
245;249;2.926
246;242;2.902
246;250;2.932
247;243;2.943
247;250;3.467
247;251;2.972
248;244;2.952
248;251;3.412
248;252;2.937
248;1277;3.651
248;1284;3.64
249;124;3.54
249;128;3.347
249;245;2.926
249;252;3.164
249;253;2.884
250;246;2.932
250;247;3.467
250;253;3.278
250;254;2.951
251;247;2.972
251;248;3.412
251;254;3.468
251;255;2.993
251;1395;3.732
252;248;2.937
252;249;3.164
252;255;3.457
252;256;2.9
252;1273;3.143
252;1276;3.899
253;121;3.874
253;249;2.884
253;250;3.278
253;256;3.144
253;257;2.945
253;698;3.667
254;250;2.951
254;251;3.468
254;258;3.077
254;698;3.716
254;701;3.653
254;1392;3.484
255;251;2.993
255;252;3.457
255;259;2.927
255;1395;3.851
255;1396;3.916
255;1399;3.507
256;252;2.9
256;253;3.144
256;260;2.93
257;121;3.996
257;253;2.945
257;260;3.341
257;261;3.068
257;702;3.764
258;254;3.077
258;261;3.215
258;262;3.052
258;701;3.574
258;702;3.949
258;705;3.475
258;1396;3.462
259;255;2.927
259;263;2.908
259;1400;3.745
260;116;3.827
260;120;3.782
260;256;2.93
260;257;3.341
260;264;2.986
261;257;3.068
261;258;3.215
261;265;3.055
261;702;3.648
262;258;3.052
262;265;3.411
262;266;2.847
262;706;3.472
262;709;3.448
263;120;2.659
263;259;2.908
263;266;3.024
263;267;3.589
264;119;2.712
264;120;2.777
264;260;2.986
264;275;2.798
265;261;3.055
265;262;3.411
265;274;4.007
265;275;2.811
265;276;3.01
266;262;2.847
266;263;3.024
266;276;3.197
267;263;3.589
267;273;2.706
267;274;3.771
267;276;3.341
268;1137;3.547
269;272;3.137
270;283;3.753
271;286;2.583
272;269;3.137
273;267;2.706
274;265;4.007
274;267;3.771
275;264;2.798
275;265;2.811
276;265;3.01
276;266;3.197
276;267;3.341
277;285;3.957
277;355;3.67
278;290;3.536
279;283;3.867
279;285;3.037
279;352;3.383
280;284;3.188
281;349;3.8
282;726;3.568
283;270;3.753
283;279;3.867
284;280;3.188
285;277;3.957
285;279;3.037
286;271;2.583
287;292;3.938
287;293;2.805
288;306;3.8
289;292;3.011
289;307;3.92
289;308;3.226
290;278;3.536
291;308;2.671
292;287;3.938
292;289;3.011
293;287;2.805
294;300;2.854
294;302;3.7
295;300;3.54
296;297;4.032
296;298;2.808
296;299;3.294
297;296;4.032
298;296;2.808
299;296;3.294
300;294;2.854
300;295;3.54
301;304;3.669
302;294;3.7
302;303;3.644
303;302;3.644
304;301;3.669
305;307;2.916
306;288;3.8
307;289;3.92
307;305;2.916
307;308;3.001
308;289;3.226
308;291;2.671
308;307;3.001
309;310;3.55
310;309;3.55
311;320;3.877
312;314;2.979
312;320;4.024
313;315;3.309
314;312;2.979
314;319;3.52
314;320;3.075
315;313;3.309
315;320;3.43
316;318;3.01
317;321;2.991
317;322;3.589
318;316;3.01
318;324;2.737
318;342;3.243
319;314;3.52
319;322;2.963
319;323;2.792
319;324;2.728
320;311;3.877
320;312;4.024
320;314;3.075
320;315;3.43
321;317;2.991
322;317;3.589
322;319;2.963
323;319;2.792
324;318;2.737
324;319;2.728
325;338;4.031
326;329;2.68
326;331;3.294
326;339;2.948
326;340;3.804
326;343;2.821
327;340;4.024
328;340;2.703
328;348;3.609
329;326;2.68
330;332;3.367
331;326;3.294
331;333;3.032
331;339;3.875
332;330;3.367
333;331;3.032
333;337;2.857
333;339;3.633
334;337;3.037
335;461;2.653
336;401;2.929
337;333;2.857
337;334;3.037
338;325;4.031
339;326;2.948
339;331;3.875
339;333;3.633
339;343;3.416
340;326;3.804
340;327;4.024
340;328;2.703
340;346;2.788
341;344;3.003
341;345;2.988
341;346;2.863
342;318;3.243
343;326;2.821
343;339;3.416
344;341;3.003
345;341;2.988
346;340;2.788
346;341;2.863
346;349;3.019
346;350;3.057
347;350;3.367
347;351;3.119
348;328;3.609
348;354;2.799
349;281;3.8
349;346;3.019
350;346;3.057
350;347;3.367
350;353;3.577
351;347;3.119
351;354;2.837
352;279;3.383
352;355;2.955
353;350;3.577
354;348;2.799
354;351;2.837
355;277;3.67
355;352;2.955
356;713;2.794
357;359;3.538
358;359;2.958
358;360;2.937
359;357;3.538
359;358;2.958
360;358;2.937
361;468;3.198
362;466;4.022
362;467;3.68
363;366;3.21
363;466;3.214
364;366;3.693
364;466;2.989
364;467;3.652
365;368;2.825
366;363;3.21
366;364;3.693
367;369;3.921
368;365;2.825
368;369;2.97
368;370;3.37
369;367;3.921
369;368;2.97
370;368;3.37
371;375;3.907
372;375;2.999
373;377;2.81
373;378;2.792
374;376;2.965
375;371;3.907
375;372;2.999
375;377;2.983
376;374;2.965
377;373;2.81
377;375;2.983
377;405;2.828
378;373;2.792
378;405;3.309
379;383;3.103
380;389;3.791
381;386;2.818
382;385;2.99
383;379;3.103
384;386;3.464
384;392;3.983
385;382;2.99
386;381;2.818
386;384;3.464
386;387;3.0
386;389;3.412
387;386;3.0
388;390;3.012
388;391;2.819
389;380;3.791
389;386;3.412
389;391;3.14
389;392;2.893
389;395;3.535
390;388;3.012
391;388;2.819
391;389;3.14
392;384;3.983
392;389;2.893
392;395;3.949
392;445;3.029
393;445;2.886
394;456;3.816
394;457;2.914
395;389;3.535
395;392;3.949
395;456;2.97
396;456;2.999
397;456;3.755
398;403;3.892
398;409;3.591
399;403;3.876
399;404;2.908
400;402;2.966
401;336;2.929
402;400;2.966
403;398;3.892
403;399;3.876
404;399;2.908
405;377;2.828
405;378;3.309
406;407;3.709
407;406;3.709
407;410;3.629
408;410;2.811
409;398;3.591
410;407;3.629
410;408;2.811
410;412;2.938
411;413;3.054
412;410;2.938
413;411;3.054
414;423;3.932
415;418;3.7
416;422;3.97
416;423;3.963
417;419;3.984
418;415;3.7
419;417;3.984
420;422;3.777
421;424;3.223
422;416;3.97
422;420;3.777
423;414;3.932
423;416;3.963
424;421;3.223
425;426;3.925
426;425;3.925
426;430;3.924
427;430;3.6
428;430;3.01
429;432;2.883
430;426;3.924
430;427;3.6
430;428;3.01
431;433;2.877
432;429;2.883
433;431;2.877
433;435;2.947
434;436;2.998
435;433;2.947
435;437;2.988
436;434;2.998
437;435;2.988
438;439;2.998
439;438;2.998
439;442;3.167
440;443;3.178
441;444;4.023
442;439;3.167
443;440;3.178
444;441;4.023
444;446;3.072
445;392;3.029
445;393;2.886
446;444;3.072
447;454;3.821
448;449;2.98
449;448;2.98
450;452;3.924
451;461;2.774
452;450;3.924
453;459;3.429
454;447;3.821
454;457;3.649
454;458;4.032
455;458;3.055
455;460;3.384
456;394;3.816
456;395;2.97
456;396;2.999
456;397;3.755
457;394;2.914
457;454;3.649
458;454;4.032
458;455;3.055
459;453;3.429
460;455;3.384
461;335;2.653
461;451;2.774
462;463;3.972
463;462;3.972
464;466;3.894
465;469;3.565
465;471;3.206
466;362;4.022
466;363;3.214
466;364;2.989
466;464;3.894
466;469;4.013
467;362;3.68
467;364;3.652
467;469;3.294
468;361;3.198
469;465;3.565
469;466;4.013
469;467;3.294
470;475;3.301
471;465;3.206
472;475;3.951
473;475;3.711
474;480;2.914
475;470;3.301
475;472;3.951
475;473;3.711
476;538;2.851
476;540;2.789
477;537;3.017
477;539;2.8
477;540;2.705
478;537;3.642
479;533;3.949
479;534;3.381
479;537;3.596
480;474;2.914
481;483;2.945
481;484;3.138
482;487;4.031
482;534;3.702
483;481;2.945
484;481;3.138
484;487;3.053
485;489;2.957
486;490;2.95
487;482;4.031
487;484;3.053
487;490;3.305
487;491;3.038
488;491;3.389
488;492;2.934
488;586;2.672
489;485;2.957
489;492;3.157
489;493;2.977
490;486;2.95
490;487;3.305
490;494;3.058
491;487;3.038
491;488;3.389
491;494;3.296
491;495;2.973
491;527;3.935
491;531;3.8
492;488;2.934
492;489;3.157
492;495;3.002
492;496;3.093
492;587;2.752
492;588;3.612
493;489;2.977
493;496;3.479
493;497;3.013
494;490;3.058
494;491;3.296
494;498;2.972
494;524;3.684
495;491;2.973
495;492;3.002
495;498;3.092
495;499;3.07
495;528;3.287
495;581;3.884
495;583;3.925
495;584;3.829
496;492;3.093
496;493;3.479
496;499;3.139
496;500;3.431
496;584;3.824
497;493;3.013
497;500;3.297
497;501;3.016
498;494;2.972
498;495;3.092
498;501;3.268
498;502;2.997
498;524;3.2
498;580;3.13
499;495;3.07
499;496;3.139
499;503;3.052
499;581;3.632
499;1001;3.887
500;496;3.431
500;497;3.297
500;503;3.317
500;504;2.987
501;497;3.016
501;498;3.268
501;504;3.058
501;505;2.963
501;517;3.5
501;520;4.028
501;521;4.036
502;498;2.997
502;505;3.03
502;578;4.028
502;580;3.795
502;581;3.672
502;1005;3.988
503;499;3.052
503;500;3.317
504;500;2.987
504;501;3.058
505;501;2.963
505;502;3.03
505;510;2.929
505;517;3.976
505;521;3.414
506;510;2.972
506;1048;3.11
506;1049;3.07
507;510;3.522
507;511;2.856
508;511;2.967
508;512;3.043
509;513;3.013
510;505;2.929
510;506;2.972
510;507;3.522
510;514;2.802
511;507;2.856
511;508;2.967
511;514;2.745
512;508;3.043
513;509;3.013
513;516;3.093
513;517;2.943
514;510;2.802
514;511;2.745
514;518;2.956
515;518;3.258
515;519;3.016
516;513;3.093
516;519;3.958
516;520;2.962
517;501;3.5
517;505;3.976
517;513;2.943
517;520;3.375
517;521;2.929
518;514;2.956
518;515;3.258
518;521;3.309
518;522;3.019
519;515;3.016
519;516;3.958
519;523;2.954
520;501;4.028
520;516;2.962
520;517;3.375
520;524;2.96
521;501;4.036
521;505;3.414
521;517;2.929
521;518;3.309
521;524;3.411
521;525;3.07
521;580;3.265
522;518;3.019
522;525;3.328
522;526;2.982
522;564;3.787
522;565;3.42
523;519;2.954
523;526;3.073
523;527;3.047
524;494;3.684
524;498;3.2
524;520;2.96
524;521;3.411
524;527;2.979
524;528;3.362
525;521;3.07
525;522;3.328
525;528;2.868
525;529;3.477
525;560;2.837
525;561;3.808
525;564;3.634
525;565;3.973
526;522;2.982
526;523;3.073
526;529;2.815
526;530;3.358
527;491;3.935
527;523;3.047
527;524;2.979
527;530;3.158
527;531;3.06
528;495;3.287
528;524;3.362
528;525;2.868
528;532;2.955
528;557;3.569
528;561;3.762
528;583;3.469
529;525;3.477
529;526;2.815
529;533;3.09
529;561;3.387
530;526;3.358
530;527;3.158
530;533;3.443
530;534;2.967
531;491;3.8
531;527;3.06
531;534;3.931
531;535;3.031
531;583;2.711
531;586;2.73
532;528;2.955
532;536;3.036
532;557;3.66
533;479;3.949
533;529;3.09
533;530;3.443
533;536;3.281
533;537;3.339
534;479;3.381
534;482;3.702
534;530;2.967
534;531;3.931
534;538;3.383
535;531;3.031
535;538;3.215
535;539;3.078
535;543;2.684
535;544;3.696
535;550;2.746
536;532;3.036
536;533;3.281
536;544;3.663
536;545;3.777
537;477;3.017
537;478;3.642
537;479;3.596
537;533;3.339
538;476;2.851
538;534;3.383
538;535;3.215
539;477;2.8
539;535;3.078
539;543;3.727
540;476;2.789
540;477;2.705
540;543;2.904
540;544;2.974
541;545;2.998
542;546;2.833
543;535;2.684
543;539;3.727
543;540;2.904
543;546;3.065
543;547;2.92
544;535;3.696
544;536;3.663
544;540;2.974
544;550;3.089
544;554;2.965
545;536;3.777
545;541;2.998
546;542;2.833
546;543;3.065
547;543;2.92
547;550;2.984
547;551;3.042
548;551;3.959
548;552;3.022
549;553;3.002
549;591;2.964
549;594;3.834
550;535;2.746
550;544;3.089
550;547;2.984
550;554;2.965
551;547;3.042
551;548;3.959
551;554;3.387
551;555;2.994
552;548;3.022
552;555;3.44
552;556;3.024
552;582;3.987
553;549;3.002
553;556;3.172
553;557;2.906
553;583;2.632
553;586;3.87
554;544;2.965
554;550;2.965
554;551;3.387
554;558;3.0
555;551;2.994
555;552;3.44
555;558;3.255
555;559;3.08
556;552;3.024
556;553;3.172
556;560;3.033
557;528;3.569
557;532;3.66
557;553;2.906
557;561;2.935
557;583;3.679
558;554;3.0
558;555;3.255
558;562;2.987
559;555;3.08
559;563;3.245
559;576;3.578
560;525;2.837
560;556;3.033
560;564;3.472
560;580;2.994
561;525;3.808
561;528;3.762
561;529;3.387
561;557;2.935
561;564;3.058
561;565;2.912
562;558;2.987
562;565;3.251
562;566;3.049
563;559;3.245
563;567;3.004
563;568;3.049
563;577;3.825
564;522;3.787
564;525;3.634
564;560;3.472
564;561;3.058
564;568;3.755
564;577;3.997
565;522;3.42
565;525;3.973
565;561;2.912
565;562;3.251
566;562;3.049
567;563;3.004
567;569;2.949
568;563;3.049
568;564;3.755
568;574;2.814
569;567;2.949
569;574;3.259
570;573;2.808
571;575;2.929
572;575;3.314
572;576;2.965
572;1088;3.889
573;570;2.808
573;576;3.086
573;577;3.084
574;568;2.814
574;569;3.259
574;577;2.933
575;571;2.929
575;572;3.314
575;578;2.964
575;1009;3.154
576;559;3.578
576;572;2.965
576;573;3.086
576;579;2.975
577;563;3.825
577;564;3.997
577;573;3.084
577;574;2.933
577;580;3.086
578;502;4.028
578;575;2.964
578;581;3.178
578;1005;3.695
578;1006;3.907
579;576;2.975
579;582;2.889
579;1002;3.599
579;1006;4.128
580;498;3.13
580;502;3.795
580;521;3.265
580;560;2.994
580;577;3.086
580;583;3.017
581;495;3.884
581;499;3.632
581;502;3.672
581;578;3.178
581;584;2.937
581;998;3.795
581;1002;3.516
582;552;3.987
582;579;2.889
582;585;2.762
582;999;3.417
582;1002;3.448
583;495;3.925
583;528;3.469
583;531;2.711
583;553;2.632
583;557;3.679
583;580;3.017
583;586;2.978
584;495;3.829
584;496;3.824
584;581;2.937
584;587;2.974
584;588;2.945
584;590;3.865
584;998;3.54
585;582;2.762
586;488;2.672
586;531;2.73
586;553;3.87
586;583;2.978
587;492;2.752
587;584;2.974
588;492;3.612
588;584;2.945
588;590;3.869
588;591;3.024
589;592;3.094
589;593;2.927
589;991;3.193
590;584;3.865
590;588;3.869
590;593;3.223
590;594;3.022
590;995;3.48
591;549;2.964
591;588;3.024
591;594;3.857
591;595;3.052
592;589;3.094
592;595;3.458
592;596;2.972
593;589;2.927
593;590;3.223
593;596;3.263
593;597;2.959
593;992;4.031
593;995;3.627
594;549;3.834
594;590;3.022
594;591;3.857
594;598;3.053
595;591;3.052
595;592;3.458
595;598;3.376
595;599;2.799
596;592;2.972
596;593;3.263
596;599;3.343
596;600;2.938
596;1106;3.757
597;593;2.959
597;600;3.202
597;601;3.076
597;1102;3.577
598;594;3.053
598;595;3.376
598;601;3.015
599;595;2.799
599;596;3.343
599;602;2.988
600;596;2.938
600;597;3.202
600;603;3.08
600;604;3.081
600;704;3.791
600;1102;3.494
600;1106;3.584
601;597;3.076
601;598;3.015
601;605;2.971
601;1102;3.843
602;599;2.988
602;605;3.036
603;600;3.08
603;704;3.934
604;600;3.081
604;607;3.265
604;608;2.873
604;700;3.545
604;1102;3.805
605;601;2.971
605;602;3.036
605;609;3.049
606;106;3.498
606;110;3.357
606;609;3.241
606;610;3.313
607;110;4.002
607;604;3.265
607;610;3.088
607;611;3.026
607;699;3.465
607;700;3.9
608;604;2.873
608;612;2.922
609;605;3.049
609;606;3.241
609;612;3.287
609;613;3.058
610;107;3.692
610;606;3.313
610;607;3.088
610;613;3.472
610;614;3.04
611;607;3.026
611;614;3.475
611;615;2.961
611;662;3.914
612;608;2.922
612;609;3.287
612;616;2.974
613;100;3.496
613;609;3.058
613;610;3.472
613;616;3.291
613;617;3.002
614;610;3.04
614;611;3.475
614;617;3.324
614;618;2.952
614;692;3.694
615;611;2.961
615;618;3.481
615;619;2.927
615;655;3.494
615;658;3.796
616;19;3.502
616;23;3.709
616;612;2.974
616;613;3.291
616;619;3.279
616;620;3.004
616;651;3.449
617;94;3.953
617;98;3.964
617;613;3.002
617;614;3.324
617;620;3.26
617;621;2.998
618;614;2.952
618;615;3.481
618;622;2.959
618;658;3.807
618;688;4.044
618;689;3.556
618;692;3.886
619;615;2.927
619;616;3.279
619;622;3.235
619;623;2.989
619;651;3.75
619;654;3.983
619;655;4.005
620;94;3.619
620;616;3.004
620;617;3.26
620;624;3.313
621;94;3.68
621;617;2.998
621;624;3.303
621;625;3.018
622;618;2.959
622;619;3.235
622;626;3.002
622;627;2.817
622;648;3.824
623;25;3.249
623;619;2.989
623;627;3.052
623;628;3.168
623;650;3.991
624;91;3.446
624;620;3.313
624;621;3.303
625;87;3.904
625;91;3.858
625;621;3.018
625;628;2.804
626;622;3.002
626;629;3.008
626;630;3.56
626;644;3.507
626;648;4.104
626;682;3.363
626;685;4.038
627;622;2.817
627;623;3.052
627;644;3.758
628;623;3.168
628;625;2.804
629;626;3.008
629;641;4.12
629;644;2.97
630;626;3.56
630;642;3.085
630;644;2.977
630;670;3.804
630;671;3.475
630;678;2.806
630;682;3.625
631;640;2.645
631;641;3.679
631;671;3.539
631;672;2.934
632;635;3.02
632;636;2.855
632;637;2.804
632;638;2.746
633;672;2.78
633;674;3.643
634;637;3.851
635;632;3.02
635;640;4.029
636;632;2.855
637;632;2.804
637;634;3.851
637;1036;3.944
638;632;2.746
639;645;3.574
639;646;3.159
640;631;2.645
640;635;4.029
641;629;4.12
641;631;3.679
641;645;3.488
642;630;3.085
642;645;3.134
642;646;3.142
642;669;2.85
642;670;3.571
643;646;3.032
643;647;2.842
643;668;3.899
644;626;3.507
644;627;3.758
644;629;2.97
644;630;2.977
644;648;3.703
644;670;3.594
645;639;3.574
645;641;3.488
645;642;3.134
645;649;3.495
646;639;3.159
646;642;3.142
646;643;3.032
646;653;4.026
646;1076;3.635
647;643;2.842
647;653;3.964
647;656;3.912
647;657;3.874
647;1067;3.43
647;1071;3.708
648;622;3.824
648;626;4.104
648;644;3.703
648;653;3.651
648;657;3.635
648;670;4.021
649;645;3.495
649;1080;2.723
650;25;3.689
650;623;3.991
650;653;2.873
650;654;2.941
650;1083;2.863
651;25;3.258
651;616;3.449
651;619;3.75
651;654;3.419
651;655;2.944
652;655;3.206
652;656;2.999
652;1083;3.626
652;1086;3.844
652;1087;3.652
652;1090;3.976
653;646;4.026
653;647;3.964
653;648;3.651
653;650;2.873
653;656;3.25
653;657;2.987
653;1086;3.09
654;619;3.983
654;650;2.941
654;651;3.419
654;657;4.001
654;658;2.972
655;615;3.494
655;619;4.005
655;651;2.944
655;652;3.206
655;658;3.473
655;659;2.974
656;647;3.912
656;652;2.999
656;653;3.25
656;659;3.301
656;660;3.03
656;1071;3.937
656;1090;3.609
657;647;3.874
657;648;3.635
657;653;2.987
657;654;4.001
657;660;3.171
657;661;3.032
657;667;3.866
658;615;3.796
658;618;3.807
658;654;2.972
658;655;3.473
658;661;3.3
658;662;2.962
659;655;2.974
659;656;3.301
659;662;3.092
659;663;3.204
659;1063;5.726
659;1066;3.46
659;1090;3.731
659;1097;3.891
660;656;3.03
660;657;3.171
660;666;2.85
660;1067;3.52
661;657;3.032
661;658;3.3
661;664;3.034
661;667;3.716
661;686;3.523
661;689;3.594
661;690;4.032
662;611;3.914
662;658;2.962
662;659;3.092
662;693;3.795
663;659;3.204
663;1063;3.443
664;661;3.034
664;690;4.021
665;219;3.741
665;1063;3.82
665;1064;2.726
665;1065;2.872
666;214;3.617
666;219;3.424
666;220;5.729
666;660;2.85
666;1068;3.865
667;657;3.866
667;661;3.716
667;670;3.542
667;686;3.288
668;643;3.899
668;1068;3.493
669;642;2.85
669;1022;3.824
670;630;3.804
670;642;3.571
670;644;3.594
670;648;4.021
670;667;3.542
670;679;3.195
670;682;3.478
671;630;3.475
671;631;3.539
671;675;3.363
671;679;2.937
672;631;2.934
672;633;2.78
672;679;3.639
673;1023;3.424
674;633;3.643
675;671;3.363
675;678;2.767
675;679;3.08
676;680;2.952
677;680;3.396
677;681;2.986
678;630;2.806
678;675;2.767
678;681;3.225
678;682;3.052
679;670;3.195
679;671;2.937
679;672;3.639
679;675;3.08
679;682;3.057
679;683;2.897
680;676;2.952
680;677;3.396
680;683;3.184
680;684;3.026
681;677;2.986
681;678;3.225
682;626;3.363
682;630;3.625
682;670;3.478
682;678;3.052
682;679;3.057
682;685;2.997
682;686;2.92
683;210;3.814
683;679;2.897
683;680;3.184
683;686;3.394
683;687;2.962
684;680;3.026
684;687;3.436
684;688;3.002
685;626;4.038
685;682;2.997
685;688;3.342
685;689;2.956
686;661;3.523
686;667;3.288
686;682;2.92
686;683;3.394
686;689;3.369
686;690;2.987
687;213;3.458
687;683;2.962
687;684;3.436
687;690;3.44
687;691;2.999
688;618;4.044
688;684;3.002
688;685;3.342
688;691;3.414
688;692;2.983
689;618;3.556
689;661;3.594
689;685;2.956
689;686;3.369
689;693;2.949
690;213;4.069
690;217;3.614
690;661;4.032
690;664;4.021
690;686;2.987
690;687;3.44
690;694;2.931
691;213;3.862
691;687;2.999
691;688;3.414
691;694;3.398
691;695;3.025
692;614;3.694
692;618;3.886
692;688;2.983
692;695;3.499
692;696;2.987
693;662;3.795
693;689;2.949
693;696;3.2
693;697;2.942
694;690;2.931
694;691;3.398
694;697;3.327
694;698;2.986
695;691;3.025
695;692;3.499
695;698;3.478
695;699;3.031
696;692;2.987
696;693;3.2
696;699;3.297
696;700;2.914
697;693;2.942
697;694;3.327
697;700;3.134
697;701;3.072
698;253;3.667
698;254;3.716
698;694;2.986
698;695;3.478
698;702;3.035
699;114;3.588
699;607;3.465
699;695;3.031
699;696;3.297
699;703;2.92
700;604;3.545
700;607;3.9
700;696;2.914
700;697;3.134
700;703;3.4
700;704;3.123
700;1105;3.365
701;254;3.653
701;258;3.574
701;697;3.072
701;704;3.428
701;705;2.951
701;1105;3.606
701;1108;3.699
702;257;3.764
702;258;3.949
702;261;3.648
702;698;3.035
702;705;3.376
702;706;2.968
703;699;2.92
703;700;3.4
703;707;3.05
704;600;3.791
704;603;3.934
704;700;3.123
704;701;3.428
704;707;3.28
704;708;2.991
704;1105;3.633
704;1106;3.781
704;1109;3.564
705;258;3.475
705;701;2.951
705;702;3.376
705;708;3.434
705;709;3.019
705;1109;3.974
705;1112;3.42
706;262;3.472
706;702;2.968
706;709;3.349
706;710;3.045
707;703;3.05
707;704;3.28
707;710;3.172
707;711;3.054
708;704;2.991
708;705;3.434
708;711;2.98
708;712;3.064
708;1109;3.475
708;1113;3.769
709;262;3.448
709;705;3.019
709;706;3.349
709;1112;4.018
709;1113;3.746
709;1116;3.951
710;706;3.045
710;707;3.172
711;707;3.054
711;708;2.98
712;708;3.064
712;1113;3.914
713;356;2.794
713;717;3.301
714;1120;2.867
715;1120;2.83
716;722;3.072
717;713;3.301
717;1121;3.887
718;721;3.721
718;1121;2.652
719;724;3.854
719;735;3.104
720;723;2.879
721;718;3.721
721;1124;3.024
722;716;3.072
722;1123;3.883
723;720;2.879
723;1128;3.575
723;1129;3.499
724;719;3.854
724;735;3.411
725;734;3.287
725;736;3.868
725;1128;3.952
726;282;3.568
726;1130;3.504
727;728;3.007
727;734;3.829
728;727;3.007
729;734;3.45
730;733;2.795
731;1131;3.29
732;1128;3.888
733;730;2.795
733;738;3.515
734;725;3.287
734;727;3.829
734;729;3.45
734;737;2.832
735;719;3.104
735;724;3.411
736;725;3.868
736;1128;3.782
737;734;2.832
738;733;3.515
738;739;3.095
738;1127;3.125
739;738;3.095
740;742;3.099
740;746;2.735
741;744;3.047
741;746;3.334
742;740;3.099
743;850;2.805
744;741;3.047
745;850;3.527
746;740;2.735
746;741;3.334
747;750;4.02
747;848;2.671
748;754;3.937
749;753;2.927
749;754;3.73
749;844;2.773
750;747;4.02
750;843;3.97
750;845;3.399
750;846;3.961
750;847;3.324
751;844;3.014
752;781;3.195
752;782;3.881
753;749;2.927
754;748;3.937
754;749;3.73
754;758;3.534
755;760;2.862
755;761;2.855
756;761;2.829
757;761;2.681
758;754;3.534
758;768;3.877
759;762;2.78
759;768;3.881
760;755;2.862
760;763;3.621
761;755;2.855
761;756;2.829
761;757;2.681
762;759;2.78
762;769;2.721
763;760;3.621
764;766;2.999
764;767;3.431
765;773;3.7
766;764;2.999
766;773;4.011
767;764;3.431
767;779;3.055
768;758;3.877
768;759;3.881
769;762;2.721
770;772;2.929
771;772;2.963
772;770;2.929
772;771;2.963
773;765;3.7
773;766;4.011
773;775;3.339
774;776;3.017
775;773;3.339
775;777;3.008
776;774;3.017
777;775;3.008
778;780;3.079
779;767;3.055
780;778;3.079
781;752;3.195
782;752;3.881
782;844;3.763
783;844;4.037
784;844;3.56
785;792;3.024
786;792;3.497
787;834;3.516
788;791;2.923
788;834;3.342
789;828;4.01
790;793;3.024
791;788;2.923
792;785;3.024
792;786;3.497
793;790;3.024
793;829;3.361
794;829;3.717
795;796;3.1
795;797;3.115
796;795;3.1
797;795;3.115
798;804;3.592
799;803;4.016
800;803;2.854
801;809;3.885
801;810;3.641
801;811;3.78
802;810;2.952
803;799;4.016
803;800;2.854
804;798;3.592
805;809;3.806
805;810;3.786
806;807;3.02
806;808;3.604
807;806;3.02
808;806;3.604
809;801;3.885
809;805;3.806
809;812;2.992
810;801;3.641
810;802;2.952
810;805;3.786
811;801;3.78
812;809;2.992
813;816;2.75
814;830;2.967
815;817;2.804
816;813;2.75
816;825;3.842
817;815;2.804
818;819;2.929
818;820;3.028
818;823;2.741
819;818;2.929
820;818;3.028
821;823;3.156
822;824;2.94
823;818;2.741
823;821;3.156
824;822;2.94
825;816;3.842
826;827;3.576
827;826;3.576
827;829;4.039
828;789;4.01
829;793;3.361
829;794;3.717
829;827;4.039
830;814;2.967
831;833;3.857
832;838;3.162
833;831;3.857
834;787;3.516
834;788;3.342
835;839;3.09
836;838;2.939
837;839;2.985
838;832;3.162
838;836;2.939
838;841;3.01
839;835;3.09
839;837;2.985
839;842;2.998
840;847;3.601
841;838;3.01
842;839;2.998
843;750;3.97
844;749;2.773
844;751;3.014
844;782;3.763
844;783;4.037
844;784;3.56
845;750;3.399
846;750;3.961
847;750;3.324
847;840;3.601
848;747;2.671
848;850;2.783
849;851;3.057
850;743;2.805
850;745;3.527
850;848;2.783
851;849;3.057
851;1126;2.842
852;853;2.947
852;854;2.87
852;858;3.781
852;863;3.627
853;852;2.947
854;852;2.87
854;858;3.626
854;859;3.087
855;915;2.806
856;911;3.795
856;914;3.741
857;862;4.013
857;911;3.423
857;912;3.792
858;852;3.781
858;854;3.626
858;915;4.022
859;854;3.087
859;862;3.103
859;863;2.904
860;864;3.036
861;864;3.811
861;865;2.933
862;857;4.013
862;859;3.103
862;865;3.25
862;866;2.931
862;908;4.016
863;852;3.627
863;859;2.904
863;866;3.439
863;867;3.131
863;971;3.441
864;860;3.036
864;861;3.811
864;867;3.442
864;868;2.982
865;861;2.933
865;862;3.25
865;868;3.318
865;869;2.907
866;862;2.931
866;863;3.439
866;869;3.447
866;870;2.947
866;905;3.824
866;908;3.767
867;863;3.131
867;864;3.442
867;870;3.345
867;871;2.929
867;971;3.524
868;864;2.982
868;865;3.318
868;871;3.229
868;872;2.967
869;865;2.907
869;866;3.447
869;873;2.954
869;905;3.979
870;866;2.947
870;867;3.345
870;874;2.897
870;901;3.959
870;905;3.441
870;964;3.692
870;968;3.782
871;867;2.929
871;868;3.229
871;874;3.179
871;875;2.971
872;868;2.967
872;875;3.115
872;876;3.009
873;869;2.954
873;876;3.418
873;877;2.954
873;964;3.628
874;870;2.897
874;871;3.179
874;878;2.991
875;871;2.971
875;872;3.115
875;878;3.422
875;879;2.956
876;872;3.009
876;873;3.418
876;879;2.964
876;880;3.217
877;873;2.954
877;962;3.876
877;965;3.995
878;874;2.991
878;875;3.422
878;882;3.688
878;1300;3.846
879;875;2.956
879;876;2.964
879;882;3.076
879;883;3.034
879;886;3.45
879;890;3.831
879;894;4.039
880;876;3.217
880;887;2.763
880;955;2.702
881;884;3.305
881;887;2.665
881;1303;3.366
881;1357;3.068
882;878;3.688
882;879;3.076
882;1323;3.747
883;879;3.034
883;886;2.976
883;887;3.027
884;881;3.305
884;887;3.184
884;888;3.004
884;1358;3.977
885;888;2.639
886;879;3.45
886;883;2.976
886;889;3.249
886;890;2.963
887;880;2.763
887;881;2.665
887;883;3.027
887;884;3.184
887;891;3.022
887;1356;3.827
888;884;3.004
888;885;2.639
888;1358;3.48
889;886;3.249
890;879;3.831
890;886;2.963
890;893;3.108
890;894;3.026
891;887;3.022
891;895;2.754
892;896;3.021
893;890;3.108
893;896;3.37
893;897;2.994
894;879;4.039
894;890;3.026
894;897;2.979
894;898;3.27
895;891;2.754
895;898;2.991
895;899;3.016
895;955;2.861
895;958;3.753
896;892;3.021
896;893;3.37
896;899;2.893
896;900;2.958
897;893;2.994
897;894;2.979
897;900;3.474
897;901;2.913
898;894;3.27
898;895;2.991
898;902;3.009
898;961;3.798
899;895;3.016
899;896;2.893
899;902;3.369
899;903;3.034
900;896;2.958
900;897;3.474
900;904;2.98
901;870;3.959
901;897;2.913
901;904;3.202
901;905;2.939
901;961;4.015
901;964;3.601
902;898;3.009
902;899;3.369
902;906;2.98
902;961;3.681
903;899;3.034
903;907;3.018
904;900;2.98
904;901;3.202
904;907;3.982
904;908;2.942
905;866;3.824
905;869;3.979
905;870;3.441
905;901;2.939
905;909;3.0
905;967;3.648
906;902;2.98
906;909;3.188
906;910;2.959
906;934;3.825
906;938;3.65
907;903;3.018
907;904;3.982
907;910;3.286
907;911;2.946
908;862;4.016
908;866;3.767
908;904;2.942
908;911;3.457
908;912;2.671
908;967;3.567
909;905;3.0
909;906;3.188
909;913;2.964
909;931;3.774
910;906;2.959
910;907;3.286
910;913;3.433
910;914;3.014
911;856;3.795
911;857;3.423
911;907;2.946
911;908;3.457
911;914;4.023
911;915;2.993
912;857;3.792
912;908;2.671
912;915;3.304
912;916;3.046
912;921;3.861
912;927;3.919
912;930;2.694
913;909;2.964
913;910;3.433
913;916;3.032
913;917;2.932
913;918;3.769
913;921;6.411
913;922;3.742
914;856;3.741
914;910;3.014
914;911;4.023
915;855;2.806
915;858;4.022
915;911;2.993
915;912;3.304
916;912;3.046
916;913;3.032
916;920;2.823
916;921;3.98
916;924;3.814
916;927;3.546
917;913;2.932
917;921;2.993
918;913;3.769
918;921;3.438
918;922;2.992
919;922;4.028
919;923;3.598
920;916;2.823
921;912;3.861
921;913;6.411
921;916;3.98
921;917;2.993
921;918;3.438
921;924;3.041
921;927;3.704
921;931;3.767
922;913;3.742
922;918;2.992
922;919;4.028
922;928;3.491
922;931;3.692
923;919;3.598
924;916;3.814
924;921;3.041
924;927;3.097
924;928;2.947
925;928;3.445
925;929;2.957
926;929;3.405
926;930;3.001
926;979;3.8
927;912;3.919
927;916;3.546
927;921;3.704
927;924;3.097
927;930;3.154
927;931;2.978
928;922;3.491
928;924;2.947
928;925;3.445
928;932;2.967
929;925;2.957
929;926;3.405
929;932;3.114
930;912;2.694
930;926;3.001
930;927;3.154
930;967;2.916
930;970;2.799
931;909;3.774
931;921;3.767
931;922;3.692
931;927;2.978
931;934;3.02
931;935;2.957
932;928;2.967
932;929;3.114
932;936;3.026
933;960;4.038
933;963;4.019
933;967;3.765
934;906;3.825
934;931;3.02
934;937;3.294
934;938;3.098
935;931;2.957
935;938;2.866
935;939;2.903
936;932;3.026
936;940;2.965
936;960;3.68
937;934;3.294
937;940;3.987
937;941;3.041
937;961;2.881
938;906;3.65
938;934;3.098
938;935;2.866
938;941;3.354
938;942;2.985
939;935;2.903
939;942;3.188
939;943;2.992
940;936;2.965
940;937;3.987
940;943;3.442
940;944;2.983
941;937;3.041
941;938;3.354
941;944;3.296
941;945;2.981
941;954;3.728
942;938;2.985
942;939;3.188
942;945;3.156
942;946;2.921
943;939;2.992
943;940;3.442
943;946;3.12
943;947;2.958
944;940;2.983
944;941;3.296
944;949;3.048
944;953;3.34
944;954;3.346
944;957;3.671
945;941;2.981
945;942;3.156
945;948;3.001
946;942;2.921
946;943;3.12
947;943;2.958
948;945;3.001
949;944;3.048
950;953;3.78
950;954;3.175
951;954;3.48
951;955;3.0
952;955;2.739
952;956;3.239
953;944;3.34
953;950;3.78
953;957;2.995
954;941;3.728
954;944;3.346
954;950;3.175
954;951;3.48
954;958;2.973
955;880;2.702
955;895;2.861
955;951;3.0
955;952;2.739
955;1355;3.842
955;1356;3.963
956;952;3.239
956;959;3.062
956;1305;3.901
956;1352;2.98
956;1353;3.632
956;1354;3.14
957;944;3.671
957;953;2.995
958;895;3.753
958;954;2.973
958;961;2.754
959;956;3.062
959;962;2.749
959;963;3.303
959;1301;3.571
960;933;4.038
960;936;3.68
960;963;2.985
961;898;3.798
961;901;4.015
961;902;3.681
961;937;2.881
961;958;2.754
961;964;2.852
962;877;3.876
962;959;2.749
963;933;4.019
963;959;3.303
963;960;2.985
963;966;2.936
963;967;3.014
963;1297;3.809
964;870;3.692
964;873;3.628
964;901;3.601
964;961;2.852
964;967;2.966
964;968;3.168
965;877;3.995
965;968;2.982
965;1297;3.627
966;963;2.936
966;969;2.765
966;1297;3.795
967;905;3.648
967;908;3.567
967;930;2.916
967;933;3.765
967;963;3.014
967;964;2.966
967;970;2.918
968;870;3.782
968;964;3.168
968;965;2.982
968;971;2.985
968;972;2.947
969;966;2.765
969;972;3.12
969;975;3.518
969;979;3.676
970;930;2.799
970;967;2.918
