source;destination;distance
0;3;2.788
1;47;3.59
2;7;3.551
2;48;3.664
3;0;2.788
4;7;3.28
4;8;2.973
5;9;2.976
6;10;2.975
7;2;3.551
7;4;3.28
7;10;3.117
7;11;2.97
7;43;6.379
7;47;3.719
8;4;2.973
8;11;3.363
8;12;2.963
9;5;2.976
9;13;2.927
10;6;2.975
10;7;3.117
10;14;2.95
11;7;2.97
11;8;3.363
11;14;3.394
11;15;3.011
11;44;3.626
12;8;2.963
12;16;2.978
12;104;4.005
13;9;2.927
13;16;3.348
13;17;2.94
14;10;2.95
14;11;3.394
14;18;3.011
14;37;3.768
15;11;3.011
15;19;2.972
15;37;3.791
15;99;3.963
15;100;3.58
16;12;2.978
16;13;3.348
16;19;3.147
16;20;3.086
17;13;2.94
17;20;3.312
17;21;2.988
18;14;3.011
18;21;3.554
18;22;2.958
18;37;3.026
18;96;3.099
19;15;2.972
19;16;3.147
19;22;3.197
19;97;3.501
19;604;3.521
20;16;3.086
20;17;3.312
20;23;3.346
21;17;2.988
21;18;3.554
21;24;2.994
21;30;3.623
21;33;3.405
22;18;2.958
22;19;3.197
22;93;4.096
22;96;3.881
22;97;3.917
23;20;3.346
23;604;3.715
24;21;2.994
24;27;4.028
25;611;3.222
25;638;3.709
25;639;3.286
26;30;3.823
27;24;4.028
27;30;2.849
28;31;2.733
28;32;3.011
29;32;3.279
29;33;2.983
30;21;3.623
30;26;3.823
30;27;2.849
30;33;3.421
30;34;2.998
31;28;2.733
31;34;3.429
31;35;3.002
32;28;3.011
32;29;3.279
32;36;3.006
33;21;3.405
33;29;2.983
33;30;3.421
33;36;3.288
33;37;2.958
34;30;2.998
34;31;3.429
34;37;3.267
34;38;2.929
34;80;3.942
34;93;2.839
34;96;3.708
35;31;3.002
35;38;3.398
35;39;2.974
35;81;3.708
36;32;3.006
36;33;3.288
36;39;3.358
36;40;3.0
37;14;3.768
37;15;3.791
37;18;3.026
37;33;2.958
37;34;3.267
37;40;3.06
37;41;2.863
37;96;3.861
38;34;2.929
38;35;3.398
38;42;2.984
38;80;2.743
39;35;2.974
39;36;3.358
39;42;3.148
39;43;2.988
40;36;3.0
40;37;3.06
40;43;3.41
40;44;2.912
41;37;2.863
41;45;2.958
41;73;3.473
41;99;3.531
42;38;2.984
42;39;3.148
42;45;3.289
42;46;2.978
43;7;6.379
43;39;2.988
43;40;3.41
43;46;3.416
43;47;3.051
44;11;3.626
44;40;2.912
44;47;3.236
44;48;2.826
44;99;2.643
45;41;2.958
45;42;3.289
45;49;2.985
45;56;3.963
45;73;3.912
46;42;2.978
46;43;3.416
46;50;3.074
46;51;3.955
47;1;3.59
47;7;3.719
47;43;3.051
47;44;3.236
48;2;3.664
48;44;2.826
48;66;3.187
48;69;2.655
49;45;2.985
49;56;3.989
49;59;3.867
49;66;3.641
50;46;3.074
50;55;3.644
51;46;3.955
52;55;3.126
52;58;3.479
53;56;2.979
54;57;2.993
55;50;3.644
55;52;3.126
55;58;2.997
56;45;3.963
56;49;3.989
56;53;2.979
56;59;3.051
56;70;3.972
57;54;2.993
57;60;3.025
57;70;4.035
58;52;3.479
58;55;2.997
58;61;3.041
59;49;3.867
59;56;3.051
59;62;2.981
59;63;3.809
59;66;3.495
59;67;3.847
59;70;3.761
60;57;3.025
60;67;3.827
61;58;3.041
62;59;2.981
63;59;3.809
63;67;2.891
64;67;3.43
64;68;3.037
65;68;3.027
65;69;3.042
65;102;3.491
65;108;3.201
65;111;3.781
66;48;3.187
66;49;3.641
66;59;3.495
66;69;3.835
66;70;2.968
67;59;3.847
67;60;3.827
67;63;2.891
67;64;3.43
67;70;3.474
67;71;2.963
68;64;3.037
68;65;3.027
68;72;3.002
68;101;3.934
69;48;2.655
69;65;3.042
69;66;3.835
69;72;3.311
69;73;2.912
69;99;3.179
69;102;2.749
70;56;3.972
70;57;4.035
70;59;3.761
70;66;2.968
70;67;3.474
70;73;3.219
70;74;2.992
71;67;2.963
71;75;2.985
72;68;3.002
72;69;3.311
72;76;2.914
72;95;3.646
73;41;3.473
73;45;3.912
73;69;2.912
73;70;3.219
73;76;3.483
73;77;2.898
74;70;2.992
74;77;3.39
74;78;3.01
75;71;2.985
75;78;3.464
75;79;2.982
75;89;4.016
75;92;3.349
76;72;2.914
76;73;3.483
76;79;3.006
76;80;2.858
77;73;2.898
77;74;3.39
77;81;2.975
78;74;3.01
78;75;3.464
78;82;3.012
79;75;2.982
79;76;3.006
79;83;3.976
79;89;2.742
80;34;3.942
80;38;2.743
80;76;2.858
80;83;3.239
81;35;3.708
81;77;2.975
82;78;3.012
82;84;2.984
83;79;3.976
83;80;3.239
83;90;2.969
83;93;3.568
84;82;2.984
85;89;3.497
86;89;3.068
87;90;2.917
87;91;3.217
87;613;3.903
88;91;3.145
89;75;4.016
89;79;2.742
89;85;3.497
89;86;3.068
89;92;2.995
90;83;2.969
90;87;2.917
91;87;3.217
91;88;3.145
91;94;3.013
91;612;3.376
91;613;3.812
92;75;3.349
92;89;2.995
92;95;2.847
93;22;4.096
93;34;2.839
93;83;3.568
93;96;2.93
94;91;3.013
94;97;2.866
94;605;3.902
94;608;3.654
94;609;3.707
95;72;3.646
95;92;2.847
95;98;3.573
95;99;2.991
96;18;3.099
96;22;3.881
96;34;3.708
96;37;3.861
96;93;2.93
96;99;3.125
97;19;3.501
97;22;3.917
97;94;2.866
97;100;2.992
98;95;3.573
98;101;2.922
98;605;3.956
99;15;3.963
99;41;3.531
99;44;2.643
99;69;3.179
99;95;2.991
99;96;3.125
99;102;2.94
100;15;3.58
100;97;2.992
100;103;2.992
100;104;3.003
100;107;3.608
100;601;3.552
101;68;3.934
101;98;2.922
101;111;3.893
102;65;3.491
102;69;2.749
102;99;2.94
102;108;2.804
103;100;2.992
104;12;4.005
104;100;3.003
104;107;3.094
104;108;2.986
105;108;3.378
105;109;2.951
106;110;3.133
106;594;3.432
107;100;3.608
107;104;3.094
107;110;3.415
107;111;3.001
107;598;3.693
108;65;3.201
108;102;2.804
108;104;2.986
108;105;3.378
108;111;3.443
108;112;2.984
109;105;2.951
109;112;3.112
109;113;3.015
110;106;3.133
110;107;3.415
110;113;3.127
110;114;2.997
110;594;3.335
110;595;4.011
111;65;3.781
111;101;3.893
111;107;3.001
111;108;3.443
111;114;3.281
111;115;3.033
112;108;2.984
112;109;3.112
112;115;3.394
112;116;2.999
113;109;3.015
113;110;3.127
113;116;3.278
113;117;3.048
114;110;2.997
114;111;3.281
114;117;3.022
114;118;3.246
114;683;3.804
115;111;3.033
115;112;3.394
115;118;2.962
116;112;2.999
116;113;3.278
116;119;2.796
116;261;3.882
117;113;3.048
117;114;3.022
117;120;3.104
117;121;3.014
118;114;3.246
118;115;2.962
118;122;3.0
119;116;2.796
119;265;2.703
120;117;3.104
120;123;3.398
120;261;3.931
120;264;2.641
120;265;2.765
121;117;3.014
121;124;3.319
121;125;2.941
121;258;4.003
122;118;3.0
122;126;2.991
123;120;3.398
123;126;3.133
123;127;3.083
123;1245;3.453
123;1246;2.918
124;121;3.319
124;127;3.441
124;128;3.165
124;250;3.589
124;1249;4.004
125;121;2.941
125;128;3.393
125;129;2.928
126;122;2.991
126;123;3.133
126;129;3.35
126;130;2.987
127;123;3.083
127;124;3.441
127;130;3.495
127;131;2.961
127;1240;4.006
127;1246;3.951
127;1249;3.806
128;124;3.165
128;125;3.393
128;131;3.34
128;132;2.895
128;250;3.399
129;125;2.928
129;126;3.35
129;132;3.486
129;133;3.018
130;126;2.987
130;127;3.495
130;133;3.412
130;134;2.938
130;1148;4.135
130;1236;3.666
130;1239;3.404
130;1240;3.826
131;127;2.961
131;128;3.34
131;134;3.437
131;135;2.863
132;128;2.895
132;129;3.486
132;136;2.969
132;210;3.69
132;213;3.993
133;129;3.018
133;130;3.412
133;136;3.203
133;137;3.005
134;130;2.938
134;131;3.437
134;137;3.293
134;138;2.976
134;1148;3.725
134;1236;3.752
135;131;2.863
135;139;2.945
135;213;3.585
135;239;3.716
135;243;3.779
135;246;3.65
136;132;2.969
136;133;3.203
136;140;2.925
136;206;3.828
136;210;3.922
137;133;3.005
137;134;3.293
137;140;3.217
137;141;3.125
137;206;3.813
137;1233;3.903
138;134;2.976
138;141;3.124
138;142;3.448
138;239;3.555
138;1230;3.666
138;1233;3.91
139;135;2.945
139;142;3.47
139;143;2.955
139;203;3.638
140;136;2.925
140;137;3.217
140;144;3.665
140;205;3.533
140;206;3.927
141;137;3.125
141;138;3.124
141;1230;3.605
141;1233;3.391
142;138;3.448
142;139;3.47
142;1226;3.684
142;1230;3.485
143;139;2.955
143;226;3.002
143;236;3.484
143;239;3.648
143;240;3.631
144;140;3.665
144;204;3.9
145;150;2.732
145;199;3.137
146;193;3.007
146;197;3.806
146;198;3.951
146;199;3.55
147;150;2.928
147;151;3.868
147;194;3.843
147;197;2.848
148;197;2.925
148;200;3.626
148;204;2.661
149;153;3.614
149;155;3.693
150;145;2.732
150;147;2.928
150;154;3.648
150;194;2.865
151;147;3.868
151;189;3.519
152;188;3.951
152;189;3.629
153;149;3.614
153;187;2.754
154;150;3.648
155;149;3.693
156;158;3.862
157;160;3.767
157;183;3.696
158;156;3.862
159;171;3.325
159;182;3.412
159;183;2.816
160;157;3.767
160;170;4.013
161;170;3.017
161;171;3.29
162;164;2.699
163;166;3.544
163;168;2.826
164;162;2.699
165;170;2.782
166;163;3.544
166;170;3.193
167;173;2.628
168;163;2.826
168;173;3.936
169;172;3.374
169;173;2.961
169;181;3.338
169;183;3.72
170;160;4.013
170;161;3.017
170;165;2.782
170;166;3.193
171;159;3.325
171;161;3.29
172;169;3.374
172;175;3.071
173;167;2.628
173;168;3.936
173;169;2.961
173;179;3.707
174;176;2.92
175;172;3.071
175;177;3.943
176;174;2.92
177;175;3.943
178;180;3.049
179;173;3.707
179;181;3.014
180;178;3.049
180;185;3.847
180;186;3.863
181;169;3.338
181;179;3.014
181;184;3.383
182;159;3.412
183;157;3.696
183;159;2.816
183;169;3.72
184;181;3.383
185;180;3.847
186;180;3.863
187;153;2.754
188;152;3.951
188;1006;3.5
189;151;3.519
189;152;3.629
189;192;3.054
190;1008;4.103
191;194;3.873
192;189;3.054
192;194;2.99
193;146;3.007
194;147;3.843
194;150;2.865
194;191;3.873
194;192;2.99
195;198;3.187
196;1003;2.871
196;1005;3.873
197;146;3.806
197;147;2.848
197;148;2.925
197;200;3.147
198;146;3.951
198;195;3.187
198;229;3.444
198;230;3.903
199;145;3.137
199;146;3.55
200;148;3.626
200;197;3.147
200;203;2.988
200;204;3.003
200;208;3.679
201;208;3.214
202;208;3.369
202;226;3.508
203;139;3.638
203;200;2.988
203;209;3.45
203;212;3.556
203;226;3.122
203;240;4.031
204;144;3.9
204;148;2.661
204;200;3.003
205;140;3.533
205;208;2.81
205;209;2.973
206;136;3.828
206;137;3.813
206;140;3.927
206;210;2.954
207;211;2.992
208;200;3.679
208;201;3.214
208;202;3.369
208;205;2.81
208;211;3.322
208;212;2.969
209;203;3.45
209;205;2.973
209;212;3.232
209;213;2.952
210;132;3.69
210;136;3.922
210;206;2.954
210;214;2.934
211;207;2.992
211;208;3.322
211;214;3.087
211;215;2.965
211;671;3.811
212;203;3.556
212;208;2.969
212;209;3.232
212;215;3.338
212;216;2.943
213;132;3.993
213;135;3.585
213;209;2.952
213;216;3.902
213;217;2.963
214;210;2.934
214;211;3.087
214;217;3.224
214;218;2.947
214;675;3.542
214;679;3.884
215;211;2.965
215;212;3.338
215;219;2.963
215;220;2.802
215;221;3.749
215;654;3.765
216;212;2.943
216;213;3.902
216;219;3.048
216;222;3.548
216;240;3.962
216;243;3.724
216;244;3.61
217;213;2.963
217;214;3.224
218;214;2.947
218;678;3.65
219;215;2.963
219;216;3.048
219;1311;3.211
219;1313;2.982
220;215;2.802
220;653;3.776
220;654;3.408
221;215;3.749
221;224;2.95
221;225;3.058
221;654;5.619
221;1308;3.679
221;1318;3.985
222;216;3.548
222;226;3.077
222;227;3.155
222;240;3.964
222;244;3.395
222;1304;3.407
222;1307;6.457
222;1308;3.355
223;227;3.143
223;228;2.876
223;1304;3.8
223;1308;3.653
223;1343;3.407
223;1344;2.777
223;1345;3.302
224;221;2.95
224;228;3.749
224;1318;3.556
224;1345;3.362
225;221;3.058
225;228;3.145
226;143;3.002
226;202;3.508
226;203;3.122
226;222;3.077
226;236;3.054
226;240;6.166
227;222;3.155
227;223;3.143
227;230;2.937
227;237;3.376
227;1304;3.133
227;1343;3.47
228;223;2.876
228;224;3.749
228;225;3.145
228;1294;3.562
228;1342;3.816
228;1343;3.333
229;198;3.444
230;198;3.903
230;227;2.937
230;232;2.945
230;233;3.153
230;236;3.432
231;233;3.082
231;1339;2.929
231;1342;3.507
232;230;2.945
232;236;3.02
233;230;3.153
233;231;3.082
233;236;2.975
233;237;2.938
233;1340;3.771
233;1341;3.738
234;237;3.631
234;238;2.916
234;1338;2.864
234;1340;2.778
235;1223;3.75
235;1226;3.805
235;1227;3.275
235;1340;2.957
236;143;3.484
236;226;3.054
236;230;3.432
236;232;3.02
236;233;2.975
236;239;3.027
236;240;3.428
237;227;3.376
237;233;2.938
237;234;3.631
237;240;3.263
237;241;2.946
237;1304;3.602
237;1341;4.11
238;234;2.916
238;242;2.973
239;135;3.716
239;138;3.555
239;143;3.648
239;236;3.027
239;242;3.167
239;243;2.969
240;143;3.631
240;203;4.031
240;216;3.962
240;222;3.964
240;226;6.166
240;236;3.428
240;237;3.263
240;243;3.317
240;244;2.993
241;237;2.946
241;244;3.318
241;245;2.985
241;1307;3.976
242;238;2.973
242;239;3.167
242;245;3.478
242;246;2.933
243;135;3.779
243;216;3.724
243;239;2.969
243;240;3.317
243;247;2.912
244;216;3.61
244;222;3.395
244;240;2.993
244;241;3.318
244;247;3.376
244;248;2.923
244;1307;3.581
245;241;2.985
245;242;3.478
245;249;2.943
246;135;3.65
246;242;2.933
246;250;2.91
247;243;2.912
247;244;3.376
247;251;2.944
248;244;2.923
248;251;3.343
248;252;2.948
249;245;2.943
249;252;3.404
249;253;2.941
249;1253;3.692
249;1260;3.504
250;124;3.589
250;128;3.399
250;246;2.91
250;253;3.19
250;254;2.879
251;247;2.944
251;248;3.343
251;254;3.368
251;255;2.955
252;248;2.948
252;249;3.404
252;255;3.804
252;256;2.984
252;1371;3.753
253;249;2.941
253;250;3.19
253;256;3.543
253;257;2.917
253;1249;3.173
253;1252;3.773
254;250;2.879
254;251;3.368
254;257;3.117
254;258;2.94
254;686;3.574
255;251;2.955
255;252;3.804
255;259;3.08
255;686;3.736
255;689;3.656
255;1368;3.538
256;252;2.984
256;253;3.543
256;260;2.918
256;1371;3.969
256;1372;3.917
256;1375;3.473
257;253;2.917
257;254;3.117
257;261;2.933
258;121;4.003
258;254;2.94
258;261;3.305
258;262;3.07
258;690;3.814
259;255;3.08
259;262;3.264
259;263;3.07
259;689;3.668
259;690;3.99
259;693;3.439
259;1372;3.466
260;256;2.918
260;264;2.895
260;1376;3.819
261;116;3.882
261;120;3.931
261;257;2.933
261;258;3.305
261;265;2.988
262;258;3.07
262;259;3.264
262;266;3.056
262;690;3.687
263;259;3.07
263;266;3.482
263;267;2.909
263;697;3.967
263;1376;3.703
264;120;2.641
264;260;2.895
264;267;3.11
264;268;3.57
265;119;2.703
265;120;2.765
265;261;2.988
265;274;2.859
266;262;3.056
266;263;3.482
266;273;3.992
266;274;2.712
266;275;3.324
267;263;2.909
267;264;3.11
267;273;3.567
267;275;3.879
267;277;3.588
267;279;3.475
268;264;3.57
268;272;2.728
268;273;2.772
269;271;3.524
270;277;3.747
270;721;3.818
271;269;3.524
271;273;3.524
272;268;2.728
273;266;3.992
273;267;3.567
273;268;2.772
273;271;3.524
273;277;3.128
274;265;2.859
274;266;2.712
275;266;3.324
275;267;3.879
275;277;3.249
276;278;2.727
277;267;3.588
277;270;3.747
277;273;3.128
277;275;3.249
277;279;3.018
278;276;2.727
278;281;3.033
278;286;3.691
279;267;3.475
279;277;3.018
279;704;3.994
280;283;2.912
280;285;3.556
280;286;3.579
280;289;3.878
280;704;3.567
280;721;3.78
281;278;3.033
282;300;4.006
283;280;2.912
283;286;2.952
283;287;3.814
283;300;3.63
284;287;3.047
284;296;2.779
284;297;2.778
284;298;2.785
284;299;3.83
285;280;3.556
285;288;2.975
285;289;2.582
285;294;4.017
285;721;3.974
286;278;3.691
286;280;3.579
286;283;2.952
286;289;3.235
287;283;3.814
287;284;3.047
288;285;2.975
288;292;3.782
288;293;3.269
288;294;3.398
288;295;2.975
288;296;2.853
289;280;3.878
289;285;2.582
289;286;3.235
290;292;3.002
291;719;2.724
292;288;3.782
292;290;3.002
293;288;3.269
293;723;2.716
293;728;3.522
294;285;4.017
294;288;3.398
295;288;2.975
296;284;2.779
296;288;2.853
297;284;2.778
298;284;2.785
298;315;2.727
299;284;3.83
299;301;3.768
300;282;4.006
300;283;3.63
301;299;3.768
302;700;2.764
302;701;3.372
303;1097;3.408
303;1098;3.987
304;314;3.31
305;314;3.72
306;313;2.703
307;966;3.752
308;962;3.394
309;312;3.471
309;313;2.698
310;313;2.947
311;966;4.013
312;309;3.471
313;306;2.703
313;309;2.698
313;310;2.947
314;304;3.31
314;305;3.72
314;316;3.073
315;298;2.727
316;314;3.073
316;322;2.945
317;319;2.967
318;328;3.924
318;734;2.679
319;317;2.967
319;327;3.989
320;327;2.981
320;328;2.798
321;323;2.97
322;316;2.945
323;321;2.97
323;331;2.713
324;327;3.785
324;740;2.768
325;332;3.362
325;738;3.149
326;329;3.04
326;330;2.766
326;332;2.665
327;319;3.989
327;320;2.981
327;324;3.785
327;738;2.809
327;740;2.785
328;318;3.924
328;320;2.798
328;734;3.986
329;326;3.04
330;326;2.766
331;323;2.713
331;334;2.981
332;325;3.362
332;326;2.665
333;335;2.752
334;331;2.981
335;333;2.752
336;337;3.766
337;336;3.766
338;446;3.335
338;448;3.795
339;446;3.277
340;442;4.028
340;445;3.699
341;442;3.135
341;443;3.573
342;442;2.903
343;442;2.72
344;347;3.704
345;355;3.568
345;440;3.964
346;349;2.93
346;350;3.639
346;356;3.706
347;344;3.704
348;352;3.415
349;346;2.93
350;346;3.639
350;357;3.785
351;354;2.838
351;355;3.859
351;439;3.608
352;348;3.415
353;357;3.593
354;351;2.838
354;439;3.133
355;345;3.568
355;351;3.859
355;439;3.797
355;441;2.795
355;443;2.701
356;346;3.706
357;350;3.785
357;353;3.593
358;363;3.294
358;364;3.665
359;362;3.222
359;364;3.043
360;364;3.957
360;365;2.939
361;374;3.703
362;359;3.222
363;358;3.294
364;358;3.665
364;359;3.043
364;360;3.957
365;360;2.939
366;370;3.806
367;370;3.019
367;374;3.963
368;371;3.02
369;372;3.009
369;373;3.002
369;374;3.518
369;376;3.805
370;366;3.806
370;367;3.019
371;368;3.02
372;369;3.009
373;369;3.002
373;375;3.778
374;361;3.703
374;367;3.963
374;369;3.518
375;373;3.778
376;369;3.805
377;379;3.376
377;382;3.522
378;395;3.41
379;377;3.376
379;394;3.807
379;395;3.011
380;396;3.364
380;401;3.509
381;384;2.976
382;377;3.522
383;385;3.03
383;386;3.242
383;387;2.857
384;381;2.976
385;383;3.03
386;383;3.242
387;383;2.857
387;390;3.021
387;391;3.475
388;390;3.073
388;392;3.078
389;392;3.311
390;387;3.021
390;388;3.073
391;387;3.475
392;388;3.078
392;389;3.311
393;397;2.801
393;398;3.355
394;379;3.807
394;397;2.971
395;378;3.41
395;379;3.011
395;398;3.433
396;380;3.364
396;399;2.99
396;400;3.039
396;401;3.589
397;393;2.801
397;394;2.971
398;393;3.355
398;395;3.433
399;396;2.99
400;396;3.039
401;380;3.509
401;396;3.589
402;403;3.965
403;402;3.965
404;405;2.83
405;404;2.83
406;409;2.825
407;409;2.812
407;414;3.512
407;416;3.841
408;415;3.369
409;406;2.825
409;407;2.812
409;414;2.804
410;413;2.841
410;414;4.022
411;414;3.98
412;414;2.977
413;410;2.841
414;407;3.512
414;409;2.804
414;410;4.022
414;411;3.98
414;412;2.977
415;408;3.369
416;407;3.841
416;417;2.981
417;416;2.981
418;420;2.963
419;421;2.943
420;418;2.963
421;419;2.943
421;422;3.03
422;421;3.03
423;445;2.704
424;425;3.709
425;424;3.709
426;427;3.296
427;426;3.296
427;431;3.73
428;429;3.027
429;428;3.027
430;433;2.858
430;437;3.99
431;427;3.73
432;435;3.38
433;430;2.858
433;436;2.986
433;437;3.018
434;437;4.018
435;432;3.38
435;438;3.896
436;433;2.986
437;430;3.99
437;433;3.018
437;434;4.018
438;435;3.896
439;351;3.608
439;354;3.133
439;355;3.797
439;443;3.646
439;444;3.34
440;345;3.964
441;355;2.795
442;340;4.028
442;341;3.135
442;342;2.903
442;343;2.72
443;341;3.573
443;355;2.701
443;439;3.646
444;439;3.34
445;340;3.699
445;423;2.704
445;446;3.027
446;338;3.335
446;339;3.277
446;445;3.027
447;452;3.371
447;453;3.626
448;338;3.795
449;452;2.974
450;453;3.064
450;454;3.235
450;455;3.92
451;456;4.028
451;457;2.77
451;458;3.728
452;447;3.371
452;449;2.974
453;447;3.626
453;450;3.064
454;450;3.235
455;450;3.92
456;451;4.028
457;451;2.77
458;451;3.728
459;460;4.024
460;459;4.024
461;464;2.738
462;465;3.845
463;466;3.117
464;461;2.738
465;462;3.845
466;463;3.117
466;469;3.034
466;472;3.061
466;473;2.755
467;468;3.979
467;469;3.584
467;525;3.27
467;526;2.748
468;467;3.979
468;525;3.649
469;466;3.034
469;467;3.584
469;472;2.95
469;473;3.081
470;473;3.003
471;522;3.645
471;523;4.029
472;466;3.061
472;469;2.95
473;466;2.755
473;469;3.081
473;470;3.003
473;476;2.923
473;477;3.159
474;478;2.949
475;479;2.968
476;473;2.923
476;479;3.222
476;480;3.009
477;473;3.159
477;480;3.439
477;481;2.931
477;574;2.679
478;474;2.949
478;481;3.212
478;482;2.973
479;475;2.968
479;476;3.222
479;483;3.052
480;476;3.009
480;477;3.439
480;483;3.314
480;484;2.979
480;515;4.0
480;519;3.811
480;571;3.934
481;477;2.931
481;478;3.212
481;484;3.003
481;485;3.086
481;575;2.736
481;576;3.591
482;478;2.973
482;485;3.47
482;486;3.009
483;479;3.052
483;480;3.314
483;487;2.987
483;512;3.668
484;480;2.979
484;481;3.003
484;487;3.074
484;488;3.069
484;516;3.32
484;569;3.891
484;571;3.878
484;572;3.837
485;481;3.086
485;482;3.47
485;488;3.132
485;489;3.44
485;572;3.848
486;482;3.009
486;489;3.305
486;490;3.017
487;483;2.987
487;484;3.074
487;490;3.273
487;491;2.992
487;512;3.211
487;568;3.126
488;484;3.069
488;485;3.132
488;492;3.047
488;569;3.642
488;980;3.92
489;485;3.44
489;486;3.305
489;492;3.323
489;493;2.986
490;486;3.017
490;487;3.273
490;493;3.064
490;494;2.953
490;505;3.53
491;487;2.992
491;494;3.024
491;566;4.018
491;568;3.797
491;569;3.677
491;984;4.018
492;488;3.047
492;489;3.323
493;489;2.986
493;490;3.064
493;497;3.627
494;490;2.953
494;491;3.024
494;498;2.902
494;505;3.985
494;509;3.416
495;498;2.977
495;1028;3.19
495;1029;2.982
496;499;2.961
496;500;3.024
497;493;3.627
497;500;3.919
497;501;3.026
498;494;2.902
498;495;2.977
498;502;2.802
499;496;2.961
499;502;2.763
500;496;3.024
500;497;3.919
501;497;3.026
501;504;3.022
501;505;2.931
502;498;2.802
502;499;2.763
502;506;2.968
503;506;3.317
503;507;3.038
504;501;3.022
504;507;3.932
504;508;2.961
505;490;3.53
505;494;3.985
505;501;2.931
505;508;3.311
505;509;2.921
506;502;2.968
506;503;3.317
506;509;3.353
506;510;3.035
507;503;3.038
507;504;3.932
507;511;2.961
508;504;2.961
508;505;3.311
508;512;2.971
509;494;3.416
509;505;2.921
509;506;3.353
509;512;3.401
509;513;3.089
509;568;3.266
510;506;3.035
510;513;3.344
510;514;3.011
510;552;3.815
510;553;3.388
511;507;2.961
511;514;3.022
511;515;3.087
512;483;3.668
512;487;3.211
512;508;2.971
512;509;3.401
512;515;3.063
512;516;3.378
513;509;3.089
513;510;3.344
513;516;2.949
513;548;2.838
513;549;3.753
513;552;3.824
514;510;3.011
514;511;3.022
514;517;2.867
515;480;4.0
515;511;3.087
515;512;3.063
515;518;3.063
515;519;3.243
516;484;3.32
516;512;3.378
516;513;2.949
516;520;2.986
516;545;3.684
516;549;3.907
516;571;3.429
517;514;2.867
517;520;3.414
517;521;3.03
517;549;3.488
518;515;3.063
518;522;3.057
519;480;3.811
519;515;3.243
519;522;3.385
519;523;2.95
519;571;2.743
519;574;2.729
520;516;2.986
520;517;3.414
520;524;3.004
520;545;3.635
521;517;3.03
521;524;3.162
521;525;3.082
522;471;3.645
522;518;3.057
522;519;3.385
522;525;4.025
522;526;2.989
523;471;4.029
523;519;2.95
523;526;3.021
523;527;3.036
523;531;2.689
523;532;3.542
523;538;2.775
524;520;3.004
524;521;3.162
524;532;3.695
524;533;3.961
525;467;3.27
525;468;3.649
525;521;3.082
525;522;4.025
526;467;2.748
526;522;2.989
526;523;3.021
527;523;3.036
527;531;3.796
528;531;2.898
528;532;2.926
529;533;2.987
530;534;2.844
531;523;2.689
531;527;3.796
531;528;2.898
531;534;3.07
531;535;2.916
532;523;3.542
532;524;3.695
532;528;2.926
532;538;3.227
532;542;4.032
533;524;3.961
533;529;2.987
534;530;2.844
534;531;3.07
535;531;2.916
535;538;2.971
535;539;3.04
536;539;3.971
536;540;3.016
537;541;2.999
537;579;2.936
537;582;3.968
538;523;2.775
538;532;3.227
538;535;2.971
538;542;2.95
539;535;3.04
539;536;3.971
539;542;3.409
539;543;2.99
540;536;3.016
540;543;3.408
540;544;3.021
540;570;3.967
541;537;2.999
541;544;3.229
541;545;2.903
541;571;2.645
541;574;3.864
542;532;4.032
542;538;2.95
542;539;3.409
542;546;2.996
543;539;2.99
543;540;3.408
543;546;3.193
543;547;3.085
544;540;3.021
544;541;3.229
544;548;3.009
545;516;3.684
545;520;3.635
545;541;2.903
545;549;2.94
545;571;3.749
546;542;2.996
546;543;3.193
546;550;2.993
547;543;3.085
547;551;3.216
547;564;3.592
548;513;2.838
548;544;3.009
548;552;3.416
548;568;3.047
549;513;3.753
549;516;3.907
549;517;3.488
549;545;2.94
549;552;3.141
549;553;2.906
550;546;2.993
550;553;3.296
550;554;3.037
551;547;3.216
551;555;2.997
551;556;3.054
551;565;3.783
552;510;3.815
552;513;3.824
552;548;3.416
552;549;3.141
552;556;3.693
552;565;3.962
553;510;3.388
553;549;2.906
553;550;3.296
554;550;3.037
555;551;2.997
555;557;2.949
556;551;3.054
556;552;3.693
556;562;2.832
557;555;2.949
557;562;3.238
558;561;2.795
559;562;3.214
559;563;2.933
560;563;3.296
560;564;2.959
560;1068;3.794
561;558;2.795
561;564;3.09
561;565;3.086
562;556;2.832
562;557;3.238
562;559;3.214
562;565;2.949
563;559;2.933
563;560;3.296
563;566;2.984
563;988;3.125
564;547;3.592
564;560;2.959
564;561;3.09
564;567;2.97
565;551;3.783
565;552;3.962
565;561;3.086
565;562;2.949
565;568;3.033
566;491;4.018
566;563;2.984
566;569;3.179
566;984;3.691
566;985;3.92
567;564;2.97
567;570;2.895
567;981;3.618
567;985;4.115
568;487;3.126
568;491;3.797
568;509;3.266
568;548;3.047
568;565;3.033
568;571;2.947
569;484;3.891
569;488;3.642
569;491;3.677
569;566;3.179
569;572;2.947
569;977;3.814
569;981;3.493
570;540;3.967
570;567;2.895
570;573;2.761
570;978;3.434
570;981;3.449
571;480;3.934
571;484;3.878
571;516;3.429
571;519;2.743
571;541;2.645
571;545;3.749
571;568;2.947
571;574;2.976
572;484;3.837
572;485;3.848
572;569;2.947
572;575;2.965
572;576;2.942
572;578;3.857
572;977;3.595
573;570;2.761
573;578;4.036
574;477;2.679
574;519;2.729
574;541;3.864
574;571;2.976
575;481;2.736
575;572;2.965
576;481;3.591
576;572;2.942
576;578;3.932
576;579;3.01
577;580;3.058
577;581;2.921
577;970;3.265
578;572;3.857
578;573;4.036
578;576;3.932
578;581;3.204
578;582;3.011
578;974;3.493
579;537;2.936
579;576;3.01
579;582;3.895
579;583;3.054
580;577;3.058
580;584;2.989
581;577;2.921
581;578;3.204
581;584;3.266
581;585;2.957
581;974;3.627
582;537;3.968
582;578;3.011
582;579;3.895
582;586;3.053
583;579;3.054
583;586;3.369
583;587;2.836
584;580;2.989
584;581;3.266
584;587;3.359
584;588;2.938
585;581;2.957
585;588;3.209
585;589;3.075
585;1082;3.59
586;582;3.053
586;583;3.369
586;589;2.989
587;583;2.836
587;584;3.359
587;590;2.993
588;584;2.938
588;585;3.209
588;591;3.081
588;592;3.087
588;692;3.751
588;1082;3.501
588;1086;3.495
589;585;3.075
589;586;2.989
589;593;2.974
589;1082;3.867
590;587;2.993
590;593;3.019
591;588;3.081
591;692;3.86
592;588;3.087
592;595;3.258
592;596;2.875
592;688;3.561
592;1082;3.834
593;589;2.974
593;590;3.019
593;597;3.05
594;106;3.432
594;110;3.335
594;597;3.198
594;598;3.285
595;110;4.011
595;592;3.258
595;598;3.09
595;599;3.027
595;687;3.47
595;688;3.81
596;592;2.875
596;600;2.928
597;593;3.05
597;594;3.198
597;600;3.31
597;601;3.054
598;107;3.693
598;594;3.285
598;595;3.09
598;601;3.471
598;602;3.034
599;595;3.027
599;602;3.463
599;603;2.956
599;650;3.915
600;596;2.928
600;597;3.31
600;604;2.981
601;100;3.552
601;597;3.054
601;598;3.471
601;604;3.245
601;605;2.997
602;598;3.034
602;599;3.463
602;605;3.304
602;606;2.949
602;680;3.733
603;599;2.956
603;606;3.497
603;607;2.929
603;643;3.483
603;646;3.803
604;19;3.521
604;23;3.715
604;600;2.981
604;601;3.245
604;607;3.27
604;608;2.997
604;639;3.485
605;94;3.902
605;98;3.956
605;601;2.997
605;602;3.304
605;608;3.265
605;609;2.995
606;602;2.949
606;603;3.497
606;610;2.957
606;646;3.763
606;676;4.097
606;677;3.538
606;680;3.891
607;603;2.929
607;604;3.27
607;610;3.248
607;611;2.989
607;639;3.772
607;642;3.985
607;643;4.003
608;94;3.654
608;604;2.997
608;605;3.265
608;612;3.332
609;94;3.707
609;605;2.995
609;612;3.375
609;613;3.028
610;606;2.957
610;607;3.248
610;614;3.004
610;615;2.817
610;636;3.811
611;25;3.222
611;607;2.989
611;615;3.047
611;616;3.137
611;638;3.993
612;91;3.376
612;608;3.332
612;609;3.375
613;87;3.903
613;91;3.812
613;609;3.028
613;616;2.809
614;610;3.004
614;617;3.01
614;618;3.568
614;632;3.505
614;636;4.113
614;670;3.394
614;673;3.981
615;610;2.817
615;611;3.047
615;632;3.752
616;611;3.137
616;613;2.809
617;614;3.01
617;629;4.122
617;632;2.988
618;614;3.568
618;630;3.081
618;632;2.963
618;658;3.799
618;659;3.377
618;666;2.786
618;670;3.511
619;628;2.646
619;629;3.359
619;659;3.695
619;660;2.918
620;623;3.012
620;624;2.827
620;625;2.8
620;626;2.758
621;659;4.124
621;660;2.77
621;662;3.647
622;625;3.756
623;620;3.012
623;628;3.977
624;620;2.827
625;620;2.8
625;622;3.756
625;1016;3.898
626;620;2.758
627;633;3.58
627;634;3.065
628;619;2.646
628;623;3.977
629;617;4.122
629;619;3.359
629;633;3.521
630;618;3.081
630;633;3.197
630;634;3.139
630;657;2.868
630;658;3.551
631;634;3.026
631;635;2.841
631;656;3.904
632;614;3.505
632;615;3.752
632;617;2.988
632;618;2.963
632;636;3.681
632;658;3.602
633;627;3.58
633;629;3.521
633;630;3.197
633;637;3.494
634;627;3.065
634;630;3.139
634;631;3.026
634;641;4.039
634;1056;3.932
635;631;2.841
635;641;3.976
635;644;3.901
635;645;3.809
635;1047;3.458
635;1051;3.786
636;610;3.811
636;614;4.113
636;632;3.681
636;641;3.645
636;645;3.65
636;658;4.038
637;633;3.494
637;1060;2.735
638;25;3.709
638;611;3.993
638;641;2.884
638;642;2.94
638;1063;2.869
639;25;3.286
639;604;3.485
639;607;3.772
639;642;3.438
639;643;2.945
640;643;3.227
640;644;2.995
640;1063;3.643
640;1066;3.881
640;1067;3.616
640;1070;3.975
641;634;4.039
641;635;3.976
641;636;3.645
641;638;2.884
641;644;3.247
641;645;2.976
641;1066;3.112
642;607;3.985
642;638;2.94
642;639;3.438
642;645;4.013
642;646;2.97
643;603;3.483
643;607;4.003
643;639;2.945
643;640;3.227
643;646;3.471
643;647;2.977
644;635;3.901
644;640;2.995
644;641;3.247
644;647;3.251
644;648;3.03
644;1051;3.935
644;1070;3.613
645;635;3.809
645;636;3.65
645;641;2.976
645;642;4.013
645;648;3.129
645;649;3.013
645;655;3.801
646;603;3.803
646;606;3.763
646;642;2.97
646;643;3.471
646;649;3.399
646;650;2.996
647;643;2.977
647;644;3.251
647;650;3.056
647;651;3.195
647;1043;3.948
647;1046;3.601
647;1070;3.708
647;1077;3.907
648;644;3.03
648;645;3.129
648;654;2.857
648;1047;3.526
649;645;3.013
649;646;3.399
649;652;2.956
649;674;3.412
649;677;3.57
649;678;3.972
650;599;3.915
650;646;2.996
650;647;3.056
650;681;3.782
651;647;3.195
651;1043;3.479
652;649;2.956
652;674;2.892
652;678;3.985
653;220;3.776
653;1043;3.828
653;1044;2.752
653;1045;2.845
654;215;3.765
654;220;3.408
654;221;5.619
654;648;2.857
654;674;3.875
654;1048;3.875
655;645;3.801
655;658;3.505
655;674;3.272
656;631;3.904
656;1048;3.524
657;630;2.868
657;1001;3.789
658;618;3.799
658;630;3.551
658;632;3.602
658;636;4.038
658;655;3.505
658;667;3.32
658;670;3.437
659;618;3.377
659;619;3.695
659;621;4.124
659;663;3.361
659;667;2.927
660;619;2.918
660;621;2.77
660;667;3.668
661;1002;3.424
662;621;3.647
663;659;3.361
663;666;2.778
663;667;3.073
664;668;2.954
665;668;3.286
665;669;3.005
666;618;2.786
666;663;2.778
666;669;3.227
666;670;3.09
667;658;3.32
667;659;2.927
667;660;3.668
667;663;3.073
667;670;3.417
667;671;2.919
668;664;2.954
668;665;3.286
668;671;3.293
668;672;3.014
669;665;3.005
669;666;3.227
669;672;3.46
669;673;3.354
670;614;3.394
670;618;3.511
670;658;3.437
670;666;3.09
670;667;3.417
670;673;3.418
670;674;2.937
671;211;3.811
671;667;2.919
671;668;3.293
671;674;3.273
671;675;2.965
672;668;3.014
672;669;3.46
672;675;3.41
672;676;3.02
673;614;3.981
673;669;3.354
673;670;3.418
673;676;3.319
673;677;2.991
674;649;3.412
674;652;2.892
674;654;3.875
674;655;3.272
674;670;2.937
674;671;3.273
674;677;3.281
674;678;2.986
675;214;3.542
675;671;2.965
675;672;3.41
675;678;3.421
675;679;2.998
676;606;4.097
676;672;3.02
676;673;3.319
676;679;3.484
676;680;3.007
677;606;3.538
677;649;3.57
677;673;2.991
677;674;3.281
677;681;2.954
678;218;3.65
678;649;3.972
678;652;3.985
678;674;2.986
678;675;3.421
678;682;2.926
679;214;3.884
679;675;2.998
679;676;3.484
679;682;3.437
679;683;3.035
680;602;3.733
680;606;3.891
680;676;3.007
680;683;3.434
680;684;2.99
681;650;3.782
681;677;2.954
681;684;3.182
681;685;2.93
682;678;2.926
682;679;3.437
682;685;3.258
682;686;2.978
683;114;3.804
683;679;3.035
683;680;3.434
683;687;3.026
684;680;2.99
684;681;3.182
684;687;3.335
684;688;2.916
685;681;2.93
685;682;3.258
685;688;3.142
685;689;3.076
686;254;3.574
686;255;3.736
686;682;2.978
686;690;3.014
687;595;3.47
687;683;3.026
687;684;3.335
687;691;2.915
688;592;3.561
688;595;3.81
688;684;2.916
688;685;3.142
688;691;3.383
688;692;3.124
688;1085;3.374
689;255;3.656
689;259;3.668
689;685;3.076
689;692;3.461
689;693;2.936
689;1085;3.584
689;1088;3.735
689;1368;6.362
690;258;3.814
690;259;3.99
690;262;3.687
690;686;3.014
690;694;2.96
691;687;2.915
691;688;3.383
691;695;3.057
692;588;3.751
692;591;3.86
692;688;3.124
692;689;3.461
692;695;3.256
692;696;3.001
692;1085;3.627
692;1086;3.701
692;1089;3.527
693;259;3.439
693;689;2.936
693;696;3.385
693;697;2.953
693;1089;4.032
693;1092;3.463
694;690;2.96
694;697;3.359
694;698;3.032
695;691;3.057
695;692;3.256
695;698;3.07
695;699;3.11
696;692;3.001
696;693;3.385
696;699;2.94
696;700;2.996
696;1089;3.489
696;1093;3.474
697;263;3.967
697;693;2.953
697;694;3.359
697;702;3.546
697;1093;3.534
697;1096;3.456
698;694;3.032
698;695;3.07
698;702;3.702
699;695;3.11
699;696;2.94
700;302;2.764
700;696;2.996
700;1093;3.781
701;302;3.372
702;697;3.546
702;698;3.702
703;1096;3.457
703;1100;3.413
704;279;3.994
704;280;3.567
705;1100;3.43
705;1103;3.395
706;1100;2.714
707;1100;2.588
707;1103;3.549
708;720;3.862
709;714;3.661
709;715;3.907
710;1104;2.861
710;1107;3.786
711;714;3.964
712;717;2.888
712;1114;3.878
713;1114;3.369
713;1116;2.815
714;709;3.661
714;711;3.964
715;709;3.907
715;717;3.283
716;717;3.904
717;712;2.888
717;715;3.283
717;716;3.904
718;1108;3.263
719;291;2.724
720;708;3.862
720;724;3.676
720;1103;3.733
721;270;3.818
721;280;3.78
721;285;3.974
722;726;3.948
722;1103;4.033
723;293;2.716
723;726;2.863
724;720;3.676
724;1108;3.836
725;730;3.557
725;736;3.412
726;722;3.948
726;723;2.863
727;730;3.269
727;736;2.651
728;293;3.522
729;732;3.405
729;739;3.833
730;725;3.557
730;727;3.269
731;746;2.82
732;729;3.405
733;735;3.828
734;318;2.679
734;328;3.986
734;737;3.954
735;733;3.828
736;725;3.412
736;727;2.651
737;734;3.954
738;325;3.149
738;327;2.809
739;729;3.833
740;324;2.768
740;327;2.785
741;743;2.963
742;745;2.757
743;741;2.963
744;749;2.886
745;742;2.757
746;731;2.82
747;750;2.88
748;751;3.039
749;744;2.886
750;747;2.88
751;748;3.039
751;754;3.729
752;755;2.971
753;756;2.893
754;751;3.729
755;752;2.971
756;753;2.893
757;760;2.919
758;759;2.996
758;760;3.712
759;758;2.996
759;761;2.675
759;762;2.872
759;763;3.836
760;757;2.919
760;758;3.712
761;759;2.675
762;759;2.872
763;759;3.836
764;767;3.001
764;768;2.936
765;769;2.726
766;769;2.79
766;770;2.987
767;764;3.001
768;764;2.936
769;765;2.726
769;766;2.79
770;766;2.987
770;771;3.036
770;772;3.327
770;773;3.565
771;770;3.036
772;770;3.327
772;775;4.037
772;776;3.438
773;770;3.565
773;775;3.103
774;776;2.992
775;772;4.037
775;773;3.103
776;772;3.438
776;774;2.992
776;777;3.079
777;776;3.079
777;780;3.927
778;779;2.95
779;778;2.95
780;777;3.927
781;782;3.685
782;781;3.685
783;785;2.798
784;798;2.653
784;799;4.01
785;783;2.798
786;791;3.008
787;789;2.959
787;790;2.969
788;792;2.973
789;787;2.959
789;792;2.919
790;787;2.969
791;786;3.008
791;793;3.377
792;788;2.973
792;789;2.919
793;791;3.377
793;796;2.876
794;796;2.984
795;797;4.007
796;793;2.876
796;794;2.984
796;797;3.794
797;795;4.007
797;796;3.794
798;784;2.653
798;800;2.959
799;784;4.01
800;798;2.959
801;802;3.493
802;801;3.493
803;806;4.038
804;805;3.905
804;806;3.854
805;804;3.905
805;808;2.931
805;809;3.334
806;803;4.038
806;804;3.854
807;810;2.926
808;805;2.931
808;811;3.161
809;805;3.334
810;807;2.926
811;808;3.161
811;813;2.915
812;816;3.455
813;811;2.915
814;819;4.055
815;819;4.024
816;812;3.455
817;820;3.057
818;821;3.0
818;823;2.972
819;814;4.055
819;815;4.024
820;817;3.057
820;822;2.945
821;818;3.0
821;823;3.084
821;827;3.68
822;820;2.945
823;818;2.972
823;821;3.084
823;827;2.896
824;826;3.032
824;827;2.879
825;828;3.071
825;829;2.786
826;824;3.032
827;821;3.68
827;823;2.896
827;824;2.879
828;825;3.071
829;825;2.786
829;831;3.038
829;832;3.031
830;834;4.007
831;829;3.038
832;829;3.031
833;837;3.81
834;830;4.007
834;837;2.702
834;893;2.768
835;838;3.081
835;841;3.937
835;890;3.933
836;841;3.843
836;887;3.826
836;890;3.422
836;891;3.732
837;833;3.81
837;834;2.702
838;835;3.081
838;841;2.846
838;842;2.917
839;843;3.073
840;843;3.442
840;844;2.903
841;835;3.937
841;836;3.843
841;838;2.846
841;844;3.248
841;845;2.974
842;838;2.917
842;845;3.294
842;846;3.126
842;950;3.21
843;839;3.073
843;840;3.442
843;846;3.477
843;847;3.012
844;840;2.903
844;841;3.248
844;847;3.363
844;848;2.922
845;841;2.974
845;842;3.294
845;848;3.378
845;849;2.948
845;884;3.824
845;887;3.749
846;842;3.126
846;843;3.477
846;849;3.434
846;850;2.963
846;950;3.672
847;843;3.012
847;844;3.363
847;850;3.234
847;851;2.973
848;844;2.922
848;845;3.378
848;852;2.953
848;884;4.003
849;845;2.948
849;846;3.434
849;853;2.897
849;880;3.982
849;884;3.442
849;943;3.702
849;947;3.758
850;846;2.963
850;847;3.234
850;853;3.153
850;854;2.982
851;847;2.973
851;854;3.113
851;855;3.013
852;848;2.953
852;855;3.43
852;856;2.944
852;943;3.616
853;849;2.897
853;850;3.153
853;856;4.038
853;857;2.999
854;850;2.982
854;851;3.113
854;857;3.37
854;858;2.955
855;851;3.013
855;852;3.43
855;858;3.064
855;859;3.288
856;852;2.944
856;853;4.038
856;941;3.928
857;853;2.999
857;854;3.37
857;861;3.497
857;1276;3.889
858;854;2.955
858;855;3.064
858;861;3.063
858;862;3.025
858;865;3.584
858;869;3.719
858;873;3.873
859;855;3.288
859;866;2.758
859;934;2.714
860;863;3.34
860;866;2.671
860;1279;3.353
860;1333;3.08
861;857;3.497
861;858;3.063
861;1299;3.78
862;858;3.025
862;865;2.956
862;866;3.028
863;860;3.34
863;866;3.235
863;867;3.015
863;1334;4.011
864;867;2.64
865;858;3.584
865;862;2.956
865;868;3.273
865;869;2.961
866;859;2.758
866;860;2.671
866;862;3.028
866;863;3.235
866;870;3.025
866;1332;3.833
867;863;3.015
867;864;2.64
867;1334;3.48
868;865;3.273
869;858;3.719
869;865;2.961
869;872;3.114
869;873;3.024
870;866;3.025
870;874;2.747
871;875;3.021
872;869;3.114
872;875;3.384
872;876;2.994
873;858;3.873
873;869;3.024
873;876;3.001
873;877;3.282
874;870;2.747
874;877;2.976
874;878;3.026
874;934;2.877
874;937;3.783
875;871;3.021
875;872;3.384
875;878;2.917
875;879;2.95
876;872;2.994
876;873;3.001
876;879;3.5
876;880;2.925
877;873;3.282
877;874;2.976
877;881;3.011
877;940;3.8
878;874;3.026
878;875;2.917
878;881;3.333
878;882;3.037
879;875;2.95
879;876;3.5
879;883;2.987
880;849;3.982
880;876;2.925
880;883;3.236
880;884;2.926
880;940;4.032
880;943;3.622
881;877;3.011
881;878;3.333
881;885;2.979
881;940;3.852
882;878;3.037
882;886;3.03
883;879;2.987
883;880;3.236
883;887;2.942
884;845;3.824
884;848;4.003
884;849;3.442
884;880;2.926
884;888;3.006
884;946;3.656
885;881;2.979
885;888;3.319
885;889;2.959
885;913;3.859
885;917;3.669
886;882;3.03
886;889;3.365
886;890;2.955
887;836;3.826
887;845;3.749
887;883;2.942
887;890;3.471
887;891;2.669
887;946;3.599
888;884;3.006
888;885;3.319
888;891;3.395
888;892;2.94
888;910;3.817
889;885;2.959
889;886;3.365
889;892;4.027
889;893;3.006
890;835;3.933
890;836;3.422
890;886;2.955
890;887;3.471
890;893;3.439
890;894;3.004
891;836;3.732
891;887;2.669
891;888;3.395
891;894;3.268
891;895;3.09
891;900;3.783
891;906;3.882
891;909;2.683
892;888;2.94
892;889;4.027
892;895;2.998
892;896;2.936
892;897;3.809
892;900;6.412
892;901;3.681
893;834;2.768
893;889;3.006
893;890;3.439
894;890;3.004
894;891;3.268
895;891;3.09
895;892;2.998
895;899;2.828
895;900;3.985
895;903;3.836
895;906;3.651
896;892;2.936
896;900;2.988
897;892;3.809
897;900;3.449
897;901;2.997
898;901;2.836
898;902;2.86
899;895;2.828
900;891;3.783
900;892;6.412
900;895;3.985
900;896;2.988
900;897;3.449
900;903;3.043
900;906;3.663
900;910;3.77
901;892;3.681
901;897;2.997
901;898;2.836
901;907;3.608
901;910;3.686
902;898;2.86
903;895;3.836
903;900;3.043
903;906;3.069
903;907;2.947
904;907;3.453
904;908;2.962
905;908;3.349
905;909;2.997
905;949;3.182
905;958;3.937
906;891;3.882
906;895;3.651
906;900;3.663
906;903;3.069
906;909;3.141
906;910;2.991
907;901;3.608
907;903;2.947
907;904;3.453
907;910;6.19
907;911;2.982
908;904;2.962
908;905;3.349
908;911;3.206
909;891;2.683
909;905;2.997
909;906;3.141
909;946;2.912
909;949;2.79
910;888;3.817
910;900;3.77
910;901;3.686
910;906;2.991
910;907;6.19
910;913;3.031
910;914;2.956
911;907;2.982
911;908;3.206
911;915;3.031
912;942;4.0
912;946;3.737
913;885;3.859
913;910;3.031
913;916;3.044
913;917;3.083
914;910;2.956
914;917;2.961
914;918;2.911
915;911;3.031
915;919;2.969
915;939;3.678
916;913;3.044
916;919;4.007
916;920;3.049
916;940;2.866
917;885;3.669
917;913;3.083
917;914;2.961
917;920;3.366
917;921;2.98
918;914;2.911
918;921;3.187
918;922;2.995
919;915;2.969
919;916;4.007
919;922;3.466
919;923;2.987
920;916;3.049
920;917;3.366
920;923;3.284
920;924;2.983
920;933;3.736
921;917;2.98
921;918;3.187
921;924;3.203
921;925;2.934
922;918;2.995
922;919;3.466
922;925;3.15
922;926;2.964
923;919;2.987
923;920;3.284
923;928;3.043
923;932;3.34
923;933;3.368
923;936;3.654
924;920;2.983
924;921;3.203
924;927;3.0
925;921;2.934
925;922;3.15
926;922;2.964
927;924;3.0
928;923;3.043
929;932;3.778
929;933;3.178
930;933;3.481
930;934;2.999
931;934;2.733
931;935;3.226
932;923;3.34
932;929;3.778
932;936;2.994
933;920;3.736
933;923;3.368
933;929;3.178
933;930;3.481
933;937;2.973
934;859;2.714
934;874;2.877
934;930;2.999
934;931;2.733
934;1331;3.851
934;1332;4.011
935;931;3.226
935;938;3.053
935;1281;3.898
935;1328;2.984
935;1329;3.645
935;1330;3.148
936;923;3.654
936;932;2.994
937;874;3.783
937;933;2.973
937;940;2.753
938;935;3.053
938;941;2.753
938;942;3.324
938;1277;3.603
939;915;3.678
939;942;2.983
940;877;3.8
940;880;4.032
940;881;3.852
940;916;2.866
940;937;2.753
940;943;2.848
941;856;3.928
941;938;2.753
942;912;4.0
942;938;3.324
942;939;2.983
942;945;2.934
942;946;3.008
942;1273;3.818
943;849;3.702
943;852;3.616
943;880;3.622
943;940;2.848
943;946;2.969
943;947;3.172
944;947;3.022
944;1273;3.631
945;942;2.934
945;948;2.763
945;1273;3.825
946;884;3.656
946;887;3.599
946;909;2.912
946;912;3.737
