source;destination;distance
0;3;2.77
1;47;3.597
2;7;3.575
2;48;3.675
3;0;2.77
4;7;3.242
4;8;2.963
5;9;2.971
6;10;2.972
7;2;3.575
7;4;3.242
7;10;3.112
7;11;2.966
7;43;4.028
7;47;3.753
8;4;2.963
8;11;3.443
8;12;2.978
9;5;2.971
9;13;2.929
10;6;2.972
10;7;3.112
10;14;2.944
11;7;2.966
11;8;3.443
11;14;3.426
11;15;3.011
11;44;3.614
12;8;2.978
12;16;2.978
12;104;4.021
13;9;2.929
13;16;3.374
13;17;2.939
14;10;2.944
14;11;3.426
14;18;3.014
14;37;3.628
14;40;4.027
15;11;3.011
15;19;2.975
15;37;3.751
15;99;3.96
15;100;3.571
16;12;2.978
16;13;3.374
16;19;3.131
16;20;3.087
17;13;2.939
17;20;3.275
17;21;2.976
18;14;3.014
18;22;2.965
18;37;3.149
18;96;3.625
19;15;2.975
19;16;3.131
19;22;3.214
19;97;3.526
19;595;3.474
20;16;3.087
20;17;3.275
21;17;2.976
21;24;2.986
21;30;3.605
21;33;3.408
22;18;2.965
22;19;3.214
22;93;4.007
23;595;3.739
24;21;2.986
24;27;4.029
25;602;3.27
25;629;3.701
25;630;3.244
26;30;3.829
27;24;4.029
27;30;2.849
28;31;2.724
28;32;3.027
29;32;3.306
29;33;2.972
30;21;3.605
30;26;3.829
30;27;2.849
30;33;3.416
30;34;2.994
31;28;2.724
31;34;3.498
31;35;3.001
32;28;3.027
32;29;3.306
32;36;2.994
33;21;3.408
33;29;2.972
33;30;3.416
33;36;3.219
33;37;2.941
34;30;2.994
34;31;3.498
34;37;3.379
34;38;2.941
34;93;2.8
34;96;3.163
35;31;3.001
35;38;3.299
35;39;2.952
35;81;3.956
36;32;2.994
36;33;3.219
36;39;3.348
36;40;3.003
37;14;3.628
37;15;3.751
37;18;3.149
37;33;2.941
37;34;3.379
37;40;2.988
37;41;2.867
37;96;3.445
38;34;2.941
38;35;3.299
38;41;4.007
38;42;2.988
38;80;2.755
39;35;2.952
39;36;3.348
39;42;3.176
39;43;2.976
40;14;4.027
40;36;3.003
40;37;2.988
40;43;3.498
40;44;2.91
41;37;2.867
41;38;4.007
41;45;2.954
41;73;3.47
41;99;3.516
42;38;2.988
42;39;3.176
42;45;3.297
42;46;2.973
43;7;4.028
43;39;2.976
43;40;3.498
43;46;3.415
43;47;3.054
44;11;3.614
44;40;2.91
44;47;3.268
44;48;2.822
44;99;2.644
45;41;2.954
45;42;3.297
45;49;2.983
45;56;3.967
45;73;3.906
46;42;2.973
46;43;3.415
46;50;3.076
46;51;3.939
47;1;3.597
47;7;3.753
47;43;3.054
47;44;3.268
48;2;3.675
48;44;2.822
48;66;3.204
48;69;2.665
49;45;2.983
49;56;4.005
49;59;3.859
49;66;3.656
50;46;3.076
50;55;3.678
51;46;3.939
52;55;3.124
52;58;3.473
53;56;2.978
54;57;2.996
55;50;3.678
55;52;3.124
55;58;2.997
56;45;3.967
56;49;4.005
56;53;2.978
56;59;3.056
57;54;2.996
57;60;3.024
58;52;3.473
58;55;2.997
58;61;3.038
59;49;3.859
59;56;3.056
59;62;2.976
59;63;3.796
59;66;3.502
59;67;3.792
59;70;3.747
60;57;3.024
60;67;3.79
61;58;3.038
62;59;2.976
63;59;3.796
63;66;3.488
63;67;2.909
64;67;3.408
64;68;3.037
65;68;3.024
65;69;3.044
65;102;3.456
65;108;3.232
65;111;3.767
66;48;3.204
66;49;3.656
66;59;3.502
66;63;3.488
66;69;3.851
66;70;2.976
67;59;3.792
67;60;3.79
67;63;2.909
67;64;3.408
67;70;5.284
67;71;2.962
68;64;3.037
68;65;3.024
68;72;3.0
68;101;3.921
69;48;2.665
69;65;3.044
69;66;3.851
69;72;3.367
69;73;2.914
69;99;3.169
69;102;2.754
70;59;3.747
70;66;2.976
70;67;5.284
70;73;3.249
70;74;2.996
71;67;2.962
71;74;3.399
71;75;2.981
72;68;3.0
72;69;3.367
72;76;2.923
72;95;3.529
73;41;3.47
73;45;3.906
73;69;2.914
73;70;3.249
73;76;3.464
73;77;2.903
74;70;2.996
74;71;3.399
74;77;3.365
74;78;3.01
75;71;2.981
75;78;3.451
75;79;2.976
75;89;3.581
75;92;3.326
76;72;2.923
76;73;3.464
76;79;2.991
76;80;2.862
77;73;2.903
77;74;3.365
77;81;2.969
78;74;3.01
78;75;3.451
78;82;3.004
79;75;2.976
79;76;2.991
79;83;3.963
79;89;2.75
80;38;2.755
80;76;2.862
80;96;3.59
81;35;3.956
81;77;2.969
82;78;3.004
82;84;2.976
83;79;3.963
83;90;2.959
83;93;3.574
84;82;2.976
85;89;3.517
86;89;3.116
87;90;2.93
87;91;3.185
87;604;3.901
88;91;3.106
89;75;3.581
89;79;2.75
89;85;3.517
89;86;3.116
89;92;2.998
90;83;2.959
90;87;2.93
91;87;3.185
91;88;3.106
91;94;3.016
91;603;3.428
91;604;3.884
92;75;3.326
92;89;2.998
92;95;2.87
93;22;4.007
93;34;2.8
93;83;3.574
93;96;2.914
94;91;3.016
94;97;2.877
94;98;3.496
94;596;3.965
94;599;3.632
94;600;3.69
95;72;3.529
95;92;2.87
95;98;3.854
95;99;3.006
96;18;3.625
96;34;3.163
96;37;3.445
96;80;3.59
96;93;2.914
96;99;3.207
97;19;3.526
97;94;2.877
97;100;3.006
98;94;3.496
98;95;3.854
98;101;2.908
98;596;3.949
99;15;3.96
99;41;3.516
99;44;2.644
99;69;3.169
99;95;3.006
99;96;3.207
99;102;2.946
100;15;3.571
100;97;3.006
100;103;2.99
100;104;3.003
100;107;3.61
100;592;3.531
101;68;3.921
101;98;2.908
101;111;3.889
102;65;3.456
102;69;2.754
102;99;2.946
102;108;2.803
103;100;2.99
104;12;4.021
104;100;3.003
104;107;3.091
104;108;2.99
105;108;3.367
105;109;2.951
106;110;3.133
106;585;3.443
107;100;3.61
107;104;3.091
107;110;3.417
107;111;3.002
107;589;3.708
108;65;3.232
108;102;2.803
108;104;2.99
108;105;3.367
108;111;3.451
108;112;2.973
109;105;2.951
109;112;3.23
109;113;3.041
110;106;3.133
110;107;3.417
110;113;3.093
110;114;3.0
110;585;3.334
110;586;3.999
111;65;3.767
111;101;3.889
111;107;3.002
111;108;3.451
111;114;3.244
111;115;3.045
112;108;2.973
112;109;3.23
112;115;3.461
112;116;3.005
113;109;3.041
113;110;3.093
113;116;3.217
113;117;3.055
114;110;3.0
114;111;3.244
114;117;3.004
114;118;3.24
114;674;3.831
115;111;3.045
115;112;3.461
115;118;2.987
116;112;3.005
116;113;3.217
116;119;2.771
116;253;3.971
117;113;3.055
117;114;3.004
117;120;3.065
117;121;3.014
117;253;3.962
118;114;3.24
118;115;2.987
118;122;3.004
119;116;2.771
119;257;2.734
120;117;3.065
120;123;3.396
120;253;3.453
120;256;2.633
120;257;2.852
121;117;3.014
121;124;3.354
121;125;2.93
121;250;3.979
122;118;3.004
122;126;2.984
123;120;3.396
123;126;3.176
123;127;3.096
123;1257;3.445
123;1258;2.929
124;121;3.354
124;127;3.437
124;128;3.169
124;242;3.616
124;1261;3.997
125;121;2.93
125;128;3.39
125;129;2.918
126;122;2.984
126;123;3.176
126;129;3.339
126;130;2.978
127;123;3.096
127;124;3.437
127;131;2.963
127;1252;4.002
127;1258;3.972
127;1261;3.814
128;124;3.169
128;125;3.39
128;131;3.285
128;132;2.89
128;242;3.427
129;125;2.918
129;126;3.339
129;132;3.493
129;133;3.012
130;126;2.978
130;133;3.418
130;134;2.928
130;1159;4.157
130;1248;3.672
130;1251;3.411
130;1252;3.809
131;127;2.963
131;128;3.285
131;135;2.891
132;128;2.89
132;129;3.493
132;136;2.973
132;202;3.727
132;205;4.036
133;129;3.012
133;130;3.418
133;136;3.19
133;137;3.004
134;130;2.928
134;137;3.276
134;138;2.984
134;1159;3.729
134;1248;3.777
135;131;2.891
135;139;2.948
135;205;3.61
135;231;3.672
135;235;3.84
135;238;3.958
136;132;2.973
136;133;3.19
136;140;2.92
136;198;3.827
136;202;3.937
137;133;3.004
137;134;3.276
137;140;3.209
137;141;3.117
137;198;3.844
137;1245;3.878
138;134;2.984
138;141;3.067
138;142;3.466
138;231;3.627
138;1242;3.565
138;1245;3.979
139;135;2.948
139;142;3.431
139;143;2.952
139;195;3.577
140;136;2.92
140;137;3.209
140;144;3.69
140;196;3.926
140;197;3.496
140;198;3.894
141;137;3.117
141;138;3.067
141;1242;3.954
141;1245;3.37
142;138;3.466
142;139;3.431
142;1238;3.608
142;1242;3.862
143;139;2.952
143;218;3.057
143;228;3.441
143;231;3.701
143;232;3.645
144;140;3.69
144;196;3.887
145;150;2.727
145;191;2.988
146;185;3.064
146;189;3.804
146;191;3.088
147;150;2.945
147;151;3.757
147;189;2.757
148;189;2.851
148;192;3.545
148;196;2.647
149;153;3.948
149;155;3.869
150;145;2.727
150;147;2.945
150;154;3.679
150;186;2.889
151;147;3.757
151;183;3.693
151;186;3.935
152;183;3.658
153;149;3.948
153;181;2.728
154;150;3.679
155;149;3.869
156;159;3.694
157;159;3.552
158;161;3.937
158;179;3.843
159;156;3.694
159;157;3.552
159;162;3.879
160;170;3.194
160;178;2.797
161;158;3.937
162;159;3.879
163;169;3.059
163;170;3.575
164;168;3.939
165;166;3.508
166;165;3.508
167;169;2.902
167;175;2.818
168;164;3.939
169;163;3.059
169;167;2.902
169;171;2.89
169;179;3.13
170;160;3.194
170;163;3.575
171;169;2.89
171;175;3.673
171;177;2.797
172;173;4.031
173;172;4.031
174;176;3.081
175;167;2.818
175;171;3.673
176;174;3.081
176;180;3.974
177;171;2.797
178;160;2.797
179;158;3.843
179;169;3.13
180;176;3.974
181;153;2.728
182;1013;4.122
182;1015;3.725
183;151;3.693
183;152;3.658
184;186;3.544
185;146;3.064
186;150;2.889
186;151;3.935
186;184;3.544
187;190;3.083
188;1012;2.842
188;1014;3.531
189;146;3.804
189;147;2.757
189;148;2.851
189;192;3.14
190;187;3.083
190;221;3.59
190;222;3.946
191;145;2.988
191;146;3.088
192;148;3.545
192;189;3.14
192;195;2.993
192;196;3.029
192;200;3.513
193;200;3.161
194;200;3.385
194;218;3.45
195;139;3.577
195;192;2.993
195;201;3.421
195;204;3.524
195;218;3.149
195;232;6.186
196;140;3.926
196;144;3.887
196;148;2.647
196;192;3.029
197;140;3.496
197;200;2.802
197;201;2.962
198;136;3.827
198;137;3.844
198;140;3.894
198;202;2.956
199;203;2.993
200;192;3.513
200;193;3.161
200;194;3.385
200;197;2.802
200;203;3.275
200;204;2.957
201;195;3.421
201;197;2.962
201;204;3.234
201;205;2.95
202;132;3.727
202;136;3.937
202;198;2.956
202;206;2.936
203;199;2.993
203;200;3.275
203;206;3.068
203;207;2.961
203;662;3.814
204;195;3.524
204;200;2.957
204;201;3.234
204;207;3.287
204;208;2.936
205;132;4.036
205;135;3.61
205;201;2.95
205;208;3.881
205;209;2.958
206;202;2.936
206;203;3.068
206;209;3.241
206;210;2.943
206;666;3.522
206;670;3.915
207;203;2.961
207;204;3.287
207;211;2.971
207;212;2.801
207;213;3.942
207;645;3.668
208;204;2.936
208;205;3.881
208;211;3.092
208;214;3.643
208;232;3.914
208;235;3.783
208;236;3.746
209;205;2.958
209;206;3.241
210;206;2.943
210;669;3.653
211;207;2.971
211;208;3.092
211;1323;3.134
211;1325;2.958
212;207;2.801
212;644;3.781
212;645;3.414
213;207;3.942
213;216;3.238
213;217;3.009
213;645;5.95
213;1330;3.84
214;208;3.643
214;218;3.048
214;219;3.185
214;233;3.912
214;236;3.311
214;1316;3.767
214;1319;3.597
214;1320;3.336
215;219;3.13
215;220;3.005
215;1316;3.733
215;1320;3.614
215;1355;3.654
215;1356;2.79
215;1357;3.172
216;213;3.238
216;1330;3.594
216;1357;3.187
217;213;3.009
217;220;3.054
218;143;3.057
218;194;3.45
218;195;3.149
218;214;3.048
218;228;2.843
219;214;3.185
219;215;3.13
219;222;2.951
219;229;3.375
219;1316;3.169
219;1355;3.471
220;215;3.005
220;217;3.054
220;1306;3.812
220;1355;3.427
221;190;3.59
222;190;3.946
222;219;2.951
222;224;2.929
222;225;3.107
222;228;3.576
223;225;3.059
223;1313;3.698
223;1350;3.389
223;1351;2.883
223;1354;3.487
224;222;2.929
224;228;3.019
225;222;3.107
225;223;3.059
225;228;2.971
225;229;2.925
225;1352;3.769
225;1353;3.476
226;229;3.622
226;230;2.922
226;1312;3.834
226;1350;2.839
226;1352;2.776
227;1235;3.691
227;1238;3.78
227;1239;3.252
227;1352;2.978
228;143;3.441
228;218;2.843
228;222;3.576
228;224;3.019
228;225;2.971
228;231;3.02
228;232;3.306
229;219;3.375
229;225;2.925
229;226;3.622
229;232;3.358
229;233;2.952
229;1316;3.495
229;1353;3.986
230;226;2.922
230;234;2.971
231;135;3.672
231;138;3.627
231;143;3.701
231;228;3.02
231;234;3.132
231;235;2.967
232;143;3.645
232;195;6.186
232;208;3.914
232;228;3.306
232;229;3.358
232;235;3.175
232;236;2.974
233;214;3.912
233;229;2.952
233;236;3.166
233;237;2.973
233;1319;3.968
234;230;2.971
234;231;3.132
234;238;2.935
235;135;3.84
235;208;3.783
235;231;2.967
235;232;3.175
235;239;2.903
236;208;3.746
236;214;3.311
236;232;2.974
236;233;3.166
236;240;2.949
236;1319;3.385
237;233;2.973
237;241;2.955
237;1319;3.316
238;135;3.958
238;234;2.935
238;242;2.922
239;235;2.903
239;243;2.938
240;236;2.949
240;243;3.303
240;244;2.948
241;237;2.955
241;244;3.411
241;245;2.941
241;1265;3.698
241;1272;3.64
242;124;3.616
242;128;3.427
242;238;2.922
242;245;3.189
242;246;2.883
243;239;2.938
243;240;3.303
243;246;3.34
243;247;2.955
244;240;2.948
244;241;3.411
244;247;3.821
244;248;2.997
244;1383;3.815
245;241;2.941
245;242;3.189
245;248;3.634
245;249;2.902
245;1261;3.141
245;1264;3.738
246;242;2.883
246;243;3.34
246;249;3.132
246;250;2.944
246;677;3.636
247;243;2.955
247;244;3.821
247;251;3.077
247;677;3.744
247;680;3.668
247;1380;3.534
248;244;2.997
248;245;3.634
248;252;2.923
248;1383;3.953
248;1384;3.941
248;1387;3.494
249;245;2.902
249;246;3.132
249;253;2.928
250;121;3.979
250;246;2.944
250;253;3.366
250;254;3.087
250;681;3.812
251;247;3.077
251;254;3.177
251;255;3.083
251;680;3.666
251;681;3.963
251;684;3.476
251;1384;3.493
252;248;2.923
252;256;2.892
252;1388;3.814
253;116;3.971
253;117;3.962
253;120;3.453
253;249;2.928
253;250;3.366
253;257;2.973
254;250;3.087
254;251;3.177
254;258;3.093
254;681;3.675
255;251;3.083
255;258;3.053
255;259;2.885
255;685;3.849
255;688;3.836
256;120;2.633
256;252;2.892
256;259;3.03
256;260;3.661
257;119;2.734
257;120;2.852
257;253;2.973
257;267;2.888
258;254;3.093
258;255;3.053
258;266;3.997
258;267;3.34
258;268;3.019
259;255;2.885
259;256;3.03
259;266;3.498
259;268;3.822
259;270;3.043
260;256;3.661
260;265;2.996
260;266;2.793
261;270;3.747
261;695;4.032
262;264;3.422
263;270;3.545
263;272;3.78
263;699;3.779
263;700;3.962
264;262;3.422
264;266;3.907
265;260;2.996
266;258;3.997
266;259;3.498
266;260;2.793
266;264;3.907
267;257;2.888
267;258;3.34
268;258;3.019
268;259;3.822
269;271;3.202
270;259;3.043
270;261;3.747
270;263;3.545
270;272;2.995
271;269;3.202
271;274;3.01
271;278;3.456
272;263;3.78
272;270;2.995
272;694;3.514
272;698;3.722
272;700;3.442
273;275;2.91
273;694;3.979
273;701;3.995
274;271;3.01
275;273;2.91
275;278;2.976
276;279;3.047
276;287;2.842
276;288;2.796
276;289;2.896
276;703;3.44
277;280;2.967
277;281;3.019
277;702;2.678
278;271;3.456
278;275;2.976
278;281;3.043
279;276;3.047
279;291;3.581
280;277;2.967
280;285;3.626
280;287;2.814
280;288;2.719
280;289;2.833
281;277;3.019
281;278;3.043
281;701;2.849
282;285;3.519
283;719;3.937
284;727;2.762
285;280;3.626
285;282;3.519
285;727;3.156
286;705;3.791
287;276;2.842
287;280;2.814
287;701;3.913
287;703;3.706
287;704;3.708
288;276;2.796
288;280;2.719
288;704;3.964
289;276;2.896
289;280;2.833
290;292;3.41
290;314;3.651
291;279;3.581
292;290;3.41
293;691;2.807
293;692;4.001
293;1101;3.461
293;1104;3.579
294;1101;3.418
294;1104;3.827
294;1105;3.651
295;304;3.174
295;306;2.753
296;306;3.049
297;299;3.668
297;304;3.801
298;302;2.687
299;297;3.668
299;975;3.727
300;971;3.417
301;302;2.939
302;298;2.687
302;301;2.939
303;309;3.92
304;295;3.174
304;297;3.801
304;307;3.228
305;310;3.928
306;295;2.753
306;296;3.049
307;304;3.228
307;314;2.846
308;311;2.995
309;303;3.92
310;305;3.928
311;308;2.995
311;314;3.778
311;321;3.847
312;320;3.066
312;321;2.857
312;322;3.73
313;315;3.038
314;290;3.651
314;307;2.846
314;311;3.778
315;313;3.038
316;320;2.781
316;322;2.709
316;324;2.661
317;320;2.832
317;325;3.203
318;325;3.852
319;322;2.968
319;323;2.851
319;325;2.791
320;312;3.066
320;316;2.781
320;317;2.832
321;311;3.847
321;312;2.857
322;312;3.73
322;316;2.709
322;319;2.968
323;319;2.851
324;316;2.661
324;327;3.003
325;317;3.203
325;318;3.852
325;319;2.791
326;328;2.778
327;324;3.003
328;326;2.778
329;438;3.599
329;439;2.877
329;440;3.768
330;433;3.105
330;436;3.813
331;433;2.934
332;433;2.78
333;433;2.639
334;337;4.015
335;342;2.864
336;340;2.956
336;341;3.493
336;342;3.005
337;334;4.015
338;386;3.869
339;343;3.46
340;336;2.956
341;336;3.493
341;348;3.918
342;335;2.864
342;336;3.005
342;346;3.879
342;347;3.668
342;348;3.697
343;339;3.46
344;346;3.059
344;348;3.845
345;430;3.899
346;342;3.879
346;344;3.059
346;431;2.745
346;432;3.597
346;434;2.602
347;342;3.668
348;341;3.918
348;342;3.697
348;344;3.845
349;355;3.735
350;355;3.561
350;356;2.862
351;354;3.026
351;356;3.023
352;357;2.957
353;366;3.699
354;351;3.026
355;349;3.735
355;350;3.561
356;350;2.862
356;351;3.023
357;352;2.957
357;359;2.982
358;362;3.65
359;357;2.982
359;362;2.991
359;366;3.861
360;363;3.017
361;364;3.01
361;365;2.987
361;366;3.64
362;358;3.65
362;359;2.991
363;360;3.017
364;361;3.01
365;361;2.987
365;367;3.786
366;353;3.699
366;359;3.861
366;361;3.64
367;365;3.786
368;370;3.869
369;373;3.859
369;376;3.589
369;388;3.711
370;368;3.869
371;373;3.694
372;389;3.116
373;369;3.859
373;371;3.694
373;389;2.997
374;390;2.862
374;395;3.417
375;378;2.94
376;369;3.589
377;379;3.0
377;380;3.194
377;381;2.751
378;375;2.94
379;377;3.0
380;377;3.194
381;377;2.751
381;383;2.735
381;384;2.951
382;385;2.968
383;381;2.735
384;381;2.951
385;382;2.968
386;338;3.869
387;391;3.777
387;392;3.584
388;369;3.711
388;391;2.929
389;372;3.116
389;373;2.997
390;374;2.862
390;393;2.945
390;394;3.052
391;387;3.777
391;388;2.929
392;387;3.584
393;390;2.945
394;390;3.052
395;374;3.417
396;397;3.938
397;396;3.938
398;399;2.785
399;398;2.785
400;401;2.782
400;407;3.654
401;400;2.782
401;406;2.979
402;405;2.796
402;406;3.823
403;406;3.835
404;406;2.973
405;402;2.796
406;401;2.979
406;402;3.823
406;403;3.835
406;404;2.973
407;400;3.654
407;408;3.019
408;407;3.019
409;412;4.025
410;412;2.881
411;413;2.942
412;409;4.025
412;410;2.881
413;411;2.942
413;414;3.041
414;413;3.041
415;417;3.784
416;436;2.882
417;415;3.784
418;419;3.294
419;418;3.294
419;420;2.874
420;419;2.874
421;422;3.017
422;421;3.017
423;429;3.166
424;425;3.064
425;424;3.064
425;428;2.984
425;429;3.074
426;429;2.926
427;430;3.708
428;425;2.984
429;423;3.166
429;425;3.074
429;426;2.926
430;345;3.899
430;427;3.708
431;346;2.745
431;434;3.912
432;346;3.597
433;330;3.105
433;331;2.934
433;332;2.78
433;333;2.639
434;346;2.602
434;431;3.912
435;438;3.876
436;330;3.813
436;416;2.882
436;438;2.982
437;445;2.959
438;329;3.599
438;435;3.876
438;436;2.982
439;329;2.877
439;445;3.252
440;329;3.768
441;444;3.103
442;445;2.954
442;446;3.273
442;447;4.02
443;448;3.305
443;449;2.982
444;441;3.103
445;437;2.959
445;439;3.252
445;442;2.954
446;442;3.273
447;442;4.02
448;443;3.305
449;443;2.982
450;451;3.349
451;450;3.349
452;454;2.719
453;455;3.116
453;457;3.669
454;452;2.719
455;453;3.116
455;458;2.976
455;460;3.457
455;461;3.838
455;463;2.984
455;464;2.758
456;459;3.944
456;460;3.805
456;516;3.433
456;517;2.774
457;453;3.669
458;455;2.976
459;456;3.944
459;516;3.631
459;517;3.977
460;455;3.457
460;456;3.805
460;463;2.982
460;464;3.112
461;455;3.838
461;464;2.988
462;513;3.668
463;455;2.984
463;460;2.982
463;518;3.355
464;455;2.758
464;460;3.112
464;461;2.988
464;467;2.986
464;468;3.163
465;469;2.954
466;470;2.958
467;464;2.986
467;470;3.208
467;471;3.011
468;464;3.163
468;471;3.428
468;472;2.936
468;565;2.669
469;465;2.954
469;472;3.187
469;473;2.97
470;466;2.958
470;467;3.208
470;474;3.05
471;467;3.011
471;468;3.428
471;474;3.311
471;475;2.979
471;510;3.805
471;562;3.939
472;468;2.936
472;469;3.187
472;475;3.006
472;476;3.083
472;566;2.741
472;567;3.644
473;469;2.97
473;476;3.466
473;477;3.003
474;470;3.05
474;471;3.311
474;478;2.983
474;503;3.66
475;471;2.979
475;472;3.006
475;478;3.08
475;479;3.071
475;507;3.32
475;560;3.877
475;562;3.873
475;563;3.837
476;472;3.083
476;473;3.466
476;479;3.123
476;480;3.434
476;563;3.81
477;473;3.003
477;480;3.32
477;481;3.018
478;474;2.983
478;475;3.08
478;481;3.277
478;482;2.984
478;503;3.2
478;559;3.095
479;475;3.071
479;476;3.123
479;483;3.056
479;560;3.647
479;989;3.931
480;476;3.434
480;477;3.32
480;483;3.3
480;484;2.994
481;477;3.018
481;478;3.277
481;484;3.001
481;485;2.948
481;496;3.522
482;478;2.984
482;485;3.03
482;557;4.021
482;559;3.795
482;560;3.64
482;993;4.019
483;479;3.056
483;480;3.3
484;480;2.994
484;481;3.001
484;488;3.611
485;481;2.948
485;482;3.03
485;489;2.907
485;496;4.001
485;500;3.451
486;489;2.959
486;1035;3.005
486;1036;3.034
487;490;2.953
487;491;3.057
488;484;3.611
488;492;3.019
489;485;2.907
489;486;2.959
489;493;2.805
490;487;2.953
490;493;2.742
491;487;3.057
492;488;3.019
492;495;3.028
492;496;2.941
493;489;2.805
493;490;2.742
493;497;2.972
494;497;3.308
494;498;3.039
495;492;3.028
495;498;3.952
495;499;2.965
496;481;3.522
496;485;4.001
496;492;2.941
496;499;3.301
496;500;2.923
497;493;2.972
497;494;3.308
497;500;3.362
497;501;3.031
498;494;3.039
498;495;3.952
498;502;2.963
499;495;2.965
499;496;3.301
499;503;2.963
500;485;3.451
500;496;2.923
500;497;3.362
500;503;3.387
500;504;3.089
500;559;3.256
501;497;3.031
501;504;3.331
501;505;3.013
501;543;3.775
501;544;3.416
502;498;2.963
502;505;3.013
502;506;3.094
503;474;3.66
503;478;3.2
503;499;2.963
503;500;3.387
503;506;3.075
503;507;3.371
504;500;3.089
504;501;3.331
504;507;2.956
504;539;2.825
504;540;3.752
504;543;3.824
505;501;3.013
505;502;3.013
505;508;2.86
506;502;3.094
506;503;3.075
506;509;3.065
506;510;3.238
507;475;3.32
507;503;3.371
507;504;2.956
507;511;2.982
507;536;3.694
507;540;3.91
507;562;3.413
508;505;2.86
508;511;3.418
508;512;3.029
508;540;3.492
509;506;3.065
509;513;3.062
510;471;3.805
510;506;3.238
510;513;3.434
510;514;2.945
510;562;2.744
510;565;2.736
511;507;2.982
511;508;3.418
511;515;2.988
511;536;3.671
512;508;3.029
512;515;3.213
512;516;3.093
513;462;3.668
513;509;3.062
513;510;3.434
513;517;2.975
514;510;2.945
514;517;3.02
514;518;3.031
514;522;2.669
514;523;3.64
514;529;2.771
515;511;2.988
515;512;3.213
515;523;3.712
515;524;4.011
516;456;3.433
516;459;3.631
516;512;3.093
517;456;2.774
517;459;3.977
517;513;2.975
517;514;3.02
518;463;3.355
518;514;3.031
518;522;3.598
519;522;2.919
519;523;2.92
520;524;2.975
521;525;2.841
522;514;2.669
522;518;3.598
522;519;2.919
522;525;3.068
522;526;2.914
523;514;3.64
523;515;3.712
523;519;2.92
523;529;3.192
523;533;3.163
524;515;4.011
524;520;2.975
525;521;2.841
525;522;3.068
526;522;2.914
526;529;2.956
526;530;3.039
527;530;3.951
527;531;3.01
528;532;2.987
528;570;2.966
528;573;3.962
529;514;2.771
529;523;3.192
529;526;2.956
529;533;2.952
530;526;3.039
530;527;3.951
530;533;3.397
530;534;2.99
531;527;3.01
531;534;3.432
531;535;3.018
532;528;2.987
532;535;3.221
532;536;2.904
532;562;2.642
532;565;3.857
533;523;3.163
533;529;2.952
533;530;3.397
533;537;3.007
534;530;2.99
534;531;3.432
534;537;3.196
534;538;3.088
535;531;3.018
535;532;3.221
535;539;3.009
536;507;3.694
536;511;3.671
536;532;2.904
536;540;2.935
536;562;3.763
537;533;3.007
537;534;3.196
537;541;2.994
538;534;3.088
538;542;3.203
538;555;3.583
539;504;2.825
539;535;3.009
539;543;3.406
539;559;3.071
540;504;3.752
540;507;3.91
540;508;3.492
540;536;2.935
540;543;3.151
540;544;2.91
541;537;2.994
541;544;3.306
541;545;3.032
542;538;3.203
542;546;2.997
542;547;3.056
542;556;3.813
543;501;3.775
543;504;3.824
543;539;3.406
543;540;3.151
543;547;3.745
543;556;3.952
544;501;3.416
544;540;2.91
544;541;3.306
545;541;3.032
546;542;2.997
546;548;2.948
547;542;3.056
547;543;3.745
547;553;2.831
548;546;2.948
548;553;3.249
549;552;2.782
550;553;3.234
550;554;2.932
551;554;3.273
551;555;2.954
551;1075;3.852
552;549;2.782
552;555;3.071
552;556;3.079
553;547;2.831
553;548;3.249
553;550;3.234
553;556;2.95
554;550;2.932
554;551;3.273
554;557;2.991
554;997;3.132
555;538;3.583
555;551;2.954
555;552;3.071
555;558;2.974
556;542;3.813
556;543;3.952
556;552;3.079
556;553;2.95
556;559;3.041
557;482;4.021
557;554;2.991
557;560;3.182
557;993;3.706
557;994;3.924
558;555;2.974
558;561;2.892
558;990;3.891
559;478;3.095
559;482;3.795
559;500;3.256
559;539;3.071
559;556;3.041
559;562;2.972
560;475;3.877
560;479;3.647
560;482;3.64
560;557;3.182
560;563;2.93
560;986;3.802
560;990;3.529
561;558;2.892
561;564;2.781
561;987;3.365
561;990;3.481
562;471;3.939
562;475;3.873
562;507;3.413
562;510;2.744
562;532;2.642
562;536;3.763
562;559;2.972
562;565;2.968
563;475;3.837
563;476;3.81
563;560;2.93
563;566;2.968
563;567;2.947
563;569;3.878
563;986;3.568
564;561;2.781
565;468;2.669
565;510;2.736
565;532;3.857
565;562;2.968
566;472;2.741
566;563;2.968
567;472;3.644
567;563;2.947
567;569;3.9
567;570;3.028
568;571;3.075
568;572;2.924
568;979;3.191
569;563;3.878
569;567;3.9
569;572;3.2
569;573;3.015
569;983;3.504
570;528;2.966
570;567;3.028
570;573;3.848
570;574;3.058
571;568;3.075
571;574;3.369
571;575;2.958
572;568;2.924
572;569;3.2
572;575;3.263
572;576;2.948
572;983;3.647
573;528;3.962
573;569;3.015
573;570;3.848
573;577;3.039
574;570;3.058
574;571;3.369
574;578;2.729
575;571;2.958
575;572;3.263
575;578;3.312
575;579;2.93
576;572;2.948
576;579;3.197
576;580;3.072
576;1089;3.603
577;573;3.039
577;580;3.029
578;574;2.729
578;575;3.312
578;581;2.957
579;575;2.93
579;576;3.197
579;582;3.068
579;583;3.087
579;683;3.78
579;1089;3.494
579;1093;3.573
580;576;3.072
580;577;3.029
580;584;2.985
580;1089;3.854
581;578;2.957
581;584;3.016
582;579;3.068
582;683;3.95
583;579;3.087
583;586;3.26
583;587;2.871
583;679;3.576
583;1089;3.836
584;580;2.985
584;581;3.016
584;588;3.05
585;106;3.443
585;110;3.334
585;588;3.206
585;589;3.298
586;110;3.999
586;583;3.26
586;589;3.047
586;590;3.022
586;678;3.501
586;679;3.815
587;583;2.871
587;591;2.928
588;584;3.05
588;585;3.206
588;591;3.306
588;592;3.051
589;107;3.708
589;585;3.298
589;586;3.047
589;592;3.468
589;593;3.031
590;586;3.022
590;593;3.481
590;594;2.958
590;641;3.899
591;587;2.928
591;588;3.306
591;595;2.975
592;100;3.531
592;588;3.051
592;589;3.468
592;595;3.266
592;596;2.993
593;589;3.031
593;590;3.481
593;596;3.315
593;597;2.947
593;671;3.727
594;590;2.958
594;598;2.929
594;634;3.509
594;637;3.8
595;19;3.474
595;23;3.739
595;591;2.975
595;592;3.266
595;598;3.264
595;599;2.999
595;630;3.478
596;94;3.965
596;98;3.949
596;592;2.993
596;593;3.315
596;599;3.269
596;600;2.993
597;593;2.947
597;601;2.954
597;637;3.783
597;667;4.095
597;668;3.533
597;671;3.896
598;594;2.929
598;595;3.264
598;601;3.257
598;602;2.99
598;630;3.745
598;633;3.968
598;634;4.008
599;94;3.632
599;595;2.999
599;596;3.269
599;603;3.315
600;94;3.69
600;596;2.993
600;603;3.34
600;604;3.021
601;597;2.954
601;598;3.257
601;605;2.995
601;606;2.816
601;627;3.839
602;25;3.27
602;598;2.99
602;606;3.045
602;607;3.143
602;629;3.825
603;91;3.428
603;599;3.315
603;600;3.34
604;87;3.901
604;91;3.884
604;600;3.021
604;607;2.803
605;601;2.995
605;608;3.004
605;609;3.578
605;623;3.506
605;627;4.111
605;661;3.398
605;664;3.987
606;601;2.816
606;602;3.045
606;623;3.766
607;602;3.143
607;604;2.803
608;605;3.004
608;623;2.985
609;605;3.578
609;621;3.078
609;623;2.968
609;649;3.807
609;650;3.396
609;657;2.784
609;661;3.526
610;619;2.648
610;620;3.301
610;650;3.698
610;651;2.914
611;614;3.006
611;615;2.865
611;616;2.822
611;617;2.748
612;650;4.153
612;651;2.773
612;653;3.666
613;616;3.858
614;611;3.006
615;611;2.865
616;611;2.822
616;613;3.858
616;1023;3.966
617;611;2.748
618;624;3.561
618;625;3.128
619;610;2.648
620;610;3.301
620;624;3.535
621;609;3.078
621;624;3.178
621;625;3.13
621;648;2.867
621;649;3.56
622;625;3.027
622;626;2.851
622;647;3.897
623;605;3.506
623;606;3.766
623;608;2.985
623;609;2.968
623;627;3.67
623;649;3.592
624;618;3.561
624;620;3.535
624;621;3.178
624;628;3.499
625;618;3.128
625;621;3.13
625;622;3.027
625;632;4.013
625;1063;3.935
626;622;2.851
626;632;6.498
626;635;3.953
626;636;3.84
626;1054;3.432
626;1058;3.884
627;601;3.839
627;605;4.111
627;623;3.67
627;632;3.67
627;636;3.647
627;649;4.014
628;624;3.499
628;1067;2.725
629;25;3.701
629;602;3.825
629;632;2.895
629;633;2.943
629;1070;2.878
630;25;3.244
630;595;3.478
630;598;3.745
630;633;3.43
630;634;2.942
631;634;3.212
631;635;2.993
631;1070;3.646
631;1073;3.865
631;1074;3.621
631;1077;3.989
632;625;4.013
632;626;6.498
632;627;3.67
632;629;2.895
632;635;3.311
632;636;2.989
632;1073;3.09
633;598;3.968
633;629;2.943
633;630;3.43
633;637;2.962
634;594;3.509
634;598;4.008
634;630;2.942
634;631;3.212
634;637;3.487
634;638;2.972
635;626;3.953
635;631;2.993
635;632;3.311
635;638;3.292
635;639;3.049
635;1077;3.632
636;626;3.84
636;627;3.647
636;632;2.989
636;639;3.142
636;640;3.011
636;646;3.781
637;594;3.8
637;597;3.783
637;633;2.962
637;634;3.487
637;640;3.371
637;641;2.992
638;634;2.972
638;635;3.292
638;641;3.069
638;642;3.236
638;1050;5.838
638;1053;3.51
638;1077;3.743
638;1084;3.887
639;635;3.049
639;636;3.142
639;645;2.852
639;1054;3.522
640;636;3.011
640;637;3.371
640;643;2.954
640;665;3.413
640;668;3.577
640;669;3.96
641;590;3.899
641;637;2.992
641;638;3.069
641;672;3.822
642;638;3.236
642;1050;3.481
643;640;2.954
643;665;2.884
643;669;4.007
644;212;3.781
644;1050;3.807
644;1051;2.755
644;1052;2.84
645;207;3.668
645;212;3.414
645;213;5.95
645;639;2.852
645;665;3.861
645;1055;3.882
646;636;3.781
646;649;3.508
646;665;3.271
647;622;3.897
647;1055;3.489
648;621;2.867
648;1010;3.846
649;609;3.807
649;621;3.56
649;623;3.592
649;627;4.014
649;646;3.508
649;658;3.324
649;661;3.472
650;609;3.396
650;610;3.698
650;612;4.153
650;654;3.36
650;658;2.987
651;610;2.914
651;612;2.773
651;658;3.691
652;1011;3.418
653;612;3.666
654;650;3.36
654;657;2.776
654;658;3.075
655;659;2.948
656;659;3.302
656;660;3.005
657;609;2.784
657;654;2.776
657;660;3.229
657;661;3.087
658;649;3.324
658;650;2.987
658;651;3.691
658;654;3.075
658;661;3.396
658;662;2.916
659;655;2.948
659;656;3.302
659;662;3.275
659;663;3.011
660;656;3.005
660;657;3.229
660;663;3.488
660;664;3.36
661;605;3.398
661;609;3.526
661;649;3.472
661;657;3.087
661;658;3.396
661;664;3.443
661;665;2.941
662;203;3.814
662;658;2.916
662;659;3.275
662;665;3.275
662;666;2.967
663;659;3.011
663;660;3.488
663;666;3.41
663;667;3.018
664;605;3.987
664;660;3.36
664;661;3.443
664;667;3.323
664;668;2.992
665;640;3.413
665;643;2.884
665;645;3.861
665;646;3.271
665;661;2.941
665;662;3.275
665;668;3.272
665;669;2.984
666;206;3.522
666;662;2.967
666;663;3.41
666;669;3.432
666;670;2.999
667;597;4.095
667;663;3.018
667;664;3.323
667;670;3.486
667;671;3.01
668;597;3.533
668;640;3.577
668;664;2.992
668;665;3.272
668;672;2.951
669;210;3.653
669;640;3.96
669;643;4.007
669;665;2.984
669;666;3.432
669;673;2.926
670;206;3.915
670;666;2.999
670;667;3.486
670;673;3.441
670;674;3.037
671;593;3.727
671;597;3.896
671;667;3.01
671;674;3.429
671;675;2.995
672;641;3.822
672;668;2.951
672;675;3.175
672;676;2.926
673;669;2.926
673;670;3.441
673;676;3.265
673;677;2.983
674;114;3.831
674;670;3.037
674;671;3.429
674;678;3.03
675;671;2.995
675;672;3.175
675;678;3.314
675;679;2.917
676;672;2.926
676;673;3.265
676;679;3.135
676;680;3.084
677;246;3.636
677;247;3.744
677;673;2.983
677;680;3.475
677;681;3.018
678;586;3.501
678;674;3.03
678;675;3.314
678;682;2.91
679;583;3.576
679;586;3.815
679;675;2.917
679;676;3.135
679;682;3.389
679;683;3.133
679;1092;3.397
680;247;3.668
680;251;3.666
680;676;3.084
680;677;3.475
680;683;3.466
680;684;2.945
680;1092;3.583
680;1095;3.758
680;1380;6.379
681;250;3.812
681;251;3.963
681;254;3.675
681;677;3.018
681;684;3.364
681;685;2.953
682;678;2.91
682;679;3.389
682;686;3.078
683;579;3.78
683;582;3.95
683;679;3.133
683;680;3.466
683;686;3.329
683;687;2.998
683;1092;3.648
683;1093;3.735
683;1096;3.565
684;251;3.476
684;680;2.945
684;681;3.364
684;688;2.986
684;1096;4.036
684;1099;3.535
685;255;3.849
685;681;2.953
685;688;3.301
685;689;3.038
686;682;3.078
686;683;3.329
686;689;3.099
686;690;3.144
687;683;2.998
687;690;2.962
687;691;2.988
687;1096;3.42
687;1100;3.4
688;255;3.836
688;684;2.986
688;685;3.301
688;1100;3.564
688;1103;3.463
689;685;3.038
689;686;3.099
690;686;3.144
690;687;2.962
691;293;2.807
691;687;2.988
691;1100;3.603
692;293;4.001
692;1104;3.677
693;702;3.821
693;1107;2.952
693;1108;2.81
694;272;3.514
694;273;3.979
694;702;3.48
694;1107;3.433
695;261;4.032
695;698;2.823
695;702;3.783
695;1107;3.945
695;1110;3.666
696;702;3.432
696;703;3.612
696;716;3.086
696;1110;3.501
696;1111;3.151
697;1118;2.871
698;272;3.722
698;695;2.823
699;263;3.779
700;263;3.962
700;272;3.442
701;273;3.995
701;281;2.849
701;287;3.913
702;277;2.678
702;693;3.821
702;694;3.48
702;695;3.783
702;696;3.432
703;276;3.44
703;287;3.706
703;696;3.612
704;287;3.708
704;288;3.964
705;286;3.791
705;718;2.845
706;716;3.713
706;717;3.821
706;1116;3.531
707;710;3.731
708;712;2.779
708;1112;3.436
708;1113;3.714
708;1114;3.925
708;1115;2.873
708;1116;3.699
709;712;2.886
709;1114;3.122
710;707;3.731
710;822;3.234
711;822;3.583
711;825;2.81
711;826;2.787
712;708;2.779
712;709;2.886
712;715;3.823
712;1114;2.8
713;790;2.925
713;798;3.614
714;1121;3.442
715;712;3.823
716;696;3.086
716;706;3.713
716;1116;3.84
716;1117;3.88
717;706;3.821
717;720;3.283
717;797;3.537
718;705;2.845
719;283;3.937
719;727;2.827
720;717;3.283
720;727;3.98
721;727;3.793
721;728;2.881
722;801;3.931
722;802;3.93
722;804;3.937
723;725;2.958
724;804;2.736
725;723;2.958
726;728;2.983
726;730;3.528
727;284;2.762
727;285;3.156
727;719;2.827
727;720;3.98
727;721;3.793
728;721;2.881
728;726;2.983
728;805;2.661
729;731;2.891
729;732;2.932
729;743;2.933
729;744;3.981
729;745;2.809
730;726;3.528
731;729;2.891
731;754;3.511
732;729;2.932
733;735;3.449
734;741;3.136
734;744;3.451
735;733;3.449
736;739;3.59
737;738;2.793
737;740;3.783
738;737;2.793
739;736;3.59
739;744;4.004
740;737;3.783
741;734;3.136
741;744;2.974
742;755;2.778
742;759;3.924
743;729;2.933
743;755;2.884
744;729;3.981
744;734;3.451
744;739;4.004
744;741;2.974
745;729;2.809
745;751;3.392
746;750;3.768
746;757;3.902
746;759;3.54
747;766;2.74
748;763;3.733
749;763;3.023
749;765;2.793
750;746;3.768
751;745;3.392
751;754;3.381
751;757;4.006
752;754;3.038
753;760;2.779
754;731;3.511
754;751;3.381
754;752;3.038
755;742;2.778
755;743;2.884
756;761;3.869
756;763;2.989
757;746;3.902
757;751;4.006
758;762;2.876
759;742;3.924
759;746;3.54
760;753;2.779
761;756;3.869
762;758;2.876
762;764;3.909
763;748;3.733
763;749;3.023
763;756;2.989
763;765;2.812
764;762;3.909
765;749;2.793
765;763;2.812
766;747;2.74
767;771;3.881
768;771;3.625
768;772;3.303
769;770;2.982
770;769;2.982
771;767;3.881
771;768;3.625
772;768;3.303
773;777;2.795
774;781;2.851
775;780;2.904
776;779;3.209
777;773;2.795
778;783;2.882
779;776;3.209
779;782;2.92
780;775;2.904
780;786;2.869
780;1123;2.681
781;774;2.851
782;779;2.92
783;778;2.882
784;793;3.277
785;788;2.717
785;1123;3.941
786;780;2.869
787;789;2.74
788;785;2.717
788;791;3.431
789;787;2.74
790;713;2.925
790;799;3.586
791;788;3.431
792;794;3.342
792;795;3.096
792;796;3.68
793;784;3.277
794;792;3.342
795;792;3.096
795;800;2.81
796;792;3.68
796;801;3.302
797;717;3.537
798;713;3.614
798;801;3.222
798;802;2.993
799;790;3.586
800;795;2.81
800;803;3.286
801;722;3.931
801;796;3.302
801;798;3.222
802;722;3.93
802;798;2.993
803;800;3.286
804;722;3.937
804;724;2.736
804;805;3.922
805;728;2.661
805;804;3.922
806;807;2.951
806;808;3.864
807;806;2.951
808;806;3.864
809;812;3.007
810;817;3.917
811;813;3.682
811;818;3.457
812;809;3.007
813;811;3.682
813;818;3.387
814;817;3.82
815;817;3.045
816;819;3.013
817;810;3.917
817;814;3.82
817;815;3.045
818;811;3.457
818;813;3.387
818;821;3.797
819;816;3.013
819;820;2.837
819;821;2.808
820;819;2.837
821;818;3.797
821;819;2.808
822;710;3.234
822;711;3.583
823;825;3.061
824;833;4.037
824;836;3.828
825;711;2.81
825;823;3.061
825;828;3.363
826;711;2.787
827;831;3.812
828;825;3.363
829;832;2.934
830;834;2.637
830;907;2.692
831;827;3.812
832;829;2.934
833;824;4.037
833;835;3.018
833;837;2.798
833;838;2.865
834;830;2.637
835;833;3.018
835;837;3.069
836;824;3.828
837;833;2.798
837;835;3.069
838;833;2.865
839;841;3.916
839;842;3.399
840;843;2.776
841;839;3.916
841;847;4.079
842;839;3.399
842;846;3.37
843;840;2.776
843;846;2.716
843;902;2.881
843;903;2.802
844;847;3.044
845;850;3.806
845;896;3.996
845;899;3.427
845;900;3.811
846;842;3.37
846;843;2.716
847;841;4.079
847;844;3.044
847;850;2.951
847;851;2.951
848;852;3.04
849;852;3.358
849;853;2.892
850;845;3.806
850;847;2.951
850;853;3.278
850;854;2.978
851;847;2.951
851;854;3.418
851;855;3.197
851;959;3.105
852;848;3.04
852;849;3.358
852;855;3.435
852;856;3.024
853;849;2.892
853;850;3.278
853;856;3.29
853;857;2.92
854;850;2.978
854;851;3.418
854;857;3.403
854;858;2.968
854;893;3.782
854;896;3.734
855;851;3.197
855;852;3.435
855;858;3.382
855;859;2.949
855;959;3.435
856;852;3.024
856;853;3.29
856;859;3.252
856;860;2.98
857;853;2.92
857;854;3.403
857;861;2.952
857;893;3.964
858;854;2.968
858;855;3.382
858;862;2.898
858;889;3.932
858;893;3.421
858;952;3.701
858;956;3.773
859;855;2.949
859;856;3.252
859;862;3.172
859;863;2.983
860;856;2.98
860;863;3.115
860;864;3.012
861;857;2.952
861;864;3.404
861;865;2.948
861;952;3.607
862;858;2.898
862;859;3.172
862;866;2.99
863;859;2.983
863;860;3.115
863;866;3.391
863;867;2.957
864;860;3.012
864;861;3.404
864;867;3.058
864;868;3.284
865;861;2.948
865;950;3.891
865;953;4.031
866;862;2.99
866;863;3.391
866;870;3.441
866;1288;3.791
867;863;2.957
867;864;3.058
867;870;3.058
867;871;3.013
867;874;3.597
867;878;3.734
867;882;3.858
868;864;3.284
868;875;2.773
868;943;2.691
869;872;3.319
869;875;2.667
869;1291;3.357
869;1345;3.078
870;866;3.441
870;867;3.058
870;1311;3.754
871;867;3.013
871;874;2.949
871;875;3.023
872;869;3.319
872;875;3.208
872;876;3.01
872;1346;4.022
873;876;2.637
874;867;3.597
874;871;2.949
874;877;3.311
874;878;2.961
875;868;2.773
875;869;2.667
875;871;3.023
875;872;3.208
875;879;3.02
875;1344;3.893
876;872;3.01
876;873;2.637
876;1346;3.475
877;874;3.311
878;867;3.734
878;874;2.961
878;881;3.112
878;882;3.032
879;875;3.02
879;883;2.755
880;884;3.023
881;878;3.112
881;884;3.35
881;885;2.987
882;867;3.858
882;878;3.032
882;885;3.0
882;886;3.288
883;879;2.755
883;886;2.992
883;887;3.027
883;943;2.875
883;946;3.756
884;880;3.023
884;881;3.35
884;887;2.901
884;888;2.96
885;881;2.987
885;882;3.0
885;888;3.468
885;889;2.918
886;882;3.288
886;883;2.992
886;890;3.006
886;949;3.833
887;883;3.027
887;884;2.901
887;890;3.394
887;891;3.04
888;884;2.96
888;885;3.468
888;892;2.978
889;858;3.932
889;885;2.918
889;892;3.304
889;893;2.95
889;952;3.55
890;886;3.006
890;887;3.394
890;894;2.978
890;949;3.78
891;887;3.04
891;894;3.494
891;895;3.02
892;888;2.978
892;889;3.304
892;895;4.025
892;896;2.941
893;854;3.782
893;857;3.964
893;858;3.421
893;889;2.95
893;897;3.006
893;955;3.67
894;890;2.978
894;891;3.494
894;897;3.348
894;898;2.96
894;922;3.857
894;926;3.663
895;891;3.02
895;892;4.025
895;898;3.388
895;899;2.942
896;845;3.996
896;854;3.734
896;892;2.941
896;899;3.496
896;900;2.675
896;955;3.6
897;893;3.006
897;894;3.348
897;901;2.94
897;919;3.906
898;894;2.96
898;895;3.388
898;901;3.376
898;902;2.999
899;845;3.427
899;895;2.942
899;896;3.496
899;902;4.014
899;903;2.969
900;845;3.811
900;896;2.675
900;903;3.355
900;904;3.042
900;909;3.668
900;915;3.971
900;918;2.67
901;897;2.94
901;898;3.376
901;904;3.014
901;905;2.91
901;906;3.842
901;909;6.143
901;910;3.626
902;843;2.881
902;898;2.999
902;899;4.014
903;843;2.802
903;899;2.969
903;900;3.355
904;900;3.042
904;901;3.014
904;908;2.898
904;909;3.988
904;912;3.741
904;915;3.615
905;901;2.91
905;908;2.97
905;909;2.972
906;901;3.842
906;909;3.418
906;910;3.027
907;830;2.692
907;910;3.034
907;911;2.877
908;904;2.898
908;905;2.97
909;900;3.668
909;901;6.143
909;904;3.988
909;905;2.972
909;906;3.418
909;912;3.041
909;915;3.693
909;919;3.848
910;901;3.626
910;906;3.027
910;907;3.034
910;916;3.682
910;919;3.74
911;907;2.877
912;904;3.741
912;909;3.041
912;915;3.189
912;916;2.92
913;917;2.978
914;917;3.369
914;918;2.996
914;958;3.269
914;964;4.038
914;967;3.945
915;900;3.971
915;904;3.615
915;909;3.693
915;912;3.189
915;918;3.182
915;919;2.982
916;910;3.682
916;912;2.92
916;919;3.477
916;920;2.951
917;913;2.978
917;914;3.369
917;920;3.293
918;900;2.67
918;914;2.996
918;915;3.182
918;955;2.953
918;958;2.768
919;897;3.906
919;909;3.848
919;910;3.74
919;915;2.982
919;916;3.477
919;922;3.035
919;923;2.955
920;916;2.951
920;917;3.293
920;924;3.02
921;951;3.998
921;955;3.702
922;894;3.857
922;919;3.035
922;925;3.047
922;926;3.083
923;919;2.955
923;926;2.968
923;927;2.909
924;920;3.02
924;928;2.97
924;948;3.689
925;922;3.047
925;928;3.993
925;929;3.048
925;949;2.908
926;894;3.663
926;922;3.083
926;923;2.968
926;929;3.328
926;930;2.977
927;923;2.909
927;930;3.194
927;931;2.994
928;924;2.97
928;925;3.993
928;931;3.474
928;932;2.996
929;925;3.048
929;926;3.328
929;932;3.296
929;933;2.991
929;942;3.769
930;926;2.977
930;927;3.194
930;933;3.219
930;934;2.932
931;927;2.994
931;928;3.474
931;934;3.184
931;935;2.965
932;928;2.996
932;929;3.296
932;937;3.044
932;941;3.302
932;942;3.336
932;945;3.635
933;929;2.991
933;930;3.219
933;936;3.001
934;930;2.932
934;931;3.184
935;931;2.965
936;933;3.001
937;932;3.044
938;941;3.769
938;942;3.191
939;942;3.488
939;943;3.011
940;943;2.732
940;944;3.246
941;932;3.302
941;938;3.769
941;945;2.996
942;929;3.769
942;932;3.336
942;938;3.191
942;939;3.488
942;946;2.959
943;868;2.691
943;883;2.875
943;939;3.011
943;940;2.732
943;1343;3.875
944;940;3.246
944;947;3.056
944;1293;3.882
944;1340;2.981
944;1341;3.685
944;1342;3.144
945;932;3.635
945;941;2.996
946;883;3.756
946;942;2.959
946;949;2.742
947;944;3.056
947;950;2.742
947;951;3.326
947;1289;3.566
948;924;3.689
948;951;2.983
949;886;3.833
949;890;3.78
949;925;2.908
949;946;2.742
949;952;2.863
950;865;3.891
950;947;2.742
951;921;3.998
951;947;3.326
951;948;2.983
951;954;2.929
951;955;3.004
951;1285;3.889
952;858;3.701
952;861;3.607
952;889;3.55
