source;destination;distance
0;3;2.785
1;47;3.606
2;7;3.643
2;48;3.665
3;0;2.785
4;7;3.247
4;8;2.972
5;9;2.972
6;10;2.971
7;2;3.643
7;4;3.247
7;10;3.14
7;11;2.967
7;43;3.908
7;47;3.724
8;4;2.972
8;11;3.466
8;12;2.971
9;5;2.972
9;13;2.935
10;6;2.971
10;7;3.14
10;13;3.497
10;14;2.947
11;7;2.967
11;8;3.466
11;14;3.382
11;15;3.007
11;44;3.611
12;8;2.971
12;16;2.981
12;104;3.956
13;9;2.935
13;10;3.497
13;16;3.41
13;17;2.944
14;10;2.947
14;11;3.382
14;18;3.006
14;37;3.876
15;11;3.007
15;19;2.988
15;37;3.718
15;99;3.991
15;100;3.607
16;12;2.981
16;13;3.41
16;19;3.124
16;20;3.086
17;13;2.944
17;20;3.289
17;21;2.983
18;14;3.006
18;22;2.96
18;37;3.124
18;96;3.554
19;15;2.988
19;16;3.124
19;22;3.211
19;97;3.535
19;609;3.498
20;16;3.086
20;17;3.289
21;17;2.983
21;24;2.982
21;30;3.601
21;33;3.408
22;18;2.96
22;19;3.211
22;93;4.03
23;609;3.815
24;21;2.982
24;27;3.969
25;616;3.236
25;643;3.707
25;644;3.269
26;30;3.853
27;24;3.969
27;30;2.84
28;31;2.718
28;32;3.032
29;32;3.306
29;33;2.974
30;21;3.601
30;26;3.853
30;27;2.84
30;33;3.433
30;34;3.006
31;28;2.718
31;34;3.482
31;35;3.013
32;28;3.032
32;29;3.306
32;36;2.997
33;21;3.408
33;29;2.974
33;30;3.433
33;36;3.246
33;37;2.945
34;30;3.006
34;31;3.482
34;37;3.352
34;38;2.936
34;93;2.816
34;96;3.227
35;31;3.013
35;38;3.368
35;39;2.971
35;81;3.659
36;32;2.997
36;33;3.246
36;39;3.361
36;40;3.001
37;14;3.876
37;15;3.718
37;18;3.124
37;33;2.945
37;34;3.352
37;40;3.013
37;41;2.854
37;96;3.472
38;34;2.936
38;35;3.368
38;42;2.977
38;80;2.76
39;35;2.971
39;36;3.361
39;42;3.16
39;43;2.984
40;36;3.001
40;37;3.013
40;43;3.472
40;44;2.913
41;37;2.854
41;45;2.951
41;73;3.462
41;99;3.481
42;38;2.977
42;39;3.16
42;45;3.311
42;46;2.971
43;7;3.908
43;39;2.984
43;40;3.472
43;46;3.384
43;47;3.058
44;11;3.611
44;40;2.913
44;47;3.236
44;48;2.815
44;99;2.66
45;41;2.951
45;42;3.311
45;49;2.985
45;56;3.954
45;73;3.92
46;42;2.971
46;43;3.384
46;50;3.065
46;51;4.033
47;1;3.606
47;7;3.724
47;43;3.058
47;44;3.236
48;2;3.665
48;44;2.815
48;66;3.19
48;69;2.657
49;45;2.985
49;56;4.035
49;59;3.834
49;66;3.724
50;46;3.065
50;53;3.063
50;55;3.672
51;46;4.033
52;55;3.665
52;58;3.451
53;50;3.063
53;56;2.986
54;57;2.99
55;50;3.672
55;52;3.665
55;58;3.001
56;45;3.954
56;49;4.035
56;53;2.986
56;59;3.041
56;70;3.916
57;54;2.99
57;60;3.009
58;52;3.451
58;55;3.001
58;61;3.027
59;49;3.834
59;56;3.041
59;62;2.984
59;63;3.735
59;66;3.497
59;67;4.033
59;70;3.816
60;57;3.009
61;58;3.027
62;59;2.984
63;59;3.735
63;66;3.457
63;67;2.932
64;67;3.466
64;68;3.033
65;68;3.035
65;69;3.059
65;102;3.361
65;108;3.388
65;111;3.85
66;48;3.19
66;49;3.724
66;59;3.497
66;63;3.457
66;69;3.673
66;70;2.98
67;59;4.033
67;63;2.932
67;64;3.466
67;70;3.394
67;71;2.946
68;64;3.033
68;65;3.035
68;72;2.996
68;101;3.885
69;48;2.657
69;65;3.059
69;66;3.673
69;72;3.331
69;73;2.916
69;99;3.146
69;102;2.771
70;56;3.916
70;59;3.816
70;66;2.98
70;67;3.394
70;73;3.156
70;74;2.984
71;67;2.946
71;74;3.424
71;75;2.983
72;68;2.996
72;69;3.331
72;76;2.921
72;95;3.62
73;41;3.462
73;45;3.92
73;69;2.916
73;70;3.156
73;76;3.466
73;77;2.892
74;70;2.984
74;71;3.424
74;77;3.383
74;78;3.008
75;71;2.983
75;78;3.456
75;79;2.973
75;89;3.572
75;92;3.331
76;72;2.921
76;73;3.466
76;79;3.002
76;80;2.86
77;73;2.892
77;74;3.383
77;81;2.956
78;74;3.008
78;75;3.456
78;82;3.006
79;75;2.973
79;76;3.002
79;83;3.972
79;89;2.744
80;38;2.76
80;76;2.86
80;83;3.176
80;96;3.607
81;35;3.659
81;77;2.956
82;78;3.006
82;84;2.987
83;79;3.972
83;80;3.176
83;90;2.943
83;93;3.588
84;82;2.987
85;89;3.501
86;89;3.116
87;90;2.929
87;91;3.196
87;618;3.898
88;91;3.113
89;75;3.572
89;79;2.744
89;85;3.501
89;86;3.116
89;92;3.006
90;83;2.943
90;87;2.929
91;87;3.196
91;88;3.113
91;94;3.01
91;617;3.419
91;618;3.872
92;75;3.331
92;89;3.006
92;95;2.865
93;22;4.03
93;34;2.816
93;83;3.588
93;96;2.92
94;91;3.01
94;97;2.868
94;610;3.966
94;613;3.642
94;614;3.69
95;72;3.62
95;92;2.865
95;98;3.145
95;99;3.033
96;18;3.554
96;34;3.227
96;37;3.472
96;80;3.607
96;93;2.92
96;99;3.153
97;19;3.535
97;94;2.868
97;100;3.016
98;95;3.145
98;101;2.73
98;610;3.968
99;15;3.991
99;41;3.481
99;44;2.66
99;69;3.146
99;95;3.033
99;96;3.153
99;102;2.776
99;103;3.402
100;15;3.607
100;97;3.016
100;103;2.993
100;104;2.953
100;107;3.647
100;606;3.513
101;68;3.885
101;98;2.73
101;111;3.799
102;65;3.361
102;69;2.771
102;99;2.776
102;108;2.809
103;99;3.402
103;100;2.993
104;12;3.956
104;100;2.953
104;107;3.091
104;108;2.985
105;108;3.385
105;109;2.945
106;110;3.135
106;599;3.422
107;100;3.647
107;104;3.091
107;110;3.415
107;111;3.007
107;603;3.686
108;65;3.388
108;102;2.809
108;104;2.985
108;105;3.385
108;111;3.443
108;112;2.979
109;105;2.945
109;112;3.241
109;113;3.033
110;106;3.135
110;107;3.415
110;113;3.126
110;114;2.996
110;599;3.345
110;600;4.019
111;65;3.85
111;101;3.799
111;107;3.007
111;108;3.443
111;114;3.255
111;115;3.021
112;108;2.979
112;109;3.241
112;115;3.448
112;116;3.008
113;109;3.033
113;110;3.126
113;116;3.179
113;117;3.035
114;110;2.996
114;111;3.255
114;117;3.098
114;118;3.291
114;688;3.819
115;111;3.021
115;112;3.448
115;118;2.98
116;112;3.008
116;113;3.179
116;119;2.819
116;257;3.814
117;113;3.035
117;114;3.098
117;120;3.116
117;121;3.008
118;114;3.291
118;115;2.98
118;122;3.018
119;116;2.819
119;122;3.443
119;261;2.717
120;117;3.116
120;257;3.81
120;260;2.654
120;261;2.802
121;117;3.008
121;124;3.307
121;125;2.936
121;254;3.986
122;118;3.018
122;119;3.443
122;126;2.983
123;126;3.184
123;127;3.094
123;1249;3.471
123;1250;2.967
124;121;3.307
124;127;3.427
124;128;3.163
124;246;3.605
124;1253;4.015
125;121;2.936
125;128;3.364
125;129;2.928
126;122;2.983
126;123;3.184
126;129;3.338
126;130;2.988
127;123;3.094
127;124;3.427
127;131;2.966
127;1244;3.996
127;1250;3.97
127;1253;3.804
128;124;3.163
128;125;3.364
128;131;3.317
128;132;2.894
128;246;3.439
129;125;2.928
129;126;3.338
129;133;3.018
130;126;2.988
130;133;3.423
130;134;2.939
130;1240;3.655
130;1243;3.419
130;1244;3.756
131;127;2.966
131;128;3.317
131;134;3.447
131;135;2.873
132;128;2.894
132;136;2.962
132;206;3.669
132;209;3.97
133;129;3.018
133;130;3.423
133;136;3.233
133;137;3.014
134;130;2.939
134;131;3.447
134;137;3.292
134;138;2.973
134;1151;3.746
134;1240;3.756
135;131;2.873
135;139;2.955
135;209;3.567
135;239;4.002
135;242;3.823
136;132;2.962
136;133;3.233
136;140;2.941
136;202;3.669
136;206;3.905
137;133;3.014
137;134;3.292
137;140;3.219
137;141;3.12
137;1237;3.856
138;134;2.973
138;141;3.175
138;142;3.485
138;235;3.681
138;1234;3.698
138;1237;3.841
139;135;2.955
139;142;3.397
139;143;2.956
139;199;3.624
140;136;2.941
140;137;3.219
140;144;3.447
140;201;3.488
140;202;3.883
141;137;3.12
141;138;3.175
141;1234;3.612
141;1237;3.322
142;138;3.485
142;139;3.397
142;1230;3.709
142;1234;3.494
143;139;2.956
143;222;2.91
143;232;3.484
143;235;3.692
143;236;3.827
144;140;3.447
144;200;3.789
145;150;2.723
146;189;2.988
146;193;3.82
146;194;3.677
146;195;3.89
147;150;2.947
147;151;3.788
147;193;2.869
148;193;2.821
148;196;3.461
148;200;2.649
149;154;3.801
150;145;2.723
150;147;2.947
150;190;2.905
151;147;3.788
151;187;3.786
151;190;4.022
152;187;3.701
153;185;2.759
154;149;3.801
155;157;3.809
156;159;3.777
156;181;3.754
157;155;3.809
158;180;3.33
158;181;2.895
159;156;3.777
160;168;3.009
160;169;3.373
161;164;3.473
162;164;2.805
163;168;2.836
164;161;3.473
164;162;2.805
165;171;2.633
166;171;3.967
166;172;2.935
167;170;3.523
167;171;2.936
167;179;3.294
167;181;3.778
168;160;3.009
168;163;2.836
169;160;3.373
170;167;3.523
170;173;3.117
171;165;2.633
171;166;3.967
171;167;2.936
171;177;3.219
172;166;2.935
172;174;3.029
172;175;3.344
173;170;3.117
173;175;3.968
174;172;3.029
175;172;3.344
175;173;3.968
176;178;3.13
177;171;3.219
177;179;3.036
178;176;3.13
178;183;3.846
178;184;3.811
179;167;3.294
179;177;3.036
179;182;3.452
180;158;3.33
181;156;3.754
181;158;2.895
181;167;3.778
182;179;3.452
183;178;3.846
184;178;3.811
185;153;2.759
186;1005;3.413
186;1007;3.637
187;151;3.786
187;152;3.701
188;190;3.507
188;1006;3.75
189;146;2.988
190;150;2.905
190;151;4.022
190;188;3.507
191;194;3.232
191;1006;3.784
192;1004;2.862
192;1006;3.44
193;146;3.82
193;147;2.869
193;148;2.821
193;196;3.109
194;146;3.677
194;191;3.232
194;225;3.439
194;226;3.912
195;146;3.89
196;148;3.461
196;193;3.109
196;199;2.989
196;200;3.004
196;204;3.815
197;204;3.332
198;204;3.36
198;222;3.577
199;139;3.624
199;196;2.989
199;205;3.453
199;208;3.553
199;222;3.121
199;236;3.953
200;144;3.789
200;148;2.649
200;196;3.004
201;140;3.488
201;204;2.819
201;205;2.975
202;136;3.669
202;140;3.883
202;206;2.959
203;207;2.991
204;196;3.815
204;197;3.332
204;198;3.36
204;201;2.819
204;207;3.343
204;208;2.971
205;199;3.453
205;201;2.975
205;208;3.258
205;209;2.955
206;132;3.669
206;136;3.905
206;202;2.959
206;210;2.931
207;203;2.991
207;204;3.343
207;210;3.096
207;211;2.973
207;676;3.799
208;199;3.553
208;204;2.971
208;205;3.258
208;211;3.343
208;212;2.945
209;132;3.97
209;135;3.567
209;205;2.955
209;212;3.471
209;213;2.964
210;206;2.931
210;207;3.096
210;213;3.186
210;214;2.947
210;680;3.509
210;683;4.121
210;684;3.919
211;207;2.973
211;208;3.343
211;215;2.969
211;216;2.752
211;659;3.697
212;208;2.945
212;209;3.471
212;215;3.243
212;218;3.577
212;236;3.836
212;239;3.797
212;240;3.712
213;209;2.964
213;210;3.186
214;210;2.947
214;658;3.487
214;683;3.61
215;211;2.969
215;212;3.243
215;1315;3.216
215;1317;2.995
216;211;2.752
216;658;3.685
216;659;3.51
217;220;3.686
217;221;3.044
217;659;3.599
217;1322;3.776
218;212;3.577
218;222;3.086
218;223;3.163
218;237;3.857
218;240;3.348
218;1308;3.716
218;1311;3.544
218;1312;3.611
219;223;3.148
219;224;2.867
219;1308;3.726
219;1312;3.581
219;1347;3.406
219;1348;2.766
219;1349;3.337
220;217;3.686
220;224;3.768
220;1322;3.582
220;1349;3.311
221;217;3.044
221;224;3.122
222;143;2.91
222;198;3.577
222;199;3.121
222;218;3.086
222;232;3.077
222;236;6.012
223;218;3.163
223;219;3.148
223;226;2.94
223;233;3.399
223;1308;3.14
223;1347;3.488
224;219;2.867
224;220;3.768
224;221;3.122
224;1298;3.584
224;1346;3.715
224;1347;3.425
225;194;3.439
226;194;3.912
226;223;2.94
226;228;2.95
226;229;3.141
226;232;3.449
227;229;3.075
227;1305;3.729
227;1343;2.898
227;1346;3.594
228;226;2.95
228;232;3.022
229;226;3.141
229;227;3.075
229;232;2.992
229;233;2.939
229;1344;3.756
229;1345;3.766
230;233;3.678
230;234;2.917
230;1342;2.838
230;1344;2.792
231;1227;3.779
231;1230;3.751
231;1231;3.25
231;1344;2.975
232;143;3.484
232;222;3.077
232;226;3.449
232;228;3.022
232;229;2.992
232;235;3.03
232;236;3.45
233;223;3.399
233;229;2.939
233;230;3.678
233;236;3.336
233;237;2.939
233;1308;3.501
233;1345;4.011
234;230;2.917
234;238;2.979
235;138;3.681
235;143;3.692
235;232;3.03
235;238;3.16
235;239;2.972
236;143;3.827
236;199;3.953
236;212;3.836
236;222;6.012
236;232;3.45
236;233;3.336
236;239;3.152
236;240;2.973
237;218;3.857
237;233;2.939
237;240;3.156
237;241;2.975
237;1311;3.968
238;234;2.979
238;235;3.16
238;242;2.942
239;135;4.002
239;212;3.797
239;235;2.972
239;236;3.152
239;243;2.906
240;212;3.712
240;218;3.348
240;236;2.973
240;237;3.156
240;244;2.954
240;1311;3.386
241;237;2.975
241;245;2.957
241;1311;3.352
242;135;3.823
242;238;2.942
242;246;2.926
243;239;2.906
243;247;2.941
244;240;2.954
244;247;3.305
244;248;2.951
245;241;2.957
245;248;3.428
245;249;2.941
245;1257;3.655
245;1264;3.627
246;124;3.605
246;128;3.439
246;242;2.926
246;249;3.146
246;250;2.872
247;243;2.941
247;244;3.305
247;250;3.341
247;251;2.963
248;244;2.951
248;245;3.428
248;251;3.915
248;252;2.983
248;1375;3.784
249;245;2.941
249;246;3.146
249;252;3.595
249;253;2.894
249;1253;3.14
249;1256;3.782
250;246;2.872
250;247;3.341
250;253;3.116
250;254;2.938
250;691;3.577
251;247;2.963
251;248;3.915
251;255;3.124
251;691;3.666
251;694;3.702
251;1372;3.525
252;248;2.983
252;249;3.595
252;255;3.48
252;256;2.924
252;1375;3.941
252;1376;3.936
252;1379;3.512
253;249;2.894
253;250;3.116
253;257;2.93
254;121;3.986
254;250;2.938
254;257;3.306
254;258;3.087
254;695;3.798
255;251;3.124
255;252;3.48
255;258;3.238
255;259;3.068
255;694;3.62
255;695;3.961
255;698;3.463
255;1376;3.472
256;252;2.924
256;260;2.887
256;1380;3.779
257;116;3.814
257;120;3.81
257;253;2.93
257;254;3.306
257;261;2.987
258;254;3.087
258;255;3.238
258;262;3.098
258;695;3.657
258;699;3.768
259;255;3.068
259;262;2.962
259;263;2.892
259;702;3.837
259;1380;6.437
260;120;2.654
260;256;2.887
260;263;3.233
260;264;3.502
261;119;2.717
261;120;2.802
261;257;2.987
261;270;2.866
262;258;3.098
262;259;2.962
262;270;2.774
262;271;3.189
263;259;2.892
263;260;3.233
263;269;3.436
263;271;3.829
263;273;3.396
263;275;3.659
264;260;3.502
264;268;2.716
264;269;2.721
265;267;3.529
265;710;3.923
266;273;3.745
267;265;3.529
267;269;3.735
268;264;2.716
269;263;3.436
269;264;2.721
269;267;3.735
269;273;2.996
270;261;2.866
270;262;2.774
271;262;3.189
271;263;3.829
271;273;3.248
272;274;3.381
273;263;3.396
273;266;3.745
273;269;2.996
273;271;3.248
273;275;2.989
274;272;3.381
274;277;3.034
274;281;3.241
275;263;3.659
275;273;2.989
275;706;3.989
276;278;2.902
276;280;3.959
276;708;3.94
276;724;3.67
277;274;3.034
278;276;2.902
278;281;2.861
279;282;3.169
279;291;2.726
279;292;2.783
279;293;2.712
280;276;3.959
280;283;2.991
280;284;2.581
280;289;3.399
280;724;3.212
281;274;3.241
281;278;2.861
281;284;3.048
282;279;3.169
282;294;3.517
283;280;2.991
283;290;2.801
283;291;2.831
284;280;2.581
284;281;3.048
285;287;3.03
286;722;2.675
287;285;3.03
288;729;3.724
289;280;3.399
290;283;2.801
291;279;2.726
291;283;2.831
292;279;2.783
293;279;2.712
293;310;2.719
294;282;3.517
295;296;3.731
296;295;3.731
297;705;2.812
297;1092;3.207
297;1093;3.74
297;1096;3.847
298;1093;3.315
298;1096;3.523
298;1097;4.011
299;309;3.162
299;310;3.963
300;302;3.569
300;309;3.609
301;308;2.74
302;300;3.569
302;968;3.77
303;964;3.373
304;307;3.394
304;308;2.691
305;308;2.969
306;968;4.019
307;304;3.394
308;301;2.74
308;304;2.691
308;305;2.969
309;299;3.162
309;300;3.609
309;311;3.059
310;293;2.719
310;299;3.963
311;309;3.059
311;318;2.909
312;314;2.958
312;318;4.012
313;325;3.977
313;734;2.653
314;312;2.958
315;324;2.96
315;326;3.663
316;319;3.263
317;319;2.95
318;311;2.909
318;312;4.012
319;316;3.263
319;317;2.95
320;324;3.797
320;740;2.722
321;329;3.387
322;738;2.712
323;326;3.039
323;327;2.77
323;329;2.718
324;315;2.96
324;320;3.797
324;738;2.859
324;740;2.701
325;313;3.977
325;734;3.762
326;315;3.663
326;323;3.039
327;323;2.77
328;331;3.001
329;321;3.387
329;323;2.718
330;333;3.959
331;328;3.001
332;335;2.781
333;330;3.959
334;336;3.632
334;337;2.699
335;332;2.781
336;334;3.632
337;334;2.699
338;453;2.806
338;454;3.765
339;452;3.929
340;447;3.362
341;447;3.076
341;448;3.504
342;447;2.769
343;445;2.916
343;446;2.8
343;447;2.762
344;347;3.923
345;357;3.276
345;358;4.024
346;348;3.851
346;350;2.958
346;351;3.954
347;344;3.923
347;349;3.472
348;346;3.851
349;347;3.472
349;353;3.394
350;346;2.958
351;346;3.954
351;359;3.419
352;356;2.795
352;444;3.819
352;445;3.879
353;349;3.394
354;359;3.746
355;360;2.962
356;352;2.795
356;444;2.846
357;345;3.276
357;448;2.711
358;345;4.024
359;351;3.419
359;354;3.746
360;355;2.962
361;366;3.498
361;367;3.762
362;365;3.135
362;367;3.045
363;368;2.942
364;377;3.822
365;362;3.135
366;361;3.498
367;361;3.762
367;362;3.045
368;363;2.942
369;373;3.653
370;373;3.008
371;374;2.949
372;375;3.035
372;376;2.982
372;378;4.286
372;380;3.7
373;369;3.653
373;370;3.008
373;376;3.346
374;371;2.949
375;372;3.035
375;381;2.811
376;372;2.982
376;373;3.346
376;379;3.694
377;364;3.822
378;372;4.286
379;376;3.694
380;372;3.7
381;375;2.811
382;388;3.589
383;385;3.467
384;400;3.085
385;383;3.467
385;400;3.091
386;401;2.906
386;406;3.467
387;390;2.975
388;382;3.589
388;392;3.967
389;391;3.002
389;392;3.217
389;393;2.821
390;387;2.975
391;389;3.002
392;388;3.967
392;389;3.217
393;389;2.821
393;395;2.738
393;396;2.933
394;397;2.986
395;393;2.738
396;393;2.933
397;394;2.986
398;402;2.857
398;403;3.502
399;402;2.989
400;384;3.085
400;385;3.091
401;386;2.906
401;404;2.989
401;405;3.009
401;406;3.897
402;398;2.857
402;399;2.989
403;398;3.502
404;401;2.989
405;401;3.009
406;386;3.467
406;401;3.897
407;408;2.989
408;407;2.989
409;411;2.784
410;411;2.811
411;409;2.784
411;410;2.811
412;415;2.837
413;415;2.79
413;420;3.426
413;422;3.884
414;421;3.056
414;423;3.711
415;412;2.837
415;413;2.79
415;420;2.831
416;419;2.843
416;420;4.038
417;420;4.0
418;420;2.981
419;416;2.843
420;413;3.426
420;415;2.831
420;416;4.038
420;417;4.0
420;418;2.981
421;414;3.056
422;413;3.884
422;424;2.979
423;414;3.711
424;422;2.979
425;427;2.923
426;428;2.96
427;425;2.923
428;426;2.96
428;429;3.057
429;428;3.057
430;431;3.617
431;430;3.617
432;440;3.544
433;434;3.832
433;438;3.631
434;433;3.832
435;436;3.028
436;435;3.028
437;440;2.81
437;443;4.006
438;433;3.631
439;441;3.188
440;432;3.544
440;437;2.81
440;442;3.005
440;443;3.054
441;439;3.188
442;440;3.005
443;437;4.006
443;440;3.054
444;352;3.819
444;356;2.846
444;447;2.748
444;448;2.907
444;449;3.549
445;343;2.916
445;352;3.879
446;343;2.8
447;340;3.362
447;341;3.076
447;342;2.769
447;343;2.762
447;444;2.748
448;341;3.504
448;357;2.711
448;444;2.907
449;444;3.549
450;452;3.511
451;452;3.113
452;339;3.929
452;450;3.511
452;451;3.113
453;338;2.806
453;459;3.534
454;338;3.765
455;458;2.997
456;459;2.975
456;460;3.161
456;461;3.9
457;462;3.955
457;463;2.845
457;464;3.951
458;455;2.997
459;453;3.534
459;456;2.975
460;456;3.161
461;456;3.9
462;457;3.955
463;457;2.845
464;457;3.951
464;465;3.598
465;464;3.598
466;469;2.736
467;470;3.614
468;471;3.055
469;466;2.736
470;467;3.614
471;468;3.055
471;474;3.061
471;477;3.053
471;478;2.766
472;473;3.94
472;474;3.624
472;530;3.364
472;531;2.75
473;472;3.94
473;530;3.649
474;471;3.061
474;472;3.624
474;477;2.951
474;478;3.098
475;478;3.0
476;527;3.664
476;528;4.039
477;471;3.053
477;474;2.951
477;532;3.361
478;471;2.766
478;474;3.098
478;475;3.0
478;481;2.951
478;482;3.155
479;483;2.962
480;484;2.957
481;478;2.951
481;484;3.228
481;485;3.011
482;478;3.155
482;485;3.438
482;486;2.935
482;579;2.68
483;479;2.962
483;486;3.205
483;487;2.969
484;480;2.957
484;481;3.228
484;488;3.047
485;481;3.011
485;482;3.438
485;488;3.325
485;489;2.978
485;520;4.011
485;524;3.809
485;576;3.923
486;482;2.935
486;483;3.205
486;489;2.995
486;490;3.082
486;580;2.739
486;581;3.635
487;483;2.969
487;490;3.459
487;491;3.004
488;484;3.047
488;485;3.325
488;492;2.985
488;517;3.662
489;485;2.978
489;486;2.995
489;492;3.089
489;493;3.071
489;521;3.308
489;574;3.863
489;576;3.857
489;577;3.83
490;486;3.082
490;487;3.459
490;493;3.131
490;494;3.442
490;577;3.803
491;487;3.004
491;494;3.285
491;495;3.016
492;488;2.985
492;489;3.089
492;495;3.274
492;496;2.993
492;517;3.18
492;573;3.082
493;489;3.071
493;490;3.131
493;497;3.048
493;574;3.641
493;982;3.899
494;490;3.442
494;491;3.285
494;497;3.321
494;498;2.975
495;491;3.016
495;492;3.274
495;498;3.111
495;499;2.957
495;510;3.538
496;492;2.993
496;499;3.032
496;573;3.78
496;574;3.643
496;986;4.013
497;493;3.048
497;494;3.321
498;494;2.975
498;495;3.111
498;502;3.609
499;495;2.957
499;496;3.032
499;503;2.931
499;510;4.0
499;514;3.407
500;502;3.254
500;503;2.971
500;1027;3.054
500;1028;3.018
501;504;2.955
501;505;3.012
502;498;3.609
502;500;3.254
502;506;3.03
503;499;2.931
503;500;2.971
503;507;2.808
504;501;2.955
504;507;2.777
505;501;3.012
506;502;3.03
506;509;3.043
506;510;2.93
507;503;2.808
507;504;2.777
507;511;2.973
508;511;3.3
508;512;3.031
509;506;3.043
509;512;3.923
509;513;2.967
510;495;3.538
510;499;4.0
510;506;2.93
510;513;3.286
510;514;2.918
511;507;2.973
511;508;3.3
511;514;3.348
511;515;3.038
512;508;3.031
512;509;3.923
512;516;2.966
513;509;2.967
513;510;3.286
513;517;2.963
514;499;3.407
514;510;2.918
514;511;3.348
514;517;3.425
514;518;3.097
514;573;3.263
515;511;3.038
515;518;3.295
515;519;3.004
515;557;3.807
515;558;3.417
516;512;2.966
516;519;3.024
516;520;3.085
517;488;3.662
517;492;3.18
517;513;2.963
517;514;3.425
517;520;3.056
517;521;3.368
518;514;3.097
518;515;3.295
518;521;2.956
518;553;2.829
518;554;3.754
518;557;3.808
518;558;4.012
519;515;3.004
519;516;3.024
519;522;2.87
520;485;4.011
520;516;3.085
520;517;3.056
520;523;3.058
520;524;3.232
521;489;3.308
521;517;3.368
521;518;2.956
521;525;2.988
521;550;3.689
521;554;3.908
521;576;3.419
522;519;2.87
522;525;3.413
522;526;3.031
522;554;3.494
523;520;3.058
523;527;3.061
524;485;3.809
524;520;3.232
524;527;3.413
524;528;2.949
524;576;2.745
524;579;2.728
525;521;2.988
525;522;3.413
525;529;2.995
525;550;3.636
526;522;3.031
526;529;3.206
526;530;3.087
527;476;3.664
527;523;3.061
527;524;3.413
527;531;2.986
528;476;4.039
528;524;2.949
528;531;3.003
528;532;3.037
528;536;2.673
528;537;3.543
528;543;2.766
529;525;2.995
529;526;3.206
529;537;3.698
529;538;3.982
530;472;3.364
530;473;3.649
530;526;3.087
531;472;2.75
531;527;2.986
531;528;3.003
532;477;3.361
532;528;3.037
532;536;3.549
533;536;2.917
533;537;2.928
534;538;2.983
535;539;2.845
536;528;2.673
536;532;3.549
536;533;2.917
536;539;3.077
536;540;2.917
537;528;3.543
537;529;3.698
537;533;2.928
537;543;3.217
538;529;3.982
538;534;2.983
539;535;2.845
539;536;3.077
540;536;2.917
540;543;2.96
540;544;3.047
541;544;3.991
541;545;3.031
542;545;3.992
542;546;2.993
542;584;2.939
542;587;3.814
543;528;2.766
543;537;3.217
543;540;2.96
543;546;3.45
543;547;2.947
544;540;3.047
544;541;3.991
544;547;3.407
544;548;2.986
545;541;3.031
545;542;3.992
545;548;3.393
545;549;3.022
545;575;3.977
546;542;2.993
546;543;3.45
546;549;3.251
546;550;2.906
546;576;2.644
546;579;3.848
547;543;2.947
547;544;3.407
547;551;2.998
548;544;2.986
548;545;3.393
548;551;3.197
548;552;3.085
549;545;3.022
549;546;3.251
549;553;3.01
550;521;3.689
550;525;3.636
550;546;2.906
550;554;2.937
550;576;3.761
551;547;2.998
551;548;3.197
551;555;2.993
552;548;3.085
552;556;3.205
552;569;3.571
553;518;2.829
553;549;3.01
553;557;3.42
553;573;3.068
554;518;3.754
554;521;3.908
554;522;3.494
554;550;2.937
554;557;3.136
554;558;2.915
555;551;2.993
555;558;3.307
555;559;3.035
556;552;3.205
556;560;2.997
556;561;3.06
556;570;3.778
557;515;3.807
557;518;3.808
557;553;3.42
557;554;3.136
557;561;3.725
557;570;3.961
558;515;3.417
558;518;4.012
558;554;2.915
558;555;3.307
559;555;3.035
560;556;2.997
560;562;2.947
561;556;3.06
561;557;3.725
561;567;2.83
562;560;2.947
562;567;3.255
563;566;2.794
564;567;3.231
564;568;2.936
565;568;3.285
565;569;2.96
565;1067;3.881
566;563;2.794
566;569;3.073
566;570;3.082
567;561;2.83
567;562;3.255
567;564;3.231
567;570;2.945
568;564;2.936
568;565;3.285
568;571;3.001
568;990;3.138
569;552;3.571
569;565;2.96
569;566;3.073
569;572;2.98
570;556;3.778
570;557;3.961
570;566;3.082
570;567;2.945
570;573;3.056
571;568;3.001
571;574;3.185
571;986;3.7
571;987;3.916
572;569;2.98
572;575;2.897
572;983;3.889
573;492;3.082
573;496;3.78
573;514;3.263
573;553;3.068
573;570;3.056
573;576;2.968
574;489;3.863
574;493;3.641
574;496;3.643
574;571;3.185
574;577;2.924
574;979;3.821
574;983;3.52
575;545;3.977
575;572;2.897
575;578;2.784
575;980;3.417
575;983;3.478
576;485;3.923
576;489;3.857
576;521;3.419
576;524;2.745
576;546;2.644
576;550;3.761
576;573;2.968
576;579;2.972
577;489;3.83
577;490;3.803
577;574;2.924
577;580;2.974
577;581;2.946
577;583;3.889
577;979;3.565
578;575;2.784
579;482;2.68
579;524;2.728
579;546;3.848
579;576;2.972
580;486;2.739
580;577;2.974
581;486;3.635
581;577;2.946
581;583;3.887
581;584;3.023
582;585;3.063
582;586;2.933
582;972;3.293
583;577;3.889
583;581;3.887
583;586;3.181
583;587;3.008
583;976;3.489
584;542;2.939
584;581;3.023
584;587;3.821
584;588;3.062
585;582;3.063
585;588;3.423
585;589;2.972
586;582;2.933
586;583;3.181
586;589;3.132
586;590;2.923
586;976;3.847
587;542;3.814
587;583;3.008
587;584;3.821
587;591;3.064
588;584;3.062
588;585;3.423
588;591;3.422
588;592;2.758
589;585;2.972
589;586;3.132
589;592;3.294
589;593;2.932
590;586;2.923
590;593;3.21
590;594;3.082
590;1081;3.6
591;587;3.064
591;588;3.422
591;594;3.014
592;588;2.758
592;589;3.294
592;595;2.973
593;589;2.932
593;590;3.21
593;596;3.08
593;597;3.085
593;697;3.784
593;1081;3.494
593;1085;3.587
594;590;3.082
594;591;3.014
594;598;2.979
594;1081;3.857
595;592;2.973
595;598;3.013
596;593;3.08
596;697;3.881
597;593;3.085
597;600;3.256
597;601;2.873
597;693;3.577
597;1081;3.846
598;594;2.979
598;595;3.013
598;602;3.05
599;106;3.422
599;110;3.345
599;602;3.21
599;603;3.286
600;110;4.019
600;597;3.256
600;603;3.06
600;604;3.022
600;692;3.477
600;693;3.832
601;597;2.873
601;605;2.93
602;598;3.05
602;599;3.21
602;605;3.276
602;606;3.05
603;107;3.686
603;599;3.286
603;600;3.06
603;606;3.465
603;607;3.031
604;600;3.022
604;607;3.475
604;608;2.959
604;655;3.968
605;601;2.93
605;602;3.276
605;609;2.975
606;100;3.513
606;602;3.05
606;603;3.465
606;609;3.304
606;610;3.003
607;603;3.031
607;604;3.475
607;610;3.291
607;611;2.945
607;685;3.724
608;604;2.959
608;611;3.486
608;612;2.924
608;648;3.482
608;651;3.805
609;19;3.498
609;23;3.815
609;605;2.975
609;606;3.304
609;612;3.285
609;613;3.002
609;644;3.554
610;94;3.966
610;98;3.968
610;606;3.003
610;607;3.291
610;613;3.268
610;614;2.993
611;607;2.945
611;608;3.486
611;615;2.956
611;651;3.797
611;681;4.086
611;682;3.556
611;685;3.885
612;608;2.924
612;609;3.285
612;615;3.257
612;616;2.992
612;644;3.802
612;647;3.972
612;648;4.029
613;94;3.642
613;609;3.002
613;610;3.268
613;617;3.325
614;94;3.69
614;610;2.993
614;617;3.358
614;618;3.025
615;611;2.956
615;612;3.257
615;619;2.998
615;620;2.822
615;641;3.826
616;25;3.236
616;612;2.992
616;620;3.053
616;621;3.144
616;643;4.012
617;91;3.419
617;613;3.325
617;614;3.358
618;87;3.898
618;91;3.872
618;614;3.025
618;621;2.805
619;615;2.998
619;622;3.008
619;623;3.564
619;637;3.51
619;641;4.107
619;675;3.412
619;678;3.993
620;615;2.822
620;616;3.053
620;637;3.765
621;616;3.144
621;618;2.805
622;619;3.008
622;634;4.12
622;637;2.992
623;619;3.564
623;635;3.075
623;637;2.967
623;663;3.81
623;664;3.379
623;671;2.786
623;675;3.506
624;633;2.65
624;634;3.337
624;664;3.69
624;665;2.918
625;628;3.012
625;629;2.858
625;630;2.821
625;631;2.757
626;664;4.125
626;665;2.787
626;667;3.643
627;630;3.851
628;625;3.012
628;633;3.975
629;625;2.858
630;625;2.821
630;627;3.851
630;1015;4.012
631;625;2.757
632;638;3.584
632;639;3.075
633;624;2.65
633;628;3.975
634;622;4.12
634;624;3.337
634;638;3.527
635;623;3.075
635;638;3.157
635;639;3.132
635;662;2.867
635;663;3.555
636;639;3.028
636;640;2.851
636;661;3.96
637;619;3.51
637;620;3.765
637;622;2.992
637;623;2.967
637;641;3.664
637;663;3.591
638;632;3.584
638;634;3.527
638;635;3.157
638;642;3.48
639;632;3.075
639;635;3.132
639;636;3.028
639;646;3.998
639;1055;3.933
640;636;2.851
640;646;3.977
640;649;3.938
640;650;3.934
640;1046;3.337
640;1050;3.901
641;615;3.826
641;619;4.107
641;637;3.664
641;646;3.191
641;650;3.638
641;663;4.018
642;638;3.48
642;1059;2.725
643;25;3.707
643;616;4.012
643;646;2.885
643;647;2.939
643;1062;2.857
644;25;3.269
644;609;3.554
644;612;3.802
644;647;3.473
644;648;2.956
645;648;3.223
645;649;2.993
645;1062;3.636
645;1065;3.867
645;1066;3.637
645;1069;4.008
646;639;3.998
646;640;3.977
646;641;3.191
646;643;2.885
646;649;3.289
646;650;2.996
646;1065;3.105
647;612;3.972
647;643;2.939
647;644;3.473
647;651;2.966
648;608;3.482
648;612;4.029
648;644;2.956
648;645;3.223
648;651;3.496
648;652;2.979
649;640;3.938
649;645;2.993
649;646;3.289
649;652;3.242
649;653;3.029
649;1050;3.863
649;1069;3.513
650;640;3.934
650;641;3.638
650;646;2.996
650;653;3.16
650;654;3.027
650;660;3.883
651;608;3.805
651;611;3.797
651;647;2.966
651;648;3.496
651;654;3.323
651;655;2.973
652;648;2.979
652;649;3.242
652;655;3.097
652;656;3.216
652;1042;3.935
652;1045;3.539
652;1069;3.702
652;1076;3.912
653;649;3.029
653;650;3.16
653;659;2.834
653;1046;3.505
654;650;3.027
654;651;3.323
654;657;3.044
654;660;3.722
654;679;3.486
654;682;3.62
654;683;4.026
655;604;3.968
655;651;2.973
655;652;3.097
655;686;3.767
656;652;3.216
656;1042;3.449
657;654;3.044
657;683;3.989
658;214;3.487
658;216;3.685
658;1042;3.752
658;1043;2.741
658;1044;2.837
659;211;3.697
659;216;3.51
659;217;3.599
659;653;2.834
659;1047;3.895
660;650;3.883
660;654;3.722
660;663;3.522
660;679;3.358
661;636;3.96
661;1047;3.535
662;635;2.867
663;623;3.81
663;635;3.555
663;637;3.591
663;641;4.018
663;660;3.522
663;672;3.21
663;675;3.465
664;623;3.379
664;624;3.69
664;626;4.125
664;668;3.36
664;672;2.992
665;624;2.918
665;626;2.787
665;672;3.591
666;1003;3.418
667;626;3.643
668;664;3.36
668;671;2.774
668;672;3.068
669;673;2.952
670;673;3.308
670;674;3.006
671;623;2.786
671;668;2.774
671;674;3.227
671;675;3.089
672;663;3.21
672;664;2.992
672;665;3.591
672;668;3.068
672;675;3.422
672;676;2.914
673;669;2.952
673;670;3.308
673;676;3.294
673;677;3.017
674;670;3.006
674;671;3.227
674;677;3.491
674;678;3.384
675;619;3.412
675;623;3.506
675;663;3.465
675;671;3.089
675;672;3.422
675;678;3.396
675;679;2.939
676;207;3.799
676;672;2.914
676;673;3.294
676;679;3.292
676;680;2.963
677;673;3.017
677;674;3.491
677;680;3.394
677;681;3.022
678;619;3.993
678;674;3.384
678;675;3.396
678;681;3.333
678;682;2.986
679;654;3.486
679;660;3.358
679;675;2.939
679;676;3.292
679;682;3.311
679;683;2.993
680;210;3.509
680;676;2.963
680;677;3.394
680;683;3.424
680;684;3.0
681;611;4.086
681;677;3.022
681;678;3.333
681;684;3.484
681;685;3.004
682;611;3.556
682;654;3.62
682;678;2.986
682;679;3.311
682;686;2.956
683;210;4.121
683;214;3.61
683;654;4.026
683;657;3.989
683;679;2.993
683;680;3.424
683;687;2.925
684;210;3.919
684;680;3.0
684;681;3.484
684;687;3.427
684;688;3.038
685;607;3.724
685;611;3.885
685;681;3.004
685;688;3.441
685;689;2.994
686;655;3.767
686;682;2.956
686;689;3.188
686;690;2.929
687;683;2.925
687;684;3.427
687;690;3.274
687;691;2.981
688;114;3.819
688;684;3.038
688;685;3.441
688;692;3.022
689;685;2.994
689;686;3.188
689;692;3.34
689;693;2.915
690;686;2.929
690;687;3.274
690;693;3.112
690;694;3.07
691;250;3.577
691;251;3.666
691;687;2.981
691;694;3.477
691;695;3.016
692;600;3.477
692;688;3.022
692;689;3.34
692;696;2.92
693;597;3.577
693;600;3.832
693;689;2.915
693;690;3.112
693;696;3.361
693;697;3.119
693;1084;3.403
694;251;3.702
694;255;3.62
694;690;3.07
694;691;3.477
694;697;3.457
694;698;2.937
694;1084;3.614
694;1087;3.782
695;254;3.798
695;255;3.961
695;258;3.657
695;691;3.016
695;699;2.962
696;692;2.92
696;693;3.361
696;700;3.047
697;593;3.784
697;596;3.881
697;693;3.119
697;694;3.457
697;700;3.276
697;701;3.013
697;1084;3.644
697;1085;3.723
697;1088;3.557
698;255;3.463
698;694;2.937
698;701;3.487
698;702;2.961
698;1088;3.993
698;1091;3.475
699;258;3.768
699;695;2.962
699;703;3.036
700;696;3.047
700;697;3.276
700;703;2.959
700;704;3.101
701;697;3.013
701;698;3.487
701;704;2.963
701;705;3.006
701;1088;3.471
701;1092;3.495
702;259;3.837
702;698;2.961
702;706;3.512
702;1092;3.587
702;1095;3.262
703;699;3.036
703;700;2.959
703;706;3.783
704;700;3.101
704;701;2.963
705;297;2.812
705;701;3.006
705;1092;3.572
706;275;3.989
706;702;3.512
706;703;3.783
707;1095;3.576
707;1099;3.981
708;276;3.94
709;725;4.019
709;1102;3.343
710;265;3.923
711;1099;2.648
711;1102;3.749
712;717;3.63
713;721;2.836
713;1106;3.548
713;1113;3.466
714;717;3.962
714;1113;3.582
715;720;3.307
715;1113;3.809
715;1114;4.032
716;1114;3.771
716;1115;3.745
716;1117;3.594
716;1385;3.735
717;712;3.63
717;714;3.962
718;720;2.877
719;720;3.541
720;715;3.307
720;718;2.877
720;719;3.541
721;713;2.836
722;286;2.675
723;726;3.465
724;276;3.67
724;280;3.212
725;709;4.019
725;1102;4.008
726;723;3.465
726;1107;3.782
727;731;4.024
727;733;3.764
727;736;3.819
728;731;3.098
728;736;2.672
729;288;3.724
730;739;3.798
731;727;4.024
731;728;3.098
731;733;3.9
732;745;2.784
733;727;3.764
733;731;3.9
733;735;3.613
734;313;2.653
734;325;3.762
734;737;3.874
735;733;3.613
736;727;3.819
736;728;2.672
737;734;3.874
738;322;2.712
738;324;2.859
739;730;3.798
740;320;2.722
740;324;2.701
741;743;2.967
742;744;2.732
743;741;2.967
744;742;2.732
745;732;2.784
746;749;2.945
747;750;3.859
748;750;2.993
749;746;2.945
750;747;3.859
750;748;2.993
751;753;2.968
752;754;2.796
753;751;2.968
753;758;3.365
754;752;2.796
755;759;3.171
756;757;3.242
756;759;3.194
757;756;3.242
758;753;3.365
759;755;3.171
759;756;3.194
760;763;2.985
760;764;2.952
761;765;2.687
762;765;2.779
762;766;2.989
763;760;2.985
764;760;2.952
765;761;2.687
765;762;2.779
766;762;2.989
766;767;3.032
766;769;2.915
767;766;3.032
768;771;2.902
768;772;3.347
769;766;2.915
770;772;2.999
771;768;2.902
772;768;3.347
772;770;2.999
772;773;2.834
773;772;2.834
773;776;4.027
774;775;2.953
775;774;2.953
776;773;4.027
777;778;3.774
778;777;3.774
779;782;2.901
780;800;3.668
781;796;3.645
781;797;2.735
781;799;4.03
782;779;2.901
783;799;3.886
784;789;2.996
785;787;2.957
785;788;2.973
785;798;3.953
786;790;2.963
787;785;2.957
787;790;2.967
788;785;2.973
789;784;2.996
789;791;3.454
790;786;2.963
790;787;2.967
791;789;3.454
791;793;3.469
791;794;2.786
792;794;2.99
793;791;3.469
794;791;2.786
794;792;2.99
794;795;3.52
795;794;3.52
796;781;3.645
797;781;2.735
797;800;2.825
798;785;3.953
798;801;3.576
799;781;4.03
799;783;3.886
800;780;3.668
800;797;2.825
801;798;3.576
802;803;3.223
803;802;3.223
804;807;3.863
805;807;3.824
805;810;3.76
805;811;3.092
806;809;2.959
806;810;3.398
807;804;3.863
807;805;3.824
808;811;2.938
809;806;2.959
809;812;3.246
810;805;3.76
810;806;3.398
811;805;3.092
811;808;2.938
812;809;3.246
813;817;3.352
814;816;3.054
814;817;3.018
815;821;3.809
816;814;3.054
816;819;4.018
816;820;4.022
816;821;3.688
817;813;3.352
817;814;3.018
817;822;3.6
818;822;2.943
819;816;4.018
819;822;3.067
820;816;4.022
820;823;3.0
820;825;3.188
821;815;3.809
821;816;3.688
822;817;3.6
822;818;2.943
822;819;3.067
822;824;2.955
823;820;3.0
823;825;3.883
823;829;3.317
824;822;2.955
825;820;3.188
825;823;3.883
825;829;2.882
826;827;3.964
826;828;3.328
826;829;3.465
827;826;3.964
828;826;3.328
828;830;2.892
828;831;2.972
829;823;3.317
829;825;2.882
829;826;3.465
830;828;2.892
831;828;2.972
831;833;3.047
831;834;3.035
832;836;3.85
833;831;3.047
834;831;3.035
835;839;4.002
836;832;3.85
836;839;2.722
836;895;2.756
836;896;4.027
837;840;3.07
837;843;3.932
837;892;4.009
838;843;3.841
838;889;3.785
838;892;3.388
838;893;3.483
839;835;4.002
839;836;2.722
840;837;3.07
840;843;2.827
840;844;2.93
841;845;3.054
842;846;2.907
843;837;3.932
843;838;3.841
843;840;2.827
843;846;3.209
843;847;2.943
844;840;2.93
844;847;3.427
844;848;3.187
844;952;3.177
845;841;3.054
845;848;3.429
845;849;3.009
846;842;2.907
846;843;3.209
846;849;3.289
846;850;2.914
847;843;2.943
847;844;3.427
847;850;3.396
847;851;2.956
847;886;3.76
847;889;3.778
848;844;3.187
848;845;3.429
848;851;3.387
848;852;2.953
848;952;3.46
849;845;3.009
849;846;3.289
849;852;3.222
849;853;2.97
850;846;2.914
850;847;3.396
850;854;2.955
850;886;3.993
851;847;2.956
851;848;3.387
851;855;2.896
851;882;3.955
851;886;3.421
851;945;3.701
851;949;3.778
852;848;2.953
852;849;3.222
852;855;3.172
852;856;2.985
853;849;2.97
853;856;3.101
853;857;3.006
854;850;2.955
854;857;3.434
854;858;2.957
854;945;3.621
855;851;2.896
855;852;3.172
855;859;3.002
856;852;2.985
856;853;3.101
856;859;3.392
856;860;2.955
857;853;3.006
857;854;3.434
857;860;2.982
857;861;3.239
858;854;2.957
858;943;3.889
858;946;4.011
859;855;3.002
859;856;3.392
859;863;3.495
859;1280;3.871
860;856;2.955
860;857;2.982
860;863;3.072
860;864;3.028
860;867;3.451
860;871;3.886
861;857;3.239
861;868;2.77
861;936;2.697
862;865;3.253
862;868;2.67
862;1283;3.356
862;1337;3.088
863;859;3.495
863;860;3.072
863;1303;3.746
864;860;3.028
864;867;2.964
864;868;3.025
865;862;3.253
865;868;3.214
865;869;3.01
865;1338;3.99
866;869;2.638
867;860;3.451
867;864;2.964
867;870;3.275
867;871;2.961
868;861;2.77
868;862;2.67
868;864;3.025
868;865;3.214
868;872;3.022
868;1336;3.837
869;865;3.01
869;866;2.638
869;1338;3.483
870;867;3.275
871;860;3.886
871;867;2.961
871;874;3.123
871;875;3.029
872;868;3.022
872;876;2.746
873;877;3.023
874;871;3.123
874;877;3.347
874;878;2.983
875;871;3.029
875;878;2.999
875;879;3.268
876;872;2.746
876;879;2.993
876;880;3.027
876;936;2.869
876;939;3.765
877;873;3.023
877;874;3.347
877;880;2.905
877;881;2.956
878;874;2.983
878;875;2.999
878;881;3.487
878;882;2.917
879;875;3.268
879;876;2.993
879;883;3.014
879;942;3.838
880;876;3.027
880;877;2.905
880;883;3.353
880;884;3.041
881;877;2.956
881;878;3.487
881;885;2.986
882;851;3.955
882;878;2.917
882;885;3.263
882;886;2.937
882;945;3.593
883;879;3.014
883;880;3.353
883;887;2.979
883;942;3.994
884;880;3.041
884;888;3.025
885;881;2.986
885;882;3.263
885;889;2.939
886;847;3.76
886;850;3.993
886;851;3.421
886;882;2.937
886;890;3.01
886;948;3.669
887;883;2.979
887;890;3.334
887;891;2.965
887;915;3.873
887;919;3.743
888;884;3.025
888;891;3.361
888;892;2.958
889;838;3.785
889;847;3.778
889;885;2.939
889;892;3.496
889;893;2.748
889;948;3.596
890;886;3.01
890;887;3.334
890;893;3.465
890;894;2.95
890;912;3.809
891;887;2.965
891;888;3.361
891;894;4.021
891;895;3.018
892;837;4.009
892;838;3.388
892;888;2.958
892;889;3.496
892;895;3.409
892;896;2.99
893;838;3.483
893;889;2.748
893;890;3.465
893;896;3.33
893;897;3.084
893;902;3.957
893;908;4.138
893;911;2.696
894;890;2.95
894;891;4.021
894;897;3.0
894;898;2.939
894;899;3.783
894;902;6.457
894;903;3.675
895;836;2.756
895;891;3.018
895;892;3.409
896;836;4.027
896;892;2.99
896;893;3.33
897;893;3.084
897;894;3.0
897;901;2.837
897;902;3.998
897;905;3.831
897;908;3.634
898;894;2.939
898;902;2.992
899;894;3.783
899;902;3.431
899;903;2.998
900;903;2.836
900;904;2.871
901;897;2.837
902;893;3.957
902;894;6.457
902;897;3.998
902;898;2.992
902;899;3.431
902;905;3.04
902;908;3.637
902;912;3.735
903;894;3.675
903;899;2.998
903;900;2.836
903;909;3.832
903;912;3.701
904;900;2.871
905;897;3.831
905;902;3.04
905;908;3.199
905;909;2.954
906;909;3.451
906;910;2.969
907;910;3.374
907;911;3.001
907;960;3.965
908;893;4.138
908;897;3.634
908;902;3.637
908;905;3.199
908;911;3.118
908;912;2.982
909;903;3.832
909;905;2.954
909;906;3.451
909;912;6.043
909;913;2.985
910;906;2.969
910;907;3.374
910;913;3.228
911;893;2.696
911;907;3.001
911;908;3.118
911;948;2.941
911;951;2.78
912;890;3.809
912;902;3.735
912;903;3.701
912;908;2.982
912;909;6.043
912;915;3.025
912;916;2.951
913;909;2.985
913;910;3.228
913;917;3.027
914;944;4.022
914;948;3.753
915;887;3.873
915;912;3.025
915;918;3.049
915;919;3.092
916;912;2.951
916;919;2.969
916;920;2.912
917;913;3.027
917;921;2.971
917;941;3.687
918;915;3.049
918;921;4.004
918;922;3.047
918;942;2.881
919;887;3.743
919;915;3.092
919;916;2.969
919;922;3.362
919;923;2.982
920;916;2.912
920;923;3.186
920;924;2.99
921;917;2.971
921;918;4.004
921;924;3.457
921;925;2.987
922;918;3.047
922;919;3.362
922;925;3.258
922;926;2.981
922;935;3.738
923;919;2.982
923;920;3.186
923;926;3.198
923;927;2.939
924;920;2.99
924;921;3.457
924;927;3.272
924;928;2.988
925;921;2.987
925;922;3.258
925;930;3.045
925;934;3.284
925;935;3.339
925;938;3.667
926;922;2.981
926;923;3.198
926;929;3.0
927;923;2.939
927;924;3.272
928;924;2.988
929;926;3.0
930;925;3.045
931;934;3.782
931;935;3.172
932;935;3.467
932;936;3.002
933;936;2.744
933;937;3.225
934;925;3.284
934;931;3.782
934;937;3.367
934;938;2.991
935;922;3.738
935;925;3.339
935;931;3.172
935;932;3.467
935;939;2.97
936;861;2.697
936;876;2.869
936;932;3.002
936;933;2.744
936;1335;3.85
936;1336;3.958
937;933;3.225
937;934;3.367
937;940;3.062
937;1285;3.892
937;1332;2.991
937;1333;3.665
937;1334;3.144
938;925;3.667
938;934;2.991
939;876;3.765
939;935;2.97
939;942;2.753
940;937;3.062
940;943;2.754
940;944;3.333
940;1281;3.58
941;917;3.687
941;944;2.979
942;879;3.838
942;883;3.994
942;918;2.881
942;939;2.753
942;945;2.854
943;858;3.889
943;940;2.754
944;914;4.022
944;940;3.333
944;941;2.979
944;947;2.943
944;948;3.005
944;1277;3.822
945;851;3.701
945;854;3.621
945;882;3.593
945;942;2.854
945;948;2.97
945;949;3.172
946;858;4.011
946;949;2.966
946;1277;3.635
947;944;2.943
947;950;2.77
947;1277;3.817
948;886;3.669
948;889;3.596
948;911;2.941
948;914;3.753
948;944;3.005
948;945;2.97
948;951;2.907
949;851;3.778
949;945;3.172
949;946;2.966
949;952;2.981
949;953;2.937
950;947;2.77
950;953;3.183
950;956;3.504
950;960;3.72
951;911;2.78
951;948;2.907
951;957;2.894
952;844;3.177
952;848;3.46
952;949;2.981
953;949;2.937
953;950;3.183
953;956;3.487
953;957;3.013
954;957;3.669
955;958;3.12
955;959;2.929
956;950;3.504
956;953;3.487
956;959;3.345
956;960;2.959
