source;destination;distance
0;3;2.789
1;47;3.597
2;7;3.568
2;48;3.672
3;0;2.789
4;7;3.298
4;8;2.974
5;9;2.971
6;10;2.977
7;2;3.568
7;4;3.298
7;10;3.121
7;11;2.97
7;43;4.007
7;47;3.736
8;4;2.974
8;11;3.363
8;12;2.964
9;5;2.971
9;13;2.921
10;6;2.977
10;7;3.121
10;14;2.948
11;7;2.97
11;8;3.363
11;14;3.408
11;15;3.012
11;44;3.614
12;8;2.964
12;16;2.974
12;104;3.852
13;9;2.921
13;16;3.376
13;17;2.941
14;10;2.948
14;11;3.408
14;18;3.012
14;37;3.706
15;11;3.012
15;19;2.972
15;37;3.802
15;99;4.0
15;100;3.559
16;12;2.974
16;13;3.376
16;19;3.168
16;20;3.082
17;13;2.941
17;20;3.305
17;21;2.986
18;14;3.012
18;21;3.522
18;22;2.951
18;37;3.044
18;96;3.178
19;15;2.972
19;16;3.168
19;22;3.224
19;97;3.523
19;597;3.52
20;16;3.082
20;17;3.305
20;23;3.419
21;17;2.986
21;18;3.522
21;24;2.986
21;30;3.624
21;33;3.404
22;18;2.951
22;19;3.224
22;93;4.075
22;96;3.914
22;97;3.935
23;20;3.419
23;597;3.756
24;21;2.986
24;27;4.009
25;604;3.25
25;631;3.701
25;632;3.27
26;30;3.833
27;24;4.009
27;30;2.852
28;31;2.728
28;32;3.026
29;32;3.294
29;33;2.984
30;21;3.624
30;26;3.833
30;27;2.852
30;33;3.385
30;34;2.995
31;28;2.728
31;34;3.434
31;35;2.998
32;28;3.026
32;29;3.294
32;36;3.007
33;21;3.404
33;29;2.984
33;30;3.385
33;36;3.238
33;37;2.953
34;30;2.995
34;31;3.434
34;37;3.39
34;38;2.939
34;93;2.823
34;96;3.624
35;31;2.998
35;38;3.313
35;39;2.961
35;81;3.849
36;32;3.007
36;33;3.238
36;39;3.382
36;40;3.008
37;14;3.706
37;15;3.802
37;18;3.044
37;33;2.953
37;34;3.39
37;40;2.965
37;41;2.863
37;96;3.929
38;34;2.939
38;35;3.313
38;41;4.026
38;42;2.997
38;80;2.737
39;35;2.961
39;36;3.382
39;42;3.137
39;43;2.982
40;36;3.008
40;37;2.965
40;43;3.494
40;44;2.913
41;37;2.863
41;38;4.026
41;45;2.951
41;73;3.472
41;99;3.537
42;38;2.997
42;39;3.137
42;45;3.297
42;46;2.973
43;7;4.007
43;39;2.982
43;40;3.494
43;46;3.42
43;47;3.056
44;11;3.614
44;40;2.913
44;47;3.258
44;48;2.818
44;99;2.652
45;41;2.951
45;42;3.297
45;49;2.981
45;56;3.959
45;73;3.929
46;42;2.973
46;43;3.42
46;50;3.075
46;51;3.941
47;1;3.597
47;7;3.736
47;43;3.056
47;44;3.258
48;2;3.672
48;44;2.818
48;66;3.222
48;69;2.667
49;45;2.981
49;56;3.999
49;59;3.839
49;66;3.713
50;46;3.075
50;55;3.656
51;46;3.941
52;55;3.116
52;58;3.442
53;56;2.986
54;57;2.987
55;50;3.656
55;52;3.116
55;58;3.001
56;45;3.959
56;49;3.999
56;53;2.986
56;59;3.044
56;70;3.92
57;54;2.987
57;60;3.017
58;52;3.442
58;55;3.001
58;61;3.028
59;49;3.839
59;56;3.044
59;62;2.98
59;63;3.781
59;66;3.504
59;67;4.026
59;70;3.799
60;57;3.017
61;58;3.028
62;59;2.98
63;59;3.781
63;66;3.425
63;67;2.933
64;67;3.451
64;68;3.041
65;68;3.015
65;69;3.059
65;102;3.471
65;108;3.225
65;111;3.79
66;48;3.222
66;49;3.713
66;59;3.504
66;63;3.425
66;69;3.681
66;70;2.985
67;59;4.026
67;63;2.933
67;64;3.451
67;70;3.405
67;71;2.945
68;64;3.041
68;65;3.015
68;72;3.0
68;101;3.928
69;48;2.667
69;65;3.059
69;66;3.681
69;72;3.454
69;73;2.934
69;99;3.162
69;102;2.754
70;56;3.92
70;59;3.799
70;66;2.985
70;67;3.405
70;73;3.23
70;74;2.993
71;67;2.945
71;74;3.417
71;75;2.983
72;68;3.0
72;69;3.454
72;76;2.933
72;95;3.525
73;41;3.472
73;45;3.929
73;69;2.934
73;70;3.23
73;76;3.412
73;77;2.9
74;70;2.993
74;71;3.417
74;77;3.381
74;78;3.011
75;71;2.983
75;79;2.996
75;89;3.561
75;92;3.286
76;72;2.933
76;73;3.412
76;79;3.003
76;80;2.866
77;73;2.9
77;74;3.381
77;81;2.981
78;74;3.011
78;82;3.004
79;75;2.996
79;76;3.003
79;83;3.945
79;89;2.737
80;38;2.737
80;76;2.866
81;35;3.849
81;77;2.981
82;78;3.004
82;84;2.983
83;79;3.945
83;90;2.88
83;93;3.61
84;82;2.983
85;89;3.695
86;89;3.124
87;90;2.865
87;91;3.176
87;606;3.903
88;91;3.149
89;75;3.561
89;79;2.737
89;85;3.695
89;86;3.124
89;92;2.992
90;83;2.88
90;87;2.865
91;87;3.176
91;88;3.149
91;94;3.008
91;605;3.374
91;606;3.838
92;75;3.286
92;89;2.992
92;95;2.869
93;22;4.075
93;34;2.823
93;83;3.61
93;96;2.939
94;91;3.008
94;97;2.853
94;598;3.937
94;601;3.638
94;602;3.699
95;72;3.525
95;92;2.869
95;98;3.842
95;99;3.007
96;18;3.178
96;22;3.914
96;34;3.624
96;37;3.929
96;93;2.939
96;99;3.114
97;19;3.523
97;22;3.935
97;94;2.853
97;100;3.005
98;95;3.842
98;101;2.914
98;598;3.955
99;15;4.0
99;41;3.537
99;44;2.652
99;69;3.162
99;95;3.007
99;96;3.114
99;102;2.95
100;15;3.559
100;97;3.005
100;103;2.995
100;104;2.987
100;107;3.598
100;594;3.529
101;68;3.928
101;98;2.914
101;111;3.876
102;65;3.471
102;69;2.754
102;99;2.95
102;108;2.816
103;100;2.995
104;12;3.852
104;100;2.987
104;107;3.466
104;108;2.972
105;108;3.306
105;109;2.95
106;109;3.474
106;110;3.097
106;587;3.346
107;100;3.598
107;104;3.466
107;110;3.407
107;111;3.0
107;591;3.716
108;65;3.225
108;102;2.816
108;104;2.972
108;105;3.306
108;111;3.453
108;112;2.977
109;105;2.95
109;106;3.474
109;112;3.279
109;113;3.031
110;106;3.097
110;107;3.407
110;113;3.133
110;114;2.993
110;587;3.355
111;65;3.79
111;101;3.876
111;107;3.0
111;108;3.453
111;114;3.294
111;115;3.029
112;108;2.977
112;109;3.279
112;115;3.453
112;116;3.007
113;109;3.031
113;110;3.133
113;116;3.211
113;117;3.033
114;110;2.993
114;111;3.294
114;117;3.106
114;118;3.296
114;676;3.834
115;111;3.029
115;112;3.453
115;118;2.968
116;112;3.007
116;113;3.211
116;119;2.814
116;260;3.811
117;113;3.033
117;114;3.106
117;120;3.138
117;121;3.014
118;114;3.296
118;115;2.968
118;122;2.991
119;116;2.814
119;264;2.72
120;117;3.138
120;260;3.488
120;263;2.628
120;264;2.799
121;117;3.014
121;124;3.29
121;125;2.925
122;118;2.991
122;126;2.992
123;126;3.184
123;127;3.101
123;1247;3.459
123;1248;2.946
124;121;3.29
124;127;3.452
124;128;3.174
124;249;3.638
124;1251;3.989
125;121;2.925
125;128;3.302
125;129;2.925
126;122;2.992
126;123;3.184
126;129;3.295
126;130;2.992
127;123;3.101
127;124;3.452
127;130;3.912
127;131;2.966
127;1242;3.979
127;1248;3.967
127;1251;3.835
128;124;3.174
128;125;3.302
128;131;3.355
128;132;2.904
128;249;3.428
129;125;2.925
129;126;3.295
129;132;3.48
129;133;3.005
130;126;2.992
130;127;3.912
130;133;3.474
130;134;2.941
130;1238;3.731
130;1241;3.465
130;1242;3.617
131;127;2.966
131;128;3.355
131;134;3.43
131;135;2.871
132;128;2.904
132;129;3.48
132;136;2.969
132;209;3.71
132;212;3.981
133;129;3.005
133;130;3.474
133;136;3.185
133;137;3.0
134;130;2.941
134;131;3.43
134;137;3.259
134;138;2.973
134;1149;3.748
134;1238;3.845
135;131;2.871
135;139;2.949
135;212;3.562
135;245;3.841
136;132;2.969
136;133;3.185
136;140;2.941
136;205;3.895
136;209;3.927
137;133;3.0
137;134;3.259
137;140;3.22
137;141;3.128
137;205;3.815
137;1235;3.765
138;134;2.973
138;141;3.161
138;142;3.48
138;238;3.693
138;1232;3.675
138;1235;3.918
139;135;2.949
139;142;3.413
139;143;2.959
139;202;3.531
140;136;2.941
140;137;3.22
140;144;3.751
140;203;3.893
140;204;3.631
140;205;3.945
141;137;3.128
141;138;3.161
141;1232;3.638
141;1235;3.411
142;138;3.48
142;139;3.413
142;1228;3.683
142;1232;3.462
143;139;2.959
143;225;3.018
143;235;3.445
143;238;3.78
143;239;3.797
144;140;3.751
144;203;3.957
145;150;2.719
145;198;3.499
146;192;2.981
146;196;3.902
146;197;3.996
146;198;3.816
147;150;2.926
147;151;3.9
147;193;3.878
147;196;2.853
148;196;2.845
148;199;3.627
148;203;2.645
149;153;3.565
149;155;3.74
150;145;2.719
150;147;2.926
150;154;3.446
150;193;2.851
151;147;3.9
151;188;3.47
151;191;2.931
152;187;3.908
152;188;3.607
153;149;3.565
153;155;3.494
153;186;2.772
154;150;3.446
155;149;3.74
155;153;3.494
156;159;3.946
157;159;3.651
158;161;3.684
158;183;3.661
159;156;3.946
159;157;3.651
160;172;3.292
160;183;2.81
161;158;3.684
162;171;3.01
162;172;3.388
163;165;2.703
164;167;3.56
164;169;2.826
165;163;2.703
166;171;2.788
167;164;3.56
167;171;3.141
168;174;2.619
169;164;2.826
169;174;3.994
170;173;3.479
170;174;2.945
170;182;3.338
170;183;3.732
171;162;3.01
171;166;2.788
171;167;3.141
172;160;3.292
172;162;3.388
173;170;3.479
173;176;3.104
174;168;2.619
174;169;3.994
174;170;2.945
174;180;3.222
175;177;3.062
176;173;3.104
176;178;3.908
177;175;3.062
178;176;3.908
179;181;3.087
180;174;3.222
180;182;3.035
181;179;3.087
181;185;3.791
182;170;3.338
182;180;3.035
182;184;3.348
183;158;3.661
183;160;2.81
183;170;3.732
184;182;3.348
185;181;3.791
186;153;2.772
187;152;3.908
187;999;3.445
187;1001;3.688
188;151;3.47
188;152;3.607
189;1002;4.133
189;1003;4.083
190;193;3.915
190;1000;3.77
191;151;2.931
191;193;2.994
192;146;2.981
193;147;3.878
193;150;2.851
193;190;3.915
193;191;2.994
194;197;3.278
194;1000;3.796
195;998;2.895
195;1000;3.41
196;146;3.902
196;147;2.853
196;148;2.845
196;199;3.186
197;146;3.996
197;194;3.278
197;228;3.482
198;145;3.499
198;146;3.816
199;148;3.627
199;196;3.186
199;202;3.012
199;203;3.009
199;207;3.78
200;207;3.152
201;207;3.382
201;225;3.518
202;139;3.531
202;199;3.012
202;208;3.334
202;211;3.61
202;212;4.001
202;225;3.184
202;239;6.037
203;140;3.893
203;144;3.957
203;148;2.645
203;199;3.009
204;140;3.631
204;207;2.765
204;208;2.979
205;136;3.895
205;137;3.815
205;140;3.945
205;208;3.472
205;209;2.95
206;210;2.986
207;199;3.78
207;200;3.152
207;201;3.382
207;204;2.765
207;210;3.349
207;211;2.971
208;202;3.334
208;204;2.979
208;205;3.472
208;211;3.251
208;212;2.945
209;132;3.71
209;136;3.927
209;205;2.95
209;213;2.937
210;206;2.986
210;207;3.349
210;213;3.052
210;214;2.97
210;664;3.824
211;202;3.61
211;207;2.971
211;208;3.251
211;214;3.301
211;215;2.93
212;132;3.981
212;135;3.562
212;202;4.001
212;208;2.945
212;215;3.484
212;216;2.953
213;209;2.937
213;210;3.052
213;216;3.225
213;217;2.947
213;668;3.483
213;672;3.944
214;210;2.97
214;211;3.301
214;218;2.973
214;219;2.841
214;220;3.886
214;647;3.478
215;211;2.93
215;212;3.484
215;218;3.104
215;221;3.676
215;239;3.868
215;242;3.741
215;243;3.712
216;212;2.953
216;213;3.225
217;213;2.947
217;671;3.65
218;214;2.973
218;215;3.104
218;1313;3.135
218;1315;3.011
219;214;2.841
219;646;3.785
219;647;3.421
220;214;3.886
220;223;3.673
220;224;3.011
220;647;3.644
220;1320;3.858
221;215;3.676
221;225;3.056
221;226;3.168
221;240;3.861
221;243;3.267
221;1306;3.699
221;1309;3.61
221;1310;3.512
222;226;3.115
222;227;3.003
222;1306;3.715
222;1310;3.661
222;1345;3.586
222;1346;2.803
222;1347;3.236
223;220;3.673
223;1320;3.581
223;1347;3.208
224;220;3.011
224;227;3.096
225;143;3.018
225;201;3.518
225;202;3.184
225;221;3.056
225;235;2.827
225;239;6.45
226;221;3.168
226;222;3.115
226;229;2.953
226;236;3.448
226;1306;3.171
226;1345;3.498
227;222;3.003
227;224;3.096
227;1345;3.468
228;197;3.482
229;226;2.953
229;231;2.932
229;232;3.135
229;235;3.632
230;232;3.058
230;1296;4.02
230;1303;3.68
230;1340;3.478
230;1341;2.914
230;1344;3.465
231;229;2.932
231;235;3.017
232;229;3.135
232;230;3.058
232;235;2.973
232;236;2.951
232;1342;3.802
232;1343;3.494
233;236;3.612
233;237;2.922
233;1340;2.834
233;1342;2.769
234;1225;3.711
234;1228;3.853
234;1229;3.279
234;1342;2.959
235;143;3.445
235;225;2.827
235;229;3.632
235;231;3.017
235;232;2.973
235;238;3.039
235;239;3.36
236;226;3.448
236;232;2.951
236;233;3.612
236;239;3.387
236;240;2.946
236;1306;3.474
236;1343;3.925
236;1344;3.902
237;233;2.922
237;241;2.985
238;138;3.693
238;143;3.78
238;235;3.039
238;241;3.122
238;242;2.97
239;143;3.797
239;202;6.037
239;215;3.868
239;225;6.45
239;235;3.36
239;236;3.387
239;242;3.285
239;243;2.995
240;221;3.861
240;236;2.946
240;243;3.19
240;244;2.981
240;1309;3.946
241;237;2.985
241;238;3.122
241;245;2.936
242;215;3.741
242;238;2.97
242;239;3.285
242;246;2.9
243;215;3.712
243;221;3.267
243;239;2.995
243;240;3.19
243;247;2.952
243;1309;3.479
244;240;2.981
244;248;2.95
245;135;3.841
245;241;2.936
245;249;2.921
246;242;2.9
246;250;2.938
247;243;2.952
247;250;3.414
247;251;2.975
248;244;2.95
248;251;3.38
248;252;2.936
248;1255;3.68
248;1262;3.549
249;124;3.638
249;128;3.428
249;245;2.921
249;252;3.171
249;253;2.88
250;246;2.938
250;247;3.414
250;253;3.314
250;254;2.963
251;247;2.975
251;248;3.38
251;254;3.825
251;255;2.99
251;1373;3.738
252;248;2.936
252;249;3.171
252;255;3.628
252;256;2.899
252;1251;3.148
252;1254;3.699
253;249;2.88
253;250;3.314
253;256;3.128
253;257;2.958
254;250;2.963
254;251;3.825
254;258;3.081
254;679;3.741
254;682;3.665
254;1370;3.542
255;251;2.99
255;252;3.628
255;259;2.93
255;1373;3.964
255;1374;3.95
255;1377;3.536
256;252;2.899
256;253;3.128
256;260;2.931
257;253;2.958
257;260;3.35
257;261;3.087
257;683;3.748
258;254;3.081
258;261;3.24
258;262;3.099
258;682;3.648
258;683;3.955
258;686;3.448
258;1374;3.463
259;255;2.93
259;262;3.489
259;263;2.892
259;1378;3.815
260;116;3.811
260;120;3.488
260;256;2.931
260;257;3.35
260;263;3.486
260;264;2.983
261;257;3.087
261;258;3.24
261;264;3.483
261;265;3.06
261;683;3.679
261;687;4.008
262;258;3.099
262;259;3.489
262;266;2.922
262;690;3.915
262;1090;6.228
262;1378;3.822
263;120;2.628
263;259;2.892
263;260;3.486
263;266;2.991
263;267;3.444
264;119;2.72
264;120;2.799
264;260;2.983
264;261;3.483
264;274;3.029
265;261;3.06
265;273;3.789
265;274;2.777
265;275;2.991
266;262;2.922
266;263;2.991
266;275;3.34
267;263;3.444
267;272;2.938
268;270;3.575
269;1116;2.807
270;268;3.575
270;273;3.618
271;278;3.435
272;267;2.938
272;277;2.758
273;265;3.789
273;270;3.618
273;276;3.045
273;277;2.958
274;264;3.029
274;265;2.777
275;265;2.991
275;266;3.34
275;280;3.293
276;273;3.045
276;280;3.81
277;272;2.758
277;273;2.958
277;280;2.994
277;281;3.321
278;271;3.435
278;281;2.849
278;282;3.425
279;282;3.144
279;283;3.364
280;275;3.293
280;276;3.81
280;277;2.994
280;283;3.027
280;285;3.348
281;277;3.321
281;278;2.849
282;278;3.425
282;279;3.144
283;279;3.364
283;280;3.027
284;287;2.997
285;280;3.348
286;292;2.762
286;293;2.8
287;284;2.997
287;289;2.722
288;289;2.788
288;290;2.928
288;291;2.821
289;287;2.722
289;288;2.788
290;288;2.928
291;288;2.821
292;286;2.762
293;286;2.8
294;296;3.961
294;297;3.706
294;298;2.88
294;311;2.688
295;300;3.714
296;294;3.961
296;311;2.855
297;294;3.706
297;300;3.103
297;305;2.944
298;294;2.88
299;301;3.018
299;303;2.656
300;295;3.714
300;297;3.103
300;302;3.796
300;305;3.363
301;299;3.018
301;302;3.0
302;300;3.796
302;301;3.0
302;305;2.96
302;306;2.998
303;299;2.656
303;306;2.977
303;307;3.095
304;308;3.397
305;297;2.944
305;300;3.363
305;302;2.96
306;302;2.998
306;303;2.977
306;309;3.035
306;310;3.073
307;303;3.095
307;310;2.637
308;304;3.397
309;306;3.035
310;306;3.073
310;307;2.637
311;294;2.688
311;296;2.855
312;316;3.812
313;316;3.235
314;317;3.464
315;319;3.38
316;312;3.812
316;313;3.235
317;314;3.464
318;320;2.927
319;315;3.38
320;318;2.927
320;321;3.726
320;322;2.685
321;320;3.726
322;320;2.685
323;329;2.636
324;326;2.659
325;327;3.484
325;329;2.734
326;324;2.659
327;325;3.484
327;329;3.498
327;330;2.81
328;330;2.882
329;323;2.636
329;325;2.734
329;327;3.498
330;327;2.81
330;328;2.882
331;332;2.831
332;331;2.831
333;334;3.768
334;333;3.768
335;338;2.986
336;339;2.916
337;339;3.69
338;335;2.986
338;340;3.108
339;336;2.916
339;337;3.69
340;338;3.108
340;342;3.802
340;343;3.0
341;343;2.732
342;340;3.802
343;340;3.0
343;341;2.732
344;345;3.635
345;344;3.635
345;353;3.528
346;347;2.976
346;348;3.301
346;349;2.846
347;346;2.976
347;350;3.995
348;346;3.301
348;349;3.009
349;346;2.846
349;348;3.009
349;352;3.276
350;347;3.995
350;352;3.033
351;353;3.345
351;354;2.787
352;349;3.276
352;350;3.033
353;345;3.528
353;351;3.345
354;351;2.787
355;357;3.837
356;358;2.649
356;359;3.678
357;355;3.837
358;356;2.649
359;356;3.678
360;435;3.201
361;363;3.775
361;434;3.286
362;442;3.673
362;443;2.792
363;361;3.775
363;434;2.779
363;436;2.865
363;437;2.866
364;368;2.957
365;380;2.904
366;373;3.71
366;380;4.025
366;384;4.013
367;370;4.028
367;372;3.659
367;373;3.825
368;364;2.957
368;440;3.943
369;371;2.75
370;367;4.028
370;383;3.357
370;384;3.104
371;369;2.75
371;444;3.716
372;367;3.659
373;366;3.71
373;367;3.825
374;381;3.77
375;378;2.748
376;397;3.691
376;424;2.762
377;400;3.988
377;422;3.272
377;424;2.81
378;375;2.748
378;381;2.937
378;382;2.975
379;403;3.77
380;365;2.904
380;366;4.025
381;374;3.77
381;378;2.937
382;378;2.975
383;370;3.357
384;366;4.013
384;370;3.104
385;389;3.934
386;389;2.955
386;395;3.709
387;395;3.802
388;390;2.868
388;394;3.795
389;385;3.934
389;386;2.955
390;388;2.868
390;394;3.705
391;401;3.985
392;400;2.946
393;396;2.962
393;397;2.942
393;398;2.953
393;399;3.451
393;400;3.626
394;388;3.795
394;390;3.705
395;386;3.709
395;387;3.802
396;393;2.962
397;376;3.691
397;393;2.942
397;400;3.493
397;423;2.785
398;393;2.953
399;393;3.451
399;423;2.827
400;377;3.988
400;392;2.946
400;393;3.626
400;397;3.493
400;422;2.858
401;391;3.985
402;405;3.991
402;406;3.949
403;379;3.77
404;416;2.95
404;418;3.996
405;402;3.991
406;402;3.949
407;415;2.709
408;412;3.785
408;415;2.987
409;412;3.033
409;413;3.004
409;414;3.115
410;419;3.567
411;413;3.734
412;408;3.785
412;409;3.033
413;409;3.004
413;411;3.734
414;409;3.115
415;407;2.709
415;408;2.987
416;404;2.95
417;427;3.716
418;404;3.996
419;410;3.567
419;427;3.143
420;427;2.802
421;426;3.648
421;427;4.001
422;377;3.272
422;400;2.858
423;397;2.785
423;399;2.827
424;376;2.762
424;377;2.81
425;428;3.708
426;421;3.648
426;428;3.557
427;417;3.716
427;419;3.143
427;420;2.802
427;421;4.001
428;425;3.708
428;426;3.557
428;429;2.799
429;428;2.799
430;432;3.196
431;433;3.648
432;430;3.196
433;431;3.648
434;361;3.286
434;363;2.779
434;437;3.909
435;360;3.201
436;363;2.865
436;441;3.851
436;446;3.487
437;363;2.866
437;434;3.909
438;447;2.746
439;441;3.165
440;368;3.943
441;436;3.851
441;439;3.165
441;446;4.016
442;362;3.673
442;444;3.708
443;362;2.792
444;371;3.716
444;442;3.708
444;449;2.84
445;448;2.791
445;449;2.695
446;436;3.487
446;441;4.016
447;438;2.746
448;445;2.791
449;444;2.84
449;445;2.695
450;454;3.793
451;454;3.804
452;454;3.747
453;455;2.739
454;450;3.793
454;451;3.804
454;452;3.747
455;453;2.739
456;463;3.672
457;469;3.82
457;511;3.714
457;515;3.878
458;460;3.908
458;515;3.744
459;460;3.873
460;458;3.908
460;459;3.873
461;519;3.855
462;465;2.978
463;456;3.672
463;466;3.005
464;515;3.579
465;462;2.978
465;520;3.845
466;463;3.005
466;469;3.005
466;470;3.168
467;471;2.951
468;472;2.972
469;457;3.82
469;466;3.005
469;472;3.262
469;473;3.065
470;466;3.168
470;473;3.421
470;474;2.931
470;567;2.694
471;467;2.951
471;474;3.188
471;475;2.962
472;468;2.972
472;469;3.262
472;476;3.072
473;469;3.065
473;470;3.421
473;476;3.277
473;477;2.978
473;512;3.806
473;564;3.963
474;470;2.931
474;471;3.188
474;477;2.99
474;478;3.091
474;568;2.827
474;569;3.59
475;471;2.962
475;478;3.451
475;479;3.006
476;472;3.072
476;473;3.277
476;480;2.98
476;505;3.669
477;473;2.978
477;474;2.99
477;480;3.101
477;481;3.076
477;509;3.327
477;562;3.869
477;564;3.903
477;565;3.822
478;474;3.091
478;475;3.451
478;481;3.12
478;482;3.448
478;565;3.92
479;475;3.006
479;482;3.305
479;483;3.016
480;476;2.98
480;477;3.101
480;483;3.26
480;484;2.994
480;505;3.192
480;561;3.089
481;477;3.076
481;478;3.12
481;485;3.056
481;562;3.662
481;975;3.93
482;478;3.448
482;479;3.305
482;485;3.333
482;486;2.977
483;479;3.016
483;480;3.26
483;486;3.077
483;487;2.961
483;498;3.521
484;480;2.994
484;487;3.034
484;559;4.032
484;561;3.763
484;562;3.696
484;979;4.017
485;481;3.056
485;482;3.333
486;482;2.977
486;483;3.077
486;498;3.767
487;483;2.961
487;484;3.034
487;491;2.874
487;498;4.018
487;502;3.419
488;491;2.958
488;1022;3.044
488;1023;2.994
489;492;2.96
489;493;3.031
490;493;3.148
490;494;3.019
491;487;2.874
491;488;2.958
491;495;3.694
492;489;2.96
492;495;2.642
493;489;3.031
493;490;3.148
494;490;3.019
494;497;3.04
494;498;2.937
495;491;3.694
495;492;2.642
495;499;2.959
496;499;3.32
496;500;3.029
497;494;3.04
497;500;3.972
497;501;2.968
498;483;3.521
498;486;3.767
498;487;4.018
498;494;2.937
498;501;3.335
498;502;2.92
499;495;2.959
499;496;3.32
499;502;3.319
499;503;3.026
500;496;3.029
500;497;3.972
500;504;2.966
501;497;2.968
501;498;3.335
501;505;2.969
502;487;3.419
502;498;2.92
502;499;3.319
502;505;3.405
502;506;3.092
502;561;3.269
503;499;3.026
503;506;3.326
503;507;3.009
503;545;3.808
503;546;3.424
504;500;2.966
504;507;3.012
504;508;3.107
505;476;3.669
505;480;3.192
505;501;2.969
505;502;3.405
505;508;3.074
505;509;3.378
506;502;3.092
506;503;3.326
506;509;2.981
506;541;2.825
506;542;3.751
506;545;3.745
506;546;4.015
507;503;3.009
507;504;3.012
507;510;2.854
508;504;3.107
508;505;3.074
508;511;3.083
508;512;3.23
509;477;3.327
509;505;3.378
509;506;2.981
509;513;2.98
509;538;3.68
509;542;3.926
509;564;3.426
510;507;2.854
510;513;3.465
510;514;3.005
510;542;3.441
511;457;3.714
511;508;3.083
511;515;3.005
512;473;3.806
512;508;3.23
512;515;3.44
512;516;2.943
512;564;2.745
512;567;2.773
513;509;2.98
513;510;3.465
513;517;2.982
513;538;3.713
514;510;3.005
514;517;3.344
514;518;3.042
515;457;3.878
515;458;3.744
515;464;3.579
515;511;3.005
515;512;3.44
515;519;3.006
516;512;2.943
516;519;3.013
516;520;3.033
516;524;2.672
516;525;3.672
516;531;2.782
517;513;2.982
517;514;3.344
517;525;3.813
517;526;4.029
518;514;3.042
519;461;3.855
519;515;3.006
519;516;3.013
520;465;3.845
520;516;3.033
520;524;3.806
521;524;2.901
521;525;2.934
522;526;2.976
523;527;3.078
524;516;2.672
524;520;3.806
524;521;2.901
524;527;3.066
524;528;2.931
525;516;3.672
525;517;3.813
525;521;2.934
525;531;3.25
525;535;2.954
526;517;4.029
526;522;2.976
527;523;3.078
527;524;3.066
528;524;2.931
528;531;2.956
528;532;3.037
529;532;3.943
529;533;3.014
530;534;2.988
530;572;2.972
530;575;3.939
531;516;2.782
531;525;3.25
531;528;2.956
531;535;2.962
532;528;3.037
532;529;3.943
532;535;3.392
532;536;2.991
533;529;3.014
533;536;3.44
533;537;3.016
534;530;2.988
534;537;3.199
534;538;2.902
534;564;2.647
534;567;3.909
535;525;2.954
535;531;2.962
535;532;3.392
535;539;3.006
536;532;2.991
536;533;3.44
536;539;3.218
536;540;3.091
537;533;3.016
537;534;3.199
537;541;3.008
538;509;3.68
538;513;3.713
538;534;2.902
538;542;2.943
538;564;3.753
539;535;3.006
539;536;3.218
539;543;2.997
540;536;3.091
540;544;3.218
540;557;3.571
541;506;2.825
541;537;3.008
541;545;3.426
541;561;3.078
542;506;3.751
542;509;3.926
542;510;3.441
542;538;2.943
542;545;3.102
542;546;2.915
543;539;2.997
543;546;3.329
543;547;3.03
544;540;3.218
544;548;2.997
544;549;3.048
544;558;3.78
545;503;3.808
545;506;3.745
545;541;3.426
545;542;3.102
545;549;3.75
545;558;3.981
546;503;3.424
546;506;4.015
546;542;2.915
546;543;3.329
547;543;3.03
548;544;2.997
548;550;2.946
549;544;3.048
549;545;3.75
549;555;2.835
550;548;2.946
550;555;3.252
551;554;2.791
552;555;3.221
552;556;2.933
553;556;3.292
553;557;2.956
553;1062;3.849
554;551;2.791
554;557;3.079
554;558;3.082
555;549;2.835
555;550;3.252
555;552;3.221
555;558;2.937
556;552;2.933
556;553;3.292
556;559;2.99
556;983;3.135
557;540;3.571
557;553;2.956
557;554;3.079
557;560;2.981
558;544;3.78
558;545;3.981
558;554;3.082
558;555;2.937
558;561;3.041
559;484;4.032
559;556;2.99
559;562;3.188
559;979;3.708
559;980;3.933
560;557;2.981
560;563;2.904
560;976;3.876
561;480;3.089
561;484;3.763
561;502;3.269
561;541;3.078
561;558;3.041
561;564;2.963
562;477;3.869
562;481;3.662
562;484;3.696
562;559;3.188
562;565;2.915
562;972;3.806
562;976;3.552
563;560;2.904
563;566;2.792
563;973;3.389
563;976;3.488
564;473;3.963
564;477;3.903
564;509;3.426
564;512;2.745
564;534;2.647
564;538;3.753
564;561;2.963
564;567;2.98
565;477;3.822
565;478;3.92
565;562;2.915
565;568;2.974
565;569;2.942
565;571;3.861
565;972;3.691
566;563;2.792
567;470;2.694
567;512;2.773
567;534;3.909
567;564;2.98
568;474;2.827
568;565;2.974
569;474;3.59
569;565;2.942
569;571;3.896
569;572;3.024
570;573;3.152
570;574;2.931
570;965;3.205
571;565;3.861
571;569;3.896
571;574;3.204
571;575;3.001
571;969;3.489
572;530;2.972
572;569;3.024
572;575;3.867
572;576;3.059
573;570;3.152
573;576;3.408
573;577;2.957
574;570;2.931
574;571;3.204
574;577;3.232
574;578;2.946
574;969;3.653
575;530;3.939
575;571;3.001
575;572;3.867
575;579;3.051
576;572;3.059
576;573;3.408
576;579;3.384
576;580;2.818
577;573;2.957
577;574;3.232
577;580;3.322
577;581;2.921
577;1080;3.734
578;574;2.946
578;581;3.159
578;582;3.098
578;1076;3.614
579;575;3.051
579;576;3.384
579;582;3.007
580;576;2.818
580;577;3.322
580;583;3.066
581;577;2.921
581;578;3.159
581;584;3.134
581;585;3.128
581;685;3.825
581;1076;3.499
581;1080;3.649
582;578;3.098
582;579;3.007
582;585;2.995
582;586;2.928
582;1076;4.002
583;580;3.066
583;586;3.184
584;581;3.134
584;685;3.918
585;581;3.128
585;582;2.995
585;588;3.206
585;589;2.852
585;681;3.542
585;1076;3.85
586;582;2.928
586;583;3.184
586;590;3.028
587;106;3.346
587;110;3.355
587;590;3.34
587;591;3.336
588;585;3.206
588;591;3.063
588;592;3.021
588;680;3.471
588;681;3.887
589;585;2.852
589;593;2.913
590;586;3.028
590;587;3.34
590;593;3.364
590;594;3.058
591;107;3.716
591;587;3.336
591;588;3.063
591;594;3.47
591;595;3.026
592;588;3.021
592;595;3.474
592;596;2.963
592;643;3.903
593;589;2.913
593;590;3.364
593;597;2.975
594;100;3.529
594;590;3.058
594;591;3.47
594;597;3.27
594;598;2.996
595;591;3.026
595;592;3.474
595;598;3.325
595;599;2.957
595;673;3.731
596;592;2.963
596;599;3.469
596;600;2.925
596;636;3.481
596;639;3.828
597;19;3.52
597;23;3.756
597;593;2.975
597;594;3.27
597;600;3.307
597;601;2.997
597;632;3.506
598;94;3.937
598;98;3.955
598;594;2.996
598;595;3.325
598;601;3.246
598;602;2.993
599;595;2.957
599;596;3.469
599;603;2.96
599;639;3.876
599;666;3.985
599;669;3.901
599;670;3.436
600;596;2.925
600;597;3.307
600;603;3.251
600;604;2.995
600;632;3.751
600;635;3.969
600;636;4.018
601;94;3.638
601;597;2.997
601;598;3.246
601;605;3.323
602;94;3.699
602;598;2.993
602;605;3.31
602;606;3.017
603;599;2.96
603;600;3.251
603;607;3.003
603;608;2.814
603;629;3.806
604;25;3.25
604;600;2.995
604;608;3.049
604;609;3.149
604;631;3.979
605;91;3.374
605;601;3.323
605;602;3.31
606;87;3.903
606;91;3.838
606;602;3.017
606;609;2.797
607;603;3.003
607;610;3.01
607;611;3.578
607;625;3.514
607;629;4.104
607;663;3.405
608;603;2.814
608;604;3.049
608;625;3.749
609;604;3.149
609;606;2.797
610;607;3.01
610;625;2.957
611;607;3.578
611;623;3.08
611;625;2.977
611;651;3.801
611;652;3.468
611;659;2.796
611;663;3.619
612;621;2.654
612;622;3.382
612;652;3.705
612;653;2.916
613;616;3.007
613;617;2.867
613;618;2.826
613;619;2.755
614;652;4.154
614;653;2.793
614;655;3.683
615;618;3.865
616;613;3.007
616;621;3.98
617;613;2.867
618;613;2.826
618;615;3.865
618;1010;3.935
619;613;2.755
620;626;3.577
620;627;3.185
621;612;2.654
621;616;3.98
622;612;3.382
622;626;3.535
623;611;3.08
623;626;3.203
623;627;3.136
623;650;2.849
623;651;3.584
624;627;3.025
624;628;2.844
624;649;3.865
625;607;3.514
625;608;3.749
625;610;2.957
625;611;2.977
625;629;3.695
625;651;3.611
626;620;3.577
626;622;3.535
626;623;3.203
626;630;3.502
627;620;3.185
627;623;3.136
627;624;3.025
627;1050;3.853
628;624;2.844
628;634;4.035
628;637;3.861
628;638;3.691
628;641;4.037
628;1045;3.813
629;603;3.806
629;607;4.104
629;625;3.695
629;634;3.632
629;638;3.658
629;651;4.036
630;626;3.502
630;1054;2.721
631;25;3.701
631;604;3.979
631;634;2.891
631;635;2.945
631;1057;2.888
632;25;3.27
632;597;3.506
632;600;3.751
632;635;3.402
632;636;2.936
633;636;3.242
633;637;3.004
633;1057;3.679
633;1060;3.888
633;1061;3.595
633;1064;3.961
634;628;4.035
634;629;3.632
634;631;2.891
634;637;3.258
634;638;2.98
634;1060;3.114
635;600;3.969
635;631;2.945
635;632;3.402
635;638;3.999
635;639;2.969
636;596;3.481
636;600;4.018
636;632;2.936
636;633;3.242
636;639;3.479
636;640;2.972
637;628;3.861
637;633;3.004
637;634;3.258
637;640;3.317
637;641;3.052
637;1045;3.985
637;1064;3.607
638;628;3.691
638;629;3.658
638;634;2.98
638;635;3.999
638;641;3.121
638;642;3.011
638;648;3.794
639;596;3.828
639;599;3.876
639;635;2.969
639;636;3.479
639;642;3.411
639;643;2.998
640;636;2.972
640;637;3.317
640;643;3.083
640;644;3.235
640;1037;5.8
640;1040;3.487
640;1064;3.748
640;1071;3.903
641;628;4.037
641;637;3.052
641;638;3.121
641;647;2.885
641;1041;3.686
642;638;3.011
642;639;3.411
642;645;2.973
642;667;3.426
642;670;3.548
642;671;3.984
643;592;3.903
643;639;2.998
643;640;3.083
643;674;3.85
644;640;3.235
644;1037;3.491
645;642;2.973
645;667;2.85
645;671;3.971
646;219;3.785
646;1037;3.836
646;1038;2.756
646;1039;2.823
647;214;3.478
647;219;3.421
647;220;3.644
647;641;2.885
647;667;3.886
647;1042;3.855
648;638;3.794
648;651;3.497
648;667;3.271
649;624;3.865
649;1042;3.497
650;623;2.849
650;996;3.801
651;611;3.801
651;623;3.584
651;625;3.611
651;629;4.036
651;648;3.497
651;660;3.276
651;663;3.461
652;611;3.468
652;612;3.705
652;614;4.154
652;656;3.385
652;660;2.933
653;612;2.916
653;614;2.793
653;660;3.682
654;997;3.414
655;614;3.683
656;652;3.385
656;659;2.775
656;660;3.077
657;661;2.959
658;661;3.412
658;662;2.981
659;611;2.796
659;656;2.775
659;662;3.217
659;663;3.054
660;651;3.276
660;652;2.933
660;653;3.682
660;656;3.077
660;663;3.058
660;664;2.902
661;657;2.959
661;658;3.412
661;664;3.153
661;665;3.021
662;658;2.981
662;659;3.217
663;607;3.405
663;611;3.619
663;651;3.461
663;659;3.054
663;660;3.058
663;666;3.006
663;667;2.923
664;210;3.824
664;660;2.902
664;661;3.153
664;667;3.379
664;668;2.967
665;661;3.021
665;668;3.436
665;669;3.001
666;599;3.985
666;663;3.006
666;669;3.421
666;670;2.975
667;642;3.426
667;645;2.85
667;647;3.886
667;648;3.271
667;663;2.923
667;664;3.379
667;670;3.319
667;671;2.977
668;213;3.483
668;664;2.967
668;665;3.436
668;671;3.417
668;672;2.993
669;599;3.901
669;665;3.001
669;666;3.421
669;672;3.482
669;673;3.002
670;599;3.436
670;642;3.548
670;666;2.975
670;667;3.319
670;674;2.954
671;217;3.65
671;642;3.984
671;645;3.971
671;667;2.977
671;668;3.417
671;675;2.931
672;213;3.944
672;668;2.993
672;669;3.482
672;675;3.417
672;676;3.03
673;595;3.731
673;669;3.002
673;676;3.436
673;677;2.995
674;643;3.85
674;670;2.954
674;677;3.16
674;678;2.927
675;671;2.931
675;672;3.417
675;678;3.28
675;679;2.982
676;114;3.834
676;672;3.03
676;673;3.436
676;680;3.027
677;673;2.995
677;674;3.16
677;680;3.389
677;681;2.931
678;674;2.927
678;675;3.28
678;681;3.116
678;682;3.074
679;254;3.741
679;675;2.982
679;683;3.007
680;588;3.471
680;676;3.027
680;677;3.389
680;684;2.92
681;585;3.542
681;588;3.887
681;677;2.931
681;678;3.116
681;684;3.376
681;685;3.136
681;1079;3.389
682;254;3.665
682;258;3.648
682;678;3.074
682;685;3.414
682;686;2.943
682;1079;3.593
682;1082;3.77
682;1370;6.37
683;257;3.748
683;258;3.955
683;261;3.679
683;679;3.007
683;687;2.966
684;680;2.92
684;681;3.376
684;688;3.056
685;581;3.825
685;584;3.918
685;681;3.136
685;682;3.414
685;688;3.328
685;689;3.017
685;1079;3.646
685;1080;3.782
685;1083;3.583
686;258;3.448
686;682;2.943
686;689;3.424
686;690;2.971
686;1086;3.475
687;261;4.008
687;683;2.966
687;690;3.273
687;691;3.038
688;684;3.056
688;685;3.328
688;691;3.115
688;692;3.07
689;685;3.017
689;686;3.424
689;692;2.974
689;693;3.069
689;1083;3.504
689;1087;3.698
690;262;3.915
690;686;2.971
690;687;3.273
690;695;3.52
690;1086;4.034
690;1087;3.677
690;1090;3.353
691;687;3.038
691;688;3.115
692;688;3.07
692;689;2.974
693;689;3.069
693;1087;3.961
694;697;4.021
694;698;3.397
695;690;3.52
695;1094;2.797
696;700;3.897
697;694;4.021
698;694;3.397
698;1091;3.24
698;1095;2.654
699;1095;2.735
700;696;3.897
701;1096;2.713
701;1099;3.696
702;1115;3.27
702;1116;3.267
703;709;2.804
704;1117;2.78
705;709;2.82
706;709;3.423
706;1117;3.446
707;711;3.211
708;711;3.044
709;703;2.804
709;705;2.82
709;706;3.423
709;1100;2.726
710;1383;3.971
711;707;3.211
711;708;3.044
712;1117;2.913
713;716;3.987
714;1117;2.95
714;1118;2.684
715;726;3.301
716;713;3.987
716;718;3.851
717;718;4.03
718;716;3.851
718;717;4.03
718;725;3.665
719;1260;3.882
720;724;3.488
720;1257;4.126
721;724;2.705
721;728;2.783
721;1253;3.972
722;724;2.764
723;726;2.953
723;728;3.371
724;720;3.488
724;721;2.705
724;722;2.764
724;1257;3.591
725;718;3.665
726;715;3.301
726;723;2.953
727;730;4.032
728;721;2.783
728;723;3.371
728;731;2.972
729;1122;3.325
729;1123;2.644
730;727;4.032
730;1122;3.835
731;728;2.972
731;737;3.372
731;745;2.918
731;1191;3.122
732;739;3.375
732;745;3.376
732;1127;3.374
733;736;2.834
733;737;3.685
733;1187;2.661
733;1188;3.394
733;1191;3.885
734;1127;3.781
734;1128;3.707
734;1129;3.082
734;1133;2.766
735;744;2.932
735;1129;3.612
736;733;2.834
736;743;4.038
737;731;3.372
737;733;3.685
738;743;3.409
739;732;3.375
739;743;3.167
739;745;2.952
739;748;3.411
740;742;2.999
740;743;3.181
740;747;2.83
741;744;3.794
741;745;3.35
741;747;3.459
742;740;2.999
743;736;4.038
743;738;3.409
743;739;3.167
743;740;3.181
744;735;2.932
744;741;3.794
744;1127;4.112
745;731;2.918
745;732;3.376
745;739;2.952
745;741;3.35
745;1124;3.475
745;1125;3.248
745;1127;3.737
746;748;3.036
747;740;2.83
747;741;3.459
747;1126;2.923
748;739;3.411
748;746;3.036
748;1124;3.627
749;752;2.637
749;753;2.864
750;753;2.657
750;754;2.884
751;1120;4.001
751;1121;2.811
751;1123;2.824
752;749;2.637
752;755;3.232
753;749;2.864
753;750;2.657
753;756;3.075
754;750;2.884
755;752;3.232
755;1120;3.464
756;753;3.075
757;762;3.893
758;1119;2.837
759;1119;2.864
760;1112;3.994
760;1119;2.753
761;764;3.797
761;765;3.907
761;766;2.746
761;767;2.736
761;769;2.777
761;770;3.604
762;757;3.893
763;1113;2.654
764;761;3.797
764;767;3.179
764;768;3.917
764;1111;3.864
765;761;3.907
765;1111;3.906
765;1112;2.993
766;761;2.746
767;761;2.736
767;764;3.179
768;764;3.917
768;771;2.926
769;761;2.777
770;761;3.604
771;768;2.926
772;775;3.695
772;778;3.328
773;774;2.916
774;773;2.916
775;772;3.695
776;779;3.902
777;778;2.999
778;772;3.328
778;777;2.999
779;776;3.902
780;781;2.959
781;780;2.959
782;783;2.889
783;782;2.889
784;786;2.622
785;787;4.713
786;784;2.622
786;788;3.246
787;785;4.713
788;786;3.246
789;790;3.63
790;789;3.63
790;792;3.796
791;793;3.77
792;790;3.796
793;791;3.77
794;795;2.86
794;796;2.983
795;794;2.86
795;797;2.98
796;794;2.983
796;1107;2.692
797;795;2.98
798;801;3.014
799;802;3.953
800;803;3.92
801;798;3.014
801;802;2.962
801;803;3.038
802;799;3.953
802;801;2.962
803;800;3.92
803;801;3.038
804;807;3.147
805;808;2.988
806;810;2.796
807;804;3.147
808;805;2.988
809;819;3.923
810;806;2.796
810;814;3.286
811;813;3.868
811;820;3.824
812;813;3.002
813;811;3.868
813;812;3.002
813;826;3.485
814;810;3.286
814;819;2.8
815;893;2.678
816;819;2.86
817;819;2.957
817;821;3.032
818;821;3.288
818;888;2.766
818;889;3.271
818;890;2.839
819;809;3.923
819;814;2.8
819;816;2.86
819;817;2.957
820;811;3.824
821;817;3.032
821;818;3.288
821;827;3.631
821;829;3.767
822;826;2.995
822;828;3.406
822;829;3.924
823;828;2.841
824;828;3.311
824;833;3.716
825;828;3.744
825;832;2.911
826;813;3.485
826;822;2.995
827;821;3.631
828;822;3.406
828;823;2.841
828;824;3.311
828;825;3.744
828;832;3.675
828;833;3.743
829;821;3.767
829;822;3.924
829;832;2.762
829;889;2.872
830;836;3.904
830;885;3.867
831;836;3.793
831;837;3.466
831;885;3.525
831;886;3.605
832;825;2.911
832;828;3.675
832;829;2.762
833;824;3.716
833;828;3.743
833;836;2.985
833;837;2.923
834;838;3.033
835;839;2.911
836;830;3.904
836;831;3.793
836;833;2.985
836;839;3.127
836;840;2.951
837;831;3.466
837;833;2.923
837;840;3.471
837;841;3.176
837;945;3.22
838;834;3.033
838;841;3.446
838;842;3.005
839;835;2.911
839;836;3.127
839;842;3.28
839;843;2.901
840;836;2.951
840;837;3.471
840;843;3.455
840;844;2.971
840;879;3.856
840;882;3.73
841;837;3.176
841;838;3.446
841;844;3.329
841;845;2.936
841;945;3.437
842;838;3.005
842;839;3.28
842;845;3.279
842;846;2.979
843;839;2.901
843;840;3.455
843;847;2.953
843;879;3.968
844;840;2.971
844;841;3.329
844;848;2.891
844;875;3.986
844;879;3.44
844;938;3.689
844;942;3.791
845;841;2.936
845;842;3.279
845;848;3.184
845;849;2.981
846;842;2.979
846;849;3.098
846;850;3.007
847;843;2.953
847;850;3.414
847;851;2.954
847;938;3.636
848;844;2.891
848;845;3.184
848;852;2.999
849;845;2.981
849;846;3.098
849;852;3.412
849;853;2.953
850;846;3.007
850;847;3.414
850;853;2.973
850;854;3.229
851;847;2.954
851;936;3.895
852;848;2.999
852;849;3.412
852;856;3.68
852;1278;3.879
853;849;2.953
853;850;2.973
853;856;3.076
853;857;3.029
853;860;3.482
853;864;3.82
853;868;4.029
854;850;3.229
854;861;2.767
854;929;2.696
855;858;3.339
855;861;2.675
855;1281;3.351
855;1335;3.018
856;852;3.68
856;853;3.076
856;1301;3.734
857;853;3.029
857;860;2.96
857;861;3.027
858;855;3.339
858;861;3.198
858;862;3.005
858;1336;4.01
859;862;2.64
860;853;3.482
860;857;2.96
860;863;3.267
860;864;2.957
861;854;2.767
861;855;2.675
861;857;3.027
861;858;3.198
861;865;3.024
861;1334;3.894
862;858;3.005
862;859;2.64
862;1336;3.498
863;860;3.267
864;853;3.82
864;860;2.957
864;867;3.105
864;868;3.027
865;861;3.024
865;869;2.758
866;870;3.025
867;864;3.105
867;870;3.376
867;871;2.988
868;853;4.029
868;864;3.027
868;871;2.992
868;872;3.276
869;865;2.758
869;872;2.992
869;873;3.028
869;929;2.877
869;932;3.849
870;866;3.025
870;867;3.376
870;873;2.92
870;874;2.952
871;867;2.988
871;868;2.992
871;874;3.489
871;875;2.923
872;868;3.276
872;869;2.992
872;876;3.004
872;935;3.785
873;869;3.028
873;870;2.92
873;876;3.348
873;877;3.035
874;870;2.952
874;871;3.489
874;878;2.986
875;844;3.986
875;871;2.923
875;878;3.253
875;879;2.939
875;935;4.026
875;938;3.63
876;872;3.004
876;873;3.348
876;880;2.978
876;935;3.879
877;873;3.035
877;881;3.034
878;874;2.986
878;875;3.253
878;882;2.949
879;840;3.856
879;843;3.968
879;844;3.44
879;875;2.939
879;883;3.007
879;941;3.682
880;876;2.978
880;883;3.425
880;884;2.977
880;908;3.855
880;912;3.698
881;877;3.034
881;884;3.324
881;885;2.948
882;840;3.73
882;878;2.949
882;886;2.747
882;941;3.625
883;879;3.007
883;880;3.425
883;886;3.485
883;887;2.931
883;905;3.877
884;880;2.977
884;881;3.324
884;887;3.495
884;888;3.021
885;830;3.867
885;831;3.525
885;881;2.948
885;888;3.964
885;889;2.972
886;831;3.605
886;882;2.747
886;883;3.485
886;890;3.028
886;895;3.592
886;901;4.133
886;904;2.689
887;883;2.931
887;884;3.495
887;890;3.008
887;891;2.956
887;892;3.808
887;895;6.356
887;896;3.673
888;818;2.766
888;884;3.021
888;885;3.964
889;818;3.271
889;829;2.872
889;885;2.972
890;818;2.839
890;886;3.028
890;887;3.008
890;894;3.377
890;898;3.733
890;901;3.626
891;887;2.956
891;895;2.956
892;887;3.808
892;895;3.372
892;896;3.003
893;815;2.678
893;896;3.015
893;897;2.868
894;890;3.377
895;886;3.592
895;887;6.356
895;891;2.956
895;892;3.372
895;898;3.038
895;901;3.725
895;905;3.849
896;887;3.673
896;892;3.003
896;893;3.015
896;902;3.748
896;905;3.713
897;893;2.868
898;890;3.733
898;895;3.038
898;901;3.063
898;902;2.921
899;903;2.983
900;903;3.372
900;904;2.992
900;944;3.313
900;950;4.028
900;953;3.833
901;886;4.133
901;890;3.626
901;895;3.725
901;898;3.063
901;904;3.178
901;905;2.976
902;896;3.748
902;898;2.921
902;905;5.55
902;906;2.968
903;899;2.983
903;900;3.372
903;906;3.298
904;886;2.689
904;900;2.992
904;901;3.178
904;941;2.931
904;944;2.797
905;883;3.877
905;895;3.849
905;896;3.713
905;901;2.976
905;902;5.55
905;908;3.027
905;909;2.955
906;902;2.968
906;903;3.298
906;910;3.028
907;937;4.008
907;941;3.698
908;880;3.855
908;905;3.027
908;911;3.04
908;912;3.093
909;905;2.955
909;912;2.956
909;913;2.916
910;906;3.028
910;914;2.968
910;934;3.696
911;908;3.04
911;915;3.052
911;935;2.862
912;880;3.698
912;908;3.093
912;909;2.956
912;915;3.341
912;916;2.982
913;909;2.916
913;916;3.186
913;917;2.994
914;910;2.968
914;917;3.487
914;918;2.993
915;911;3.052
915;912;3.341
915;918;3.29
915;919;2.983
915;928;3.74
916;912;2.982
916;913;3.186
916;919;3.2
916;920;2.938
917;913;2.994
917;914;3.487
917;920;3.174
917;921;2.976
918;914;2.993
918;915;3.29
918;923;3.036
918;927;3.325
918;928;3.374
918;931;3.646
919;915;2.983
919;916;3.2
919;922;2.999
920;916;2.938
920;917;3.174
921;917;2.976
922;919;2.999
923;918;3.036
924;927;3.791
924;928;3.178
925;928;3.441
925;929;3.005
926;929;2.734
926;930;3.229
927;918;3.325
927;924;3.791
927;931;3.003
928;915;3.74
928;918;3.374
928;924;3.178
928;925;3.441
928;932;2.972
929;854;2.696
929;869;2.877
929;925;3.005
929;926;2.734
929;1333;3.866
930;926;3.229
930;933;3.055
930;1283;3.904
930;1330;3.019
930;1331;3.608
930;1332;3.144
931;918;3.646
931;927;3.003
932;869;3.849
932;928;2.972
932;935;2.746
933;930;3.055
933;936;2.752
933;937;3.327
933;1279;3.583
934;910;3.696
934;937;2.98
935;872;3.785
935;875;4.026
935;876;3.879
935;911;2.862
935;932;2.746
935;938;2.855
936;851;3.895
936;933;2.752
937;907;4.008
937;933;3.327
937;934;2.98
937;940;2.939
937;941;3.005
937;1275;3.85
938;844;3.689
938;847;3.636
938;875;3.63
938;935;2.855
938;941;2.977
938;942;3.179
939;942;2.956
939;1275;3.633
940;937;2.939
940;943;2.78
940;1275;3.801
941;879;3.682
941;882;3.625
941;904;2.931
941;907;3.698
941;937;3.005
941;938;2.977
941;944;2.907
942;844;3.791
942;938;3.179
942;939;2.956
942;945;2.98
942;946;2.94
943;940;2.78
