source;destination;distance
0;3;2.793
0;4;3.025
1;47;3.583
2;7;3.577
2;48;3.631
3;0;2.793
4;0;3.025
4;7;3.149
4;8;2.97
5;9;2.967
6;10;2.974
7;2;3.577
7;4;3.149
7;10;3.107
7;11;2.965
7;43;3.963
7;47;3.749
8;4;2.97
8;11;3.448
8;12;2.981
9;5;2.967
9;13;2.936
10;6;2.974
10;7;3.107
10;14;2.949
11;7;2.965
11;8;3.448
11;14;3.382
11;15;3.017
11;44;3.616
12;8;2.981
12;16;2.977
12;104;3.986
13;9;2.936
13;16;3.394
13;17;2.944
14;10;2.949
14;11;3.382
14;18;3.007
14;37;3.731
15;11;3.017
15;19;2.98
15;37;3.743
15;99;3.924
15;100;3.548
16;12;2.977
16;13;3.394
16;19;3.186
16;20;3.081
17;13;2.944
17;20;3.299
17;21;2.98
18;14;3.007
18;21;3.473
18;22;2.967
18;37;2.997
18;96;3.143
19;15;2.98
19;16;3.186
19;22;3.165
19;97;3.522
19;596;3.513
20;16;3.081
20;17;3.299
21;17;2.98
21;18;3.473
21;24;2.983
21;30;3.643
21;33;3.407
22;18;2.967
22;19;3.165
22;93;4.082
22;96;3.876
22;97;3.996
23;596;3.706
24;21;2.983
24;27;4.038
25;603;3.237
25;630;3.703
25;631;3.268
26;30;3.832
27;24;4.038
27;30;2.851
28;31;2.733
28;32;3.003
29;32;3.303
29;33;2.981
30;21;3.643
30;26;3.832
30;27;2.851
30;33;3.379
30;34;3.002
31;28;2.733
31;34;3.432
31;35;3.013
32;28;3.003
32;29;3.303
32;35;3.483
32;36;2.968
33;21;3.407
33;29;2.981
33;30;3.379
33;36;3.275
33;37;2.959
34;30;3.002
34;31;3.432
34;37;3.369
34;38;2.944
34;93;2.825
34;96;3.617
35;31;3.013
35;32;3.483
35;38;3.397
35;39;2.971
35;81;3.704
36;32;2.968
36;33;3.275
36;39;3.375
36;40;2.995
37;14;3.731
37;15;3.743
37;18;2.997
37;33;2.959
37;34;3.369
37;40;3.003
37;41;2.861
37;96;3.977
38;34;2.944
38;35;3.397
38;42;2.982
38;80;2.741
39;35;2.971
39;36;3.375
39;42;3.155
39;43;2.989
40;36;2.995
40;37;3.003
40;43;3.463
40;44;2.916
41;37;2.861
41;45;2.953
41;73;3.486
41;99;3.492
42;38;2.982
42;39;3.155
42;45;3.267
42;46;2.971
43;7;3.963
43;39;2.989
43;40;3.463
43;46;3.388
43;47;3.059
44;11;3.616
44;40;2.916
44;47;3.223
44;48;2.819
44;99;2.647
45;41;2.953
45;42;3.267
45;49;2.994
45;56;3.939
45;73;3.933
46;42;2.971
46;43;3.388
46;50;3.067
46;51;4.017
47;1;3.583
47;7;3.749
47;43;3.059
47;44;3.223
48;2;3.631
48;44;2.819
48;66;3.148
48;69;2.664
49;45;2.994
49;59;3.847
49;66;3.683
50;46;3.067
50;53;3.063
50;55;3.672
51;46;4.017
52;55;3.679
52;58;3.472
53;50;3.063
53;56;2.982
54;57;2.989
55;50;3.672
55;52;3.679
55;58;2.999
56;45;3.939
56;53;2.982
56;59;3.043
56;70;3.972
57;54;2.989
57;60;3.016
57;70;4.012
58;52;3.472
58;55;2.999
58;61;3.031
59;49;3.847
59;56;3.043
59;62;2.971
59;63;3.845
59;66;3.481
59;67;3.765
59;70;3.733
60;57;3.016
60;67;3.734
61;58;3.031
62;59;2.971
63;59;3.845
63;66;3.462
63;67;2.895
64;67;3.41
64;68;3.04
65;68;3.046
65;69;3.044
65;108;3.333
65;111;3.856
66;48;3.148
66;49;3.683
66;59;3.481
66;63;3.462
66;69;3.759
66;70;2.976
67;59;3.765
67;60;3.734
67;63;2.895
67;64;3.41
67;70;3.48
67;71;2.971
68;64;3.04
68;65;3.046
68;72;2.998
68;101;3.866
69;48;2.664
69;65;3.044
69;66;3.759
69;72;3.291
69;73;2.906
69;99;3.103
69;102;2.806
70;56;3.972
70;57;4.012
70;59;3.733
70;66;2.976
70;67;3.48
70;73;3.179
70;74;2.988
71;67;2.971
71;74;3.412
71;75;2.984
72;68;2.998
72;69;3.291
72;76;2.92
72;95;3.624
73;41;3.486
73;45;3.933
73;69;2.906
73;70;3.179
73;76;3.452
73;77;2.897
74;70;2.988
74;71;3.412
74;77;3.388
74;78;3.005
75;71;2.984
75;78;3.448
75;79;2.978
75;89;3.617
75;92;3.35
76;72;2.92
76;73;3.452
76;79;3.006
76;80;2.862
77;73;2.897
77;74;3.388
77;81;2.961
78;74;3.005
78;75;3.448
78;82;3.014
79;75;2.978
79;76;3.006
79;83;3.942
79;89;2.737
80;38;2.741
80;76;2.862
80;83;3.354
81;35;3.704
81;77;2.961
82;78;3.014
82;84;2.991
83;79;3.942
83;80;3.354
83;90;2.951
83;93;3.539
84;82;2.991
85;89;3.525
86;89;3.141
87;90;2.929
87;91;3.184
87;605;3.91
88;91;3.119
89;75;3.617
89;79;2.737
89;85;3.525
89;86;3.141
89;92;3.005
90;83;2.951
90;87;2.929
91;87;3.184
91;88;3.119
91;94;3.002
91;604;3.402
91;605;3.842
92;75;3.35
92;89;3.005
92;95;2.859
93;22;4.082
93;34;2.825
93;83;3.539
93;96;2.938
94;91;3.002
94;97;2.846
94;597;3.937
94;600;3.639
94;601;3.707
95;72;3.624
95;92;2.859
95;98;3.168
95;99;3.035
96;18;3.143
96;22;3.876
96;34;3.617
96;37;3.977
96;93;2.938
96;99;3.072
97;19;3.522
97;22;3.996
97;94;2.846
97;100;3.011
98;95;3.168
98;101;2.726
98;597;3.982
99;15;3.924
99;41;3.492
99;44;2.647
99;69;3.103
99;95;3.035
99;96;3.072
99;102;2.769
99;103;3.419
100;15;3.548
100;97;3.011
100;103;2.987
100;104;2.976
100;107;3.652
100;593;3.517
101;68;3.866
101;98;2.726
101;111;3.789
102;69;2.806
102;99;2.769
102;108;2.802
103;99;3.419
103;100;2.987
104;12;3.986
104;100;2.976
104;107;3.091
104;108;2.978
105;108;3.38
105;109;2.947
106;110;3.123
106;586;3.431
107;100;3.652
107;104;3.091
107;110;3.419
107;111;3.011
107;590;3.679
108;65;3.333
108;102;2.802
108;104;2.978
108;105;3.38
108;111;3.475
108;112;2.972
109;105;2.947
109;112;3.214
109;113;3.029
110;106;3.123
110;107;3.419
110;113;3.105
110;114;3.001
110;586;3.332
110;587;3.996
111;65;3.856
111;101;3.789
111;107;3.011
111;108;3.475
111;114;3.228
111;115;3.041
112;108;2.972
112;109;3.214
112;115;3.405
112;116;3.001
113;109;3.029
113;110;3.105
113;116;3.251
113;117;3.045
114;110;3.001
114;111;3.228
114;117;3.035
114;118;3.273
114;675;3.761
115;111;3.041
115;112;3.405
115;118;2.968
116;112;3.001
116;113;3.251
116;119;2.807
116;253;3.872
116;257;3.713
117;113;3.045
117;114;3.035
117;120;3.082
117;121;3.027
118;114;3.273
118;115;2.968
118;122;2.997
119;116;2.807
119;257;2.705
120;117;3.082
120;123;3.332
120;256;2.621
121;117;3.027
121;125;2.929
121;250;3.982
122;118;2.997
122;126;2.982
123;120;3.332
123;126;3.186
123;127;3.091
123;1271;3.464
123;1272;2.916
124;127;3.423
124;128;3.162
124;242;3.579
124;1275;3.985
125;121;2.929
125;128;3.397
125;129;2.922
126;122;2.982
126;123;3.186
126;129;3.343
126;130;2.984
127;123;3.091
127;124;3.423
127;131;2.964
127;1266;4.02
127;1272;3.934
127;1275;3.797
128;124;3.162
128;125;3.397
128;131;3.332
128;132;2.892
128;242;3.432
129;125;2.922
129;126;3.343
129;132;3.488
129;133;3.013
130;126;2.984
130;133;3.409
130;134;2.935
130;1262;3.665
130;1265;3.403
130;1266;3.767
131;127;2.964
131;128;3.332
131;134;3.443
131;135;2.876
132;128;2.892
132;129;3.488
132;136;2.958
132;202;3.706
132;205;3.974
133;129;3.013
133;130;3.409
133;136;3.225
133;137;3.008
134;130;2.935
134;131;3.443
134;137;3.279
134;138;2.972
134;1173;3.74
134;1262;3.76
135;131;2.876
135;139;2.952
135;205;3.566
135;238;3.624
136;132;2.958
136;133;3.225
136;140;2.929
136;198;3.647
136;202;3.906
137;133;3.008
137;134;3.279
137;140;3.215
137;141;3.132
137;1259;3.934
138;134;2.972
138;141;3.138
138;142;3.443
138;231;3.633
138;1256;3.699
138;1259;3.864
139;135;2.952
139;142;3.38
139;143;2.943
139;195;3.513
140;136;2.929
140;137;3.215
140;144;3.663
140;197;3.478
140;198;3.861
140;201;4.03
141;137;3.132
141;138;3.138
141;1256;3.624
141;1259;3.399
142;138;3.443
142;139;3.38
142;1252;3.64
142;1256;3.48
143;139;2.943
143;218;3.067
143;228;3.367
143;231;3.641
143;232;3.698
144;140;3.663
144;196;3.833
145;150;2.734
145;191;2.998
146;185;3.11
146;189;3.919
146;191;3.078
147;150;2.941
147;151;3.792
147;189;2.758
148;189;2.914
148;192;3.468
148;196;2.658
149;153;4.012
149;155;3.533
150;145;2.734
150;147;2.941
150;154;3.633
150;186;2.96
151;147;3.792
151;182;3.799
151;186;3.97
152;182;3.668
153;149;4.012
153;180;2.741
154;150;3.633
155;149;3.533
156;159;3.711
157;159;3.591
158;161;3.93
158;179;3.778
159;156;3.711
159;157;3.591
160;168;3.553
160;178;2.785
161;158;3.93
161;167;3.928
162;167;3.05
162;168;2.881
163;164;3.559
163;166;3.785
164;163;3.559
165;167;3.026
165;170;2.674
166;163;3.785
167;161;3.928
167;162;3.05
167;165;3.026
167;170;3.352
167;179;3.365
168;160;3.553
168;162;2.881
169;172;3.128
170;165;2.674
170;167;3.352
170;175;2.941
170;176;3.772
171;173;3.097
172;169;3.128
172;174;3.969
173;171;3.097
174;172;3.969
175;170;2.941
175;177;3.026
176;170;3.772
177;175;3.026
178;160;2.785
179;158;3.778
179;167;3.365
180;153;2.741
181;1023;4.054
181;1025;3.635
182;151;3.799
182;152;3.668
183;186;3.739
184;186;2.912
185;146;3.11
186;150;2.96
186;151;3.97
186;183;3.739
186;184;2.912
187;190;3.08
188;1022;2.846
188;1024;3.535
189;146;3.919
189;147;2.758
189;148;2.914
189;192;3.136
190;187;3.08
190;221;3.523
190;222;3.961
191;145;2.998
191;146;3.078
192;148;3.468
192;189;3.136
192;195;3.0
192;196;3.024
192;200;3.662
193;200;3.142
194;200;3.479
194;218;3.507
195;139;3.513
195;192;3.0
195;201;3.347
195;204;3.609
195;218;3.152
195;232;6.236
196;144;3.833
196;148;2.658
196;192;3.024
197;140;3.478
197;200;2.794
197;201;2.98
198;136;3.647
198;140;3.861
198;202;2.955
199;203;2.99
200;192;3.662
200;193;3.142
200;194;3.479
200;197;2.794
200;203;3.353
200;204;2.969
201;140;4.03
201;195;3.347
201;197;2.98
201;204;3.238
201;205;2.952
202;132;3.706
202;136;3.906
202;198;2.955
202;206;2.937
203;199;2.99
203;200;3.353
203;206;3.051
203;207;2.968
203;663;3.824
204;195;3.609
204;200;2.969
204;201;3.238
204;207;3.31
204;208;2.93
205;132;3.974
205;135;3.566
205;201;2.952
205;208;3.486
205;209;2.965
206;202;2.937
206;203;3.051
206;209;3.243
206;210;2.952
206;667;3.483
206;671;3.856
207;203;2.968
207;204;3.31
207;211;2.972
207;212;2.836
207;213;3.865
207;646;3.662
208;204;2.93
208;205;3.486
208;211;3.086
208;214;3.626
208;232;3.89
208;235;3.779
208;236;3.744
209;205;2.965
209;206;3.243
210;206;2.952
210;670;3.642
211;207;2.972
211;208;3.086
211;1337;3.152
211;1339;3.023
212;207;2.836
212;645;3.783
212;646;3.366
213;207;3.865
213;216;3.227
213;217;3.014
213;646;5.957
213;1344;3.844
214;208;3.626
214;218;3.046
214;219;3.152
214;233;3.941
214;236;3.314
214;1330;3.744
214;1333;3.583
214;1334;3.207
215;219;3.134
215;220;2.977
215;1330;3.685
215;1334;3.621
215;1369;3.397
215;1370;2.789
215;1371;3.141
216;213;3.227
216;1344;3.591
216;1371;3.144
217;213;3.014
217;220;3.048
218;143;3.067
218;194;3.507
218;195;3.152
218;214;3.046
218;228;2.869
218;232;6.479
219;214;3.152
219;215;3.134
219;222;2.976
219;229;3.393
219;1330;3.127
219;1369;3.484
220;215;2.977
220;217;3.048
220;1320;3.785
220;1369;3.34
221;190;3.523
222;190;3.961
222;219;2.976
222;224;2.94
222;225;3.103
222;228;3.574
223;225;3.072
223;1327;3.682
223;1365;2.845
223;1368;3.49
224;222;2.94
224;228;3.013
225;222;3.103
225;223;3.072
225;228;2.97
225;229;2.937
225;1366;3.782
225;1367;3.483
226;229;3.658
226;230;2.929
226;1364;2.846
226;1366;2.776
227;1249;3.698
227;1252;3.986
227;1253;3.281
227;1366;2.954
228;143;3.367
228;218;2.869
228;222;3.574
228;224;3.013
228;225;2.97
228;231;3.027
228;232;3.289
229;219;3.393
229;225;2.937
229;226;3.658
229;232;3.364
229;233;2.946
229;1330;3.468
229;1367;3.945
229;1368;3.921
230;226;2.929
230;234;2.974
231;138;3.633
231;143;3.641
231;228;3.027
231;234;3.106
231;235;2.966
232;143;3.698
232;195;6.236
232;208;3.89
232;218;6.479
232;228;3.289
232;229;3.364
232;235;3.128
232;236;2.969
233;214;3.941
233;229;2.946
233;236;3.124
233;237;2.976
233;1333;3.992
234;230;2.974
234;231;3.106
234;238;2.939
235;208;3.779
235;231;2.966
235;232;3.128
235;239;2.903
236;208;3.744
236;214;3.314
236;232;2.969
236;233;3.124
236;240;2.956
236;1333;3.389
237;233;2.976
237;241;2.964
237;1333;3.317
238;135;3.624
238;234;2.939
238;242;2.916
239;235;2.903
239;243;2.941
240;236;2.956
240;243;3.328
240;244;2.949
241;237;2.964
241;244;3.424
241;245;2.939
241;1279;3.666
241;1286;3.622
242;124;3.579
242;128;3.432
242;238;2.916
242;245;3.154
242;246;2.881
243;239;2.941
243;240;3.328
243;246;3.339
243;247;2.961
244;240;2.949
244;241;3.424
244;247;3.937
244;248;2.985
244;1397;3.736
245;241;2.939
245;242;3.154
245;248;3.626
245;249;2.897
245;1275;3.131
245;1278;3.762
246;242;2.881
246;243;3.339
246;249;3.183
246;250;2.957
246;678;3.728
247;243;2.961
247;244;3.937
247;251;3.124
247;678;3.647
247;681;3.71
247;1394;3.453
248;244;2.985
248;245;3.626
248;251;3.467
248;252;2.927
248;1397;3.974
248;1398;3.932
248;1401;3.491
249;245;2.897
249;246;3.183
249;253;2.942
250;121;3.982
250;246;2.957
250;253;3.31
250;254;3.082
250;682;3.794
251;247;3.124
251;248;3.467
251;254;3.274
251;255;3.075
251;681;3.619
251;682;3.982
251;685;3.465
251;1398;3.475
252;248;2.927
252;256;2.932
252;1402;3.655
253;116;3.872
253;249;2.942
253;250;3.31
253;256;4.006
253;257;2.978
254;250;3.082
254;251;3.274
254;258;3.102
254;682;3.68
254;686;3.875
255;251;3.075
255;258;2.993
255;259;2.884
255;689;3.951
255;1113;6.228
255;1402;3.943
256;120;2.621
256;252;2.932
256;253;4.006
256;259;3.01
256;260;3.827
257;116;3.713
257;119;2.705
257;253;2.978
257;267;2.83
258;254;3.102
258;255;2.993
258;266;4.035
258;267;2.825
258;268;3.008
259;255;2.884
259;256;3.01
259;266;3.395
259;268;3.883
259;270;3.095
260;256;3.827
260;265;2.806
260;266;2.754
261;270;3.951
262;264;3.446
263;270;3.447
263;271;4.022
263;273;3.7
263;700;3.84
264;262;3.446
265;260;2.806
266;258;4.035
266;259;3.395
266;260;2.754
267;257;2.83
267;258;2.825
268;258;3.008
268;259;3.883
268;270;3.912
269;272;2.861
270;259;3.095
270;261;3.951
270;263;3.447
270;268;3.912
270;273;3.02
271;263;4.022
272;269;2.861
272;275;3.05
273;263;3.7
273;270;3.02
273;695;3.549
274;276;2.923
274;278;3.482
274;279;3.524
274;282;3.577
275;272;3.05
276;274;2.923
276;279;2.966
276;290;3.901
277;280;3.19
277;286;2.755
277;287;2.777
277;288;3.736
277;704;2.807
278;274;3.482
278;281;2.969
278;282;2.668
278;701;2.787
278;702;3.432
279;274;3.524
279;276;2.966
279;282;3.038
280;277;3.19
281;278;2.969
281;285;3.786
281;288;2.86
282;274;3.577
282;278;2.668
282;279;3.038
282;702;3.145
283;285;3.536
284;720;3.891
284;729;2.811
285;281;3.786
285;283;3.536
285;720;3.941
286;277;2.755
286;702;3.819
286;704;3.665
286;705;2.997
287;277;2.777
287;705;3.005
288;277;3.736
288;281;2.86
289;303;2.764
290;276;3.901
291;692;2.869
291;693;3.777
291;1111;3.581
291;1114;3.634
292;1111;3.41
292;1114;3.825
292;1115;3.462
293;301;3.135
294;296;3.693
294;301;3.859
295;299;2.67
296;294;3.693
297;981;3.396
298;299;2.779
299;295;2.67
299;298;2.779
300;306;3.673
301;293;3.135
301;294;3.859
301;304;3.183
302;307;3.907
303;289;2.764
303;310;3.478
304;301;3.183
305;307;2.978
306;300;3.673
307;302;3.907
307;305;2.978
307;310;3.756
308;317;3.076
308;318;3.506
309;311;2.975
310;303;3.478
310;307;3.756
311;309;2.975
311;321;2.766
312;315;3.643
312;316;2.814
312;318;2.956
312;319;3.226
312;321;2.725
313;316;2.854
313;321;3.558
313;322;3.453
314;322;3.238
315;312;3.643
315;318;2.977
315;320;2.745
315;321;3.007
315;322;2.733
316;312;2.814
316;313;2.854
317;308;3.076
318;308;3.506
318;312;2.956
318;315;2.977
319;312;3.226
320;315;2.745
321;311;2.766
321;312;2.725
321;313;3.558
321;315;3.007
321;324;3.042
322;313;3.453
322;314;3.238
322;315;2.733
323;325;2.764
323;326;4.035
323;328;3.989
324;321;3.042
325;323;2.764
326;323;4.035
327;329;2.929
328;323;3.989
329;327;2.929
330;439;4.004
330;440;2.823
330;441;2.727
331;433;3.094
331;437;3.735
332;433;2.929
333;433;2.776
334;433;2.619
335;338;3.993
336;342;2.787
336;432;3.853
337;340;2.949
337;341;3.774
337;342;3.932
338;335;3.993
339;343;3.466
340;337;2.949
341;337;3.774
342;336;2.787
342;337;3.932
342;346;3.661
342;347;3.738
343;339;3.466
344;346;3.061
344;348;3.824
345;349;3.874
346;342;3.661
346;344;3.061
346;431;3.156
346;434;2.625
347;342;3.738
348;344;3.824
349;345;3.874
350;356;3.853
351;356;3.459
351;357;2.899
352;355;3.051
352;357;3.03
353;358;2.971
354;367;3.752
355;352;3.051
356;350;3.853
356;351;3.459
357;351;2.899
357;352;3.03
358;353;2.971
358;360;3.124
359;363;3.713
360;358;3.124
360;363;2.993
360;367;3.983
361;364;2.978
362;365;3.039
362;366;3.044
362;367;3.64
362;369;3.984
363;359;3.713
363;360;2.993
363;366;3.11
364;361;2.978
365;362;3.039
365;370;2.815
366;362;3.044
366;363;3.11
366;368;3.62
367;354;3.752
367;360;3.983
367;362;3.64
368;366;3.62
369;362;3.984
370;365;2.815
371;373;3.629
371;376;3.662
371;388;3.77
372;389;3.696
373;371;3.629
373;389;2.908
374;390;2.864
374;395;3.446
375;378;2.957
376;371;3.662
376;380;3.965
377;379;3.007
377;380;3.217
377;381;2.824
378;375;2.957
379;377;3.007
380;376;3.965
380;377;3.217
381;377;2.824
381;384;3.168
381;385;3.286
382;384;2.852
383;386;2.972
384;381;3.168
384;382;2.852
385;381;3.286
386;383;2.972
387;391;2.801
387;392;3.308
388;371;3.77
388;391;2.965
389;372;3.696
389;373;2.908
390;374;2.864
390;393;2.937
390;394;3.084
391;387;2.801
391;388;2.965
392;387;3.308
393;390;2.937
394;390;3.084
395;374;3.446
396;397;2.792
397;396;2.792
398;399;2.843
398;405;3.659
399;398;2.843
399;404;3.046
400;403;2.797
400;404;3.787
401;404;3.742
402;404;2.986
403;400;2.797
404;399;3.046
404;400;3.787
404;401;3.742
404;402;2.986
405;398;3.659
405;406;3.062
406;405;3.062
407;409;3.316
408;410;2.943
409;407;3.316
410;408;2.943
410;411;3.034
411;410;3.034
412;437;2.888
413;414;3.327
414;413;3.327
414;415;2.882
415;414;2.882
415;417;3.109
416;418;3.499
416;422;3.681
417;415;3.109
418;416;3.499
418;422;3.712
419;420;3.351
420;419;3.351
421;424;3.576
421;428;3.701
422;416;3.681
422;418;3.712
422;424;2.888
423;424;2.873
424;421;3.576
424;422;2.888
424;423;2.873
424;427;2.992
424;428;3.127
425;428;2.922
426;429;3.737
427;424;2.992
428;421;3.701
428;424;3.127
428;425;2.922
429;426;3.737
430;434;3.828
431;346;3.156
432;336;3.853
432;435;3.642
433;331;3.094
433;332;2.929
433;333;2.776
433;334;2.619
434;346;2.625
434;430;3.828
435;432;3.642
436;439;3.664
437;331;3.735
437;412;2.888
437;439;2.999
438;447;3.966
439;330;4.004
439;436;3.664
439;437;2.999
440;330;2.823
440;445;2.912
440;446;3.701
441;330;2.727
442;445;3.041
443;446;2.982
443;447;3.117
443;448;3.912
444;449;3.892
444;450;2.89
444;451;2.802
445;440;2.912
445;442;3.041
446;440;3.701
446;443;2.982
447;438;3.966
447;443;3.117
448;443;3.912
449;444;3.892
450;444;2.89
451;444;2.802
452;453;2.99
453;452;2.99
454;456;2.729
455;457;3.138
456;454;2.729
457;455;3.138
457;459;2.972
457;461;3.434
457;462;3.925
457;465;2.664
458;460;3.95
458;461;3.708
458;518;2.757
459;457;2.972
460;458;3.95
460;517;3.641
460;518;3.939
461;457;3.434
461;458;3.708
461;464;2.968
461;465;3.122
462;457;3.925
462;465;3.009
463;514;3.62
464;461;2.968
464;515;3.687
465;457;2.664
465;461;3.122
465;462;3.009
465;468;2.918
465;469;3.171
466;470;2.949
467;471;2.968
468;465;2.918
468;471;3.214
468;472;3.008
469;465;3.171
469;472;3.428
469;473;2.933
469;566;2.672
470;466;2.949
470;473;3.208
470;474;2.977
471;467;2.968
471;468;3.214
471;475;3.05
472;468;3.008
472;469;3.428
472;475;3.311
472;476;2.972
472;507;4.021
472;511;3.827
472;563;3.934
473;469;2.933
473;470;3.208
473;476;3.006
473;477;3.083
473;567;2.734
473;568;3.589
474;470;2.977
474;477;3.464
474;478;3.002
475;471;3.05
475;472;3.311
475;479;2.988
475;504;3.661
476;472;2.972
476;473;3.006
476;479;3.076
476;480;3.071
476;508;3.294
476;561;3.855
476;563;3.885
476;564;3.82
477;473;3.083
477;474;3.464
477;480;3.126
477;481;3.433
477;564;3.829
478;474;3.002
478;481;3.3
478;482;3.008
479;475;2.988
479;476;3.076
479;482;3.286
479;483;2.988
479;504;3.244
479;560;3.157
480;476;3.071
480;477;3.126
480;484;3.05
480;561;3.635
480;999;3.879
481;477;3.433
481;478;3.3
481;484;3.297
481;485;3.0
482;478;3.008
482;479;3.286
482;485;3.007
482;486;2.948
482;497;3.531
483;479;2.988
483;486;3.032
483;558;4.038
483;560;3.788
483;561;3.654
483;1003;3.986
484;480;3.05
484;481;3.297
485;481;3.0
485;482;3.007
485;489;3.597
486;482;2.948
486;483;3.032
486;490;2.911
486;497;3.988
486;501;3.439
487;490;2.97
487;1045;3.022
487;1046;3.011
488;491;2.968
488;492;3.04
489;485;3.597
489;493;3.01
490;486;2.911
490;487;2.97
490;494;2.822
491;488;2.968
491;494;2.744
492;488;3.04
493;489;3.01
493;496;3.005
493;497;2.933
494;490;2.822
494;491;2.744
494;498;2.959
495;498;3.456
495;499;3.051
496;493;3.005
496;499;3.95
496;500;2.965
497;482;3.531
497;486;3.988
497;493;2.933
497;500;3.262
497;501;2.914
498;494;2.959
498;495;3.456
498;501;3.346
498;502;3.037
499;495;3.051
499;496;3.95
499;503;2.969
500;496;2.965
500;497;3.262
500;504;2.966
501;486;3.439
501;497;2.914
501;498;3.346
501;504;3.402
501;505;3.087
501;560;3.264
502;498;3.037
502;505;3.342
502;506;3.012
502;544;3.789
502;545;3.394
503;499;2.969
503;506;3.028
503;507;3.088
504;475;3.661
504;479;3.244
504;500;2.966
504;501;3.402
504;507;3.057
504;508;3.377
505;501;3.087
505;502;3.342
505;508;2.929
505;540;2.837
505;541;3.751
505;544;3.814
506;502;3.012
506;503;3.028
506;509;2.869
507;472;4.021
507;503;3.088
507;504;3.057
507;510;3.057
507;511;3.234
508;476;3.294
508;504;3.377
508;505;2.929
508;512;2.985
508;537;3.683
508;541;3.913
508;563;3.421
509;506;2.869
509;512;3.404
509;513;3.029
509;541;3.495
510;507;3.057
510;514;3.064
511;472;3.827
511;507;3.234
511;514;3.419
511;515;2.948
511;563;2.746
511;566;2.727
512;508;2.985
512;509;3.404
512;516;2.983
512;537;3.688
513;509;3.029
513;516;3.25
513;517;3.081
514;463;3.62
514;510;3.064
514;511;3.419
514;518;2.989
515;464;3.687
515;511;2.948
515;518;3.002
515;519;3.039
515;523;2.668
515;524;3.627
515;530;2.774
516;512;2.983
516;513;3.25
516;524;3.724
516;525;3.946
517;460;3.641
517;513;3.081
518;458;2.757
518;460;3.939
518;514;2.989
518;515;3.002
519;515;3.039
519;523;3.693
520;523;2.918
520;524;2.917
521;525;2.978
522;526;3.069
523;515;2.668
523;519;3.693
523;520;2.918
523;526;3.072
523;527;2.93
524;515;3.627
524;516;3.724
524;520;2.917
524;530;3.2
524;534;2.948
525;516;3.946
525;521;2.978
526;522;3.069
526;523;3.072
527;523;2.93
527;530;2.962
527;531;3.036
528;531;3.967
528;532;3.015
529;532;3.988
529;533;2.993
529;571;2.954
529;574;3.876
530;515;2.774
530;524;3.2
530;527;2.962
530;533;3.455
530;534;2.959
531;527;3.036
531;528;3.967
531;534;3.394
531;535;2.982
532;528;3.015
532;529;3.988
532;535;3.421
532;536;3.022
532;562;3.99
533;529;2.993
533;530;3.455
533;536;3.222
533;537;2.908
533;563;2.64
533;566;3.864
534;524;2.948
534;530;2.959
534;531;3.394
534;538;3.003
535;531;2.982
535;532;3.421
535;538;3.191
535;539;3.086
536;532;3.022
536;533;3.222
536;540;3.013
537;508;3.683
537;512;3.688
537;533;2.908
537;541;2.938
537;563;3.748
538;534;3.003
538;535;3.191
538;542;2.991
539;535;3.086
539;543;3.208
539;556;3.552
540;505;2.837
540;536;3.013
540;544;3.403
540;560;3.08
541;505;3.751
541;508;3.913
541;509;3.495
541;537;2.938
541;544;3.154
541;545;2.909
542;538;2.991
542;545;3.312
542;546;3.04
543;539;3.208
543;547;2.999
543;548;3.067
543;557;3.784
544;502;3.789
544;505;3.814
544;540;3.403
544;541;3.154
544;548;3.729
544;557;3.939
545;502;3.394
545;541;2.909
545;542;3.312
546;542;3.04
547;543;2.999
547;549;2.943
548;543;3.067
548;544;3.729
548;554;2.822
549;547;2.943
549;554;3.24
550;553;2.792
551;554;3.215
551;555;2.934
552;555;3.266
552;556;2.959
552;1085;3.784
553;550;2.792
553;556;3.083
553;557;3.081
554;548;2.822
554;549;3.24
554;551;3.215
554;557;2.94
555;551;2.934
555;552;3.266
555;558;2.996
555;1007;3.144
556;539;3.552
556;552;2.959
556;553;3.083
556;559;2.98
557;543;3.784
557;544;3.939
557;553;3.081
557;554;2.94
557;560;3.052
558;483;4.038
558;555;2.996
558;561;3.181
558;1003;3.704
558;1004;3.895
559;556;2.98
559;562;2.9
559;1000;3.88
560;479;3.157
560;483;3.788
560;501;3.264
560;540;3.08
560;557;3.052
560;563;2.954
561;476;3.855
561;480;3.635
561;483;3.654
561;558;3.181
561;564;2.922
561;996;3.812
561;1000;3.521
562;532;3.99
562;559;2.9
562;565;2.785
562;997;3.392
562;1000;3.457
563;472;3.934
563;476;3.885
563;508;3.421
563;511;2.746
563;533;2.64
563;537;3.748
563;560;2.954
563;566;2.972
564;476;3.82
564;477;3.829
564;561;2.922
564;567;2.969
564;568;2.955
564;570;3.883
564;996;3.566
565;562;2.785
566;469;2.672
566;511;2.727
566;533;3.864
566;563;2.972
567;473;2.734
567;564;2.969
568;473;3.589
568;564;2.955
568;570;3.908
568;571;3.011
569;572;3.08
569;573;2.93
569;989;3.178
570;564;3.883
570;568;3.908
570;573;3.176
570;574;3.013
570;993;3.473
571;529;2.954
571;568;3.011
571;574;3.834
571;575;3.05
572;569;3.08
572;576;2.998
573;569;2.93
573;570;3.176
573;576;3.214
573;577;2.955
573;993;3.583
574;529;3.876
574;570;3.013
574;571;3.834
574;578;3.066
575;571;3.05
575;578;3.396
575;579;2.829
576;572;2.998
576;573;3.214
576;580;2.963
576;1103;3.642
577;573;2.955
577;580;3.071
577;581;3.075
577;1099;3.575
578;574;3.066
578;575;3.396
578;581;2.952
579;575;2.829
579;582;3.049
580;576;2.963
580;577;3.071
580;583;3.072
580;584;3.073
580;684;3.542
580;1099;3.408
580;1103;3.131
581;577;3.075
581;578;2.952
581;585;2.964
581;1099;3.909
582;579;3.049
582;585;3.046
583;580;3.072
583;684;3.876
584;580;3.073
584;587;3.254
584;588;2.873
584;680;3.573
584;1099;3.799
585;581;2.964
585;582;3.046
585;589;3.043
586;106;3.431
586;110;3.332
586;589;3.222
586;590;3.278
587;110;3.996
587;584;3.254
587;590;3.059
587;591;3.025
587;679;3.474
587;680;3.79
588;584;2.873
588;592;2.925
589;585;3.043
589;586;3.222
589;592;3.272
589;593;3.052
590;107;3.679
590;586;3.278
590;587;3.059
590;593;3.467
590;594;3.035
591;587;3.025
591;594;3.474
591;595;2.963
591;642;3.94
592;588;2.925
592;589;3.272
592;596;2.977
593;100;3.517
593;589;3.052
593;590;3.467
593;596;3.285
593;597;3.005
594;590;3.035
594;591;3.474
594;597;3.288
594;598;2.948
594;672;3.702
595;591;2.963
595;598;3.474
595;599;2.923
595;635;3.492
595;638;3.791
596;19;3.513
596;23;3.706
596;592;2.977
596;593;3.285
596;599;3.293
596;600;3.004
596;631;3.463
597;94;3.937
597;98;3.982
597;593;3.005
597;594;3.288
597;600;3.265
597;601;2.997
598;594;2.948
598;595;3.474
598;602;2.952
598;638;3.774
598;668;4.061
598;669;3.533
598;672;3.884
599;595;2.923
599;596;3.293
599;602;3.224
599;603;2.986
599;631;3.778
599;634;3.997
599;635;3.993
600;94;3.639
600;596;3.004
600;597;3.265
600;604;3.308
601;94;3.707
601;597;2.997
601;604;3.35
601;605;3.024
602;598;2.952
602;599;3.224
602;606;3.0
602;607;2.822
602;628;3.824
603;25;3.237
603;599;2.986
603;607;3.046
603;608;3.14
603;630;3.988
604;91;3.402
604;600;3.308
604;601;3.35
605;87;3.91
605;91;3.842
605;601;3.024
605;608;2.807
606;602;3.0
606;609;3.006
606;610;3.588
606;624;3.504
606;628;4.014
606;662;3.341
606;665;3.969
607;602;2.822
607;603;3.046
607;624;3.766
608;603;3.14
608;605;2.807
609;606;3.006
609;621;4.103
609;624;2.99
610;606;3.588
610;622;3.091
610;624;2.966
610;650;3.79
610;651;3.377
610;658;2.781
610;662;3.507
611;620;2.639
611;621;3.358
611;651;3.682
611;652;2.917
612;615;3.009
612;616;2.855
612;617;2.817
612;618;2.746
613;651;4.142
613;652;2.769
613;654;3.728
614;617;3.866
615;612;3.009
615;620;3.97
616;612;2.855
617;612;2.817
617;614;3.866
617;1033;3.924
618;612;2.746
619;625;3.581
619;626;3.082
620;611;2.639
620;615;3.97
621;609;4.103
621;611;3.358
621;625;3.5
622;610;3.091
622;625;3.131
622;626;3.135
622;649;2.854
622;650;3.561
623;626;3.029
623;627;2.851
623;648;3.887
624;606;3.504
624;607;3.766
624;609;2.99
624;610;2.966
624;628;3.688
624;650;3.589
625;619;3.581
625;621;3.5
625;622;3.131
625;629;3.492
626;619;3.082
626;622;3.135
626;623;3.029
626;1073;3.898
627;623;2.851
627;633;4.025
627;636;3.838
627;637;3.643
627;640;3.933
627;1068;3.853
628;602;3.824
628;606;4.014
628;624;3.688
628;633;3.637
628;637;3.643
628;650;4.054
629;625;3.492
629;1077;2.725
630;25;3.703
630;603;3.988
630;633;2.878
630;634;2.94
630;1080;2.872
631;25;3.268
631;596;3.463
631;599;3.778
631;634;3.425
631;635;2.94
632;635;3.22
632;636;2.999
632;1080;3.631
632;1083;3.874
632;1084;3.622
632;1087;4.026
633;627;4.025
633;628;3.637
633;630;2.878
633;636;3.264
633;637;2.979
633;1083;3.113
634;599;3.997
634;630;2.94
634;631;3.425
634;637;3.984
634;638;2.968
635;595;3.492
635;599;3.993
635;631;2.94
635;632;3.22
635;638;3.479
635;639;2.971
636;627;3.838
636;632;2.999
636;633;3.264
636;639;3.283
636;640;3.035
636;1068;3.928
636;1087;3.618
637;627;3.643
637;628;3.643
637;633;2.979
637;634;3.984
637;640;3.131
637;641;3.003
637;647;3.836
638;595;3.791
638;598;3.774
638;634;2.968
638;635;3.479
638;641;3.339
638;642;2.999
639;635;2.971
639;636;3.283
639;642;3.037
639;643;3.213
639;1060;3.923
639;1063;3.477
639;1087;3.689
639;1094;3.892
640;627;3.933
640;636;3.035
640;637;3.131
640;646;2.901
640;1064;3.684
641;637;3.003
641;638;3.339
641;644;3.009
641;666;3.398
641;669;3.562
641;670;3.963
642;591;3.94
642;638;2.999
642;639;3.037
642;673;3.767
643;639;3.213
643;1060;3.516
644;641;3.009
644;666;2.833
644;670;4.021
645;212;3.783
646;207;3.662
646;212;3.366
646;213;5.957
646;640;2.901
646;666;3.871
646;1065;3.892
647;637;3.836
647;650;3.505
647;666;3.288
648;623;3.887
648;1065;3.521
649;622;2.854
649;1020;3.816
650;610;3.79
650;622;3.561
650;624;3.589
650;628;4.054
650;647;3.505
650;659;3.328
650;662;3.464
651;610;3.377
651;611;3.682
651;613;4.142
651;655;3.359
651;659;2.972
652;611;2.917
652;613;2.769
652;659;3.671
653;1021;3.367
654;613;3.728
655;651;3.359
655;658;2.773
655;659;3.071
656;660;2.954
657;660;3.296
657;661;3.007
658;610;2.781
658;655;2.773
658;661;3.228
658;662;3.09
659;650;3.328
659;651;2.972
659;652;3.671
659;655;3.071
659;662;3.42
659;663;2.919
660;656;2.954
660;657;3.296
660;663;3.28
660;664;3.013
661;657;3.007
661;658;3.228
661;665;3.382
662;606;3.341
662;610;3.507
662;650;3.464
662;658;3.09
662;659;3.42
662;665;3.261
662;666;2.916
663;203;3.824
663;659;2.919
663;660;3.28
663;666;3.266
663;667;2.969
664;660;3.013
664;667;3.423
664;668;3.023
665;606;3.969
665;661;3.382
665;662;3.261
665;668;3.318
665;669;2.989
666;641;3.398
666;644;2.833
666;646;3.871
666;647;3.288
666;662;2.916
666;663;3.266
666;669;3.299
666;670;2.982
667;206;3.483
667;663;2.969
667;664;3.423
667;670;3.425
667;671;3.003
668;598;4.061
668;664;3.023
668;665;3.318
668;671;3.48
668;672;3.011
669;598;3.533
669;641;3.562
669;665;2.989
669;666;3.299
669;673;2.951
670;210;3.642
670;641;3.963
670;644;4.021
670;666;2.982
670;667;3.425
670;674;2.929
671;206;3.856
671;667;3.003
671;668;3.48
671;674;3.412
671;675;3.033
672;594;3.702
672;598;3.884
672;668;3.011
672;675;3.408
672;676;2.989
673;642;3.767
673;669;2.951
673;676;3.208
673;677;2.938
674;670;2.929
674;671;3.412
674;677;3.235
674;678;2.981
675;114;3.761
675;671;3.033
675;672;3.408
675;679;3.026
676;672;2.989
676;673;3.208
676;679;3.338
676;680;2.922
677;673;2.938
677;674;3.235
677;680;3.114
677;681;3.073
678;246;3.728
678;247;3.647
678;674;2.981
678;681;3.457
678;682;3.022
679;587;3.474
679;675;3.026
679;676;3.338
679;683;2.918
680;584;3.573
680;587;3.79
680;676;2.922
680;677;3.114
680;683;3.389
680;684;3.114
680;1102;3.384
681;247;3.71
681;251;3.619
681;677;3.073
681;678;3.457
681;684;3.437
681;685;2.95
681;1102;3.586
681;1105;3.755
682;250;3.794
682;251;3.982
682;254;3.68
682;678;3.022
682;685;3.434
682;686;2.959
683;679;2.918
683;680;3.389
683;687;3.074
684;580;3.542
684;583;3.876
684;680;3.114
684;681;3.437
684;687;3.336
684;688;2.999
684;1102;3.654
684;1103;3.686
684;1106;3.536
685;251;3.465
685;681;2.95
685;682;3.434
685;688;3.498
685;689;2.985
685;1106;4.02
685;1109;3.478
686;254;3.875
686;682;2.959
686;689;3.215
686;690;3.055
687;683;3.074
687;684;3.336
687;690;3.166
687;691;3.127
688;684;2.999
688;685;3.498
688;691;2.988
688;692;2.971
688;1106;3.426
688;1110;3.42
689;255;3.951
689;685;2.985
689;686;3.215
689;1110;3.56
689;1113;3.432
690;686;3.055
690;687;3.166
691;687;3.127
691;688;2.988
692;291;2.869
692;688;2.971
692;1110;3.6
693;291;3.777
694;703;3.766
694;1117;2.756
694;1118;2.774
695;273;3.549
695;703;3.371
695;1117;2.835
696;699;2.888
696;1117;3.826
696;1120;3.607
697;703;3.92
697;704;3.464
697;717;2.94
698;717;2.665
699;696;2.888
700;263;3.84
701;278;2.787
702;278;3.432
702;282;3.145
702;286;3.819
703;694;3.766
703;695;3.371
703;697;3.92
704;277;2.807
704;286;3.665
704;697;3.464
704;707;3.703
705;286;2.997
705;287;3.005
706;719;2.879
707;704;3.703
707;717;3.673
708;1122;3.543
709;713;3.018
709;1121;3.734
710;713;2.935
710;1122;2.924
710;1124;3.858
710;1125;2.926
711;831;2.895
711;832;3.864
712;831;3.989
712;1128;2.764
713;709;3.018
713;710;2.935
713;716;2.943
714;798;3.797
715;800;3.343
715;807;3.287
716;713;2.943
717;697;2.94
717;698;2.665
717;707;3.673
718;721;3.191
719;706;2.879
720;284;3.891
720;285;3.941
720;729;2.909
721;718;3.191
721;729;2.883
722;729;3.718
723;730;3.865
723;811;3.742
723;813;3.576
723;815;3.758
724;727;2.951
724;729;3.94
725;810;3.925
726;813;2.719
727;724;2.951
728;730;2.997
728;732;3.93
729;284;2.811
729;720;2.909
729;721;2.883
729;722;3.718
729;724;3.94
730;723;3.865
730;728;2.997
730;815;2.638
731;734;2.947
731;735;2.96
731;737;3.362
731;748;2.758
732;728;3.93
733;751;3.302
734;731;2.947
734;737;3.676
735;731;2.96
736;738;2.879
737;731;3.362
737;734;3.676
738;736;2.879
739;744;3.969
740;742;2.734
741;743;3.229
741;745;3.918
742;740;2.734
743;741;3.229
744;739;3.969
744;749;3.675
745;741;3.918
746;749;2.997
747;759;2.787
747;763;3.928
748;731;2.758
749;744;3.675
749;746;2.997
750;763;3.974
751;733;3.302
751;755;3.378
751;759;2.803
752;755;3.017
752;761;4.031
752;763;3.834
752;769;4.108
753;769;4.001
753;772;2.739
754;768;3.656
754;771;2.866
755;751;3.378
755;752;3.017
755;760;3.971
756;758;3.037
757;764;2.854
758;756;3.037
759;747;2.787
759;751;2.803
760;755;3.971
760;766;4.025
760;768;3.023
761;752;4.031
762;765;3.464
762;767;2.887
763;747;3.928
763;750;3.974
763;752;3.834
764;757;2.854
765;762;3.464
766;760;4.025
767;762;2.887
767;770;3.019
768;754;3.656
768;760;3.023
768;771;2.754
769;752;4.108
769;753;4.001
770;767;3.019
771;754;2.866
771;768;2.754
772;753;2.739
773;777;3.861
774;777;3.534
774;778;3.467
774;779;3.564
775;776;2.929
776;775;2.929
777;773;3.861
777;774;3.534
778;774;3.467
779;774;3.564
780;788;3.685
781;788;3.538
782;787;4.038
782;788;3.942
783;792;2.975
784;792;3.227
784;1149;2.717
785;1151;3.495
786;789;3.601
787;782;4.038
788;780;3.685
788;781;3.538
788;782;3.942
789;786;3.601
789;794;2.893
790;793;2.974
791;1149;2.716
792;783;2.975
792;784;3.227
793;790;2.974
794;789;2.893
795;802;3.886
795;803;2.734
796;1140;2.75
797;799;2.687
798;714;3.797
798;801;3.771
799;797;2.687
800;715;3.343
801;798;3.771
802;795;3.886
802;804;2.744
802;805;3.45
802;806;3.762
803;795;2.734
804;802;2.744
805;802;3.45
806;802;3.762
806;808;3.001
806;810;3.499
807;715;3.287
807;811;2.818
808;806;3.001
809;812;3.535
810;725;3.925
810;806;3.499
811;723;3.742
811;807;2.818
812;809;3.535
812;815;3.999
813;723;3.576
813;726;2.719
813;815;3.797
814;816;2.846
815;723;3.758
815;730;2.638
815;812;3.999
815;813;3.797
816;814;2.846
817;818;3.973
818;817;3.973
819;821;3.121
820;822;3.515
820;827;3.217
821;819;3.121
822;820;3.515
822;826;3.76
822;827;3.107
823;826;3.555
824;826;3.023
825;828;3.004
826;822;3.76
826;823;3.555
826;824;3.023
827;820;3.217
827;822;3.107
827;830;3.957
828;825;3.004
828;829;2.921
828;830;2.95
829;828;2.921
830;827;3.957
830;828;2.95
831;711;2.895
831;712;3.989
832;711;3.864
832;834;3.068
833;842;4.134
833;846;4.035
834;832;3.068
834;837;4.022
835;1130;3.263
836;840;3.829
837;834;4.022
838;841;2.952
839;844;2.623
839;917;2.712
840;836;3.829
841;838;2.952
842;833;4.134
842;845;3.026
842;847;2.826
842;848;2.857
842;849;4.039
843;846;2.917
844;839;2.623
845;842;3.026
845;847;3.743
846;833;4.035
846;843;2.917
847;842;2.826
847;845;3.743
848;842;2.857
849;842;4.039
849;851;3.998
849;852;3.575
850;853;2.799
851;849;3.998
852;849;3.575
852;856;3.683
853;850;2.799
853;856;2.738
853;912;2.867
853;913;2.83
854;857;3.049
855;860;3.776
855;906;4.035
855;909;3.397
855;910;3.592
856;852;3.683
856;853;2.738
856;913;3.994
857;854;3.049
857;860;2.826
857;861;2.949
858;862;3.071
859;863;2.959
860;855;3.776
860;857;2.826
860;863;3.326
860;864;2.972
861;857;2.949
861;864;3.347
861;865;3.168
861;969;2.938
861;1131;3.648
862;858;3.071
862;865;3.476
862;866;3.043
863;859;2.959
863;860;3.326
863;866;3.185
863;867;2.93
864;860;2.972
864;861;3.347
864;867;3.396
864;868;2.949
864;903;3.716
864;906;3.76
865;861;3.168
865;862;3.476
865;868;3.354
865;869;2.947
865;969;3.862
866;862;3.043
866;863;3.185
866;869;3.31
866;870;2.986
867;863;2.93
867;864;3.396
867;871;2.952
867;903;3.949
868;864;2.949
868;865;3.354
868;872;2.902
868;899;3.963
868;903;3.413
868;962;3.752
868;966;3.76
869;865;2.947
869;866;3.31
869;872;3.164
869;873;2.97
870;866;2.986
870;873;3.122
870;874;3.003
871;867;2.952
871;874;3.435
871;875;2.953
871;962;3.636
872;868;2.902
872;869;3.164
872;875;4.039
872;876;3.001
873;869;2.97
873;870;3.122
873;876;3.407
873;877;2.958
874;870;3.003
874;871;3.435
874;877;2.995
874;878;3.227
875;871;2.953
875;872;4.039
875;960;3.877
875;963;4.007
876;872;3.001
876;873;3.407
876;880;3.407
876;1302;3.834
877;873;2.958
877;874;2.995
877;880;3.059
877;881;3.041
877;884;3.531
877;888;3.797
877;892;3.965
878;874;3.227
878;885;2.743
878;953;2.721
879;882;3.347
879;885;2.677
879;1305;3.361
879;1359;3.034
880;876;3.407
880;877;3.059
880;1325;3.768
881;877;3.041
881;884;2.973
881;885;3.028
882;879;3.347
882;885;3.216
882;886;3.006
882;1361;4.027
883;886;2.637
884;877;3.531
884;881;2.973
884;887;3.264
884;888;2.963
885;878;2.743
885;879;2.677
885;881;3.028
885;882;3.216
885;889;3.028
885;1358;3.835
886;882;3.006
886;883;2.637
886;1360;3.611
887;884;3.264
888;877;3.797
888;884;2.963
888;891;3.102
888;892;3.026
889;885;3.028
889;893;2.756
890;894;3.017
891;888;3.102
891;894;3.355
891;895;2.994
892;877;3.965
892;888;3.026
892;895;2.989
892;896;3.275
893;889;2.756
893;896;2.975
893;897;3.018
893;953;2.879
893;956;3.772
894;890;3.017
894;891;3.355
894;897;2.918
894;898;2.952
895;891;2.994
895;892;2.989
895;898;3.485
895;899;2.913
896;892;3.275
896;893;2.975
896;900;3.01
896;959;3.806
897;893;3.018
897;894;2.918
897;900;3.376
897;901;3.038
898;894;2.952
898;895;3.485
898;902;2.982
899;868;3.963
899;895;2.913
899;902;3.25
899;903;2.94
899;962;3.602
900;896;3.01
900;897;3.376
900;904;2.981
900;959;3.672
901;897;3.038
901;905;3.025
902;898;2.982
902;899;3.25
902;905;4.008
902;906;2.947
903;864;3.716
903;867;3.949
903;868;3.413
903;899;2.94
903;907;3.006
903;965;3.671
904;900;2.981
904;907;3.352
904;908;2.961
904;932;3.84
904;936;3.642
905;901;3.025
905;902;4.008
905;908;3.386
905;909;2.938
906;855;4.035
906;864;3.76
906;902;2.947
906;910;2.747
906;965;3.654
907;903;3.006
907;904;3.352
907;910;3.38
907;911;2.926
907;929;3.824
908;904;2.961
908;905;3.386
908;911;3.377
908;912;3.006
909;855;3.397
909;905;2.938
909;912;3.982
909;913;2.963
910;855;3.592
910;906;2.747
910;907;3.38
910;913;3.447
910;914;3.079
910;919;3.662
910;928;2.693
911;907;2.926
911;908;3.377
911;914;3.024
911;915;2.921
911;916;3.812
911;919;3.8
912;853;2.867
912;908;3.006
912;909;3.982
913;853;2.83
913;856;3.994
913;909;2.963
913;910;3.447
914;910;3.079
914;911;3.024
914;918;2.923
914;922;3.759
914;925;3.608
915;911;2.921
915;918;2.946
915;919;2.979
916;911;3.812
916;919;3.458
916;920;3.025
917;839;2.712
917;920;3.046
917;921;2.898
918;914;2.923
918;915;2.946
919;910;3.662
919;911;3.8
919;915;2.979
919;916;3.458
919;922;3.028
919;925;3.746
919;929;3.846
920;916;3.025
920;917;3.046
920;926;3.887
920;929;4.021
921;917;2.898
922;914;3.759
922;919;3.028
922;925;3.009
922;926;2.941
923;927;2.975
924;927;3.277
924;928;2.977
924;967;3.902
924;974;3.837
924;977;3.974
925;914;3.608
925;919;3.746
925;922;3.009
925;928;3.228
925;929;2.984
926;920;3.887
926;922;2.941
926;929;3.848
926;930;2.969
927;923;2.975
927;924;3.277
927;930;3.22
928;910;2.693
928;924;2.977
928;925;3.228
928;965;2.939
928;968;2.811
929;907;3.824
929;919;3.846
929;920;4.021
929;925;2.984
929;926;3.848
929;932;3.035
929;933;2.947
930;926;2.969
930;927;3.22
930;934;3.025
931;958;4.026
931;961;4.021
931;965;3.666
932;904;3.84
932;929;3.035
932;935;3.323
932;936;3.106
933;929;2.947
933;936;2.834
933;937;2.91
934;930;3.025
934;938;2.965
934;958;3.704
935;932;3.323
935;938;3.974
935;939;3.045
935;959;2.867
936;904;3.642
936;932;3.106
936;933;2.834
936;939;3.333
936;940;2.983
937;933;2.91
937;940;3.181
937;941;2.992
938;934;2.965
938;935;3.974
938;941;3.452
938;942;2.982
939;935;3.045
939;936;3.333
939;942;3.293
939;943;2.979
939;952;3.768
940;936;2.983
940;937;3.181
940;943;3.167
940;944;2.927
941;937;2.992
941;938;3.452
941;944;3.129
941;945;2.963
942;938;2.982
942;939;3.293
942;947;3.044
942;951;3.308
942;952;3.351
942;955;3.617
943;939;2.979
943;940;3.167
943;946;2.998
944;940;2.927
944;941;3.129
945;941;2.963
946;943;2.998
947;942;3.044
948;951;3.788
948;952;3.167
949;952;3.487
949;953;2.998
950;953;2.744
950;954;3.24
951;942;3.308
951;948;3.788
951;955;3.003
952;939;3.768
952;942;3.351
952;948;3.167
952;949;3.487
952;956;2.968
953;878;2.721
953;893;2.879
953;949;2.998
953;950;2.744
953;1357;3.847
954;950;3.24
954;957;3.063
954;1307;3.888
954;1354;2.973
954;1355;3.599
954;1356;3.146
955;942;3.617
955;951;3.003
956;893;3.772
956;952;2.968
956;959;2.746
957;954;3.063
