source;destination;distance
0;3;2.783
1;47;3.584
2;7;3.584
2;48;3.673
3;0;2.783
4;7;3.233
4;8;2.973
5;9;2.973
6;10;2.973
7;2;3.584
7;4;3.233
7;10;3.124
7;11;2.969
7;43;3.969
7;47;3.746
8;4;2.973
8;11;3.444
8;12;2.976
9;5;2.973
9;13;2.931
10;6;2.973
10;7;3.124
10;14;2.946
11;7;2.969
11;8;3.444
11;14;3.424
11;15;3.011
11;44;3.614
12;8;2.976
12;16;2.977
13;9;2.931
13;16;3.368
13;17;2.94
14;10;2.946
14;11;3.424
14;18;3.012
14;37;3.621
14;40;4.029
15;11;3.011
15;19;2.977
15;37;3.751
15;99;3.953
15;100;3.567
16;12;2.977
16;13;3.368
16;19;3.14
16;20;3.089
17;13;2.94
17;20;3.281
17;21;2.977
18;14;3.012
18;22;2.967
18;37;3.164
18;96;3.629
19;15;2.977
19;16;3.14
19;22;3.194
19;97;3.518
19;601;3.503
20;16;3.089
20;17;3.281
21;17;2.977
21;24;2.984
21;30;3.598
21;33;3.408
22;18;2.967
22;19;3.194
22;93;4.031
23;601;3.802
24;21;2.984
24;27;4.004
25;608;3.249
25;635;3.705
25;636;3.265
26;30;3.823
27;24;4.004
27;30;2.851
28;31;2.726
28;32;3.023
29;32;3.302
29;33;2.973
30;21;3.598
30;26;3.823
30;27;2.851
30;33;3.39
30;34;2.995
31;28;2.726
31;34;3.491
31;35;3.003
32;28;3.023
32;29;3.302
32;36;2.991
33;21;3.408
33;29;2.973
33;30;3.39
33;36;3.231
33;37;2.94
34;30;2.995
34;31;3.491
34;37;3.38
34;38;2.94
34;93;2.8
34;96;3.158
35;31;3.003
35;38;3.302
35;39;2.956
35;81;3.929
36;32;2.991
36;33;3.231
36;39;3.355
36;40;3.006
37;14;3.621
37;15;3.751
37;18;3.164
37;33;2.94
37;34;3.38
37;40;2.982
37;41;2.868
37;96;3.449
38;34;2.94
38;35;3.302
38;41;3.996
38;42;2.982
38;80;2.758
39;35;2.956
39;36;3.355
39;42;3.189
39;43;2.984
40;14;4.029
40;36;3.006
40;37;2.982
40;43;3.494
40;44;2.914
41;37;2.868
41;38;3.996
41;45;2.949
41;73;3.466
41;99;3.51
42;38;2.982
42;39;3.189
42;45;3.293
42;46;2.975
43;7;3.969
43;39;2.984
43;40;3.494
43;46;3.416
43;47;3.055
44;11;3.614
44;40;2.914
44;47;3.278
44;48;2.819
44;99;2.646
45;41;2.949
45;42;3.293
45;49;2.987
45;56;3.963
45;73;3.921
46;42;2.975
46;43;3.416
46;50;3.077
46;51;3.942
47;1;3.584
47;7;3.746
47;43;3.055
47;44;3.278
48;2;3.673
48;44;2.819
48;66;3.22
48;69;2.667
49;45;2.987
49;56;3.99
49;59;3.849
49;66;3.659
50;46;3.077
50;55;3.631
51;46;3.942
52;55;3.103
52;58;3.472
53;56;2.984
54;57;2.996
55;50;3.631
55;52;3.103
55;58;2.999
56;45;3.963
56;49;3.99
56;53;2.984
56;59;3.046
56;70;3.914
57;54;2.996
57;60;3.015
58;52;3.472
58;55;2.999
58;61;3.036
59;49;3.849
59;56;3.046
59;62;2.982
59;63;3.785
59;66;3.505
59;67;3.962
59;70;3.73
60;57;3.015
61;58;3.036
62;59;2.982
63;59;3.785
63;66;3.447
63;67;2.929
64;67;3.438
64;68;3.038
65;68;3.02
65;69;3.051
65;102;3.375
65;108;3.216
65;111;3.776
66;48;3.22
66;49;3.659
66;59;3.505
66;63;3.447
66;69;3.81
66;70;2.986
67;59;3.962
67;63;2.929
67;64;3.438
67;70;3.404
67;71;2.943
68;64;3.038
68;65;3.02
68;72;3.003
68;101;3.953
69;48;2.667
69;65;3.051
69;66;3.81
69;72;3.459
69;73;2.936
69;99;3.168
69;102;2.727
70;56;3.914
70;59;3.73
70;66;2.986
70;67;3.404
70;73;3.178
70;74;2.978
71;67;2.943
71;74;3.414
71;75;2.986
72;68;3.003
72;69;3.459
72;76;2.933
72;95;3.523
73;41;3.466
73;45;3.921
73;69;2.936
73;70;3.178
73;76;3.438
73;77;2.902
74;70;2.978
74;71;3.414
74;77;3.376
74;78;3.011
75;71;2.986
75;78;3.499
75;79;2.99
75;89;3.547
75;92;3.305
76;72;2.933
76;73;3.438
76;79;2.994
76;80;2.869
77;73;2.902
77;74;3.376
77;81;2.973
78;74;3.011
78;75;3.499
78;82;3.002
79;75;2.99
79;76;2.994
79;83;3.963
79;89;2.746
80;38;2.758
80;76;2.869
80;96;3.59
81;35;3.929
81;77;2.973
82;78;3.002
82;84;2.989
83;79;3.963
83;90;2.884
83;93;3.597
84;82;2.989
85;89;3.684
86;89;3.138
87;90;2.874
87;91;3.178
87;610;3.898
88;91;3.137
89;75;3.547
89;79;2.746
89;85;3.684
89;86;3.138
89;92;2.998
90;83;2.884
90;87;2.874
91;87;3.178
91;88;3.137
91;94;3.019
91;609;3.447
91;610;3.858
92;75;3.305
92;89;2.998
92;95;2.862
93;22;4.031
93;34;2.8
93;83;3.597
93;96;2.914
94;91;3.019
94;97;2.867
94;98;3.488
94;602;3.951
94;605;3.634
94;606;3.682
95;72;3.523
95;92;2.862
95;98;3.826
95;99;3.006
96;18;3.629
96;34;3.158
96;37;3.449
96;80;3.59
96;93;2.914
96;99;3.2
97;19;3.518
97;94;2.867
97;100;3.017
98;94;3.488
98;95;3.826
98;101;2.907
98;602;3.951
99;15;3.953
99;41;3.51
99;44;2.646
99;69;3.168
99;95;3.006
99;96;3.2
99;102;2.947
100;15;3.567
100;97;3.017
100;103;2.995
100;104;3.01
100;107;3.601
100;598;3.521
101;68;3.953
101;98;2.907
101;111;3.88
102;65;3.375
102;69;2.727
102;99;2.947
102;108;2.815
103;100;2.995
104;100;3.01
104;107;3.094
104;108;2.983
105;108;3.382
105;109;2.953
106;110;3.136
106;591;3.433
107;100;3.601
107;104;3.094
107;110;3.431
107;111;3.006
107;595;3.693
108;65;3.216
108;102;2.815
108;104;2.983
108;105;3.382
108;111;3.459
108;112;2.981
109;105;2.953
109;112;3.148
109;113;3.019
110;106;3.136
110;107;3.431
110;113;3.097
110;114;3.003
110;591;3.331
110;592;3.965
111;65;3.776
111;101;3.88
111;107;3.006
111;108;3.459
111;114;3.248
111;115;3.051
112;108;2.981
112;109;3.148
112;115;3.45
112;116;3.007
113;109;3.019
113;110;3.097
113;116;3.225
113;117;3.055
114;110;3.003
114;111;3.248
114;117;3.004
114;118;3.223
114;680;3.809
115;111;3.051
115;112;3.45
115;118;2.98
116;112;3.007
116;113;3.225
116;119;2.779
116;259;3.922
117;113;3.055
117;114;3.004
117;120;3.067
117;121;3.015
117;259;4.004
118;114;3.223
118;115;2.98
118;122;3.0
119;116;2.779
119;263;2.735
120;117;3.067
120;123;3.4
120;259;3.451
120;262;2.639
120;263;2.875
121;117;3.015
121;125;2.931
121;256;3.985
122;118;3.0
122;126;2.982
123;120;3.4
123;126;3.147
123;127;3.093
123;1241;3.481
123;1242;2.951
124;127;3.44
124;128;3.163
124;248;3.608
124;1245;4.014
125;121;2.931
125;128;3.372
125;129;2.928
126;122;2.982
126;123;3.147
126;129;3.313
126;130;2.983
127;123;3.093
127;124;3.44
127;130;3.937
127;131;2.968
127;1236;3.99
127;1242;3.959
127;1245;3.782
128;124;3.163
128;125;3.372
128;131;3.279
128;132;2.897
128;248;3.422
129;125;2.928
129;126;3.313
129;132;3.455
129;133;3.017
130;126;2.983
130;127;3.937
130;133;3.467
130;134;2.944
130;1232;3.687
130;1235;3.393
130;1236;3.618
131;127;2.968
131;128;3.279
131;134;3.477
131;135;2.863
132;128;2.897
132;129;3.455
132;136;2.99
132;209;3.702
133;129;3.017
133;130;3.467
133;136;3.111
133;137;3.012
134;130;2.944
134;131;3.477
134;137;3.338
134;138;2.972
134;1142;3.793
134;1232;3.916
135;131;2.863
135;139;2.897
135;212;3.568
135;244;3.985
136;132;2.99
136;133;3.111
136;140;2.97
136;205;3.757
136;209;3.91
137;133;3.012
137;134;3.338
137;140;3.479
137;141;3.093
137;205;3.767
137;1229;3.947
138;134;2.972
138;141;3.313
138;142;3.422
138;237;3.697
138;1226;3.66
138;1229;3.787
139;135;2.897
139;142;3.31
139;143;2.866
139;202;3.572
140;136;2.97
140;137;3.479
140;147;2.81
140;203;3.777
141;137;3.093
141;138;3.313
141;147;2.839
141;1226;3.646
141;1229;3.312
142;138;3.422
142;139;3.31
142;1222;3.765
142;1226;3.523
143;139;2.866
143;234;3.426
143;237;3.638
143;238;3.749
144;147;2.732
144;197;4.065
144;198;3.383
144;202;4.029
145;196;3.624
145;199;3.525
145;203;3.303
146;149;3.069
146;150;3.71
147;140;2.81
147;141;2.839
147;144;2.732
148;154;3.352
148;1158;2.972
148;1159;3.319
149;146;3.069
149;153;3.559
149;154;3.164
149;155;2.855
149;1158;2.925
150;146;3.71
150;153;3.192
150;190;3.433
151;189;3.76
151;190;3.845
152;154;3.994
152;189;2.847
153;149;3.559
153;150;3.192
153;192;3.018
154;148;3.352
154;149;3.164
154;152;3.994
154;1158;4.026
155;149;2.855
155;192;2.751
156;173;2.826
156;1156;4.017
157;162;3.804
157;185;2.997
158;1155;3.28
159;1155;3.534
160;162;3.514
160;1152;3.531
160;1155;3.95
161;164;2.845
162;157;3.804
162;160;3.514
162;165;4.132
163;173;3.733
163;185;3.197
164;161;2.845
164;172;4.036
165;162;4.132
166;172;3.077
166;173;4.015
167;170;2.788
168;172;3.376
169;172;3.241
169;175;2.663
170;167;2.788
171;175;3.764
172;164;4.036
172;166;3.077
172;168;3.376
172;169;3.241
172;175;2.975
172;186;2.809
173;156;2.826
173;163;3.733
173;166;4.015
174;177;3.067
174;180;3.587
175;169;2.663
175;171;3.764
175;172;2.975
175;182;2.87
176;179;3.313
176;180;3.92
177;174;3.067
178;180;3.625
179;176;3.313
180;174;3.587
180;176;3.92
180;178;3.625
181;183;2.869
182;175;2.87
182;184;2.992
183;181;2.869
183;187;3.811
183;188;4.007
184;182;2.992
185;157;2.997
185;163;3.197
186;172;2.809
187;183;3.811
188;183;4.007
189;151;3.76
189;152;2.847
190;150;3.433
190;151;3.845
191;193;3.556
192;153;3.018
192;155;2.751
192;193;3.686
193;191;3.556
193;192;3.686
194;197;3.62
195;1002;3.692
196;145;3.624
196;199;3.051
197;144;4.065
197;194;3.62
197;228;4.036
198;144;3.383
198;201;3.03
198;202;3.119
199;145;3.525
199;196;3.051
199;202;3.04
199;203;3.186
199;1000;2.993
200;207;3.545
201;198;3.03
201;207;3.601
201;225;3.621
202;139;3.572
202;144;4.029
202;198;3.119
202;199;3.04
202;208;3.508
202;211;3.589
202;225;3.229
202;238;6.176
203;140;3.777
203;145;3.303
203;199;3.186
204;207;2.847
204;208;2.979
205;136;3.757
205;137;3.767
205;209;2.959
206;210;2.991
207;200;3.545
207;201;3.601
207;204;2.847
207;210;3.242
207;211;2.93
208;202;3.508
208;204;2.979
208;211;3.308
208;212;2.954
209;132;3.702
209;136;3.91
209;205;2.959
209;213;2.946
210;206;2.991
210;207;3.242
210;213;2.995
210;214;2.961
210;668;3.816
211;202;3.589
211;207;2.93
211;208;3.308
211;214;3.286
211;215;2.936
212;135;3.568
212;208;2.954
212;215;3.489
212;216;2.959
213;209;2.946
213;210;2.995
213;216;3.271
213;217;2.95
213;672;3.469
213;676;3.791
214;210;2.961
214;211;3.286
214;218;2.959
214;219;2.798
214;220;3.905
214;651;3.567
215;211;2.936
215;212;3.489
215;218;3.078
215;221;3.628
215;238;3.869
215;241;3.779
215;242;3.724
216;212;2.959
216;213;3.271
217;213;2.95
217;675;3.64
218;214;2.959
218;215;3.078
218;1307;3.202
218;1309;2.993
219;214;2.798
219;650;3.77
219;651;3.391
220;214;3.905
220;223;3.671
220;224;3.032
220;651;3.67
220;1304;3.648
220;1314;3.909
221;215;3.628
221;225;3.016
221;226;3.121
221;239;3.886
221;242;3.294
221;1300;3.741
221;1303;3.51
221;1304;3.3
222;225;3.488
222;226;3.1
222;227;3.071
222;1300;3.668
222;1304;3.617
222;1339;3.422
222;1340;2.761
222;1341;3.15
223;220;3.671
223;1314;3.645
223;1341;3.318
224;220;3.032
225;201;3.621
225;202;3.229
225;221;3.016
225;222;3.488
225;234;2.789
225;238;6.003
226;221;3.121
226;222;3.1
226;228;2.937
226;235;3.444
226;1300;3.127
226;1338;3.791
226;1339;3.481
227;222;3.071
227;1290;3.699
227;1339;3.464
228;197;4.036
228;226;2.937
228;230;2.93
228;231;3.297
228;234;3.602
229;231;3.054
229;1335;2.911
229;1338;3.499
230;228;2.93
230;234;3.007
231;228;3.297
231;229;3.054
231;234;2.968
231;235;2.955
231;1336;3.79
231;1337;3.753
232;235;3.63
232;236;2.921
232;1334;2.847
232;1336;2.77
233;1219;3.686
233;1222;3.875
233;1223;3.259
233;1336;2.931
234;143;3.426
234;225;2.789
234;228;3.602
234;230;3.007
234;231;2.968
234;237;3.019
234;238;3.302
235;226;3.444
235;231;2.955
235;232;3.63
235;238;3.368
235;239;2.942
235;1300;3.522
235;1337;4.062
236;232;2.921
236;240;2.975
237;138;3.697
237;143;3.638
237;234;3.019
237;240;3.126
237;241;2.963
238;143;3.749
238;202;6.176
238;215;3.869
238;225;6.003
238;234;3.302
238;235;3.368
238;241;3.126
238;242;2.968
239;221;3.886
239;235;2.942
239;242;3.131
239;243;2.965
239;1303;3.976
240;236;2.975
240;237;3.126
240;244;2.94
241;215;3.779
241;237;2.963
241;238;3.126
241;245;2.901
242;215;3.724
242;221;3.294
242;238;2.968
242;239;3.131
242;246;2.946
242;1303;3.389
243;239;2.965
243;247;2.953
243;1303;3.337
244;135;3.985
244;240;2.94
244;248;2.93
245;241;2.901
245;249;2.941
246;242;2.946
246;249;3.32
246;250;2.959
247;243;2.953
247;250;3.432
247;251;2.942
247;1249;3.674
247;1256;3.582
248;124;3.608
248;128;3.422
248;244;2.93
248;251;3.184
248;252;2.882
249;245;2.941
249;246;3.32
249;252;3.34
249;253;2.953
250;246;2.959
250;247;3.432
250;253;3.8
250;254;2.994
250;1367;3.789
251;247;2.942
251;248;3.184
251;254;3.613
251;255;2.907
251;1245;3.158
251;1248;3.797
252;248;2.882
252;249;3.34
252;255;3.11
252;256;2.945
252;683;3.586
253;249;2.953
253;250;3.8
253;257;3.077
253;683;3.749
253;686;3.659
253;1364;3.51
254;250;2.994
254;251;3.613
254;258;2.919
254;1367;4.019
254;1368;3.934
254;1371;3.494
255;251;2.907
255;252;3.11
255;259;2.943
256;121;3.985
256;252;2.945
256;259;3.357
256;260;3.093
256;687;3.804
257;253;3.077
257;260;3.177
257;261;3.078
257;686;3.683
257;687;4.011
257;690;3.423
257;1368;3.465
258;254;2.919
258;262;2.888
259;116;3.922
259;117;4.004
259;120;3.451
259;255;2.943
259;256;3.357
259;262;3.233
259;263;2.97
260;256;3.093
260;257;3.177
260;264;3.063
260;687;3.681
260;691;3.93
261;257;3.078
261;264;3.397
261;265;2.896
261;694;5.613
261;1092;4.0
261;1372;3.926
262;120;2.639
262;258;2.888
262;259;3.233
262;265;3.011
262;266;3.575
263;119;2.735
263;120;2.875
263;259;2.97
263;273;2.889
264;260;3.063
264;261;3.397
264;272;4.009
264;273;3.303
264;274;3.037
265;261;2.896
265;262;3.011
265;272;3.53
265;276;3.209
266;262;3.575
266;271;2.692
266;272;2.886
267;276;3.598
268;270;3.675
269;276;3.713
269;277;3.608
270;268;3.675
270;272;3.746
271;266;2.692
272;264;4.009
272;265;3.53
272;266;2.886
272;270;3.746
273;263;2.889
273;264;3.303
274;264;3.037
275;278;2.898
276;265;3.209
276;267;3.598
276;269;3.713
276;279;3.028
277;269;3.608
278;275;2.898
278;281;3.005
279;276;3.028
279;700;4.138
280;282;2.876
280;285;3.527
281;278;3.005
282;280;2.876
282;285;2.933
282;286;3.827
282;702;3.916
283;286;2.841
283;287;2.631
283;293;3.854
283;296;3.868
283;703;3.949
284;287;2.903
284;288;2.95
284;291;2.895
284;703;2.769
284;704;2.782
284;1102;3.356
285;280;3.527
285;282;2.933
286;282;3.827
286;283;2.841
287;283;2.631
287;284;2.903
287;293;3.248
288;284;2.95
288;291;3.774
289;290;3.061
290;289;3.061
291;284;2.895
291;288;3.774
291;1102;3.887
292;1103;3.956
293;283;3.854
293;287;3.248
294;298;3.441
294;311;2.707
295;707;3.812
296;283;3.868
296;298;3.769
296;702;4.023
297;698;3.761
298;294;3.441
298;296;3.769
298;698;3.467
298;702;3.707
299;697;2.835
299;698;3.573
300;1093;3.188
301;309;3.339
302;309;3.945
303;307;2.696
304;965;3.686
305;961;3.664
306;307;3.963
307;303;2.696
307;306;3.963
308;314;3.868
309;301;3.339
309;302;3.945
309;312;3.305
310;315;4.014
311;294;2.707
312;309;3.305
312;319;2.845
313;316;2.973
313;319;3.936
314;308;3.868
315;310;4.014
316;313;2.973
317;326;3.05
317;327;2.872
317;328;3.723
318;321;3.009
319;312;2.845
319;313;3.936
320;709;2.773
321;318;3.009
322;326;2.95
322;328;2.7
322;329;2.84
322;331;2.805
323;326;2.797
323;332;3.235
323;708;3.647
324;332;3.816
324;720;3.617
324;721;3.483
325;328;2.933
325;330;3.891
325;331;2.924
325;332;2.746
326;317;3.05
326;322;2.95
326;323;2.797
326;706;3.071
326;707;3.337
327;317;2.872
328;317;3.723
328;322;2.7
328;325;2.933
329;322;2.84
330;325;3.891
331;322;2.805
331;325;2.924
331;334;3.041
332;323;3.235
332;324;3.816
332;325;2.746
332;720;3.734
333;335;2.775
334;331;3.041
335;333;2.775
336;444;3.591
336;445;2.865
336;446;2.93
337;440;3.147
337;443;3.736
338;440;2.949
339;440;2.785
340;440;2.634
341;344;4.039
342;348;2.842
343;346;2.925
343;347;3.957
343;348;3.962
344;341;4.039
345;349;3.465
346;343;2.925
347;343;3.957
347;354;3.602
348;342;2.842
348;343;3.962
348;352;3.673
348;353;3.553
349;345;3.465
349;354;3.811
350;352;3.024
350;354;3.973
351;436;3.886
352;348;3.673
352;350;3.024
352;437;2.82
352;438;2.851
352;439;2.93
352;441;2.791
353;348;3.553
354;347;3.602
354;349;3.811
354;350;3.973
355;360;3.56
355;361;2.863
356;359;3.079
356;361;3.035
357;362;2.952
358;371;3.873
359;356;3.079
360;355;3.56
361;355;2.863
361;356;3.035
362;357;2.952
363;367;3.861
364;367;3.003
364;371;4.002
365;368;3.005
366;369;3.02
366;370;3.023
366;371;3.994
366;373;3.659
367;363;3.861
367;364;3.003
368;365;3.005
369;366;3.02
370;366;3.023
370;372;3.461
371;358;3.873
371;364;4.002
371;366;3.994
372;370;3.461
373;366;3.659
374;376;3.934
375;379;3.639
375;382;3.656
375;394;3.879
376;374;3.934
377;379;3.941
378;395;3.224
379;375;3.639
379;377;3.941
379;395;3.033
380;396;2.908
380;401;3.318
381;384;2.952
382;375;3.656
382;386;4.004
383;385;2.999
383;386;3.288
383;387;2.793
384;381;2.952
385;383;2.999
386;382;4.004
386;383;3.288
387;383;2.793
387;389;3.106
387;390;3.274
388;391;2.972
389;387;3.106
390;387;3.274
391;388;2.972
392;398;3.882
393;397;2.699
393;398;3.562
394;375;3.879
394;397;2.978
395;378;3.224
395;379;3.033
396;380;2.908
396;399;2.962
396;400;3.058
397;393;2.699
397;394;2.978
398;392;3.882
398;393;3.562
399;396;2.962
400;396;3.058
401;380;3.318
402;403;2.767
403;402;2.767
404;405;2.798
404;411;3.632
405;404;2.798
405;410;3.005
406;409;2.806
406;410;3.823
407;410;3.795
408;410;2.974
409;406;2.806
410;405;3.005
410;406;3.823
410;407;3.795
410;408;2.974
411;404;3.632
411;412;3.035
412;411;3.035
413;415;2.935
414;416;2.94
415;413;2.935
416;414;2.94
416;417;3.035
417;416;3.035
418;443;2.86
419;420;3.986
419;421;3.872
420;419;3.986
421;419;3.872
421;423;2.812
422;425;3.059
423;421;2.812
424;426;3.038
424;430;3.64
425;422;3.059
426;424;3.038
426;430;3.715
427;428;3.285
428;427;3.285
429;435;3.758
430;424;3.64
430;426;3.715
430;431;2.991
431;430;2.991
431;434;2.994
431;435;3.073
432;435;2.921
433;436;3.759
434;431;2.994
435;429;3.758
435;431;3.073
435;432;2.921
436;351;3.886
436;433;3.759
437;352;2.82
437;441;3.93
438;352;2.851
439;352;2.93
440;337;3.147
440;338;2.949
440;339;2.785
440;340;2.634
441;352;2.791
441;437;3.93
442;444;3.826
443;337;3.736
443;418;2.86
443;444;3.071
444;336;3.591
444;442;3.826
444;443;3.071
445;336;2.865
445;451;3.439
446;336;2.93
447;450;3.039
448;451;3.015
448;452;3.154
448;453;3.975
449;454;2.821
449;455;2.818
450;447;3.039
451;445;3.439
451;448;3.015
452;448;3.154
453;448;3.975
454;449;2.821
455;449;2.818
456;457;2.89
457;456;2.89
458;460;2.723
459;461;3.093
460;458;2.723
461;459;3.093
461;463;3.017
461;465;3.137
461;468;3.732
461;469;2.761
462;464;3.867
462;465;3.648
462;522;3.4
462;523;2.765
463;461;3.017
464;462;3.867
464;522;3.649
465;461;3.137
465;462;3.648
465;468;2.961
465;469;3.144
465;524;3.83
466;469;3.009
467;519;3.641
468;461;3.732
468;465;2.961
469;461;2.761
469;465;3.144
469;466;3.009
469;472;2.95
469;473;3.15
470;474;2.965
471;475;2.958
472;469;2.95
472;475;3.212
472;476;3.008
473;469;3.15
473;476;3.429
473;477;2.936
473;571;2.672
474;470;2.965
474;477;3.21
474;478;2.978
475;471;2.958
475;472;3.212
475;479;3.051
476;472;3.008
476;473;3.429
476;479;3.328
476;480;2.977
476;512;3.982
476;516;3.836
476;568;3.936
477;473;2.936
477;474;3.21
477;480;3.019
477;481;3.089
477;572;2.732
477;573;3.533
478;474;2.978
478;481;3.458
478;482;3.009
479;475;3.051
479;476;3.328
479;483;2.988
479;509;3.661
480;476;2.977
480;477;3.019
480;483;3.076
480;484;3.068
480;513;3.317
480;566;3.86
480;568;3.877
480;569;3.826
481;477;3.089
481;478;3.458
481;484;3.117
481;485;3.43
481;569;3.855
482;478;3.009
482;485;3.324
482;486;3.018
483;479;2.988
483;480;3.076
483;486;3.279
483;487;2.994
483;509;3.195
483;565;3.052
484;480;3.068
484;481;3.117
484;488;3.056
484;566;3.649
484;979;3.878
485;481;3.43
485;482;3.324
485;488;3.304
485;489;2.993
486;482;3.018
486;483;3.279
486;489;3.004
486;490;2.953
486;502;3.525
487;483;2.994
487;490;3.041
487;563;4.038
487;565;3.76
487;566;3.617
487;983;4.024
488;484;3.056
488;485;3.304
489;485;2.993
489;486;3.004
489;494;3.787
490;486;2.953
490;487;3.041
490;495;2.919
490;502;4.035
490;506;3.452
491;494;3.154
491;495;2.978
491;1024;3.908
491;1025;3.122
492;495;3.828
492;496;2.915
493;496;2.941
493;497;3.012
494;489;3.787
494;491;3.154
494;498;3.033
495;490;2.919
495;491;2.978
495;492;3.828
495;499;3.915
496;492;2.915
496;493;2.941
496;499;2.639
497;493;3.012
498;494;3.033
498;501;3.028
498;502;2.923
499;495;3.915
499;496;2.639
499;503;2.964
500;503;3.363
500;504;3.045
501;498;3.028
501;504;3.958
501;505;2.955
502;486;3.525
502;490;4.035
502;498;2.923
502;505;3.336
502;506;2.924
503;499;2.964
503;500;3.363
503;506;3.362
503;507;3.034
504;500;3.045
504;501;3.958
504;508;2.961
505;501;2.955
505;502;3.336
505;509;2.972
506;490;3.452
506;502;2.924
506;503;3.362
506;509;3.376
506;510;3.092
506;565;3.259
507;503;3.034
507;510;3.328
507;511;3.01
507;549;3.795
507;550;3.412
508;504;2.961
508;511;3.019
508;512;3.085
509;479;3.661
509;483;3.195
509;505;2.972
509;506;3.376
509;512;3.075
509;513;3.377
510;506;3.092
510;507;3.328
510;513;2.949
510;545;2.836
510;546;3.755
510;549;3.797
510;550;4.017
511;507;3.01
511;508;3.019
511;514;2.874
512;476;3.982
512;508;3.085
512;509;3.075
512;515;3.057
512;516;3.236
513;480;3.317
513;509;3.377
513;510;2.949
513;517;2.987
513;542;3.672
513;546;3.913
513;568;3.407
514;511;2.874
514;517;3.397
514;518;3.032
514;546;3.491
515;512;3.057
515;519;3.063
516;476;3.836
516;512;3.236
516;519;3.413
516;520;2.946
516;568;2.748
516;571;2.73
517;513;2.987
517;514;3.397
517;521;2.995
517;542;3.621
518;514;3.032
518;521;3.224
518;522;3.085
519;467;3.641
519;515;3.063
519;516;3.413
519;523;2.989
520;516;2.946
520;523;3.019
520;524;3.042
520;528;2.671
520;529;3.52
520;535;2.768
521;517;2.995
521;518;3.224
521;529;3.684
521;530;3.983
522;462;3.4
522;464;3.649
522;518;3.085
523;462;2.765
523;519;2.989
523;520;3.019
524;465;3.83
524;520;3.042
524;528;3.63
525;528;2.914
525;529;2.923
526;530;2.99
527;531;2.844
528;520;2.671
528;524;3.63
528;525;2.914
528;531;3.077
528;532;2.92
529;520;3.52
529;521;3.684
529;525;2.923
529;535;3.23
529;539;4.03
530;521;3.983
530;526;2.99
531;527;2.844
531;528;3.077
532;528;2.92
532;535;2.977
532;536;3.041
533;536;3.951
533;537;3.018
534;538;2.998
534;576;2.949
534;579;4.004
535;520;2.768
535;529;3.23
535;532;2.977
535;539;2.955
536;532;3.041
536;533;3.951
536;539;3.394
536;540;2.994
537;533;3.018
537;540;3.413
537;541;3.019
538;534;2.998
538;541;3.242
538;542;2.907
538;568;2.644
538;571;3.848
539;529;4.03
539;535;2.955
539;536;3.394
539;543;2.995
540;536;2.994
540;537;3.413
540;543;3.204
540;544;3.087
541;537;3.019
541;538;3.242
541;545;3.011
542;513;3.672
542;517;3.621
542;538;2.907
542;546;2.94
542;568;3.75
543;539;2.995
543;540;3.204
543;547;2.993
544;540;3.087
544;548;3.195
544;561;3.589
545;510;2.836
545;541;3.011
545;549;3.415
545;565;3.084
546;510;3.755
546;513;3.913
546;514;3.491
546;542;2.94
546;549;3.128
546;550;2.921
547;543;2.993
547;550;3.304
547;551;3.04
548;544;3.195
548;552;3.003
548;553;3.079
548;562;3.776
549;507;3.795
549;510;3.797
549;545;3.415
549;546;3.128
549;553;3.749
549;562;3.958
550;507;3.412
550;510;4.017
550;546;2.921
550;547;3.304
551;547;3.04
552;548;3.003
552;554;2.947
553;548;3.079
553;549;3.749
553;559;2.827
554;552;2.947
554;559;3.26
555;558;2.787
556;559;3.214
556;560;2.935
557;560;3.295
557;561;2.963
557;1064;3.883
558;555;2.787
558;561;3.083
558;562;3.079
559;553;2.827
559;554;3.26
559;556;3.214
559;562;2.947
560;556;2.935
560;557;3.295
560;563;2.978
560;987;3.139
561;544;3.589
561;557;2.963
561;558;3.083
561;564;2.976
562;548;3.776
562;549;3.958
562;558;3.079
562;559;2.947
562;565;3.029
563;487;4.038
563;560;2.978
563;566;3.185
563;983;3.718
563;984;3.881
564;561;2.976
564;567;2.885
564;980;3.845
565;483;3.052
565;487;3.76
565;506;3.259
565;545;3.084
565;562;3.029
565;568;2.974
566;480;3.86
566;484;3.649
566;487;3.617
566;563;3.185
566;569;2.922
566;976;3.799
566;980;3.534
567;564;2.885
567;570;2.787
567;977;3.395
567;980;3.501
568;476;3.936
568;480;3.877
568;513;3.407
568;516;2.748
568;538;2.644
568;542;3.75
568;565;2.974
568;571;2.978
569;480;3.826
569;481;3.855
569;566;2.922
569;572;2.974
569;573;2.948
569;575;3.838
569;976;3.583
570;567;2.787
570;575;4.034
571;473;2.672
571;516;2.73
571;538;3.848
571;568;2.978
572;477;2.732
572;569;2.974
573;477;3.533
573;569;2.948
573;575;3.915
573;576;3.016
574;577;3.053
574;578;2.925
574;969;3.144
575;569;3.838
575;570;4.034
575;573;3.915
575;578;3.204
575;579;3.006
575;973;3.5
576;534;2.949
576;573;3.016
576;579;3.889
576;580;3.053
577;574;3.053
577;581;2.984
578;574;2.925
578;575;3.204
578;581;3.264
578;582;2.958
578;973;3.647
579;534;4.004
579;575;3.006
579;576;3.889
579;583;3.051
580;576;3.053
580;583;3.367
580;584;2.824
581;577;2.984
581;578;3.264
581;584;3.347
581;585;2.94
581;1082;3.762
582;578;2.958
582;585;3.209
582;586;3.076
582;1078;3.581
583;579;3.051
583;580;3.367
583;586;2.99
584;580;2.824
584;581;3.347
584;587;2.999
585;581;2.94
585;582;3.209
585;588;3.077
585;589;3.083
585;689;3.784
585;1078;3.496
585;1082;3.588
586;582;3.076
586;583;2.99
586;590;2.973
586;1078;3.868
587;584;2.999
587;590;3.012
588;585;3.077
588;689;3.883
589;585;3.083
589;592;3.274
589;593;2.874
589;685;3.566
589;1078;3.822
590;586;2.973
590;587;3.012
590;594;3.05
591;106;3.433
591;110;3.331
591;594;3.211
591;595;3.292
592;110;3.965
592;589;3.274
592;595;3.049
592;596;3.019
592;684;3.49
592;685;3.83
593;589;2.874
593;597;2.926
594;590;3.05
594;591;3.211
594;597;3.303
594;598;3.051
595;107;3.693
595;591;3.292
595;592;3.049
595;598;3.474
595;599;3.031
596;592;3.019
596;599;3.471
596;600;2.961
596;647;3.909
597;593;2.926
597;594;3.303
597;601;2.977
598;100;3.521
598;594;3.051
598;595;3.474
598;601;3.283
598;602;2.999
599;595;3.031
599;596;3.471
599;602;3.31
599;603;2.949
599;677;3.709
600;596;2.961
600;603;3.471
600;604;2.925
600;640;3.483
600;643;3.797
601;19;3.503
601;23;3.802
601;597;2.977
601;598;3.283
601;604;3.271
601;605;2.999
601;636;3.552
602;94;3.951
602;98;3.951
602;598;2.999
602;599;3.31
602;605;3.263
602;606;2.994
603;599;2.949
603;600;3.471
603;607;2.957
603;643;3.778
603;673;4.043
603;674;3.534
603;677;3.892
604;600;2.925
604;601;3.271
604;607;3.253
604;608;2.99
604;636;3.808
604;639;3.958
604;640;4.029
605;94;3.634
605;601;2.999
605;602;3.263
605;609;3.325
606;94;3.682
606;602;2.994
606;609;3.33
606;610;3.02
607;603;2.957
607;604;3.253
607;611;3.001
607;612;2.812
607;633;3.823
608;25;3.249
608;604;2.99
608;612;3.052
608;613;3.154
608;635;3.962
609;91;3.447
609;605;3.325
609;606;3.33
610;87;3.898
610;91;3.858
610;606;3.02
610;613;2.802
611;607;3.001
611;614;3.011
611;615;3.609
611;629;3.504
611;633;4.084
611;667;3.431
611;670;3.994
612;607;2.812
612;608;3.052
612;629;3.759
613;608;3.154
613;610;2.802
614;611;3.011
614;626;4.13
614;629;2.969
615;611;3.609
615;627;3.08
615;629;2.977
615;655;3.805
615;656;3.475
615;663;2.793
615;667;3.551
616;625;2.657
616;626;3.665
616;656;3.567
616;657;2.929
617;620;3.014
617;621;2.872
617;622;2.82
617;623;2.762
618;656;4.136
618;657;2.767
618;659;3.673
619;622;3.86
620;617;3.014
620;625;4.022
621;617;2.872
622;617;2.82
622;619;3.86
622;1012;3.942
623;617;2.762
624;630;3.57
624;631;3.173
625;616;2.657
625;620;4.022
626;614;4.13
626;616;3.665
626;630;3.496
627;615;3.08
627;630;3.14
627;631;3.135
627;654;2.857
627;655;3.536
628;631;3.032
628;632;2.845
628;653;3.879
629;611;3.504
629;612;3.759
629;614;2.969
629;615;2.977
629;633;3.689
629;655;3.579
630;624;3.57
630;626;3.496
630;627;3.14
630;634;3.51
631;624;3.173
631;627;3.135
631;628;3.032
631;1052;3.622
632;628;2.845
632;638;4.031
632;641;3.9
632;642;3.83
632;1043;3.472
632;1047;3.753
633;607;3.823
633;611;4.084
633;629;3.689
633;638;3.642
633;642;3.646
633;655;4.029
634;630;3.51
634;1056;2.723
635;25;3.705
635;608;3.962
635;638;2.892
635;639;2.936
635;1059;2.867
636;25;3.265
636;601;3.552
636;604;3.808
636;639;3.475
636;640;2.959
637;640;3.213
637;641;2.995
637;1059;3.624
637;1062;3.869
637;1063;3.648
637;1066;3.983
638;632;4.031
638;633;3.642
638;635;2.892
638;641;3.29
638;642;2.987
638;1062;3.147
639;604;3.958
639;635;2.936
639;636;3.475
639;643;2.974
640;600;3.483
640;604;4.029
640;636;2.959
640;637;3.213
640;643;3.464
640;644;2.976
641;632;3.9
641;637;2.995
641;638;3.29
641;644;3.258
641;645;3.037
641;1047;3.941
641;1066;3.607
642;632;3.83
642;633;3.646
642;638;2.987
642;645;3.135
642;646;3.017
642;652;3.774
643;600;3.797
643;603;3.778
643;639;2.974
643;640;3.464
643;646;3.398
643;647;2.991
644;640;2.976
644;641;3.258
644;647;3.048
644;648;3.201
644;1039;3.917
644;1042;3.462
644;1066;3.704
644;1073;3.889
645;641;3.037
645;642;3.135
645;651;2.842
645;1043;3.553
646;642;3.017
646;643;3.398
646;649;2.972
646;671;3.413
646;674;3.569
646;675;3.967
647;596;3.909
647;643;2.991
647;644;3.048
647;678;3.777
648;644;3.201
648;1039;3.48
649;646;2.972
649;671;2.883
649;675;3.995
650;219;3.77
650;1039;3.782
650;1040;2.755
650;1041;2.825
651;214;3.567
651;219;3.391
651;220;3.67
651;645;2.842
651;671;3.875
651;1044;3.853
652;642;3.774
652;655;3.5
652;671;3.266
653;628;3.879
653;1044;3.523
654;627;2.857
655;615;3.805
655;627;3.536
655;629;3.579
655;633;4.029
655;652;3.5
655;664;3.269
655;667;3.448
656;615;3.475
656;616;3.567
656;618;4.136
656;660;3.363
656;664;2.899
657;616;2.929
657;618;2.767
657;664;3.685
658;1000;3.489
659;618;3.673
660;656;3.363
660;663;2.776
660;664;3.075
661;665;2.944
662;665;3.323
662;666;3.015
663;615;2.793
663;660;2.776
663;666;3.227
663;667;3.089
664;655;3.269
664;656;2.899
664;657;3.685
664;660;3.075
664;667;3.425
664;668;2.917
665;661;2.944
665;662;3.323
665;668;3.291
665;669;3.011
666;662;3.015
666;663;3.227
666;669;3.475
666;670;3.35
667;611;3.431
667;615;3.551
667;655;3.448
667;663;3.089
667;664;3.425
667;670;3.415
667;671;2.932
668;210;3.816
668;664;2.917
668;665;3.291
668;671;3.262
668;672;2.965
669;665;3.011
669;666;3.475
669;672;3.416
669;673;3.02
670;611;3.994
670;666;3.35
670;667;3.415
670;673;3.335
670;674;2.993
671;646;3.413
671;649;2.883
671;651;3.875
671;652;3.266
671;667;2.932
671;668;3.262
671;674;3.282
671;675;2.982
672;213;3.469
672;668;2.965
672;669;3.416
672;675;3.425
672;676;3.003
673;603;4.043
673;669;3.02
673;670;3.335
673;676;3.474
673;677;3.008
674;603;3.534
674;646;3.569
674;670;2.993
674;671;3.282
674;678;2.953
675;217;3.64
675;646;3.967
675;649;3.995
675;671;2.982
675;672;3.425
675;679;2.929
676;213;3.791
676;672;3.003
676;673;3.474
676;679;3.449
676;680;3.036
677;599;3.709
677;603;3.892
677;673;3.008
677;680;3.43
677;681;2.996
678;647;3.777
678;674;2.953
678;681;3.159
678;682;2.931
679;675;2.929
679;676;3.449
679;682;3.257
679;683;2.98
680;114;3.809
680;676;3.036
680;677;3.43
680;684;3.03
681;677;2.996
681;678;3.159
681;684;3.364
681;685;2.919
682;678;2.931
682;679;3.257
682;685;3.126
682;686;3.078
683;252;3.586
683;253;3.749
683;679;2.98
683;686;3.485
683;687;3.016
684;592;3.49
684;680;3.03
684;681;3.364
684;688;2.919
685;589;3.566
685;592;3.83
685;681;2.919
685;682;3.126
685;688;3.385
685;689;3.133
685;1081;3.37
686;253;3.659
686;257;3.683
686;682;3.078
686;683;3.485
686;689;3.458
686;690;2.947
686;1081;3.576
686;1084;3.746
686;1364;6.362
687;256;3.804
687;257;4.011
687;260;3.681
687;683;3.016
687;690;3.374
687;691;2.954
688;684;2.919
688;685;3.385
688;692;3.077
689;585;3.784
689;588;3.883
689;685;3.133
689;686;3.458
689;692;3.287
689;693;3.008
689;1081;3.633
689;1082;3.707
689;1085;3.55
690;257;3.423
690;686;2.947
690;687;3.374
690;693;3.477
690;694;2.977
690;1088;3.486
691;260;3.93
691;687;2.954
691;694;3.187
691;695;3.038
692;688;3.077
692;689;3.287
692;695;3.14
692;696;3.113
693;689;3.008
693;690;3.477
693;696;2.955
693;697;2.99
693;1085;3.505
693;1089;3.446
694;261;5.613
694;690;2.977
694;691;3.187
694;1089;3.725
694;1092;3.291
695;691;3.038
695;692;3.14
696;692;3.113
696;693;2.955
697;299;2.835
697;693;2.99
697;1089;3.667
698;297;3.761
698;298;3.467
698;299;3.573
698;702;3.493
699;1092;3.715
699;1096;2.793
700;279;4.138
700;1097;2.797
701;704;3.795
702;282;3.916
702;296;4.023
702;298;3.707
702;698;3.493
703;283;3.949
703;284;2.769
704;284;2.782
704;701;3.795
704;1102;3.986
705;816;3.84
706;326;3.071
707;295;3.812
707;326;3.337
708;323;3.647
708;711;3.477
708;714;3.82
708;721;3.82
709;320;2.773
710;713;2.899
711;708;3.477
711;714;2.935
711;715;2.956
712;716;2.833
713;710;2.899
713;716;3.868
714;708;3.82
714;711;2.935
714;723;3.77
715;711;2.956
716;712;2.833
716;713;3.868
716;718;3.503
716;722;3.925
717;718;3.099
718;716;3.503
718;717;3.099
719;722;3.014
720;324;3.617
720;332;3.734
721;324;3.483
721;708;3.82
721;723;3.959
722;716;3.925
722;719;3.014
723;714;3.77
723;721;3.959
723;744;2.842
724;743;3.95
724;745;3.65
725;737;3.663
726;738;3.721
727;738;3.438
728;732;2.807
728;738;3.059
729;735;2.797
730;735;2.701
731;733;3.355
732;728;2.807
732;735;3.856
732;736;2.732
733;731;3.355
734;741;3.924
734;742;2.88
734;757;2.855
735;729;2.797
735;730;2.701
735;732;3.856
736;732;2.732
736;739;2.752
737;725;3.663
737;740;3.36
737;742;3.715
738;726;3.721
738;727;3.438
738;728;3.059
738;740;3.731
739;736;2.752
740;737;3.36
740;738;3.731
740;742;2.828
741;734;3.924
741;757;2.877
742;734;2.88
742;737;3.715
742;740;2.828
743;724;3.95
744;723;2.842
745;724;3.65
745;747;2.928
745;748;3.036
746;748;3.024
747;745;2.928
747;816;3.999
748;745;3.036
748;746;3.024
749;817;2.712
750;814;3.893
751;1106;3.49
752;755;3.566
753;1106;3.535
753;1107;2.734
754;798;3.785
755;752;3.566
756;758;2.753
757;734;2.855
757;741;2.877
758;756;2.753
759;761;3.014
760;763;3.475
761;759;3.014
762;789;3.531
763;760;3.475
764;766;2.959
764;767;3.815
765;791;2.62
766;764;2.959
766;769;2.801
767;764;3.815
768;780;3.719
768;784;3.438
768;786;3.43
769;766;2.801
770;772;3.832
770;773;2.804
770;786;3.769
771;787;3.326
772;770;3.832
772;786;3.833
772;787;3.753
773;770;2.804
773;779;3.727
774;777;3.423
774;778;2.96
775;780;3.637
775;786;3.824
776;779;2.945
776;782;4.037
777;774;3.423
778;774;2.96
779;773;3.727
779;776;2.945
779;786;3.715
780;768;3.719
780;775;3.637
780;786;3.593
781;783;3.681
782;776;4.037
783;781;3.681
784;768;3.438
785;788;2.927
786;768;3.43
786;770;3.769
786;772;3.833
786;775;3.824
786;779;3.715
786;780;3.593
787;771;3.326
787;772;3.753
788;785;2.927
788;790;3.019
789;762;3.531
790;788;3.019
791;765;2.62
792;797;2.831
793;796;2.853
793;797;2.649
794;795;2.995
795;794;2.995
796;793;2.853
797;792;2.831
797;793;2.649
798;754;3.785
799;800;3.101
800;799;3.101
801;806;2.891
802;805;4.027
802;806;3.225
803;805;2.951
803;806;3.006
804;807;3.552
805;802;4.027
805;803;2.951
806;801;2.891
806;802;3.225
806;803;3.006
807;804;3.552
808;820;3.566
808;821;2.946
808;822;2.819
809;812;2.924
810;812;2.888
810;813;3.179
811;815;3.967
811;818;3.537
812;809;2.924
812;810;2.888
813;810;3.179
814;750;3.893
815;811;3.967
816;705;3.84
816;747;3.999
817;749;2.712
817;1105;3.589
818;811;3.537
819;1109;3.43
819;1113;3.94
820;808;3.566
821;808;2.946
822;808;2.819
823;825;2.743
824;832;2.936
825;823;2.743
826;829;3.043
826;832;3.764
826;833;3.984
827;830;3.405
827;832;3.562
828;830;3.452
829;826;3.043
830;827;3.405
830;828;3.452
830;832;3.13
831;833;2.95
831;834;3.967
832;824;2.936
832;826;3.764
832;827;3.562
832;830;3.13
833;826;3.984
833;831;2.95
833;836;2.813
834;831;3.967
834;889;3.808
835;840;3.807
835;889;3.651
835;890;3.686
836;833;2.813
837;840;2.894
837;841;3.017
838;842;3.051
839;843;2.913
840;835;3.807
840;837;2.894
840;843;3.249
840;844;2.966
841;837;3.017
841;844;3.465
841;845;3.237
841;949;3.206
842;838;3.051
842;845;3.371
842;846;3.022
843;839;2.913
843;840;3.249
843;846;3.293
843;847;2.92
844;840;2.966
844;841;3.465
844;847;3.382
844;848;2.954
844;883;3.771
844;886;3.741
845;841;3.237
845;842;3.371
845;848;3.411
845;849;2.952
845;949;3.447
846;842;3.022
846;843;3.293
846;849;3.266
846;850;2.975
847;843;2.92
847;844;3.382
847;851;2.959
847;883;3.987
848;844;2.954
848;845;3.411
848;852;2.893
848;879;3.978
848;883;3.442
848;942;3.693
848;946;3.789
849;845;2.952
849;846;3.266
849;852;3.172
849;853;2.979
850;846;2.975
850;853;3.105
850;854;3.012
851;847;2.959
851;854;3.426
851;855;2.959
851;942;3.624
852;848;2.893
852;849;3.172
852;855;4.027
852;856;2.99
853;849;2.979
853;850;3.105
853;856;3.386
853;857;2.96
854;850;3.012
854;851;3.426
854;857;2.982
854;858;3.235
855;851;2.959
855;852;4.027
855;940;3.923
855;943;4.022
856;852;2.99
856;853;3.386
856;860;3.626
856;1272;3.858
857;853;2.96
857;854;2.982
857;860;3.075
857;861;3.032
857;864;3.429
857;868;3.86
858;854;3.235
858;865;2.771
858;933;2.789
859;862;3.289
859;865;2.665
859;1275;3.36
859;1329;3.087
860;856;3.626
860;857;3.075
860;1295;3.735
861;857;3.032
861;864;2.973
861;865;3.028
862;859;3.289
862;865;3.223
862;866;3.013
863;866;2.636
864;857;3.429
864;861;2.973
864;867;3.269
864;868;2.961
865;858;2.771
865;859;2.665
865;861;3.028
865;862;3.223
865;869;3.027
865;1328;3.87
866;862;3.013
866;863;2.636
866;1330;3.493
867;864;3.269
868;857;3.86
868;864;2.961
868;871;3.117
868;872;3.029
869;865;3.027
869;873;2.75
870;874;3.023
871;868;3.117
871;874;3.383
871;875;2.983
872;868;3.029
872;875;2.989
872;876;3.263
873;869;2.75
873;876;3.015
873;877;3.031
873;933;2.871
873;936;3.762
874;870;3.023
874;871;3.383
874;877;2.907
874;878;2.951
875;871;2.983
875;872;2.989
875;879;2.919
876;872;3.263
876;873;3.015
876;880;3.004
876;939;3.785
877;873;3.031
877;874;2.907
877;880;3.347
877;881;3.035
878;874;2.951
878;882;2.983
879;848;3.978
879;875;2.919
879;882;3.268
879;883;2.934
879;942;3.608
880;876;3.004
880;877;3.347
880;884;2.973
880;939;3.865
881;877;3.035
881;885;3.026
882;878;2.983
882;879;3.268
882;886;2.944
883;844;3.771
883;847;3.987
883;848;3.442
883;879;2.934
883;887;3.009
883;945;3.621
884;880;2.973
884;887;3.373
884;888;2.964
884;912;3.849
884;916;3.689
885;881;3.026
885;888;3.354
885;889;2.962
886;844;3.741
886;882;2.944
886;889;3.364
886;890;2.681
886;945;3.58
887;883;3.009
887;884;3.373
887;891;2.969
887;909;3.923
888;884;2.964
888;885;3.354
888;891;3.433
888;892;2.983
889;834;3.808
889;835;3.651
889;885;2.962
889;886;3.364
889;892;3.442
889;893;3.01
890;835;3.686
890;886;2.681
890;894;3.076
890;899;3.752
890;905;3.92
890;908;2.691
891;887;2.969
891;888;3.433
891;894;3.037
891;895;2.924
891;896;3.842
891;899;6.267
891;900;3.66
892;888;2.983
892;889;3.442
893;889;3.01
894;890;3.076
894;891;3.037
894;898;2.826
894;899;4.0
894;902;3.774
894;905;3.608
895;891;2.924
895;899;2.973
896;891;3.842
896;899;3.477
896;900;3.026
897;900;3.079
897;901;2.896
898;894;2.826
899;890;3.752
899;891;6.267
899;894;4.0
899;895;2.973
899;896;3.477
899;902;3.036
899;905;3.712
899;909;3.776
900;891;3.66
900;896;3.026
900;897;3.079
900;906;3.727
900;909;3.7
901;897;2.896
902;894;3.774
902;899;3.036
902;905;3.023
902;906;2.935
903;907;2.982
904;907;3.365
904;908;3.008
904;954;4.016
904;957;3.948
904;958;3.7
905;890;3.92
905;894;3.608
905;899;3.712
905;902;3.023
905;908;3.162
905;909;2.98
906;900;3.727
906;902;2.935
906;909;5.712
906;910;2.959
907;903;2.982
907;904;3.365
907;910;3.198
908;890;2.691
908;904;3.008
908;905;3.162
908;945;2.934
908;948;2.765
909;887;3.923
909;899;3.776
909;900;3.7
909;905;2.98
909;906;5.712
909;912;3.038
909;913;2.954
910;906;2.959
910;907;3.198
910;914;3.028
911;941;3.965
911;945;3.664
912;884;3.849
912;909;3.038
912;915;3.055
912;916;3.083
913;909;2.954
913;916;2.879
913;917;2.905
914;910;3.028
914;918;2.968
914;938;3.681
915;912;3.055
915;918;3.985
915;919;3.045
915;939;2.862
916;884;3.689
916;912;3.083
916;913;2.879
916;919;3.356
916;920;2.984
917;913;2.905
917;920;3.192
917;921;2.993
918;914;2.968
918;915;3.985
918;921;3.446
918;922;2.988
919;915;3.045
919;916;3.356
919;922;3.301
919;923;2.986
919;932;3.761
920;916;2.984
920;917;3.192
920;923;3.171
920;924;2.929
921;917;2.993
921;918;3.446
921;924;3.137
921;925;2.969
922;918;2.988
922;919;3.301
922;927;3.043
922;931;3.302
922;932;3.301
922;935;3.653
923;919;2.986
923;920;3.171
923;926;3.0
924;920;2.929
924;921;3.137
925;921;2.969
926;923;3.0
927;922;3.043
928;931;3.832
928;932;3.492
929;932;3.486
929;933;3.01
930;933;2.739
930;934;3.185
931;922;3.302
931;928;3.832
931;934;3.39
931;935;2.963
932;919;3.761
932;922;3.301
932;928;3.492
932;929;3.486
932;936;2.962
933;858;2.789
933;873;2.871
933;929;3.01
933;930;2.739
933;936;3.785
933;1327;3.934
934;930;3.185
934;931;3.39
934;937;3.052
934;1277;3.919
934;1324;2.998
934;1325;3.668
934;1326;3.131
935;922;3.653
935;931;2.963
936;873;3.762
936;932;2.962
936;933;3.785
936;939;2.746
937;934;3.052
937;940;2.756
937;941;3.31
937;1273;3.588
938;914;3.681
938;941;2.981
939;876;3.785
939;880;3.865
939;915;2.862
939;936;2.746
939;942;2.854
940;855;3.923
940;937;2.756
941;911;3.965
941;937;3.31
941;938;2.981
941;944;2.932
941;945;3.007
941;1269;3.837
942;848;3.693
942;851;3.624
942;879;3.608
942;939;2.854
942;945;2.975
942;946;3.168
943;855;4.022
943;946;3.01
943;1269;3.635
944;941;2.932
944;947;2.772
944;1269;3.799
945;883;3.621
945;886;3.58
945;908;2.934
945;911;3.664
945;941;3.007
945;942;2.975
945;948;2.919
946;848;3.789
946;942;3.168
946;943;3.01
946;949;2.985
946;950;2.951
947;944;2.772
947;950;3.193
947;953;3.526
947;957;3.701
948;908;2.765
948;945;2.919
948;954;2.864
949;841;3.206
949;845;3.447
949;946;2.985
950;946;2.951
950;947;3.193
950;953;3.637
950;954;3.002
950;1261;4.027
951;954;3.669
952;955;3.002
952;956;2.913
953;947;3.526
