source;destination;distance
0;3;2.782
1;47;3.598
2;7;3.588
2;48;3.673
3;0;2.782
4;7;3.246
4;8;2.972
5;9;2.975
6;10;2.971
7;2;3.588
7;4;3.246
7;10;3.122
7;11;2.968
7;43;4.002
7;47;3.764
8;4;2.972
8;11;3.478
8;12;2.984
9;5;2.975
9;13;2.929
10;6;2.971
10;7;3.122
10;14;2.946
11;7;2.968
11;8;3.478
11;14;3.432
11;15;3.014
11;44;3.607
12;8;2.984
12;16;2.976
12;104;4.013
13;9;2.929
13;16;3.368
13;17;2.94
14;10;2.946
14;11;3.432
14;18;3.014
14;37;3.627
14;40;4.023
15;11;3.014
15;19;2.979
15;37;3.755
15;99;3.965
15;100;3.563
16;12;2.976
16;13;3.368
16;19;3.137
16;20;3.087
17;13;2.94
17;20;3.291
17;21;2.975
18;14;3.014
18;22;2.967
18;37;3.158
18;96;3.623
19;15;2.979
19;16;3.137
19;22;3.167
19;97;3.488
19;600;3.492
20;16;3.087
20;17;3.291
21;17;2.975
21;24;2.986
21;30;3.611
21;33;3.402
22;18;2.967
22;19;3.167
22;93;4.022
23;600;3.812
24;21;2.986
24;27;4.018
25;607;3.237
25;634;3.649
25;635;3.268
26;30;3.834
27;24;4.018
27;30;2.851
28;31;2.728
28;32;3.026
29;32;3.3
29;33;2.972
30;21;3.611
30;26;3.834
30;27;2.851
30;33;3.417
30;34;2.998
31;28;2.728
31;34;3.489
31;35;3.0
32;28;3.026
32;29;3.3
32;36;2.99
33;21;3.402
33;29;2.972
33;30;3.417
33;36;3.222
33;37;2.939
34;30;2.998
34;31;3.489
34;37;3.377
34;38;2.941
34;93;2.804
34;96;3.159
35;31;3.0
35;38;3.298
35;39;2.955
35;81;3.927
36;32;2.99
36;33;3.222
36;39;3.357
36;40;3.004
37;14;3.627
37;15;3.755
37;18;3.158
37;33;2.939
37;34;3.377
37;40;2.999
37;41;2.867
37;96;3.447
38;34;2.941
38;35;3.298
38;41;3.994
38;42;2.985
38;80;2.764
39;35;2.955
39;36;3.357
39;42;3.18
39;43;2.981
40;14;4.023
40;36;3.004
40;37;2.999
40;44;2.914
41;37;2.867
41;38;3.994
41;45;2.949
41;73;3.459
41;99;3.513
42;38;2.985
42;39;3.18
42;45;3.289
42;46;2.971
43;7;4.002
43;39;2.981
43;46;3.409
43;47;3.058
44;11;3.607
44;40;2.914
44;47;3.265
44;48;2.83
44;99;2.648
45;41;2.949
45;42;3.289
45;49;2.989
45;56;3.967
45;73;3.92
46;42;2.971
46;43;3.409
46;50;3.075
46;51;3.918
47;1;3.598
47;7;3.764
47;43;3.058
47;44;3.265
48;2;3.673
48;44;2.83
48;66;3.226
48;69;2.663
49;45;2.989
49;56;3.998
49;59;3.846
49;66;3.67
50;46;3.075
50;55;3.676
51;46;3.918
52;55;3.109
52;58;3.473
53;56;2.981
54;57;2.994
55;50;3.676
55;52;3.109
55;58;2.998
56;45;3.967
56;49;3.998
56;53;2.981
56;59;3.048
56;70;3.924
57;54;2.994
57;60;3.021
58;52;3.473
58;55;2.998
58;61;3.033
59;49;3.846
59;56;3.048
59;62;2.982
59;63;3.768
59;66;3.514
59;67;3.998
59;70;3.776
60;57;3.021
61;58;3.033
62;59;2.982
63;59;3.768
63;66;3.46
63;67;2.924
64;67;3.442
64;68;3.038
65;68;3.02
65;69;3.052
65;102;3.425
65;108;3.244
65;111;3.765
66;48;3.226
66;49;3.67
66;59;3.514
66;63;3.46
66;69;3.827
66;70;2.985
67;59;3.998
67;63;2.924
67;64;3.442
67;70;3.398
67;71;2.942
68;64;3.038
68;65;3.02
68;72;3.005
68;101;3.98
69;48;2.663
69;65;3.052
69;66;3.827
69;72;3.455
69;73;2.935
69;99;3.166
69;102;2.74
70;56;3.924
70;59;3.776
70;66;2.985
70;67;3.398
70;73;3.2
70;74;2.982
71;67;2.942
71;74;3.417
71;75;2.986
72;68;3.005
72;69;3.455
72;76;2.931
72;95;3.525
73;41;3.459
73;45;3.92
73;69;2.935
73;70;3.2
73;76;3.452
73;77;2.904
74;70;2.982
74;71;3.417
74;77;3.371
74;78;3.012
75;71;2.986
75;78;3.47
75;79;2.983
75;89;3.561
75;92;3.301
76;72;2.931
76;73;3.452
76;79;2.994
76;80;2.863
77;73;2.904
77;74;3.371
77;81;2.973
78;74;3.012
78;75;3.47
78;82;3.007
79;75;2.983
79;76;2.994
79;83;3.956
79;89;2.744
80;38;2.764
80;76;2.863
80;96;3.591
81;35;3.927
81;77;2.973
82;78;3.007
82;84;2.988
83;79;3.956
83;90;2.952
83;93;3.557
84;82;2.988
85;89;3.509
86;89;3.122
87;90;2.928
87;91;3.177
87;609;3.896
88;91;3.108
89;75;3.561
89;79;2.744
89;85;3.509
89;86;3.122
89;92;3.005
90;83;2.952
90;87;2.928
91;87;3.177
91;88;3.108
91;94;3.016
91;608;3.449
91;609;3.877
92;75;3.301
92;89;3.005
92;95;2.866
93;22;4.022
93;34;2.804
93;83;3.557
93;96;2.914
94;91;3.016
94;97;2.873
94;98;3.489
94;601;3.956
94;604;3.63
94;605;3.683
95;72;3.525
95;92;2.866
95;98;3.848
95;99;3.006
96;18;3.623
96;34;3.159
96;37;3.447
96;80;3.591
96;93;2.914
96;99;3.206
97;19;3.488
97;94;2.873
97;100;3.017
98;94;3.489
98;95;3.848
98;101;2.906
98;601;3.953
99;15;3.965
99;41;3.513
99;44;2.648
99;69;3.166
99;95;3.006
99;96;3.206
99;102;2.944
100;15;3.563
100;97;3.017
100;103;2.992
100;104;3.005
100;107;3.607
100;597;3.535
101;68;3.98
101;98;2.906
101;111;3.893
102;65;3.425
102;69;2.74
102;99;2.944
102;108;2.816
103;100;2.992
104;12;4.013
104;100;3.005
104;107;3.093
104;108;2.987
105;108;3.362
105;109;2.95
106;110;3.134
106;590;3.44
107;100;3.607
107;104;3.093
107;110;3.429
107;111;3.003
107;594;3.685
108;65;3.244
108;102;2.816
108;104;2.987
108;105;3.362
108;111;3.482
108;112;2.976
109;105;2.95
109;112;3.226
109;113;3.038
110;106;3.134
110;107;3.429
110;113;3.083
110;114;3.0
110;590;3.341
110;591;3.979
111;65;3.765
111;101;3.893
111;107;3.003
111;108;3.482
111;114;3.207
111;115;3.024
112;108;2.976
112;109;3.226
112;115;3.493
112;116;3.012
113;109;3.038
113;110;3.083
113;116;3.235
113;117;3.047
114;110;3.0
114;111;3.207
114;117;3.118
114;118;3.285
114;679;3.773
115;111;3.024
115;112;3.493
115;118;2.986
116;112;3.012
116;113;3.235
116;119;2.788
116;257;3.863
116;261;3.868
117;113;3.047
117;114;3.118
117;120;3.097
117;121;3.028
118;114;3.285
118;115;2.986
118;122;3.003
119;116;2.788
119;261;2.685
120;117;3.097
120;123;3.31
120;257;3.546
120;260;2.622
121;117;3.028
121;124;3.368
121;125;2.924
121;254;4.02
122;118;3.003
122;126;2.967
123;120;3.31
123;126;3.244
123;127;3.116
123;1247;3.488
123;1248;2.899
124;121;3.368
124;127;3.419
124;128;3.166
124;246;3.614
125;121;2.924
125;128;3.36
125;129;2.915
126;122;2.967
126;123;3.244
126;129;3.342
126;130;2.979
127;123;3.116
127;124;3.419
127;131;2.959
127;1242;4.016
127;1248;3.994
127;1251;3.818
128;124;3.166
128;125;3.36
128;131;3.327
128;132;2.89
128;246;3.513
129;125;2.915
129;126;3.342
129;132;3.492
129;133;3.012
130;126;2.979
130;133;3.423
130;134;2.937
130;1149;4.105
130;1238;3.668
130;1241;3.422
130;1242;3.818
131;127;2.959
131;128;3.327
131;134;3.473
131;135;2.869
132;128;2.89
132;129;3.492
132;136;2.972
132;206;3.746
132;209;4.007
133;129;3.012
133;130;3.423
133;136;3.179
133;137;3.001
134;130;2.937
134;131;3.473
134;137;3.356
134;138;2.987
134;1149;3.739
134;1238;3.759
135;131;2.869
135;139;2.945
135;209;3.57
135;235;3.69
135;239;3.812
135;242;3.674
136;132;2.972
136;133;3.179
136;140;2.929
136;202;3.811
136;206;3.913
137;133;3.001
137;134;3.356
137;140;3.242
137;141;3.135
137;202;3.837
137;1235;3.941
138;134;2.987
138;141;3.069
138;142;3.464
138;235;3.6
138;1232;3.568
138;1235;3.897
139;135;2.945
139;142;3.435
139;143;2.955
139;199;3.641
140;136;2.929
140;137;3.242
140;144;3.696
140;200;3.909
140;201;3.603
140;202;3.88
141;137;3.135
141;138;3.069
141;1232;3.932
141;1235;3.371
142;138;3.464
142;139;3.435
142;1228;3.612
142;1232;3.859
143;139;2.955
143;222;3.068
143;232;3.44
143;235;3.663
143;236;3.847
144;140;3.696
144;200;4.003
145;150;2.728
146;189;2.894
146;193;3.875
146;194;3.881
146;195;3.9
147;150;2.957
147;151;3.867
147;193;2.85
148;193;2.797
148;196;3.836
148;200;2.66
149;155;3.683
150;145;2.728
150;147;2.957
150;154;3.155
150;190;2.752
151;147;3.867
151;187;3.821
151;190;3.713
152;187;3.847
153;183;3.847
153;185;2.866
154;150;3.155
155;149;3.683
156;159;3.741
157;159;3.922
158;161;3.767
158;184;3.887
159;156;3.741
159;157;3.922
160;172;3.836
160;183;2.86
161;158;3.767
162;171;3.133
162;172;3.641
163;166;3.741
164;167;3.568
165;167;3.024
166;163;3.741
167;164;3.568
167;165;3.024
168;171;2.927
168;180;2.809
169;175;2.879
170;173;3.844
170;175;3.624
171;162;3.133
171;168;2.927
171;174;2.833
171;184;2.766
172;160;3.836
172;162;3.641
173;170;3.844
174;171;2.833
174;180;4.025
174;182;2.773
175;169;2.879
175;170;3.624
175;177;4.02
176;178;3.821
177;175;4.02
178;176;3.821
179;181;3.059
180;168;2.809
180;174;4.025
181;179;3.059
182;174;2.773
183;153;3.847
183;160;2.86
184;158;3.887
184;171;2.766
185;153;2.866
186;1008;4.1
186;1010;3.68
187;151;3.821
187;152;3.847
188;190;3.388
188;1009;3.827
189;146;2.894
190;150;2.752
190;151;3.713
190;188;3.388
191;194;3.267
191;1009;3.74
192;1007;2.889
192;1009;3.432
193;146;3.875
193;147;2.85
193;148;2.797
193;196;3.188
194;146;3.881
194;191;3.267
194;225;3.4
195;146;3.9
196;148;3.836
196;193;3.188
196;199;3.005
196;200;3.028
196;204;3.69
197;204;3.142
198;204;3.295
198;222;3.452
199;139;3.641
199;196;3.005
199;205;3.536
199;208;3.487
199;222;3.099
199;236;3.863
200;140;3.909
200;144;4.003
200;148;2.66
200;196;3.028
201;140;3.603
201;204;2.791
201;205;2.974
202;136;3.811
202;137;3.837
202;140;3.88
202;206;2.956
203;207;2.993
204;196;3.69
204;197;3.142
204;198;3.295
204;201;2.791
204;207;3.272
204;208;2.952
205;199;3.536
205;201;2.974
205;208;3.261
205;209;2.952
206;132;3.746
206;136;3.913
206;202;2.956
206;210;2.939
207;203;2.993
207;204;3.272
207;210;3.061
207;211;2.961
207;667;3.829
208;199;3.487
208;204;2.952
208;205;3.261
208;211;3.318
208;212;2.935
209;132;4.007
209;135;3.57
209;205;2.952
209;212;3.891
209;213;2.958
210;206;2.939
210;207;3.061
210;213;3.233
210;214;2.943
210;671;3.488
210;675;3.956
211;207;2.961
211;208;3.318
211;215;2.972
211;216;2.806
211;217;3.906
211;650;3.596
212;208;2.935
212;209;3.891
212;215;3.068
212;218;3.663
212;236;3.857
212;239;3.743
212;240;3.701
213;209;2.958
213;210;3.233
214;210;2.943
214;674;3.651
215;211;2.972
215;212;3.068
215;1313;3.148
215;1315;3.013
216;211;2.806
216;649;3.785
216;650;3.411
217;211;3.906
217;220;3.272
217;221;3.003
217;650;5.722
217;1320;3.946
218;212;3.663
218;222;3.048
218;223;3.173
218;237;3.863
218;240;3.28
218;1306;3.796
218;1309;3.544
218;1310;3.547
219;223;3.124
219;224;3.026
219;1306;3.721
219;1310;3.647
219;1345;3.5
219;1346;2.81
219;1347;3.154
220;217;3.272
220;1320;3.465
220;1347;3.171
221;217;3.003
221;224;3.065
222;143;3.068
222;198;3.452
222;199;3.099
222;218;3.048
222;232;2.823
222;236;6.469
223;218;3.173
223;219;3.124
223;226;2.975
223;233;3.381
223;1306;3.178
223;1345;3.485
224;219;3.026
224;221;3.065
224;1296;3.856
224;1345;3.382
225;194;3.4
226;223;2.975
226;228;2.934
226;229;3.122
226;232;3.612
227;229;3.064
227;1303;3.68
227;1341;2.847
227;1344;3.478
228;226;2.934
228;232;3.019
229;226;3.122
229;227;3.064
229;232;2.974
229;233;2.947
229;1342;3.792
229;1343;3.736
230;233;3.624
230;234;2.924
230;1340;2.812
230;1342;2.773
231;1225;3.736
231;1228;3.798
231;1229;3.291
231;1342;2.941
232;143;3.44
232;222;2.823
232;226;3.612
232;228;3.019
232;229;2.974
232;235;3.04
232;236;3.359
233;223;3.381
233;229;2.947
233;230;3.624
233;236;3.377
233;237;2.944
233;1306;3.494
233;1343;3.958
234;230;2.924
234;238;2.979
235;135;3.69
235;138;3.6
235;143;3.663
235;232;3.04
235;238;3.132
235;239;2.964
236;143;3.847
236;199;3.863
236;212;3.857
236;222;6.469
236;232;3.359
236;233;3.377
236;239;3.146
236;240;2.964
237;218;3.863
237;233;2.944
237;240;3.155
237;241;2.971
237;1309;3.98
238;234;2.979
238;235;3.132
238;242;2.936
239;135;3.812
239;212;3.743
239;235;2.964
239;236;3.146
239;243;2.907
240;212;3.701
240;218;3.28
240;236;2.964
240;237;3.155
240;243;3.494
240;244;2.943
240;1309;3.384
241;237;2.971
241;245;2.958
241;1309;3.328
242;135;3.674
242;238;2.936
242;246;2.91
243;239;2.907
243;240;3.494
243;247;2.948
244;240;2.943
244;247;3.317
244;248;2.954
245;241;2.958
245;248;3.443
245;249;2.94
245;1255;3.689
245;1262;3.586
246;124;3.614
246;128;3.513
246;242;2.91
246;249;3.17
246;250;2.877
247;243;2.948
247;244;3.317
247;250;3.357
247;251;2.959
248;244;2.954
248;245;3.443
248;251;3.8
248;252;3.0
248;1373;3.8
249;245;2.94
249;246;3.17
249;252;3.515
249;253;2.893
249;1251;3.159
249;1254;3.9
250;246;2.877
250;247;3.357
250;253;3.12
250;254;2.953
250;682;3.564
251;247;2.959
251;248;3.8
251;255;3.084
251;682;3.745
251;685;3.67
251;1370;3.533
252;248;3.0
252;249;3.515
252;255;3.494
252;256;2.919
252;1373;3.975
252;1374;3.96
252;1377;3.479
253;249;2.893
253;250;3.12
253;257;2.927
254;121;4.02
254;250;2.953
254;257;3.321
254;258;3.069
254;686;3.831
255;251;3.084
255;252;3.494
255;258;3.291
255;259;3.084
255;685;3.706
255;686;4.005
255;689;3.417
255;1374;3.48
256;252;2.919
256;260;2.917
256;1378;3.796
257;116;3.863
257;120;3.546
257;253;2.927
257;254;3.321
257;260;3.194
257;261;2.948
258;254;3.069
258;255;3.291
258;262;3.061
258;686;3.71
259;255;3.084
259;262;3.362
259;263;2.919
259;693;3.881
259;1378;3.664
260;120;2.622
260;256;2.917
260;257;3.194
260;263;2.968
260;264;3.481
261;116;3.868
261;119;2.685
261;257;2.948
261;271;2.773
262;258;3.061
262;259;3.362
262;271;3.126
262;272;3.037
263;259;2.919
263;260;2.968
263;270;3.494
263;274;3.297
264;260;3.481
264;269;2.668
264;270;2.853
265;274;3.57
266;268;3.535
266;274;4.012
267;274;3.711
267;275;3.998
268;266;3.535
268;270;3.344
269;264;2.668
270;263;3.494
270;264;2.853
270;268;3.344
271;261;2.773
271;262;3.126
272;262;3.037
273;276;3.021
274;263;3.297
274;265;3.57
274;266;4.012
274;267;3.711
274;277;3.005
275;267;3.998
276;273;3.021
276;279;2.972
277;274;3.005
277;699;4.071
278;280;2.976
278;703;3.734
279;276;2.972
280;278;2.976
280;283;3.063
281;284;3.105
281;285;2.614
281;291;3.974
281;292;3.828
281;702;3.443
282;285;3.013
282;286;2.678
282;702;3.624
282;703;2.696
283;280;3.063
283;286;3.073
284;281;3.105
285;281;2.614
285;282;3.013
285;289;3.484
286;282;2.678
286;283;3.073
287;288;3.194
288;287;3.194
289;285;3.484
290;306;2.698
291;281;3.974
292;281;3.828
292;293;3.968
293;292;3.968
293;697;3.761
293;701;4.017
294;696;2.8
294;697;3.598
295;1099;3.314
295;1100;4.008
296;305;3.307
297;305;3.888
298;303;2.754
299;970;3.658
300;966;3.653
301;303;3.859
302;303;2.853
303;298;2.754
303;301;3.859
303;302;2.853
304;309;3.73
305;296;3.307
305;297;3.888
305;307;3.13
306;290;2.698
307;305;3.13
307;313;2.953
308;310;2.974
308;313;3.734
309;304;3.73
310;308;2.974
310;313;3.702
311;319;3.049
311;320;2.828
312;314;2.979
313;307;2.953
313;308;3.734
313;310;3.702
314;312;2.979
314;324;2.696
315;319;2.773
315;321;2.76
315;322;2.94
315;324;2.732
316;319;2.744
317;325;3.07
318;321;2.932
318;323;2.774
318;325;2.707
319;311;3.049
319;315;2.773
319;316;2.744
320;311;2.828
321;315;2.76
321;318;2.932
322;315;2.94
323;318;2.774
323;328;3.045
324;314;2.696
324;315;2.732
324;327;3.0
324;328;2.974
325;317;3.07
325;318;2.707
326;329;2.775
326;330;4.035
327;324;3.0
328;323;3.045
328;324;2.974
329;326;2.775
330;326;4.035
331;445;3.92
331;446;2.948
331;447;2.766
332;440;3.156
333;440;2.907
334;440;2.777
335;417;2.933
335;440;2.662
336;339;3.992
337;343;2.788
338;341;2.938
338;342;3.53
338;343;3.804
339;336;3.992
340;344;3.302
341;338;2.938
342;338;3.53
342;349;3.574
343;337;2.788
343;338;3.804
343;347;3.656
343;348;3.848
344;340;3.302
344;349;3.63
345;347;3.04
345;349;3.93
346;437;3.837
347;343;3.656
347;345;3.04
347;438;2.805
347;439;2.893
347;441;2.609
348;343;3.848
349;342;3.574
349;344;3.63
349;345;3.93
350;356;3.777
351;356;3.474
351;357;2.873
352;355;2.922
352;357;3.017
353;357;4.031
353;358;2.954
354;367;4.028
354;368;3.725
355;352;2.922
356;350;3.777
356;351;3.474
357;351;2.873
357;352;3.017
357;353;4.031
358;353;2.954
358;360;2.899
359;363;3.771
360;358;2.899
360;363;3.008
360;368;3.961
361;364;3.004
362;365;3.01
362;366;3.03
362;368;3.504
362;370;3.646
363;359;3.771
363;360;3.008
363;366;3.027
364;361;3.004
365;362;3.01
365;371;2.862
366;362;3.03
366;363;3.027
366;369;3.618
367;354;4.028
368;354;3.725
368;360;3.961
368;362;3.504
369;366;3.618
370;362;3.646
371;365;2.862
372;375;2.785
372;379;3.661
373;375;3.923
374;394;2.764
375;372;2.785
375;373;3.923
376;395;2.691
376;400;3.58
377;394;3.504
378;381;2.955
379;372;3.661
379;383;4.017
380;382;3.032
380;383;3.13
380;385;3.43
380;386;2.827
381;378;2.955
382;380;3.032
382;385;3.261
383;379;4.017
383;380;3.13
384;387;3.933
385;380;3.43
385;382;3.261
386;380;2.827
386;389;2.786
386;390;3.32
387;384;3.933
388;391;2.978
389;386;2.786
390;386;3.32
391;388;2.978
392;396;2.792
392;397;3.516
393;396;3.0
394;374;2.764
394;377;3.504
395;376;2.691
395;398;2.972
395;399;3.059
396;392;2.792
396;393;3.0
397;392;3.516
398;395;2.972
399;395;3.059
400;376;3.58
401;402;2.736
402;401;2.736
403;404;2.835
403;410;3.694
404;403;2.835
404;409;3.046
405;408;2.8
405;409;3.842
406;409;3.768
407;409;2.993
408;405;2.8
409;404;3.046
409;405;3.842
409;406;3.768
409;407;2.993
410;403;3.694
410;411;3.052
411;410;3.052
412;415;4.031
413;415;2.84
414;416;2.956
415;412;4.031
415;413;2.84
416;414;2.956
416;418;3.034
417;335;2.933
418;416;3.034
419;443;2.841
420;421;3.804
420;422;3.96
421;420;3.804
422;420;3.96
422;424;2.878
423;426;3.169
424;422;2.878
425;427;3.477
425;431;3.568
426;423;3.169
427;425;3.477
427;431;3.648
428;429;3.97
429;428;3.97
430;436;3.701
431;425;3.568
431;427;3.648
431;432;3.047
432;431;3.047
432;435;2.997
432;436;3.078
433;436;2.905
434;437;3.785
435;432;2.997
436;430;3.701
436;432;3.078
436;433;2.905
437;346;3.837
437;434;3.785
438;347;2.805
438;441;3.765
439;347;2.893
440;332;3.156
440;333;2.907
440;334;2.777
440;335;2.662
441;347;2.609
441;438;3.765
442;444;3.409
442;445;3.154
443;419;2.841
444;442;3.409
444;452;2.762
445;331;3.92
445;442;3.154
446;331;2.948
446;451;3.006
446;452;3.731
447;331;2.766
448;451;2.992
449;452;2.944
449;453;3.236
450;454;3.987
450;455;2.806
450;456;2.89
451;446;3.006
451;448;2.992
452;444;2.762
452;446;3.731
452;449;2.944
453;449;3.236
454;450;3.987
455;450;2.806
456;450;2.89
457;459;2.769
458;460;3.21
459;457;2.769
460;458;3.21
460;462;3.047
460;464;3.153
460;467;3.122
460;468;2.739
461;463;3.918
461;464;3.596
461;521;3.404
461;522;2.747
462;460;3.047
463;461;3.918
463;521;3.641
464;460;3.153
464;461;3.596
464;467;2.947
464;468;3.129
465;468;3.01
466;518;3.647
467;460;3.122
467;464;2.947
467;523;3.356
468;460;2.739
468;464;3.129
468;465;3.01
468;471;2.914
468;472;3.142
469;473;2.952
470;474;2.962
471;468;2.914
471;474;3.215
471;475;3.005
472;468;3.142
472;475;3.43
472;476;2.929
472;570;2.676
473;469;2.952
473;476;3.218
473;477;2.975
474;470;2.962
474;471;3.215
474;478;3.047
475;471;3.005
475;472;3.43
475;478;3.308
475;479;2.978
475;511;4.021
475;515;3.814
475;567;3.94
476;472;2.929
476;473;3.218
476;479;3.002
476;480;3.086
476;571;2.743
476;572;3.592
477;473;2.975
477;480;3.465
477;481;3.006
478;474;3.047
478;475;3.308
478;482;2.985
478;508;3.668
479;475;2.978
479;476;3.002
479;482;3.078
479;483;3.068
479;512;3.314
479;565;3.889
479;567;3.884
479;568;3.833
480;476;3.086
480;477;3.465
480;483;3.127
480;484;3.436
480;568;3.817
481;477;3.006
481;484;3.288
481;485;3.019
482;478;2.985
482;479;3.078
482;485;3.278
482;486;2.993
482;508;3.209
482;564;3.164
483;479;3.068
483;480;3.127
483;487;3.055
483;565;3.643
483;984;3.896
484;480;3.436
484;481;3.288
484;487;3.338
484;488;2.986
485;481;3.019
485;482;3.278
485;488;3.031
485;489;2.946
485;501;3.589
486;482;2.993
486;489;3.038
486;562;4.002
486;564;3.771
486;565;3.668
486;988;4.017
487;483;3.055
487;484;3.338
488;484;2.986
488;485;3.031
489;485;2.946
489;486;3.038
489;494;2.981
489;505;3.456
490;494;2.968
490;1031;3.231
491;1030;3.301
492;495;2.977
492;496;3.007
493;496;3.258
493;497;3.02
494;489;2.981
494;490;2.968
494;498;2.81
495;492;2.977
495;498;2.727
496;492;3.007
496;493;3.258
497;493;3.02
497;500;3.067
497;501;2.941
498;494;2.81
498;495;2.727
498;502;2.953
499;502;3.454
499;503;3.055
500;497;3.067
500;503;3.991
500;504;2.963
501;485;3.589
501;497;2.941
501;504;3.336
501;505;2.924
502;498;2.953
502;499;3.454
502;505;3.353
502;506;3.037
503;499;3.055
503;500;3.991
503;507;2.968
504;500;2.963
504;501;3.336
504;508;2.956
505;489;3.456
505;501;2.924
505;502;3.353
505;508;3.388
505;509;3.085
505;564;3.269
506;502;3.037
506;509;3.328
506;510;3.01
506;548;3.784
506;549;3.437
507;503;2.968
507;510;3.018
507;511;3.086
508;478;3.668
508;482;3.209
508;504;2.956
508;505;3.388
508;511;3.064
508;512;3.376
509;505;3.085
509;506;3.328
509;512;2.957
509;544;2.829
509;545;3.746
509;548;3.842
510;506;3.01
510;507;3.018
510;513;2.869
511;475;4.021
511;507;3.086
511;508;3.064
511;514;3.059
511;515;3.238
512;479;3.314
512;508;3.376
512;509;2.957
512;516;2.987
512;541;3.685
512;545;3.93
512;567;3.428
513;510;2.869
513;516;3.419
513;517;3.031
513;545;3.494
514;511;3.059
514;518;3.061
515;475;3.814
515;511;3.238
515;518;3.418
515;519;2.947
515;567;2.743
515;570;2.717
516;512;2.987
516;513;3.419
516;519;3.496
516;520;2.98
516;541;3.708
517;513;3.031
517;520;3.237
517;521;3.088
518;466;3.647
518;514;3.061
518;515;3.418
518;522;2.99
519;515;2.947
519;516;3.496
519;522;3.025
519;523;3.035
519;527;2.675
519;528;3.62
519;534;2.769
520;516;2.98
520;517;3.237
520;528;3.724
520;529;3.944
521;461;3.404
521;463;3.641
521;517;3.088
522;461;2.747
522;518;2.99
522;519;3.025
523;467;3.356
523;519;3.035
523;527;3.465
524;527;2.913
524;528;2.927
525;529;2.978
526;530;3.066
527;519;2.675
527;523;3.465
527;524;2.913
527;530;3.068
527;531;2.928
528;519;3.62
528;520;3.724
528;524;2.927
528;534;3.188
528;538;2.96
529;520;3.944
529;525;2.978
530;526;3.066
530;527;3.068
531;527;2.928
531;534;2.959
531;535;3.033
532;535;3.962
532;536;3.015
533;537;2.99
533;575;2.937
533;578;3.891
534;519;2.769
534;528;3.188
534;531;2.959
534;537;3.471
534;538;2.954
535;531;3.033
535;532;3.962
535;538;3.392
535;539;2.989
536;532;3.015
536;539;3.432
536;540;3.02
536;566;3.982
537;533;2.99
537;534;3.471
537;540;3.219
537;541;2.902
537;567;2.643
537;570;3.869
538;528;2.96
538;534;2.954
538;535;3.392
538;542;3.0
539;535;2.989
539;536;3.432
539;542;3.189
539;543;3.088
540;536;3.02
540;537;3.219
540;544;3.025
541;512;3.685
541;516;3.708
541;537;2.902
541;545;2.93
541;567;3.755
542;538;3.0
542;539;3.189
542;546;2.991
543;539;3.088
543;547;3.206
543;560;3.569
544;509;2.829
544;540;3.025
544;548;3.416
544;564;3.071
545;509;3.746
545;512;3.93
545;513;3.494
545;541;2.93
545;548;3.132
545;549;2.915
546;542;2.991
546;549;3.254
546;550;3.035
547;543;3.206
547;551;3.009
547;552;3.038
547;561;3.891
548;506;3.784
548;509;3.842
548;544;3.416
548;545;3.132
548;552;3.652
548;561;3.915
549;506;3.437
549;545;2.915
549;546;3.254
550;546;3.035
551;547;3.009
551;553;2.936
552;547;3.038
552;548;3.652
552;558;2.832
553;551;2.936
553;558;3.296
554;557;2.802
555;558;3.262
555;559;2.925
556;559;3.329
556;560;2.965
556;1070;3.797
557;554;2.802
557;560;3.067
557;561;3.085
558;552;2.832
558;553;3.296
558;555;3.262
558;561;2.918
559;555;2.925
559;556;3.329
559;562;3.046
560;543;3.569
560;556;2.965
560;557;3.067
560;563;2.981
561;547;3.891
561;548;3.915
561;557;3.085
561;558;2.918
561;564;3.054
562;486;4.002
562;559;3.046
562;565;3.177
562;988;3.749
562;989;3.863
563;560;2.981
563;566;2.89
563;985;3.668
563;989;4.149
564;482;3.164
564;486;3.771
564;505;3.269
564;544;3.071
564;561;3.054
564;567;2.953
565;479;3.889
565;483;3.643
565;486;3.668
565;562;3.177
565;568;2.945
565;981;3.848
565;985;3.504
566;536;3.982
566;563;2.89
566;569;2.771
566;982;3.426
566;985;3.5
567;475;3.94
567;479;3.884
567;512;3.428
567;515;2.743
567;537;2.643
567;541;3.755
567;564;2.953
567;570;2.982
568;479;3.833
568;480;3.817
568;565;2.945
568;571;2.968
568;572;2.95
568;574;3.867
568;981;3.574
569;566;2.771
570;472;2.676
570;515;2.717
570;537;3.869
570;567;2.982
571;476;2.743
571;568;2.968
572;476;3.592
572;568;2.95
572;574;3.908
572;575;3.019
573;576;3.037
573;577;2.931
573;974;3.246
574;568;3.867
574;572;3.908
574;577;3.214
574;578;3.015
574;978;3.487
575;533;2.937
575;572;3.019
575;578;3.862
575;579;3.043
576;573;3.037
576;580;3.006
577;573;2.931
577;574;3.214
577;580;3.267
577;581;2.953
577;978;3.63
578;533;3.891
578;574;3.015
578;575;3.862
578;582;3.059
579;575;3.043
579;582;3.353
579;583;2.764
580;576;3.006
580;577;3.267
580;583;3.305
580;584;2.936
581;577;2.953
581;584;3.193
581;585;3.08
581;1084;3.602
582;578;3.059
582;579;3.353
582;585;2.996
583;579;2.764
583;580;3.305
583;586;2.978
584;580;2.936
584;581;3.193
584;587;3.072
584;588;3.083
584;688;3.78
584;1084;3.491
584;1088;3.496
585;581;3.08
585;582;2.996
585;589;2.974
585;1084;3.877
586;583;2.978
586;589;3.024
587;584;3.072
587;688;3.911
588;584;3.083
588;591;3.251
588;592;2.876
588;684;3.58
588;1084;3.839
589;585;2.974
589;586;3.024
589;593;3.05
590;106;3.44
590;110;3.341
590;593;3.208
590;594;3.291
591;110;3.979
591;588;3.251
591;594;3.057
591;595;3.026
591;683;3.529
591;684;3.818
592;588;2.876
592;596;2.927
593;589;3.05
593;590;3.208
593;596;3.318
593;597;3.055
594;107;3.685
594;590;3.291
594;591;3.057
594;597;3.458
594;598;3.027
595;591;3.026
595;598;3.479
595;599;2.961
595;646;3.932
595;680;4.022
596;592;2.927
596;593;3.318
596;600;2.977
597;100;3.535
597;593;3.055
597;594;3.458
597;600;3.289
597;601;2.998
598;594;3.027
598;595;3.479
598;601;3.297
598;602;2.948
598;676;3.721
599;595;2.961
599;602;3.497
599;603;2.93
599;639;3.448
599;642;3.798
600;19;3.492
600;23;3.812
600;596;2.977
600;597;3.289
600;603;3.259
600;604;2.998
600;635;3.54
601;94;3.956
601;98;3.953
601;597;2.998
601;598;3.297
601;604;3.266
601;605;2.995
602;598;2.948
602;599;3.497
602;606;2.958
602;642;3.768
602;672;4.093
602;673;3.538
602;676;3.889
603;599;2.93
603;600;3.259
603;606;3.26
603;607;2.993
603;635;3.809
603;638;3.985
603;639;4.007
604;94;3.63
604;600;2.998
604;601;3.266
604;608;3.327
605;94;3.683
605;601;2.995
605;608;3.33
605;609;3.023
606;602;2.958
606;603;3.26
606;610;2.998
606;611;2.82
606;632;3.83
607;25;3.237
607;603;2.993
607;611;3.053
607;612;3.15
607;634;3.989
608;91;3.449
608;604;3.327
608;605;3.33
609;87;3.896
609;91;3.877
609;605;3.023
609;612;2.808
610;606;2.998
610;613;3.01
610;614;3.577
610;628;3.5
610;632;4.124
610;666;3.418
610;669;3.995
611;606;2.82
611;607;3.053
611;628;3.762
612;607;3.15
612;609;2.808
613;610;3.01
613;625;4.087
613;628;2.982
614;610;3.577
614;626;3.077
614;628;2.969
614;654;3.808
614;655;3.435
614;662;2.789
614;666;3.527
615;624;2.647
615;625;3.36
615;655;3.685
615;656;2.922
616;619;3.007
616;620;2.843
616;621;2.821
616;622;2.754
617;656;2.783
617;658;3.666
618;621;3.842
619;616;3.007
619;624;3.975
620;616;2.843
621;616;2.821
621;618;3.842
621;1018;3.942
622;616;2.754
623;629;3.562
623;630;3.144
624;615;2.647
624;619;3.975
625;613;4.087
625;615;3.36
625;629;3.517
626;614;3.077
626;629;3.164
626;630;3.136
626;653;2.869
626;654;3.542
627;630;3.033
627;631;2.843
627;652;3.868
628;610;3.5
628;611;3.762
628;613;2.982
628;614;2.969
628;632;3.678
628;654;3.604
629;623;3.562
629;625;3.517
629;626;3.164
629;633;3.511
630;623;3.144
630;626;3.136
630;627;3.033
630;637;3.794
630;1058;3.642
631;627;2.843
631;637;3.344
631;640;4.028
631;641;3.859
631;1049;3.389
631;1053;3.878
632;606;3.83
632;610;4.124
632;628;3.678
632;637;3.785
632;641;3.629
632;654;4.055
633;629;3.511
633;1062;2.726
634;25;3.649
634;607;3.989
634;637;2.846
634;638;2.943
634;1065;2.871
635;25;3.268
635;600;3.54
635;603;3.809
635;639;2.959
636;639;3.082
636;640;2.979
636;1065;3.852
636;1068;4.01
636;1069;3.696
636;1072;3.78
637;630;3.794
637;631;3.344
637;632;3.785
637;634;2.846
637;640;3.343
637;641;2.996
637;1053;2.939
638;603;3.985
638;634;2.943
638;642;2.964
639;599;3.448
639;603;4.007
639;635;2.959
639;636;3.082
639;642;3.474
639;643;2.981
640;631;4.028
640;636;2.979
640;637;3.343
640;643;3.198
640;644;3.019
640;1053;3.942
640;1072;3.671
641;631;3.859
641;632;3.629
641;637;2.996
641;644;3.139
641;645;3.019
641;651;3.794
642;599;3.798
642;602;3.768
642;638;2.964
642;639;3.474
642;645;3.365
642;646;2.99
642;673;4.035
643;639;2.981
643;640;3.198
643;646;3.069
643;647;3.201
643;1045;3.913
643;1048;3.59
643;1072;3.704
643;1079;3.911
644;640;3.019
644;641;3.139
644;650;2.859
644;1049;3.525
645;641;3.019
645;642;3.365
645;648;2.964
645;670;3.408
645;673;3.58
645;674;3.952
646;595;3.932
646;642;2.99
646;643;3.069
646;677;3.741
647;643;3.201
647;1045;3.473
648;645;2.964
648;670;2.878
648;674;3.993
649;216;3.785
649;1045;3.82
649;1046;2.749
649;1047;2.823
650;211;3.596
650;216;3.411
650;217;5.722
650;644;2.859
650;670;3.861
650;1050;3.891
651;641;3.794
651;654;3.5
651;670;3.271
652;627;3.868
652;1050;3.498
653;626;2.869
653;1005;3.823
654;614;3.808
654;626;3.542
654;628;3.604
654;632;4.055
654;651;3.5
654;663;3.307
654;666;3.437
655;614;3.435
655;615;3.685
655;659;3.36
655;663;2.92
656;615;2.922
656;617;2.783
656;663;3.67
657;1006;3.402
658;617;3.666
659;655;3.36
659;662;2.777
659;663;3.075
660;664;2.951
661;664;3.305
661;665;3.009
662;614;2.789
662;659;2.777
662;665;3.228
662;666;3.09
663;654;3.307
663;655;2.92
663;656;3.67
663;659;3.075
663;666;3.402
663;667;2.913
664;660;2.951
664;661;3.305
664;667;3.29
664;668;3.015
665;661;3.009
665;662;3.228
665;668;3.474
665;669;3.356
666;610;3.418
666;614;3.527
666;654;3.437
666;662;3.09
666;663;3.402
666;669;3.431
666;670;2.937
667;207;3.829
667;663;2.913
667;664;3.29
667;670;3.261
667;671;2.965
668;664;3.015
668;665;3.474
668;671;3.41
668;672;3.02
669;610;3.995
669;665;3.356
669;666;3.431
669;672;3.323
669;673;2.994
670;645;3.408
670;648;2.878
670;650;3.861
670;651;3.271
670;666;2.937
670;667;3.261
670;673;3.283
670;674;2.985
671;210;3.488
671;667;2.965
671;668;3.41
671;674;3.441
671;675;2.998
672;602;4.093
672;668;3.02
672;669;3.323
672;675;3.496
672;676;3.008
673;602;3.538
673;642;4.035
673;645;3.58
673;669;2.994
673;670;3.283
673;677;2.96
674;214;3.651
674;645;3.952
674;648;3.993
674;670;2.985
674;671;3.441
674;678;2.926
675;210;3.956
675;671;2.998
675;672;3.496
675;678;3.445
675;679;3.029
676;598;3.721
676;602;3.889
676;672;3.008
676;679;3.497
676;680;2.978
677;646;3.741
677;673;2.96
677;680;3.152
677;681;2.929
678;674;2.926
678;675;3.445
678;681;3.275
678;682;2.983
679;114;3.773
679;675;3.029
679;676;3.497
679;682;3.493
679;683;3.023
680;595;4.022
680;676;2.978
680;677;3.152
680;683;3.326
680;684;2.919
681;677;2.929
681;678;3.275
681;684;3.125
681;685;3.083
682;250;3.564
682;251;3.745
682;678;2.983
682;679;3.493
682;685;3.467
682;686;3.018
683;591;3.529
683;679;3.023
683;680;3.326
683;687;2.903
684;588;3.58
684;591;3.818
684;680;2.919
684;681;3.125
684;687;3.379
684;688;3.139
684;1087;3.395
685;251;3.67
685;255;3.706
685;681;3.083
685;682;3.467
685;688;3.473
685;689;2.943
685;1087;3.569
685;1090;3.742
685;1370;6.367
686;254;3.831
686;255;4.005
686;258;3.71
686;682;3.018
686;690;2.96
687;683;2.903
687;684;3.379
687;691;3.082
688;584;3.78
688;587;3.911
688;684;3.139
688;685;3.473
688;691;3.282
688;692;3.015
688;1087;3.64
688;1088;3.719
688;1091;3.543
689;255;3.417
689;685;2.943
689;692;3.411
689;693;2.973
689;1091;4.032
689;1094;3.485
690;686;2.96
690;693;3.251
690;694;3.043
691;687;3.082
691;688;3.282
691;694;3.126
691;695;3.122
692;688;3.015
692;689;3.411
692;695;2.945
692;696;3.019
692;1091;3.509
692;1095;3.463
693;259;3.881
693;689;2.973
693;690;3.251
693;1095;3.551
693;1098;3.715
694;690;3.043
694;691;3.126
695;691;3.122
695;692;2.945
696;294;2.8
696;692;3.019
696;1095;3.741
697;293;3.761
697;294;3.598
698;1098;3.86
699;277;4.071
699;1103;2.788
700;704;2.92
700;1102;3.953
700;1103;2.811
701;293;4.017
702;281;3.443
702;282;3.624
703;278;3.734
703;282;2.696
704;700;2.92
704;1102;2.723
705;707;3.542
706;1102;2.719
706;1105;3.811
706;1110;3.958
707;705;3.542
707;1106;3.44
707;1107;3.696
707;1108;3.911
708;1107;2.999
708;1110;3.162
709;1111;3.877
710;1113;3.881
711;714;3.185
712;806;3.458
713;716;3.713
713;801;3.172
713;806;3.619
714;711;3.185
715;722;2.771
716;713;3.713
716;718;3.694
716;719;3.473
716;721;4.023
716;799;2.917
716;804;2.726
717;720;3.734
718;716;3.694
718;806;3.657
718;811;3.592
719;716;3.473
719;775;4.012
719;811;2.863
720;717;3.734
721;716;4.023
721;773;3.517
721;774;3.046
721;800;2.735
722;715;2.771
722;773;3.853
723;730;3.95
724;730;2.962
725;731;2.797
726;765;3.311
726;766;3.814
727;767;3.456
728;772;2.713
729;732;2.823
730;723;3.95
730;724;2.962
731;725;2.797
732;729;2.823
733;759;2.641
734;736;2.855
735;736;2.797
736;734;2.855
736;735;2.797
736;739;3.634
737;741;2.868
738;741;3.265
738;742;3.741
739;736;3.634
740;741;2.998
741;737;2.868
741;738;3.265
741;740;2.998
742;738;3.741
742;829;4.014
743;829;3.973
744;829;2.709
745;807;3.066
745;808;2.777
745;809;2.79
745;822;2.929
746;749;2.959
746;750;3.505
746;751;2.772
747;824;3.491
748;820;3.02
748;821;3.977
749;746;2.959
749;816;2.803
749;817;2.868
750;746;3.505
750;818;3.074
750;820;3.327
751;746;2.772
751;816;2.695
752;815;3.725
752;817;2.795
753;754;2.836
754;753;2.836
755;757;3.021
756;758;2.895
757;755;3.021
757;760;3.677
758;756;2.895
759;733;2.641
760;757;3.677
761;764;2.988
761;765;3.239
762;763;2.974
763;762;2.974
763;765;3.031
763;767;3.879
763;768;3.847
763;769;3.788
764;761;2.988
765;726;3.311
765;761;3.239
765;763;3.031
766;726;3.814
767;727;3.456
767;763;3.879
768;763;3.847
769;763;3.788
770;771;3.537
771;770;3.537
772;728;2.713
773;721;3.517
773;722;3.853
774;721;3.046
775;719;4.012
775;797;4.036
775;798;4.121
776;779;3.377
776;798;2.981
777;778;2.96
778;777;2.96
779;776;3.377
779;781;2.888
779;798;3.736
780;796;3.044
781;779;2.888
781;789;2.903
782;785;2.851
782;786;2.853
783;789;2.825
783;790;3.201
784;791;3.812
784;792;2.844
785;782;2.851
786;782;2.853
786;793;3.756
786;796;3.607
787;791;3.904
787;793;3.877
788;791;3.006
788;795;2.867
789;781;2.903
789;783;2.825
789;795;3.751
790;783;3.201
791;784;3.812
791;787;3.904
791;788;3.006
792;784;2.844
793;786;3.756
793;787;3.877
794;1125;2.871
795;788;2.867
795;789;3.751
796;780;3.044
796;786;3.607
797;775;4.036
798;775;4.121
798;776;2.981
798;779;3.736
799;716;2.917
799;802;3.435
800;721;2.735
801;713;3.172
802;799;3.435
802;804;3.22
803;805;3.334
804;716;2.726
804;802;3.22
805;803;3.334
806;712;3.458
806;713;3.619
806;718;3.657
807;745;3.066
808;745;2.777
808;819;3.515
809;745;2.79
809;812;3.073
810;813;3.01
811;718;3.592
811;719;2.863
811;814;3.044
812;809;3.073
813;810;3.01
813;818;2.043
814;811;3.044
815;752;3.725
816;749;2.803
816;751;2.695
817;749;2.868
817;752;2.795
818;750;3.074
818;813;2.043
819;808;3.515
820;748;3.02
820;750;3.327
821;748;3.977
822;745;2.929
823;825;2.8
824;747;3.491
825;823;2.8
826;830;2.74
827;829;2.772
827;830;2.764
828;830;3.499
829;742;4.014
829;743;3.973
829;744;2.709
829;827;2.772
830;826;2.74
830;827;2.764
830;828;3.499
831;832;2.971
831;835;3.841
831;836;3.721
832;831;2.971
832;842;3.503
833;836;3.031
834;838;2.816
834;841;2.825
834;842;3.024
835;831;3.841
836;831;3.721
836;833;3.031
836;841;3.794
837;841;3.388
837;898;3.906
837;899;3.811
838;834;2.816
838;841;2.94
838;898;2.836
839;842;3.03
839;894;3.734
840;845;3.838
840;891;3.982
840;894;3.589
840;895;3.564
841;834;2.825
841;836;3.794
841;837;3.388
841;838;2.94
842;832;3.503
842;834;3.024
842;839;3.03
842;845;2.738
842;846;2.971
843;847;3.047
844;848;2.946
845;840;3.838
845;842;2.738
845;848;3.263
845;849;2.975
846;842;2.971
846;849;3.304
846;850;3.137
846;954;3.294
847;843;3.047
847;850;3.374
847;851;2.984
848;844;2.946
848;845;3.263
848;851;3.311
848;852;2.914
849;845;2.975
849;846;3.304
849;852;3.443
849;853;2.96
849;888;3.752
849;891;3.768
850;846;3.137
850;847;3.374
850;853;3.37
850;854;2.958
850;954;3.651
851;847;2.984
851;848;3.311
851;854;3.226
851;855;2.975
852;848;2.914
852;849;3.443
852;856;2.953
852;888;3.949
853;849;2.96
853;850;3.37
853;857;2.896
853;884;3.953
853;888;3.374
853;947;3.719
853;951;3.755
854;850;2.958
854;851;3.226
854;857;3.147
854;858;2.983
855;851;2.975
855;858;3.147
855;859;2.993
856;852;2.953
856;859;3.491
856;860;2.935
856;947;3.615
857;853;2.896
857;854;3.147
857;860;3.487
857;861;2.977
858;854;2.983
858;855;3.147
858;861;3.374
858;862;2.976
859;855;2.993
859;856;3.491
859;862;3.031
860;856;2.935
860;857;3.487
860;945;3.921
861;857;2.977
861;858;3.374
861;865;3.73
861;1278;3.836
862;858;2.976
862;859;3.031
862;865;3.079
862;866;3.011
862;869;3.545
862;873;3.77
862;877;3.901
863;870;2.762
863;938;2.695
864;867;3.338
864;870;2.674
864;1281;3.354
864;1335;3.02
865;861;3.73
865;862;3.079
865;1301;3.752
866;862;3.011
866;869;2.959
866;870;3.026
867;864;3.338
867;870;3.19
867;871;3.006
867;1336;4.038
868;871;2.641
869;862;3.545
869;866;2.959
869;872;3.287
869;873;2.963
870;863;2.762
870;864;2.674
870;866;3.026
870;867;3.19
870;874;3.024
870;1334;3.875
871;867;3.006
871;868;2.641
871;1336;3.45
872;869;3.287
873;862;3.77
873;869;2.963
873;876;3.116
873;877;3.033
874;870;3.024
874;878;2.749
875;879;3.019
876;873;3.116
876;879;3.335
876;880;2.979
877;862;3.901
877;873;3.033
877;880;3.036
877;881;3.279
878;874;2.749
878;881;2.995
878;882;3.029
878;938;2.88
878;941;3.78
879;875;3.019
879;876;3.335
879;882;2.893
879;883;2.954
880;876;2.979
880;877;3.036
880;883;3.472
880;884;2.924
881;877;3.279
881;878;2.995
881;885;3.009
881;944;3.809
882;878;3.029
882;879;2.893
882;885;3.353
882;886;3.039
883;879;2.954
883;880;3.472
883;887;2.985
884;853;3.953
884;880;2.924
884;887;3.249
884;888;2.946
884;944;4.019
884;947;3.571
885;881;3.009
885;882;3.353
885;889;2.975
885;944;3.855
886;882;3.039
886;890;3.03
887;883;2.985
887;884;3.249
887;890;4.019
887;891;2.942
888;849;3.752
888;852;3.949
888;853;3.374
888;884;2.946
888;892;2.998
888;950;3.696
889;885;2.975
889;892;3.389
889;893;2.958
889;917;3.847
889;921;3.659
890;886;3.03
890;887;4.019
890;893;3.33
890;894;2.946
891;840;3.982
891;849;3.768
891;887;2.942
891;895;2.738
891;950;3.609
892;888;2.998
892;889;3.389
892;895;3.38
892;896;2.945
892;914;3.802
893;889;2.958
893;890;3.33
893;896;3.235
893;897;2.966
894;839;3.734
894;840;3.589
894;890;2.946
894;898;3.004
895;840;3.564
895;891;2.738
895;892;3.38
895;898;3.439
895;899;3.085
895;904;3.835
895;910;3.949
895;913;2.682
896;892;2.945
896;893;3.235
896;899;3.023
896;900;2.928
896;901;3.427
896;904;3.565
896;905;3.923
897;893;2.966
898;837;3.906
898;838;2.836
898;894;3.004
898;895;3.439
899;837;3.811
899;895;3.085
899;896;3.023
899;903;2.82
899;904;3.98
899;907;3.806
899;910;3.648
900;896;2.928
900;903;3.441
900;904;2.96
901;896;3.427
901;904;3.444
901;905;3.024
902;906;2.852
903;899;2.82
903;900;3.441
904;895;3.835
904;896;3.565
904;899;3.98
904;900;2.96
904;901;3.444
904;907;3.025
904;910;3.792
904;914;3.769
905;896;3.923
905;901;3.024
905;911;3.687
905;914;5.613
906;902;2.852
907;899;3.806
907;904;3.025
907;910;3.04
907;911;2.932
908;912;2.981
909;912;3.352
909;913;2.992
909;962;3.953
910;895;3.949
910;899;3.648
910;904;3.792
910;907;3.04
910;913;3.181
910;914;2.996
911;905;3.687
911;907;2.932
911;914;3.901
911;915;2.968
912;908;2.981
912;909;3.352
912;915;3.287
913;895;2.682
913;909;2.992
913;910;3.181
913;950;2.939
913;953;2.784
914;892;3.802
914;904;3.769
914;905;5.613
914;910;2.996
914;911;3.901
914;917;3.044
914;918;2.961
915;911;2.968
915;912;3.287
915;919;3.02
916;950;3.738
917;889;3.847
917;914;3.044
917;920;3.05
917;921;3.089
918;914;2.961
918;921;2.953
918;922;2.909
919;915;3.02
919;923;2.971
919;943;3.673
920;917;3.05
920;923;4.0
920;924;3.049
920;944;2.866
921;889;3.659
921;917;3.089
921;918;2.953
921;924;3.356
921;925;2.977
922;918;2.909
922;925;3.211
922;926;2.984
923;919;2.971
923;920;4.0
923;926;3.452
923;927;2.989
924;920;3.049
924;921;3.356
924;927;3.285
924;928;2.986
924;937;3.717
925;921;2.977
925;922;3.211
925;928;3.247
925;929;2.944
926;922;2.984
926;923;3.452
926;929;3.159
926;930;2.962
927;923;2.989
927;924;3.285
927;932;3.041
927;936;3.311
927;937;3.366
927;940;3.667
928;924;2.986
928;925;3.247
928;931;2.998
929;925;2.944
929;926;3.159
930;926;2.962
931;928;2.998
932;927;3.041
933;936;3.78
933;937;3.178
934;937;3.476
934;938;3.003
935;938;2.722
935;939;3.238
936;927;3.311
936;933;3.78
936;940;3.004
937;924;3.717
937;927;3.366
937;933;3.178
937;934;3.476
937;941;2.982
938;863;2.695
938;878;2.88
938;934;3.003
938;935;2.722
938;1333;3.874
939;935;3.238
939;942;3.06
939;1283;3.891
939;1330;2.991
939;1331;3.67
939;1332;3.143
940;927;3.667
940;936;3.004
941;878;3.78
941;937;2.982
941;944;2.741
942;939;3.06
942;945;2.749
942;946;3.321
942;1279;3.632
943;919;3.673
943;946;2.98
944;881;3.809
944;884;4.019
944;885;3.855
944;920;2.866
944;941;2.741
944;947;2.862
945;860;3.921
945;942;2.749
946;942;3.321
946;943;2.98
946;949;2.939
946;950;3.009
946;1275;3.811
947;853;3.719
947;856;3.615
947;884;3.571
947;944;2.862
947;950;2.979
947;951;3.169
948;951;2.96
948;1275;3.633
949;946;2.939
949;952;2.774
949;1275;3.81
950;888;3.696
950;891;3.609
950;913;2.939
950;916;3.738
950;946;3.009
950;947;2.979
950;953;2.91
951;853;3.755
951;947;3.169
951;948;2.96
951;954;3.002
951;955;2.916
952;949;2.774
952;955;3.153
952;958;3.529
952;962;3.675
953;913;2.784
953;950;2.91
953;959;2.929
954;846;3.294
954;850;3.651
954;951;3.002
954;959;3.932
955;951;2.916
955;952;3.153
955;958;3.485
955;959;2.996
956;959;3.66
