source;destination;distance
0;3;2.787
1;47;3.602
2;7;3.603
2;48;3.668
3;0;2.787
4;7;3.257
4;8;2.974
5;9;2.973
6;10;2.966
7;2;3.603
7;4;3.257
7;10;3.127
7;11;2.971
7;43;3.957
7;47;3.75
8;4;2.974
8;11;3.454
8;12;2.976
9;5;2.973
9;13;2.922
10;6;2.966
10;7;3.127
10;14;2.943
11;7;2.971
11;8;3.454
11;14;3.447
11;15;3.021
11;44;3.574
12;8;2.976
12;16;2.973
12;104;3.95
13;9;2.922
13;16;3.397
13;17;2.944
14;10;2.943
14;11;3.447
14;18;3.003
14;37;3.657
15;11;3.021
15;19;2.98
15;100;3.804
16;12;2.973
16;13;3.397
16;19;3.138
16;20;3.089
17;13;2.944
17;20;3.275
17;21;2.976
18;14;3.003
18;22;2.959
18;37;3.183
18;96;3.593
19;15;2.98
19;16;3.138
19;22;3.195
19;97;3.534
19;607;3.479
20;16;3.089
20;17;3.275
21;17;2.976
21;24;2.981
21;30;3.606
21;33;3.408
22;18;2.959
22;19;3.195
22;93;4.035
22;97;4.033
23;607;3.7
24;21;2.981
24;27;4.03
25;614;3.232
25;641;3.709
25;642;3.291
26;30;3.83
27;24;4.03
27;30;2.853
28;31;2.728
28;32;3.027
29;32;3.284
29;33;2.973
30;21;3.606
30;26;3.83
30;27;2.853
30;33;3.406
30;34;3.001
31;28;2.728
31;34;3.49
31;35;3.009
32;28;3.027
32;29;3.284
32;36;2.995
33;21;3.408
33;29;2.973
33;30;3.406
33;36;3.216
33;37;2.943
34;30;3.001
34;31;3.49
34;37;3.36
34;38;2.944
34;93;2.817
34;96;3.201
35;31;3.009
35;38;3.312
35;39;2.956
35;81;3.966
36;32;2.995
36;33;3.216
36;39;3.371
36;40;3.001
37;14;3.657
37;18;3.183
37;33;2.943
37;34;3.36
37;40;3.029
37;41;2.858
37;96;3.451
38;34;2.944
38;35;3.312
38;42;2.977
38;80;2.758
39;35;2.956
39;36;3.371
39;42;3.18
39;43;2.985
40;36;3.001
40;37;3.029
40;43;3.464
40;44;2.915
41;37;2.858
41;45;2.947
41;73;3.472
41;99;3.449
42;38;2.977
42;39;3.18
42;45;3.298
42;46;2.978
43;7;3.957
43;39;2.985
43;40;3.464
43;46;3.417
43;47;3.061
44;11;3.574
44;40;2.915
44;47;3.229
44;48;2.801
44;99;2.665
45;41;2.947
45;42;3.298
45;49;2.99
45;56;3.957
45;73;3.915
46;42;2.978
46;43;3.417
46;50;3.075
46;51;3.941
47;1;3.602
47;7;3.75
47;43;3.061
47;44;3.229
48;2;3.668
48;44;2.801
48;66;3.237
48;69;2.649
49;45;2.99
49;56;3.983
49;59;3.834
49;66;3.67
50;46;3.075
50;55;3.65
51;46;3.941
52;55;3.11
52;58;3.456
53;56;2.981
54;57;2.993
55;50;3.65
55;52;3.11
55;58;2.999
56;45;3.957
56;49;3.983
56;53;2.981
56;59;3.041
56;70;3.973
57;54;2.993
57;60;3.024
57;70;4.016
58;52;3.456
58;55;2.999
58;61;3.036
59;49;3.834
59;56;3.041
59;62;2.982
59;63;3.781
59;66;3.496
59;67;3.915
59;70;3.803
60;57;3.024
60;67;3.831
61;58;3.036
62;59;2.982
63;59;3.781
63;67;2.889
64;67;3.414
64;68;3.034
65;68;3.052
65;69;3.054
65;102;3.331
65;108;3.26
65;111;3.818
66;48;3.237
66;49;3.67
66;59;3.496
66;69;3.837
66;70;2.978
67;59;3.915
67;60;3.831
67;63;2.889
67;64;3.414
67;70;3.473
67;71;2.966
68;64;3.034
68;65;3.052
68;72;3.005
68;101;3.798
69;48;2.649
69;65;3.054
69;66;3.837
69;72;3.327
69;73;2.91
69;99;3.151
69;102;2.785
70;56;3.973
70;57;4.016
70;59;3.803
70;66;2.978
70;67;3.473
70;73;3.168
70;74;2.984
71;67;2.966
71;74;3.454
71;75;2.981
72;68;3.005
72;69;3.327
72;76;2.921
72;95;3.603
73;41;3.472
73;45;3.915
73;69;2.91
73;70;3.168
73;76;3.425
73;77;2.896
74;70;2.984
74;71;3.454
74;77;3.381
74;78;3.014
75;71;2.981
75;78;3.456
75;79;2.982
75;92;3.391
76;72;2.921
76;73;3.425
76;79;3.008
76;80;2.861
77;73;2.896
77;74;3.381
77;81;2.968
78;74;3.014
78;75;3.456
78;82;3.012
79;75;2.982
79;76;3.008
79;83;3.967
79;89;2.73
80;38;2.758
80;76;2.861
80;83;3.222
80;96;3.587
81;35;3.966
81;77;2.968
82;78;3.012
82;84;2.994
83;79;3.967
83;80;3.222
83;90;2.945
83;93;3.557
84;82;2.994
85;89;3.642
86;89;3.155
87;90;2.91
87;91;3.182
87;616;3.903
88;91;3.078
89;79;2.73
89;85;3.642
89;86;3.155
89;92;3.013
90;83;2.945
90;87;2.91
91;87;3.182
91;88;3.078
91;94;3.019
91;615;3.449
91;616;3.882
92;75;3.391
92;89;3.013
92;95;2.866
93;22;4.035
93;34;2.817
93;83;3.557
93;96;2.911
94;91;3.019
94;97;2.875
94;608;3.956
94;611;3.63
94;612;3.691
95;72;3.603
95;92;2.866
95;98;3.101
95;99;3.036
96;18;3.593
96;34;3.201
96;37;3.451
96;80;3.587
96;93;2.911
96;99;3.138
97;19;3.534
97;22;4.033
97;94;2.875
97;100;3.028
98;95;3.101
98;101;2.736
98;608;3.978
99;41;3.449
99;44;2.665
99;69;3.151
99;95;3.036
99;96;3.138
99;102;2.757
99;103;3.316
100;15;3.804
100;97;3.028
100;103;3.0
100;104;2.941
100;107;3.665
100;604;3.509
101;68;3.798
101;98;2.736
101;107;4.016
101;111;3.796
102;65;3.331
102;69;2.785
102;99;2.757
102;108;2.791
103;99;3.316
103;100;3.0
104;12;3.95
104;100;2.941
104;107;3.088
104;108;2.975
105;108;3.403
105;109;2.947
106;110;3.134
106;597;3.44
107;100;3.665
107;101;4.016
107;104;3.088
107;110;3.418
107;111;3.009
107;601;3.678
108;65;3.26
108;102;2.791
108;104;2.975
108;105;3.403
108;111;3.473
108;112;2.983
109;105;2.947
109;112;3.153
109;113;3.01
110;106;3.134
110;107;3.418
110;113;3.133
110;114;3.003
110;597;3.336
110;598;4.034
111;65;3.818
111;101;3.796
111;107;3.009
111;108;3.473
111;114;3.219
111;115;3.021
112;108;2.983
112;109;3.153
112;115;3.427
112;116;3.001
113;109;3.01
113;110;3.133
113;116;3.237
113;117;3.045
114;110;3.003
114;111;3.219
114;117;3.049
114;118;3.265
114;686;3.751
115;111;3.021
115;112;3.427
115;118;2.984
116;112;3.001
116;113;3.237
116;119;2.796
116;261;3.787
117;113;3.045
117;114;3.049
117;120;3.108
117;121;3.011
118;114;3.265
118;115;2.984
118;122;3.01
119;116;2.796
119;122;3.481
119;265;2.712
120;117;3.108
120;261;3.792
120;264;2.648
120;265;2.778
121;117;3.011
121;124;3.328
121;125;2.939
121;258;3.969
122;118;3.01
122;119;3.481
122;126;2.976
123;126;3.192
123;127;3.094
123;1251;3.469
123;1252;2.966
124;121;3.328
124;127;3.43
124;128;3.159
124;250;3.605
124;1255;4.011
125;121;2.939
125;128;3.372
125;129;2.93
126;122;2.976
126;123;3.192
126;129;3.335
126;130;2.986
127;123;3.094
127;124;3.43
127;131;2.966
127;1246;3.988
127;1252;3.985
127;1255;3.818
128;124;3.159
128;125;3.372
128;131;3.312
128;132;2.892
128;250;3.433
129;125;2.93
129;126;3.335
129;132;3.473
129;133;3.018
130;126;2.986
130;133;3.425
130;134;2.939
130;1242;3.666
130;1245;3.389
130;1246;3.783
131;127;2.966
131;128;3.312
131;134;3.476
131;135;2.873
132;128;2.892
132;129;3.473
132;136;2.967
132;210;3.708
132;213;4.004
133;129;3.018
133;130;3.425
133;136;3.172
133;137;3.006
134;130;2.939
134;131;3.476
134;137;3.302
134;138;2.975
134;1153;3.728
134;1242;3.772
135;131;2.873
135;139;2.947
135;213;3.583
135;239;3.691
135;243;3.766
135;246;3.676
136;132;2.967
136;133;3.172
136;140;2.93
136;206;3.807
136;210;3.9
137;133;3.006
137;134;3.302
137;140;3.23
137;141;3.129
137;206;3.813
137;1239;3.877
138;134;2.975
138;141;3.17
138;142;3.47
138;239;3.533
138;1236;3.679
138;1239;3.872
139;135;2.947
139;142;3.418
139;143;2.953
139;203;3.618
140;136;2.93
140;137;3.23
140;144;3.738
140;204;3.926
140;205;3.6
140;206;3.933
141;137;3.129
141;138;3.17
141;1236;3.599
141;1239;3.377
142;138;3.47
142;139;3.418
142;1232;3.653
142;1236;3.486
143;139;2.953
143;226;3.013
143;236;3.47
143;239;3.681
143;240;3.931
144;140;3.738
144;204;3.939
145;150;2.721
145;199;3.307
146;193;3.021
146;197;3.749
146;198;3.981
146;199;3.797
147;150;2.955
147;151;3.97
147;194;3.884
147;197;2.833
148;197;2.872
148;200;3.531
148;204;2.627
149;153;3.959
149;154;2.903
149;155;3.62
150;145;2.721
150;147;2.955
150;154;3.287
150;194;2.84
151;147;3.97
151;154;3.765
151;189;3.344
151;192;2.953
152;189;3.653
153;149;3.959
153;187;2.716
154;149;2.903
154;150;3.287
154;151;3.765
155;149;3.62
156;160;3.928
157;160;4.026
158;160;3.661
159;162;3.711
159;183;3.726
160;156;3.928
160;157;4.026
160;158;3.661
161;173;3.965
161;182;3.363
161;183;2.879
162;159;3.711
162;172;3.965
163;172;3.02
163;173;3.719
164;166;2.838
165;168;3.559
166;164;2.838
167;172;3.063
168;165;3.559
169;175;2.654
170;175;3.878
170;176;2.938
171;174;3.547
171;175;2.937
171;181;3.281
171;183;3.731
172;162;3.965
172;163;3.02
172;167;3.063
173;161;3.965
173;163;3.719
174;171;3.547
174;177;3.107
175;169;2.654
175;170;3.878
175;171;2.937
175;179;3.256
176;170;2.938
177;174;3.107
177;178;3.802
178;177;3.802
179;175;3.256
179;181;3.023
180;185;3.73
180;186;3.812
181;171;3.281
181;179;3.023
181;184;3.396
182;161;3.363
183;159;3.726
183;161;2.879
183;171;3.731
184;181;3.396
185;180;3.73
186;180;3.812
187;153;2.716
188;1004;4.478
188;1006;3.488
189;151;3.344
189;152;3.653
189;192;3.17
190;1008;4.048
191;194;3.673
192;151;2.953
192;189;3.17
192;194;2.986
193;146;3.021
194;147;3.884
194;150;2.84
194;191;3.673
194;192;2.986
195;198;3.299
196;1003;2.689
196;1005;3.837
197;146;3.749
197;147;2.833
197;148;2.872
197;200;3.104
198;146;3.981
198;195;3.299
198;229;3.338
198;230;3.865
199;145;3.307
199;146;3.797
200;148;3.531
200;197;3.104
200;203;3.016
200;204;3.01
200;208;3.855
201;208;3.048
202;208;3.4
202;226;3.465
203;139;3.618
203;200;3.016
203;209;3.464
203;212;3.581
203;226;3.109
203;240;3.916
204;140;3.926
204;144;3.939
204;148;2.627
204;200;3.01
205;140;3.6
205;208;2.787
205;209;2.974
206;136;3.807
206;137;3.813
206;140;3.933
206;209;3.492
206;210;2.958
207;211;2.989
208;200;3.855
208;201;3.048
208;202;3.4
208;205;2.787
208;211;3.336
208;212;2.971
209;203;3.464
209;205;2.974
209;206;3.492
209;212;3.269
209;213;2.948
210;132;3.708
210;136;3.9
210;206;2.958
210;214;2.94
211;207;2.989
211;208;3.336
211;214;3.065
211;215;2.973
211;674;3.81
212;203;3.581
212;208;2.971
212;209;3.269
212;215;3.285
212;216;2.935
213;132;4.004
213;135;3.583
213;209;2.948
213;216;3.5
213;217;2.959
214;210;2.94
214;211;3.065
214;217;3.24
214;218;2.952
214;678;3.458
214;682;3.881
215;211;2.973
215;212;3.285
215;219;2.966
215;220;2.814
215;221;3.885
215;657;3.485
216;212;2.935
216;213;3.5
216;219;3.064
216;222;3.638
216;240;3.837
216;243;3.736
216;244;3.734
217;213;2.959
217;214;3.24
218;214;2.952
218;681;3.625
219;215;2.966
219;216;3.064
219;1317;3.127
219;1319;2.993
220;215;2.814
220;656;3.794
220;657;3.424
221;215;3.885
221;224;3.195
221;225;3.026
221;657;3.599
221;1324;3.827
222;216;3.638
222;226;3.076
222;227;3.153
222;241;3.905
222;244;3.29
222;1310;3.727
222;1313;3.562
222;1314;3.583
223;227;3.129
223;228;2.88
223;1310;3.701
223;1314;3.617
223;1349;3.426
223;1350;2.808
223;1351;3.211
224;221;3.195
224;228;3.74
224;1324;3.792
224;1351;3.307
225;221;3.026
225;228;3.282
226;143;3.013
226;202;3.465
226;203;3.109
226;222;3.076
226;236;3.057
226;240;6.066
227;222;3.153
227;223;3.129
227;230;2.94
227;237;3.383
227;1310;3.122
227;1349;3.461
228;223;2.88
228;224;3.74
228;225;3.282
228;1300;3.641
228;1348;3.715
228;1349;3.346
229;198;3.338
230;198;3.865
230;227;2.94
230;232;2.96
230;233;3.139
230;236;3.452
231;233;3.074
231;1300;4.028
231;1307;3.717
231;1345;2.816
231;1348;3.574
232;230;2.96
232;236;3.021
233;230;3.139
233;231;3.074
233;236;2.969
233;237;2.947
233;1346;3.806
233;1347;3.712
234;237;3.419
234;238;2.953
234;1344;2.901
234;1346;2.705
235;1229;3.733
235;1232;3.899
235;1233;3.256
235;1346;2.945
236;143;3.47
236;226;3.057
236;230;3.452
236;232;3.021
236;233;2.969
236;239;3.042
236;240;3.443
237;227;3.383
237;233;2.947
237;234;3.419
237;240;3.371
237;241;2.942
237;1310;3.398
237;1347;3.961
237;1348;3.937
238;234;2.953
238;242;2.978
239;135;3.691
239;138;3.533
239;143;3.681
239;236;3.042
239;242;3.118
239;243;2.971
240;143;3.931
240;203;3.916
240;216;3.837
240;226;6.066
240;236;3.443
240;237;3.371
240;243;3.245
240;244;2.987
241;222;3.905
241;237;2.942
241;244;3.127
241;245;2.971
241;1313;4.007
242;238;2.978
242;239;3.118
242;246;2.93
243;135;3.766
243;216;3.736
243;239;2.971
243;240;3.245
243;247;2.904
244;216;3.734
244;222;3.29
244;240;2.987
244;241;3.127
244;247;3.497
244;248;2.941
244;1313;3.408
245;241;2.971
245;249;2.969
245;1313;3.32
246;135;3.676
246;242;2.93
246;250;2.907
247;243;2.904
247;244;3.497
247;251;2.938
248;244;2.941
248;251;3.452
248;252;2.974
249;245;2.969
249;252;3.415
249;253;2.932
249;1259;3.63
249;1266;3.587
250;124;3.605
250;128;3.433
250;246;2.907
250;253;3.137
250;254;2.872
251;247;2.938
251;248;3.452
251;254;3.321
251;255;2.967
252;248;2.974
252;249;3.415
252;255;3.935
252;256;2.98
252;1377;3.705
253;249;2.932
253;250;3.137
253;256;3.628
253;257;2.894
253;1255;3.131
253;1258;3.765
254;250;2.872
254;251;3.321
254;257;3.119
254;258;2.94
254;689;3.585
255;251;2.967
255;252;3.935
255;259;3.127
255;689;3.667
255;692;3.712
255;1374;3.451
256;252;2.98
256;253;3.628
256;259;3.479
256;260;2.916
256;1377;3.958
256;1378;3.92
256;1381;3.495
257;253;2.894
257;254;3.119
257;261;2.932
258;121;3.969
258;254;2.94
258;261;3.302
258;262;3.079
258;693;3.789
259;255;3.127
259;256;3.479
259;262;3.237
259;263;3.078
259;692;3.611
259;693;3.97
259;696;3.416
259;1378;3.466
260;256;2.916
260;264;2.892
260;1382;3.815
261;116;3.787
261;120;3.792
261;257;2.932
261;258;3.302
261;265;2.99
262;258;3.079
262;259;3.237
262;265;3.45
262;266;3.058
262;693;3.687
263;259;3.078
263;266;3.409
263;267;2.892
263;700;4.005
263;1096;6.479
263;1382;3.546
264;120;2.648
264;260;2.892
264;268;3.696
265;119;2.712
265;120;2.778
265;261;2.99
265;262;3.45
265;275;2.803
266;262;3.058
266;263;3.409
266;275;2.717
266;276;3.323
267;263;2.892
267;274;3.389
267;278;3.863
268;264;3.696
268;273;3.232
268;274;2.738
269;708;3.574
270;272;3.4
271;278;3.734
271;708;3.362
272;270;3.4
272;274;3.828
272;278;3.832
273;268;3.232
274;267;3.389
274;268;2.738
274;272;3.828
274;278;3.226
275;265;2.803
275;266;2.717
276;266;3.323
276;278;3.854
277;279;3.186
278;267;3.863
278;271;3.734
278;272;3.832
278;274;3.226
278;276;3.854
278;280;2.987
279;277;3.186
279;282;3.053
279;286;3.473
280;278;2.987
280;704;3.623
280;706;3.93
281;283;2.91
281;286;3.966
281;706;3.696
281;723;3.697
282;279;3.053
283;281;2.91
283;286;2.899
284;287;3.144
284;296;2.739
284;297;2.79
284;298;2.729
285;288;2.907
285;289;2.654
285;723;3.001
286;279;3.473
286;281;3.966
286;283;2.899
287;284;3.144
287;299;3.704
288;285;2.907
288;292;3.775
288;293;3.495
288;294;3.224
288;295;2.822
288;296;2.825
289;285;2.654
289;723;3.728
290;292;3.103
291;721;2.692
292;288;3.775
292;290;3.103
293;288;3.495
293;724;2.763
293;728;3.497
294;288;3.224
295;288;2.822
296;284;2.739
296;288;2.825
297;284;2.79
298;284;2.729
298;314;2.704
299;287;3.704
300;301;3.604
301;300;3.604
302;703;2.811
302;1093;3.176
303;1094;3.479
303;1097;2.967
303;1098;3.954
304;313;3.29
304;314;3.908
305;313;3.787
306;311;2.675
307;966;3.724
308;962;3.476
309;311;2.781
310;966;4.036
311;306;2.675
311;309;2.781
312;317;3.883
313;304;3.29
313;305;3.787
313;315;3.179
314;298;2.704
314;304;3.908
314;322;3.426
315;313;3.179
315;322;2.95
316;319;2.967
316;322;3.753
317;312;3.883
318;328;3.905
318;734;2.659
319;316;2.967
319;322;3.649
320;327;2.962
320;328;2.889
321;323;3.016
322;314;3.426
322;315;2.95
322;316;3.753
322;319;3.649
323;321;3.016
324;327;3.91
324;739;2.769
325;332;3.138
326;329;2.995
326;330;2.711
326;332;2.642
327;320;2.962
327;324;3.91
327;737;2.865
327;739;2.762
328;318;3.905
328;320;2.889
329;326;2.995
330;326;2.711
331;334;2.995
332;325;3.138
332;326;2.642
333;335;2.869
334;331;2.995
335;333;2.869
336;451;3.664
336;452;2.964
336;453;3.676
337;451;3.331
338;446;3.686
338;449;3.741
339;447;3.59
340;446;2.841
341;446;2.664
342;345;3.834
343;354;3.75
343;444;3.971
344;346;3.889
344;348;2.931
344;349;3.7
345;342;3.834
346;344;3.889
347;351;3.519
348;344;2.931
349;344;3.7
349;355;3.697
350;353;2.727
350;354;3.777
350;443;3.908
351;347;3.519
352;355;3.486
353;350;2.727
353;443;3.309
354;343;3.75
354;350;3.777
354;443;3.944
354;444;3.871
354;445;3.019
354;447;2.7
355;349;3.697
355;352;3.486
356;362;3.869
357;362;3.408
357;363;3.926
358;361;3.12
358;363;3.044
359;364;2.943
360;374;3.867
361;358;3.12
362;356;3.869
362;357;3.408
363;357;3.926
363;358;3.044
364;359;2.943
365;369;3.781
366;369;3.013
366;374;3.976
367;370;2.995
368;371;3.017
368;372;3.045
368;374;3.922
369;365;3.781
369;366;3.013
369;372;3.126
369;373;4.001
370;367;2.995
371;368;3.017
371;377;3.063
372;368;3.045
372;369;3.126
372;375;3.637
372;376;3.923
372;377;3.861
373;369;4.001
374;360;3.867
374;366;3.976
374;368;3.922
375;372;3.637
376;372;3.923
377;371;3.063
377;372;3.861
378;384;3.585
379;381;3.57
380;396;3.51
381;379;3.57
381;396;2.987
382;397;2.871
382;402;3.395
383;386;2.983
384;378;3.585
384;388;3.986
385;387;3.002
385;388;3.048
385;389;2.851
386;383;2.983
387;385;3.002
388;384;3.986
388;385;3.048
389;385;2.851
389;392;2.763
390;392;2.956
391;393;3.017
392;389;2.763
392;390;2.956
393;391;3.017
394;398;2.876
394;399;3.38
395;398;2.952
396;380;3.51
396;381;2.987
397;382;2.871
397;400;2.983
397;401;3.044
397;402;3.746
398;394;2.876
398;395;2.952
399;394;3.38
400;397;2.983
401;397;3.044
402;382;3.395
402;397;3.746
403;404;3.022
404;403;3.022
405;406;2.736
406;405;2.736
407;410;2.827
408;410;2.843
408;415;3.483
408;417;3.855
409;416;3.142
410;407;2.827
410;408;2.843
410;415;2.88
411;414;2.847
411;415;3.984
412;415;4.028
413;415;2.97
414;411;2.847
415;408;3.483
415;410;2.88
415;411;3.984
415;412;4.028
415;413;2.97
416;409;3.142
417;408;3.855
417;418;2.993
418;417;2.993
419;422;4.027
420;422;2.847
421;423;2.958
422;419;4.027
422;420;2.847
423;421;2.958
423;424;3.038
424;423;3.038
425;426;3.526
426;425;3.526
427;430;4.069
428;435;2.81
429;431;3.195
430;427;4.069
431;429;3.195
432;433;3.05
433;432;3.05
434;437;3.498
435;428;2.81
436;439;3.373
437;434;3.498
437;440;3.0
437;441;3.048
438;441;3.021
439;436;3.373
439;442;3.744
440;437;3.0
441;437;3.048
441;438;3.021
442;439;3.744
443;350;3.908
443;353;3.309
443;354;3.944
443;447;3.727
443;448;3.31
444;343;3.971
444;354;3.871
445;354;3.019
446;338;3.686
446;340;2.841
446;341;2.664
447;339;3.59
447;354;2.7
447;443;3.727
448;443;3.31
449;338;3.741
449;451;3.093
450;460;4.014
451;336;3.664
451;337;3.331
451;449;3.093
452;336;2.964
452;457;3.891
452;458;3.506
453;336;3.676
454;457;3.003
455;458;2.995
455;459;3.298
455;460;3.944
456;461;2.788
456;462;2.822
457;452;3.891
457;454;3.003
458;452;3.506
458;455;2.995
459;455;3.298
460;450;4.014
460;455;3.944
461;456;2.788
462;456;2.822
463;466;2.737
464;467;3.772
465;468;3.289
466;463;2.737
467;464;3.772
468;465;3.289
468;471;3.031
468;472;4.034
468;474;3.367
468;475;2.727
469;470;3.978
469;471;3.553
469;528;3.279
469;529;2.753
470;469;3.978
470;528;3.651
471;468;3.031
471;469;3.553
471;474;2.95
471;475;3.092
472;468;4.034
472;475;2.997
473;525;3.649
474;468;3.367
474;471;2.95
475;468;2.727
475;471;3.092
475;472;2.997
475;478;2.967
475;479;3.177
476;480;2.957
477;481;2.963
478;475;2.967
478;481;3.211
478;482;3.014
479;475;3.177
479;482;3.424
479;483;2.93
479;577;2.684
479;578;4.028
480;476;2.957
480;483;3.21
480;484;2.979
481;477;2.963
481;478;3.211
481;485;3.051
482;478;3.014
482;479;3.424
482;485;3.33
482;486;2.982
482;518;4.003
482;522;3.807
482;574;3.943
483;479;2.93
483;480;3.21
483;486;3.001
483;487;3.087
483;578;2.728
483;579;3.576
484;480;2.979
484;487;3.452
484;488;3.004
485;481;3.051
485;482;3.33
485;489;2.986
485;515;3.667
486;482;2.982
486;483;3.001
486;489;3.083
486;490;3.066
486;519;3.301
486;572;3.887
486;574;3.884
486;575;3.831
487;483;3.087
487;484;3.452
487;490;3.133
487;491;3.426
487;575;3.792
488;484;3.004
488;491;3.324
488;492;3.017
489;485;2.986
489;486;3.083
489;492;3.272
489;493;2.99
489;515;3.259
489;571;3.149
490;486;3.066
490;487;3.133
490;494;3.048
490;572;3.634
490;980;3.916
491;487;3.426
491;488;3.324
491;494;3.27
491;495;2.985
492;488;3.017
492;489;3.272
492;495;3.068
492;496;2.954
492;508;3.528
493;489;2.99
493;496;3.031
493;571;3.774
493;572;3.669
493;984;3.999
494;490;3.048
494;491;3.27
495;491;2.985
495;492;3.068
495;500;3.69
496;492;2.954
496;493;3.031
496;501;2.917
496;508;3.986
496;512;3.411
497;501;2.98
497;1028;3.1
497;1029;2.996
498;502;3.59
499;502;2.956
499;503;3.009
500;495;3.69
500;503;3.97
500;504;3.019
501;496;2.917
501;497;2.98
501;505;2.813
502;498;3.59
502;499;2.956
502;505;2.769
503;499;3.009
503;500;3.97
504;500;3.019
504;507;3.019
504;508;2.933
505;501;2.813
505;502;2.769
505;509;2.974
506;509;3.301
506;510;3.034
507;504;3.019
507;510;3.928
507;511;2.958
508;492;3.528
508;496;3.986
508;504;2.933
508;511;3.313
508;512;2.922
509;505;2.974
509;506;3.301
509;512;3.353
509;513;3.031
510;506;3.034
510;507;3.928
510;514;2.966
511;507;2.958
511;508;3.313
511;515;2.971
512;496;3.411
512;508;2.922
512;509;3.353
512;515;3.407
512;516;3.091
512;571;3.265
513;509;3.031
513;516;3.345
513;517;3.01
513;555;3.781
513;556;3.367
514;510;2.966
514;517;3.016
514;518;3.083
515;485;3.667
515;489;3.259
515;511;2.971
515;512;3.407
515;518;3.07
515;519;3.366
516;512;3.091
516;513;3.345
516;519;2.931
516;551;2.853
516;552;3.741
516;555;3.805
517;513;3.01
517;514;3.016
517;520;2.872
518;482;4.003
518;514;3.083
518;515;3.07
518;521;3.064
518;522;3.238
519;486;3.301
519;515;3.366
519;516;2.931
519;523;2.987
519;548;3.685
519;552;3.919
519;574;3.419
520;517;2.872
520;523;3.409
520;524;3.03
520;552;3.497
521;518;3.064
521;525;3.06
522;482;3.807
522;518;3.238
522;525;3.409
522;526;2.954
522;574;2.744
522;577;2.721
523;519;2.987
523;520;3.409
523;527;3.003
523;548;3.671
524;520;3.03
524;527;3.138
524;528;3.081
525;473;3.649
525;521;3.06
525;522;3.409
525;529;2.985
526;522;2.954
526;529;3.028
526;530;3.037
526;534;2.682
526;535;3.609
526;541;2.776
527;523;3.003
527;524;3.138
527;535;3.692
527;536;3.957
528;469;3.279
528;470;3.651
528;524;3.081
529;469;2.753
529;525;2.985
529;526;3.028
530;526;3.037
530;534;3.782
531;534;2.919
531;535;2.921
532;536;2.986
533;537;2.845
534;526;2.682
534;530;3.782
534;531;2.919
534;537;3.076
534;538;2.914
535;526;3.609
535;527;3.692
535;531;2.921
535;541;3.195
535;545;2.975
536;527;3.957
536;532;2.986
537;533;2.845
537;534;3.076
538;534;2.914
538;541;2.964
538;542;3.043
539;542;3.968
539;543;3.02
540;544;2.992
540;582;2.947
540;585;3.846
541;526;2.776
541;535;3.195
541;538;2.964
541;545;2.957
542;538;3.043
542;539;3.968
542;545;3.401
542;546;2.991
543;539;3.02
543;546;3.44
543;547;3.02
543;573;3.99
544;540;2.992
544;547;3.2
544;548;2.902
544;574;2.642
544;577;3.863
545;535;2.975
545;541;2.957
545;542;3.401
545;549;3.005
546;542;2.991
546;543;3.44
546;549;3.184
546;550;3.081
547;543;3.02
547;544;3.2
547;551;3.01
548;519;3.685
548;523;3.671
548;544;2.902
548;552;2.941
548;574;3.739
549;545;3.005
549;546;3.184
549;553;2.988
550;546;3.081
550;554;3.194
550;567;3.548
551;516;2.853
551;547;3.01
551;555;3.409
551;571;3.091
552;516;3.741
552;519;3.919
552;520;3.497
552;548;2.941
552;555;3.152
552;556;2.91
553;549;2.988
553;556;3.303
553;557;3.04
554;550;3.194
554;558;3.002
554;559;3.076
554;568;3.783
555;513;3.781
555;516;3.805
555;551;3.409
555;552;3.152
555;559;3.737
555;568;3.956
556;513;3.367
556;552;2.91
556;553;3.303
557;553;3.04
558;554;3.002
558;560;2.946
559;554;3.076
559;555;3.737
559;565;2.827
560;558;2.946
560;565;3.285
561;564;2.796
562;565;3.212
562;566;2.933
563;566;3.272
563;567;2.971
563;1068;3.898
564;561;2.796
564;567;3.12
564;568;3.083
565;559;2.827
565;560;3.285
565;562;3.212
565;568;2.955
566;562;2.933
566;563;3.272
566;569;2.902
566;988;3.138
567;550;3.548
567;563;2.971
567;564;3.12
567;570;2.986
568;554;3.783
568;555;3.956
568;564;3.083
568;565;2.955
568;571;3.049
569;566;2.902
569;572;3.199
569;981;3.775
569;984;3.832
570;567;2.986
570;573;2.902
570;981;3.59
570;985;4.158
571;489;3.149
571;493;3.774
571;512;3.265
571;551;3.091
571;568;3.049
571;574;2.977
572;486;3.887
572;490;3.634
572;493;3.669
572;569;3.199
572;575;2.938
572;977;3.789
572;981;3.508
573;543;3.99
573;570;2.902
573;576;2.767
573;978;3.436
573;981;3.453
574;482;3.943
574;486;3.884
574;519;3.419
574;522;2.744
574;544;2.642
574;548;3.739
574;571;2.977
574;577;2.995
575;486;3.831
575;487;3.792
575;572;2.938
575;578;2.971
575;579;2.951
575;581;3.871
575;977;3.527
576;573;2.767
576;581;4.03
577;479;2.684
577;522;2.721
577;544;3.863
577;574;2.995
578;479;4.028
578;483;2.728
578;575;2.971
579;483;3.576
579;575;2.951
579;581;3.935
579;582;3.019
580;583;3.111
580;584;2.932
580;970;3.13
581;575;3.871
581;576;4.03
581;579;3.935
581;584;3.177
581;585;3.011
581;974;3.471
582;540;2.947
582;579;3.019
582;585;3.806
582;586;3.055
583;580;3.111
583;586;3.401
583;587;2.971
584;580;2.932
584;581;3.177
584;587;3.262
584;588;2.955
584;974;3.576
585;540;3.846
585;581;3.011
585;582;3.806
585;589;3.063
586;582;3.055
586;583;3.401
586;589;3.414
586;590;2.762
587;583;2.971
587;584;3.262
587;590;3.269
587;591;2.925
588;584;2.955
588;591;3.193
588;592;3.084
588;1082;3.573
589;585;3.063
589;586;3.414
589;592;3.012
590;586;2.762
590;587;3.269
590;593;2.976
591;587;2.925
591;588;3.193
591;594;3.083
591;595;3.087
591;695;3.782
591;1082;3.482
591;1086;3.463
592;588;3.084
592;589;3.012
592;596;2.971
592;1082;3.848
593;590;2.976
593;596;3.019
594;591;3.083
594;695;3.827
595;591;3.087
595;598;3.262
595;599;2.871
595;691;3.542
595;1082;3.842
596;592;2.971
596;593;3.019
596;600;3.047
597;106;3.44
597;110;3.336
597;600;3.218
597;601;3.288
598;110;4.034
598;595;3.262
598;601;3.062
598;602;3.024
598;690;3.464
598;691;3.816
599;595;2.871
599;603;2.924
600;596;3.047
600;597;3.218
600;603;3.27
600;604;3.05
601;107;3.678
601;597;3.288
601;598;3.062
601;604;3.47
601;605;3.037
602;598;3.024
602;605;3.472
602;606;2.961
602;653;3.939
603;599;2.924
603;600;3.27
603;607;2.975
604;100;3.509
604;600;3.05
604;601;3.47
604;607;3.309
604;608;3.008
605;601;3.037
605;602;3.472
605;608;3.286
605;609;2.946
605;683;3.733
606;602;2.961
606;610;2.926
606;646;3.539
606;649;3.8
607;19;3.479
607;23;3.7
607;603;2.975
607;604;3.309
607;610;3.286
607;611;3.006
607;642;3.449
608;94;3.956
608;98;3.978
608;604;3.008
608;605;3.286
608;611;3.283
608;612;3.0
609;605;2.946
609;613;2.957
609;649;3.769
609;679;4.088
609;680;3.53
609;683;3.887
610;606;2.926
610;607;3.286
610;613;3.24
610;614;2.988
610;642;3.718
610;645;3.993
611;94;3.63
611;607;3.006
611;608;3.283
611;615;3.313
612;94;3.691
612;608;3.0
612;615;3.34
612;616;3.023
613;609;2.957
613;610;3.24
613;617;3.002
613;618;2.821
613;639;3.823
614;25;3.232
614;610;2.988
614;618;3.05
614;619;3.156
614;641;4.055
615;91;3.449
615;611;3.313
615;612;3.34
616;87;3.903
616;91;3.882
616;612;3.023
616;619;2.809
617;613;3.002
617;620;3.004
617;621;3.583
617;635;3.506
617;639;4.023
617;673;3.348
617;676;3.995
618;613;2.821
618;614;3.05
618;635;3.758
619;614;3.156
619;616;2.809
620;617;3.004
620;632;4.101
620;635;2.992
621;617;3.583
621;633;3.089
621;635;2.963
621;661;3.796
621;662;3.448
621;669;2.787
621;673;3.548
622;631;2.64
622;632;3.358
622;662;3.703
622;663;2.919
623;626;3.008
623;627;2.852
623;628;2.826
623;629;2.745
624;663;2.809
624;665;3.755
625;628;3.822
626;623;3.008
626;631;3.946
627;623;2.852
628;623;2.826
628;625;3.822
629;623;2.745
630;636;3.579
630;637;3.08
631;622;2.64
631;626;3.946
632;620;4.101
632;622;3.358
632;636;3.518
633;621;3.089
633;636;3.156
633;637;3.132
633;660;2.846
633;661;3.552
634;637;3.033
634;638;2.849
634;659;3.912
635;617;3.506
635;618;3.758
635;620;2.992
635;621;2.963
635;639;3.693
635;661;3.588
636;630;3.579
636;632;3.518
636;633;3.156
636;640;3.47
637;630;3.08
637;633;3.132
637;634;3.033
637;1056;3.873
638;634;2.849
638;644;3.982
638;647;3.824
638;648;3.665
638;651;3.975
638;1051;3.802
639;613;3.823
639;617;4.023
639;635;3.693
639;644;3.646
639;648;3.643
639;661;4.04
640;636;3.47
640;1060;2.727
641;25;3.709
641;614;4.055
641;644;2.88
641;645;2.942
641;1063;2.858
642;25;3.291
642;607;3.449
642;610;3.718
642;645;3.424
642;646;2.941
643;646;3.234
643;647;2.998
643;1063;3.623
643;1066;3.891
643;1067;3.631
643;1070;4.017
644;638;3.982
644;639;3.646
644;641;2.88
644;647;3.262
644;648;2.981
644;1066;3.113
645;610;3.993
645;641;2.942
645;642;3.424
645;648;3.969
645;649;2.971
646;606;3.539
646;642;2.941
646;643;3.234
646;649;3.478
646;650;2.972
647;638;3.824
647;643;2.998
647;644;3.262
647;650;3.261
647;651;3.033
647;1051;3.899
647;1070;3.583
648;638;3.665
648;639;3.643
648;644;2.981
648;645;3.969
648;651;3.124
648;652;3.009
648;658;3.815
649;606;3.8
649;609;3.769
649;645;2.971
649;646;3.478
649;652;3.387
649;653;2.993
649;680;4.036
650;646;2.972
650;647;3.261
650;653;3.055
650;654;3.202
650;1043;3.93
650;1046;3.59
650;1070;3.698
650;1077;3.911
651;638;3.975
651;647;3.033
651;648;3.124
651;657;2.884
651;1047;3.721
652;648;3.009
652;649;3.387
652;655;2.964
652;677;3.415
652;680;3.564
652;681;3.967
653;602;3.939
653;649;2.993
653;650;3.055
653;684;3.756
654;650;3.202
654;1043;3.495
655;652;2.964
655;677;2.878
655;681;3.969
656;220;3.794
656;1043;3.822
656;1044;2.746
656;1045;2.852
657;215;3.485
657;220;3.424
657;221;3.599
657;651;2.884
657;677;3.862
657;1048;3.824
658;648;3.815
658;661;3.504
658;677;3.263
659;634;3.912
659;1048;3.499
660;633;2.846
660;1001;3.904
661;621;3.796
661;633;3.552
661;635;3.588
661;639;4.04
661;658;3.504
661;670;3.289
661;673;3.463
662;621;3.448
662;622;3.703
662;666;3.369
662;670;2.917
663;622;2.919
663;624;2.809
663;670;3.648
664;1002;3.464
665;624;3.755
666;662;3.369
666;669;2.767
666;670;3.073
667;671;2.953
668;671;3.279
668;672;3.007
669;621;2.787
669;666;2.767
669;672;3.227
669;673;3.089
670;661;3.289
670;662;2.917
670;663;3.648
670;666;3.073
670;673;3.427
670;674;2.913
671;667;2.953
671;668;3.279
671;674;3.296
671;675;3.014
672;668;3.007
672;669;3.227
672;676;3.384
673;617;3.348
673;621;3.548
673;661;3.463
673;669;3.089
673;670;3.427
673;676;3.247
673;677;2.914
674;211;3.81
674;670;2.913
674;671;3.296
674;677;3.255
674;678;2.967
675;671;3.014
675;678;3.419
675;679;3.022
676;617;3.995
676;672;3.384
676;673;3.247
676;679;3.319
676;680;2.986
677;652;3.415
677;655;2.878
677;657;3.862
677;658;3.263
677;673;2.914
677;674;3.255
677;680;3.299
677;681;2.981
678;214;3.458
678;674;2.967
678;675;3.419
678;681;3.417
678;682;2.997
679;609;4.088
679;675;3.022
679;676;3.319
679;682;3.491
679;683;3.009
680;609;3.53
680;649;4.036
680;652;3.564
680;676;2.986
680;677;3.299
680;684;2.951
681;218;3.625
681;652;3.967
681;655;3.969
681;677;2.981
681;678;3.417
681;685;2.928
682;214;3.881
682;678;2.997
682;679;3.491
682;685;3.406
682;686;3.036
683;605;3.733
683;609;3.887
683;679;3.009
683;686;3.42
683;687;2.988
684;653;3.756
684;680;2.951
684;687;3.2
684;688;2.937
685;681;2.928
685;682;3.406
685;688;3.228
685;689;2.973
686;114;3.751
686;682;3.036
686;683;3.42
686;690;3.029
687;683;2.988
687;684;3.2
687;690;3.359
687;691;2.922
688;684;2.937
688;685;3.228
688;691;3.107
688;692;3.069
689;254;3.585
689;255;3.667
689;685;2.973
689;692;3.482
689;693;3.017
690;598;3.464
690;686;3.029
690;687;3.359
690;694;2.926
691;595;3.542
691;598;3.816
691;687;2.922
691;688;3.107
691;694;3.374
691;695;3.118
691;1085;3.357
692;255;3.712
692;259;3.611
692;688;3.069
692;689;3.482
692;695;3.467
692;696;2.935
692;1085;3.603
692;1088;3.773
693;258;3.789
693;259;3.97
693;262;3.687
693;689;3.017
693;697;2.96
694;690;2.926
694;691;3.374
694;698;3.06
695;591;3.782
695;594;3.827
695;691;3.118
695;692;3.467
695;698;3.318
695;699;3.006
695;1085;3.629
695;1086;3.782
695;1089;3.475
696;259;3.416
696;692;2.935
696;699;3.391
696;700;2.951
696;1092;3.468
697;693;2.96
697;700;3.393
697;701;3.027
698;694;3.06
698;695;3.318
698;701;3.021
698;702;3.103
699;695;3.006
699;696;3.391
699;702;2.951
699;703;2.996
699;1089;3.471
699;1093;3.557
700;263;4.005
700;696;2.951
700;697;3.393
700;704;3.528
700;1093;3.516
700;1096;3.304
701;697;3.027
701;698;3.021
701;704;3.684
702;698;3.103
702;699;2.951
703;302;2.811
703;699;2.996
703;1093;3.663
704;280;3.623
704;700;3.528
704;701;3.684
705;1096;3.529
705;1100;3.839
706;280;3.93
706;281;3.696
707;1103;3.38
708;269;3.574
708;271;3.362
709;1100;2.643
709;1103;3.749
710;722;3.694
711;716;3.588
712;1104;2.851
712;1107;3.833
712;1114;3.827
713;716;3.781
714;719;3.662
714;1115;3.978
715;1115;3.893
715;1116;3.543
715;1118;2.854
716;711;3.588
716;713;3.781
717;719;3.303
718;719;3.873
719;714;3.662
719;717;3.303
719;718;3.873
720;1108;3.203
721;291;2.692
722;710;3.694
722;1103;3.665
723;281;3.697
723;285;3.001
723;289;3.728
724;293;2.763
724;726;2.827
725;730;3.729
726;724;2.827
727;730;3.368
727;736;2.629
728;293;3.497
729;732;3.373
729;738;3.794
730;725;3.729
730;727;3.368
730;733;3.799
731;744;2.863
732;729;3.373
733;730;3.799
733;735;3.856
734;318;2.659
735;733;3.856
736;727;2.629
736;738;3.954
737;327;2.865
738;729;3.794
738;736;3.954
739;324;2.769
739;327;2.762
740;742;3.926
741;743;2.888
742;740;3.926
743;741;2.888
744;731;2.863
745;748;2.895
746;748;3.859
747;749;3.034
748;745;2.895
748;746;3.859
749;747;3.034
749;753;3.645
750;753;3.761
751;754;2.983
752;755;2.822
753;749;3.645
753;750;3.761
754;751;2.983
755;752;2.822
756;760;2.944
757;760;3.356
758;759;2.988
758;760;3.189
759;758;2.988
759;761;2.688
759;762;2.88
760;756;2.944
760;757;3.356
760;758;3.189
761;759;2.688
762;759;2.88
763;766;2.965
763;767;2.968
764;768;2.667
765;768;2.761
765;769;2.985
766;763;2.965
767;763;2.968
768;764;2.667
768;765;2.761
769;765;2.985
769;770;3.041
769;772;2.922
770;769;3.041
771;774;2.889
771;775;3.196
772;769;2.922
773;775;2.977
774;771;2.889
775;771;3.196
775;773;2.977
775;776;2.856
776;775;2.856
776;779;3.78
777;778;2.951
778;777;2.951
779;776;3.78
780;781;3.748
781;780;3.748
782;785;2.908
783;799;3.769
784;797;2.697
784;799;3.927
785;782;2.908
786;791;3.015
786;798;3.205
787;789;2.963
787;790;2.951
787;798;3.797
788;792;2.922
789;787;2.963
789;792;3.373
790;787;2.951
790;792;2.919
791;786;3.015
791;793;3.118
792;788;2.922
792;789;3.373
792;790;2.919
793;791;3.118
793;795;3.682
794;795;3.029
795;793;3.682
795;794;3.029
795;796;3.632
796;795;3.632
797;784;2.697
797;799;2.752
798;786;3.205
798;787;3.797
799;783;3.769
799;784;3.927
799;797;2.752
800;801;3.262
801;800;3.262
802;805;3.861
803;804;3.844
803;805;3.681
803;808;3.903
803;809;3.478
804;803;3.844
804;807;3.112
804;808;2.782
805;802;3.861
805;803;3.681
806;809;2.782
807;804;3.112
808;803;3.903
808;804;2.782
809;803;3.478
809;806;2.782
810;814;3.465
811;813;3.014
811;814;2.951
812;818;3.879
813;811;3.014
813;816;4.024
813;817;4.038
813;818;3.695
814;810;3.465
814;811;2.951
814;819;3.976
815;819;3.782
815;822;3.917
816;813;4.024
816;819;3.041
817;813;4.038
817;820;3.021
817;823;3.129
818;812;3.879
818;813;3.695
819;814;3.976
819;815;3.782
819;816;3.041
819;822;2.914
820;817;3.021
820;823;3.239
820;826;4.039
821;830;3.414
822;815;3.917
822;819;2.914
823;817;3.129
823;820;3.239
823;826;3.079
824;825;3.434
824;826;2.997
825;824;3.434
825;828;2.961
826;820;4.039
826;823;3.079
826;824;2.997
826;829;3.829
827;832;3.982
827;833;3.789
828;825;2.961
828;831;3.07
828;832;3.043
829;826;3.829
829;834;3.684
830;821;3.414
831;828;3.07
832;827;3.982
832;828;3.043
833;827;3.789
833;837;3.739
834;829;3.684
834;837;2.817
834;894;2.775
835;838;3.05
835;890;4.023
836;841;3.847
836;887;3.811
836;890;3.409
836;891;3.468
837;833;3.739
837;834;2.817
838;835;3.05
838;841;2.889
838;842;2.939
839;843;3.054
840;843;3.468
840;844;2.902
841;836;3.847
841;838;2.889
841;844;3.268
841;845;2.961
842;838;2.939
842;845;3.405
842;846;3.181
842;950;3.098
843;839;3.054
843;840;3.468
843;846;3.446
843;847;3.009
844;840;2.902
844;841;3.268
844;847;3.287
844;848;2.923
845;841;2.961
845;842;3.405
845;848;3.352
845;849;2.953
845;884;3.742
845;887;3.764
846;842;3.181
846;843;3.446
846;849;3.375
846;850;2.952
846;950;3.429
847;843;3.009
847;844;3.287
847;850;3.232
847;851;2.973
848;844;2.923
848;845;3.352
848;852;2.957
848;884;4.001
849;845;2.953
849;846;3.375
849;853;2.897
849;880;3.963
849;884;3.428
849;943;3.698
849;947;3.777
850;846;2.952
850;847;3.232
850;853;3.166
850;854;2.978
851;847;2.973
851;854;3.102
851;855;3.006
852;848;2.957
852;855;3.435
852;856;2.957
852;943;3.623
853;849;2.897
853;850;3.166
853;857;2.993
854;850;2.978
854;851;3.102
854;857;3.392
854;858;2.952
855;851;3.006
855;852;3.435
855;858;2.984
855;859;3.239
856;852;2.957
856;941;3.898
856;944;4.033
857;853;2.993
857;854;3.392
857;861;3.69
857;1282;3.823
858;854;2.952
858;855;2.984
858;861;3.077
858;862;3.03
858;865;3.505
858;869;3.812
858;873;4.014
859;855;3.239
859;866;2.746
859;934;2.703
860;863;3.299
860;866;2.68
860;1285;3.361
860;1339;3.017
861;857;3.69
861;858;3.077
861;1305;3.744
862;858;3.03
862;865;2.974
862;866;3.03
863;860;3.299
863;866;3.18
863;867;3.012
863;1340;3.905
864;867;2.642
865;858;3.505
865;862;2.974
865;868;3.249
865;869;2.963
866;859;2.746
866;860;2.68
866;862;3.03
866;863;3.18
866;870;3.028
866;1338;3.903
867;863;3.012
867;864;2.642
867;1340;3.377
868;865;3.249
869;858;3.812
869;865;2.963
869;872;3.102
869;873;3.026
870;866;3.028
870;874;2.745
871;875;3.023
872;869;3.102
872;875;3.377
872;876;2.992
873;858;4.014
873;869;3.026
873;876;2.99
873;877;3.268
874;870;2.745
874;877;2.991
874;878;3.029
874;934;2.875
874;937;3.785
875;871;3.023
875;872;3.377
875;878;2.904
875;879;2.95
876;872;2.992
876;873;2.99
876;879;3.494
876;880;2.923
877;873;3.268
877;874;2.991
877;881;3.016
877;940;3.81
878;874;3.029
878;875;2.904
878;881;3.353
878;882;3.037
879;875;2.95
879;876;3.494
879;883;2.988
880;849;3.963
880;876;2.923
880;883;3.24
880;884;2.938
880;943;3.602
881;877;3.016
881;878;3.353
881;885;2.972
881;940;3.841
882;878;3.037
882;886;3.019
883;879;2.988
883;880;3.24
883;886;4.008
883;887;2.944
884;845;3.742
884;848;4.001
884;849;3.428
884;880;2.938
884;888;3.005
884;946;3.642
885;881;2.972
885;888;3.377
885;889;2.969
885;913;3.832
885;917;3.642
886;882;3.019
886;883;4.008
886;889;3.359
886;890;2.954
887;836;3.811
887;845;3.764
887;883;2.944
887;890;3.465
887;891;2.767
887;946;3.601
888;884;3.005
888;885;3.377
888;891;3.417
888;892;2.949
888;910;3.692
889;885;2.969
889;886;3.359
889;892;4.024
889;893;3.011
890;835;4.023
890;836;3.409
890;886;2.954
890;887;3.465
890;893;3.48
890;894;3.0
891;836;3.468
891;887;2.767
891;888;3.417
891;894;3.393
891;895;3.101
891;900;3.923
891;906;4.016
891;909;2.683
892;888;2.949
892;889;4.024
892;895;3.011
892;896;2.928
892;897;3.786
892;900;6.487
892;901;3.661
893;889;3.011
893;890;3.48
894;834;2.775
894;890;3.0
894;891;3.393
895;891;3.101
895;892;3.011
895;899;2.835
895;900;4.006
895;903;3.732
895;906;3.661
896;892;2.928
896;900;2.995
897;892;3.786
897;900;3.427
897;901;2.996
898;901;2.859
898;902;2.884
899;895;2.835
900;891;3.923
900;892;6.487
900;895;4.006
900;896;2.995
900;897;3.427
900;903;3.053
900;906;3.587
900;910;3.766
901;892;3.661
901;897;2.996
901;898;2.859
901;910;3.671
902;898;2.884
903;895;3.732
903;900;3.053
903;906;3.116
903;907;2.949
904;907;3.454
904;908;2.973
905;908;3.394
905;909;3.006
905;958;3.965
906;891;4.016
906;895;3.661
906;900;3.587
906;903;3.116
906;909;3.132
906;910;2.974
907;903;2.949
907;904;3.454
907;910;4.024
907;911;2.98
908;904;2.973
908;905;3.394
908;911;3.155
909;891;2.683
909;905;3.006
909;906;3.132
909;946;2.95
909;949;2.763
910;888;3.692
910;900;3.766
910;901;3.671
910;906;2.974
910;907;4.024
910;913;3.025
910;914;2.957
911;907;2.98
911;908;3.155
911;915;3.035
912;942;4.033
912;946;3.756
913;885;3.832
913;910;3.025
913;916;3.276
913;917;3.101
914;910;2.957
914;917;2.858
914;918;2.904
915;911;3.035
915;919;2.966
915;939;3.663
916;913;3.276
916;919;4.005
916;920;3.046
916;940;2.857
917;885;3.642
917;913;3.101
917;914;2.858
917;920;3.352
917;921;2.983
918;914;2.904
918;921;3.201
918;922;2.996
919;915;2.966
919;916;4.005
919;922;3.456
919;923;2.984
920;916;3.046
920;917;3.352
920;923;3.256
920;924;2.981
920;933;3.737
921;917;2.983
921;918;3.201
921;924;3.193
921;925;2.928
922;918;2.996
922;919;3.456
922;925;3.124
922;926;2.964
923;919;2.984
923;920;3.256
923;928;3.038
923;932;3.325
923;933;3.373
923;936;3.629
924;920;2.981
924;921;3.193
924;927;3.001
925;921;2.928
925;922;3.124
926;922;2.964
927;924;3.001
928;923;3.038
929;932;3.784
929;933;3.172
930;933;3.455
930;934;2.997
931;934;2.734
931;935;3.23
932;923;3.325
932;929;3.784
932;936;2.998
933;920;3.737
933;923;3.373
933;929;3.172
933;930;3.455
933;937;2.973
934;859;2.703
934;874;2.875
934;930;2.997
934;931;2.734
934;1337;3.809
935;931;3.23
935;938;3.057
935;1287;3.888
935;1334;2.998
935;1335;3.646
935;1336;3.148
936;923;3.629
936;932;2.998
937;874;3.785
937;933;2.973
937;940;2.742
938;935;3.057
938;941;2.759
938;942;3.327
938;1283;3.641
939;915;3.663
939;942;2.971
940;877;3.81
940;881;3.841
940;916;2.857
940;937;2.742
940;943;2.854
941;856;3.898
941;938;2.759
942;912;4.033
942;938;3.327
942;939;2.971
942;945;2.943
942;946;3.008
942;1279;3.793
943;849;3.698
943;852;3.623
943;880;3.602
943;940;2.854
943;946;2.976
943;947;3.164
944;856;4.033
944;947;2.979
944;1279;3.636
945;942;2.943
945;948;2.771
945;1279;3.79
946;884;3.642
946;887;3.601
946;909;2.95
946;912;3.756
946;942;3.008
946;943;2.976
946;949;2.903
947;849;3.777
947;943;3.164
947;944;2.979
947;950;2.983
