source;destination;distance
0;3;2.797
1;47;3.601
2;7;3.587
2;48;3.675
3;0;2.797
4;7;3.318
4;8;2.972
5;9;2.978
6;10;2.974
7;2;3.587
7;4;3.318
7;10;3.11
7;11;2.965
7;43;3.985
7;47;3.739
8;4;2.972
8;11;3.385
8;12;2.967
9;5;2.978
9;13;2.927
10;6;2.974
10;7;3.11
10;14;2.946
11;7;2.965
11;8;3.385
11;14;3.396
11;15;3.014
11;44;3.599
12;8;2.967
12;16;2.974
12;103;3.926
12;104;3.846
13;9;2.927
13;16;3.372
13;17;2.937
14;10;2.946
14;11;3.396
14;18;3.011
14;37;3.63
14;40;4.023
15;11;3.014
15;19;2.98
15;37;3.76
15;99;3.875
15;100;3.596
16;12;2.974
16;13;3.372
16;19;3.145
16;20;3.083
17;13;2.937
17;20;3.298
17;21;2.979
18;14;3.011
18;22;2.981
18;37;3.213
18;96;3.567
19;15;2.98
19;16;3.145
19;22;3.191
19;97;3.516
19;598;3.526
20;16;3.083
20;17;3.298
21;17;2.979
21;24;2.985
21;30;3.611
21;33;3.407
22;18;2.981
22;19;3.191
22;93;4.019
23;598;3.802
24;21;2.985
24;27;4.031
25;605;3.222
25;632;3.709
25;633;3.285
26;30;3.823
27;24;4.031
27;30;2.852
28;31;2.732
28;32;3.02
29;32;3.291
29;33;2.97
30;21;3.611
30;26;3.823
30;27;2.852
30;33;3.399
30;34;2.996
31;28;2.732
31;34;3.49
31;35;3.003
32;28;3.02
32;29;3.291
32;36;2.985
33;21;3.407
33;29;2.97
33;30;3.399
33;36;3.259
33;37;2.944
34;30;2.996
34;31;3.49
34;37;3.364
34;38;2.935
34;93;2.796
34;96;2.935
35;31;3.003
35;38;3.394
35;39;2.972
35;81;3.584
36;32;2.985
36;33;3.259
36;39;3.334
36;40;3.001
37;14;3.63
37;15;3.76
37;18;3.213
37;33;2.944
37;34;3.364
37;40;2.98
37;41;2.862
37;96;3.404
38;34;2.935
38;35;3.394
38;41;4.005
38;42;2.986
38;80;2.78
39;35;2.972
39;36;3.334
39;42;3.197
39;43;2.986
40;14;4.023
40;36;3.001
40;37;2.98
40;43;3.495
40;44;2.912
41;37;2.862
41;38;4.005
41;45;2.947
41;73;3.457
41;99;3.507
42;38;2.986
42;39;3.197
42;45;3.288
42;46;2.976
43;7;3.985
43;39;2.986
43;40;3.495
43;46;3.411
43;47;3.058
44;11;3.599
44;40;2.912
44;47;3.266
44;48;2.837
44;99;2.647
45;41;2.947
45;42;3.288
45;49;2.985
45;56;3.957
45;73;3.92
46;42;2.976
46;43;3.411
46;50;3.074
46;51;3.926
47;1;3.601
47;7;3.739
47;43;3.058
47;44;3.266
48;2;3.675
48;44;2.837
48;66;3.242
48;69;2.665
49;45;2.985
49;56;3.986
49;59;3.863
49;66;3.675
50;46;3.074
50;55;3.679
51;46;3.926
52;55;3.101
52;58;3.471
53;56;2.981
54;57;2.992
55;50;3.679
55;52;3.101
55;58;2.998
56;45;3.957
56;49;3.986
56;53;2.981
56;59;3.047
56;70;3.929
57;54;2.992
57;60;3.02
58;52;3.471
58;55;2.998
58;61;3.032
59;49;3.863
59;56;3.047
59;62;2.985
59;63;3.766
59;66;3.511
59;67;4.007
59;70;3.767
60;57;3.02
61;58;3.032
62;59;2.985
63;59;3.766
63;66;3.476
63;67;2.922
64;67;3.308
64;68;2.989
65;68;3.036
65;69;3.058
65;102;3.438
65;108;3.291
65;111;3.822
66;48;3.242
66;49;3.675
66;59;3.511
66;63;3.476
66;69;3.84
66;70;2.988
67;59;4.007
67;63;2.922
67;64;3.308
67;70;3.384
67;71;2.941
68;64;2.989
68;65;3.036
68;72;3.0
68;101;3.892
69;48;2.665
69;65;3.058
69;66;3.84
69;72;3.47
69;73;2.933
69;99;3.099
69;102;2.788
70;56;3.929
70;59;3.767
70;66;2.988
70;67;3.384
70;73;3.153
70;74;2.967
71;67;2.941
71;74;3.445
71;75;2.981
72;68;3.0
72;69;3.47
72;76;2.926
72;95;3.56
73;41;3.457
73;45;3.92
73;69;2.933
73;70;3.153
73;76;3.441
73;77;2.908
74;70;2.967
74;71;3.445
74;77;3.348
74;78;3.011
75;71;2.981
75;79;2.993
75;92;3.383
76;72;2.926
76;73;3.441
76;79;3.003
76;80;2.869
77;73;2.908
77;74;3.348
77;81;2.965
78;74;3.011
78;82;3.008
79;75;2.993
79;76;3.003
79;83;3.982
79;89;2.739
80;38;2.78
80;76;2.869
80;83;3.2
80;96;3.563
81;35;3.584
81;77;2.965
82;78;3.008
82;84;2.993
83;79;3.982
83;80;3.2
83;90;2.913
83;93;3.578
84;82;2.993
85;89;3.664
86;89;3.188
87;90;2.883
87;91;3.163
87;607;3.913
88;91;3.088
89;79;2.739
89;85;3.664
89;86;3.188
89;92;3.005
90;83;2.913
90;87;2.883
91;87;3.163
91;88;3.088
91;94;2.997
91;606;3.475
91;607;3.873
92;75;3.383
92;89;3.005
92;95;2.862
93;22;4.019
93;34;2.796
93;83;3.578
93;96;2.879
94;91;2.997
94;97;2.953
94;599;4.036
94;602;3.587
94;603;3.669
95;72;3.56
95;92;2.862
95;98;3.068
95;99;3.025
96;18;3.567
96;34;2.935
96;37;3.404
96;80;3.563
96;93;2.879
97;19;3.516
97;94;2.953
97;100;3.042
98;95;3.068
98;101;2.929
98;599;3.896
99;15;3.875
99;41;3.507
99;44;2.647
99;69;3.099
99;95;3.025
99;102;2.946
100;15;3.596
100;97;3.042
100;103;2.988
100;104;2.965
100;107;3.572
100;595;3.551
101;68;3.892
101;98;2.929
101;111;3.917
102;65;3.438
102;69;2.788
102;99;2.946
102;108;2.829
103;12;3.926
103;100;2.988
104;12;3.846
104;100;2.965
104;107;3.093
104;108;2.986
105;108;3.414
105;109;2.954
106;110;3.138
106;588;3.438
107;100;3.572
107;104;3.093
107;110;3.4
107;111;3.005
107;592;3.682
108;65;3.291
108;102;2.829
108;104;2.986
108;105;3.414
108;111;3.459
108;112;2.979
109;105;2.954
109;112;3.124
109;113;3.018
110;106;3.138
110;107;3.4
110;113;3.111
110;114;2.997
110;588;3.35
110;589;3.983
111;65;3.822
111;101;3.917
111;107;3.005
111;108;3.459
111;114;3.262
111;115;3.046
112;108;2.979
112;109;3.124
112;115;3.496
112;116;3.011
113;109;3.018
113;110;3.111
113;116;3.239
113;117;3.048
114;110;2.997
114;111;3.262
114;117;2.995
114;118;3.23
114;677;3.833
115;111;3.046
115;112;3.496
115;118;2.979
116;112;3.011
116;113;3.239
116;119;2.772
116;253;3.994
117;113;3.048
117;114;2.995
117;120;3.056
117;121;3.015
117;253;3.968
118;114;3.23
118;115;2.979
118;122;3.0
119;116;2.772
119;257;2.738
120;117;3.056
120;123;3.378
120;253;3.447
120;256;2.633
120;257;2.854
121;117;3.015
121;125;2.928
121;250;3.972
122;118;3.0
122;126;2.971
123;120;3.378
123;126;3.19
123;127;3.095
123;1262;3.472
123;1263;2.927
124;127;3.437
124;128;3.158
124;242;3.607
124;1266;3.999
125;121;2.928
125;128;3.396
125;129;2.924
126;122;2.971
126;123;3.19
126;129;3.31
126;130;2.979
127;123;3.095
127;124;3.437
127;131;2.967
127;1257;3.991
127;1263;3.952
127;1266;3.872
128;124;3.158
128;125;3.396
128;131;3.26
128;132;2.896
128;242;3.443
129;125;2.924
129;126;3.31
129;132;3.489
129;133;3.01
130;126;2.979
130;133;3.433
130;134;2.929
130;1164;4.138
130;1253;3.651
130;1256;3.39
130;1257;3.803
131;127;2.967
131;128;3.26
131;135;2.895
132;128;2.896
132;129;3.489
132;136;2.97
132;202;3.742
133;129;3.01
133;130;3.433
133;136;3.185
133;137;3.003
134;130;2.929
134;137;3.261
134;138;2.978
134;1164;3.737
134;1253;3.759
135;131;2.895
135;139;2.944
135;205;3.605
135;231;3.681
135;235;3.836
135;238;3.963
136;132;2.97
136;133;3.185
136;140;2.934
136;198;3.657
136;202;3.905
137;133;3.003
137;134;3.261
137;140;3.2
137;141;3.117
137;1250;3.881
138;134;2.978
138;141;3.125
138;142;3.428
138;231;3.574
138;1247;3.693
138;1250;3.923
139;135;2.944
139;142;3.452
139;143;2.95
139;195;3.53
140;136;2.934
140;137;3.2
140;144;3.695
140;196;3.917
140;197;3.52
140;198;3.901
141;137;3.117
141;138;3.125
141;1247;3.616
141;1250;3.361
142;138;3.428
142;139;3.452
142;1243;3.653
142;1247;3.509
143;139;2.95
143;218;3.068
143;228;3.406
143;231;3.628
143;232;3.665
144;140;3.695
144;196;3.82
145;150;2.734
145;191;2.972
146;185;3.135
146;189;3.825
146;191;3.102
147;150;2.954
147;151;3.798
147;189;2.759
148;189;2.866
148;192;3.599
148;196;2.646
149;153;3.829
149;155;3.24
150;145;2.734
150;147;2.954
150;154;3.06
150;186;2.844
151;147;3.798
151;154;3.624
151;183;3.96
151;186;3.691
152;183;3.566
153;149;3.829
153;181;2.735
154;150;3.06
154;151;3.624
155;149;3.24
156;159;3.505
157;159;3.966
158;161;3.969
158;178;3.864
159;156;3.505
159;157;3.966
160;169;3.089
160;177;2.931
161;158;3.969
162;168;3.101
162;169;3.645
163;166;2.807
164;168;3.49
165;168;3.24
165;174;3.14
166;163;2.807
167;171;3.636
168;162;3.101
168;164;3.49
168;165;3.24
168;170;2.809
169;160;3.089
169;162;3.645
170;168;2.809
170;174;3.784
170;176;2.763
171;167;3.636
171;172;3.126
172;171;3.126
173;175;3.063
174;165;3.14
174;170;3.784
175;173;3.063
175;179;4.01
175;180;3.9
176;170;2.763
177;160;2.931
178;158;3.864
179;175;4.01
180;175;3.9
181;153;2.735
182;1016;4.114
182;1018;3.677
183;151;3.96
183;152;3.566
184;186;3.509
185;146;3.135
186;150;2.844
186;151;3.691
186;184;3.509
187;190;3.074
188;1015;2.843
188;1017;3.554
189;146;3.825
189;147;2.759
189;148;2.866
189;192;3.148
190;187;3.074
190;221;3.621
190;222;3.916
191;145;2.972
191;146;3.102
192;148;3.599
192;189;3.148
192;195;2.999
192;196;3.026
192;200;3.502
193;200;3.106
194;200;3.45
194;218;3.471
195;139;3.53
195;192;2.999
195;201;3.36
195;204;3.57
195;218;3.15
195;232;6.231
196;140;3.917
196;144;3.82
196;148;2.646
196;192;3.026
197;140;3.52
197;200;2.801
197;201;2.979
198;136;3.657
198;140;3.901
198;202;2.953
199;203;2.993
200;192;3.502
200;193;3.106
200;194;3.45
200;197;2.801
200;203;3.318
200;204;2.963
201;195;3.36
201;197;2.979
201;204;3.221
201;205;2.951
202;132;3.742
202;136;3.905
202;198;2.953
202;206;2.939
203;199;2.993
203;200;3.318
203;206;3.044
203;207;2.966
203;665;3.813
204;195;3.57
204;200;2.963
204;201;3.221
204;207;3.292
204;208;2.934
205;135;3.605
205;201;2.951
205;208;3.496
205;209;2.959
206;202;2.939
206;203;3.044
206;209;3.234
206;210;2.952
206;669;3.512
206;673;3.847
207;203;2.966
207;204;3.292
207;211;2.963
207;212;2.846
207;213;3.912
207;648;3.661
208;204;2.934
208;205;3.496
208;211;3.077
208;214;3.628
208;232;3.896
208;235;3.762
208;236;3.748
209;205;2.959
209;206;3.234
210;206;2.952
210;672;3.649
211;207;2.963
211;208;3.077
211;1328;3.152
211;1330;2.987
212;207;2.846
212;647;3.78
212;648;3.411
213;207;3.912
213;216;3.294
213;217;3.004
213;648;5.99
213;1335;3.618
214;208;3.628
214;218;3.053
214;219;3.184
214;233;3.942
214;236;3.295
214;1321;3.711
214;1324;3.632
214;1325;3.293
215;219;3.134
215;220;2.99
215;1321;3.678
215;1325;3.6
215;1360;3.441
215;1361;2.79
215;1362;3.183
216;213;3.294
216;1335;3.309
216;1362;3.361
217;213;3.004
217;220;3.06
218;143;3.068
218;194;3.471
218;195;3.15
218;214;3.053
218;228;2.846
219;214;3.184
219;215;3.134
219;222;2.954
219;229;3.393
219;1321;3.169
219;1360;3.49
220;215;2.99
220;217;3.06
220;1311;3.73
220;1360;3.44
221;190;3.621
222;190;3.916
222;219;2.954
222;224;2.939
222;225;3.116
222;228;3.583
223;225;3.075
223;1318;3.675
223;1356;2.851
223;1359;3.486
224;222;2.939
224;228;3.012
225;222;3.116
225;223;3.075
225;228;2.975
225;229;2.944
225;1357;3.783
225;1358;3.496
226;229;3.671
226;230;2.926
226;1355;2.839
226;1357;2.78
227;1240;3.711
227;1243;3.845
227;1244;3.265
227;1357;2.942
228;143;3.406
228;218;2.846
228;222;3.583
228;224;3.012
228;225;2.975
228;231;3.021
228;232;3.305
229;219;3.393
229;225;2.944
229;226;3.671
229;232;3.369
229;233;2.947
229;1321;3.461
229;1358;3.955
229;1359;3.907
230;226;2.926
230;234;2.975
231;135;3.681
231;138;3.574
231;143;3.628
231;228;3.021
231;234;3.106
231;235;2.971
232;143;3.665
232;195;6.231
232;208;3.896
232;228;3.305
232;229;3.369
232;235;3.135
232;236;2.96
233;214;3.942
233;229;2.947
233;236;3.14
233;237;2.965
233;1324;3.97
234;230;2.975
234;231;3.106
234;238;2.947
235;135;3.836
235;208;3.762
235;231;2.971
235;232;3.135
235;239;2.899
236;208;3.748
236;214;3.295
236;232;2.96
236;233;3.14
236;240;2.952
236;1324;3.438
237;233;2.965
237;240;3.475
237;241;2.934
238;135;3.963
238;234;2.947
238;242;2.924
239;235;2.899
239;243;2.943
240;236;2.952
240;237;3.475
240;243;3.418
240;244;2.97
241;237;2.934
241;244;3.414
241;245;2.937
241;1270;3.706
241;1277;3.642
242;124;3.607
242;128;3.443
242;238;2.924
242;245;3.165
242;246;2.872
243;239;2.943
243;240;3.418
243;246;3.373
243;247;2.966
244;240;2.97
244;241;3.414
244;247;3.498
244;248;2.998
244;1388;3.752
245;241;2.937
245;242;3.165
245;248;3.62
245;249;2.901
245;1266;3.152
245;1269;3.758
246;242;2.872
246;243;3.373
246;249;3.109
246;250;2.954
246;680;3.586
247;243;2.966
247;244;3.498
247;251;3.077
247;680;3.711
247;683;3.67
247;1385;3.513
248;244;2.998
248;245;3.62
248;252;2.922
248;1388;3.956
248;1389;3.931
248;1392;3.488
249;245;2.901
249;246;3.109
249;253;2.932
250;121;3.972
250;246;2.954
250;253;3.329
250;254;3.085
250;684;3.802
251;247;3.077
251;254;3.213
251;255;3.077
251;683;3.694
251;684;3.979
251;687;3.519
251;1389;3.5
252;248;2.922
252;256;2.89
252;1393;3.76
253;116;3.994
253;117;3.968
253;120;3.447
253;249;2.932
253;250;3.329
253;257;2.971
254;250;3.085
254;251;3.213
254;258;3.093
254;684;3.672
255;251;3.077
255;258;3.049
255;259;2.88
255;688;4.017
255;691;3.735
255;1393;6.346
256;120;2.633
256;252;2.89
256;259;3.021
256;260;3.631
257;119;2.738
257;120;2.854
257;253;2.971
257;267;2.898
258;254;3.093
258;255;3.049
258;266;4.003
258;267;3.34
258;268;3.011
259;255;2.88
259;256;3.021
259;266;3.569
259;268;3.743
259;270;3.034
260;256;3.631
260;265;2.764
260;266;2.822
261;270;3.738
262;264;3.594
263;270;3.587
263;272;3.372
263;703;3.895
263;704;3.86
264;262;3.594
264;266;3.776
265;260;2.764
266;258;4.003
266;259;3.569
266;260;2.822
266;264;3.776
267;257;2.898
267;258;3.34
268;258;3.011
268;259;3.743
268;270;3.983
269;271;3.153
270;259;3.034
270;261;3.738
270;263;3.587
270;268;3.983
270;272;3.019
271;269;3.153
271;274;3.014
271;278;3.567
272;263;3.372
272;270;3.019
272;698;3.479
272;699;3.774
272;704;3.677
273;275;2.895
274;271;3.014
275;273;2.895
275;278;3.014
276;279;3.008
276;287;2.857
276;288;2.793
276;289;2.895
276;707;3.47
277;280;2.978
277;281;3.027
277;706;2.701
278;271;3.567
278;275;3.014
278;281;3.052
279;276;3.008
280;277;2.978
280;285;3.609
280;286;3.366
280;287;3.885
280;288;2.839
280;289;2.76
281;277;3.027
281;278;3.052
281;705;2.848
282;285;3.105
283;723;3.902
284;732;2.775
285;280;3.609
285;282;3.105
285;732;3.09
286;280;3.366
287;276;2.857
287;280;3.885
287;705;3.748
287;707;3.621
287;708;2.979
288;276;2.793
288;280;2.839
289;276;2.895
289;280;2.76
290;305;2.708
291;292;3.939
292;291;3.939
293;694;2.833
293;1108;3.739
294;1109;3.897
295;303;3.261
295;305;3.85
296;303;3.921
297;301;2.676
298;978;3.703
299;974;3.364
300;301;3.418
301;297;2.676
301;300;3.418
302;308;3.988
303;295;3.261
303;296;3.921
303;306;3.094
304;309;3.953
305;290;2.708
305;295;3.85
306;303;3.094
306;313;2.856
307;310;3.012
308;302;3.988
309;304;3.953
310;307;3.012
310;313;4.009
310;320;3.831
311;319;3.039
311;320;2.861
311;321;3.915
312;314;2.988
313;306;2.856
313;310;4.009
313;315;3.329
314;312;2.988
314;324;2.689
315;313;3.329
315;319;2.78
315;321;2.758
315;322;2.993
315;324;2.736
316;319;2.787
317;325;3.147
318;321;2.971
318;323;2.753
318;325;2.72
319;311;3.039
319;315;2.78
319;316;2.787
320;310;3.831
320;311;2.861
321;311;3.915
321;315;2.758
321;318;2.971
322;315;2.993
323;318;2.753
323;328;3.153
324;314;2.689
324;315;2.736
324;327;2.969
324;328;2.99
325;317;3.147
325;318;2.72
326;329;2.871
326;330;4.037
327;324;2.969
328;323;3.153
328;324;2.99
329;326;2.871
330;326;4.037
331;333;3.497
332;334;2.778
333;331;3.497
334;332;2.778
335;441;3.76
335;442;2.904
335;443;2.755
336;437;3.067
337;437;2.888
337;438;2.822
338;437;2.821
339;437;2.634
340;345;3.631
340;436;3.899
341;343;2.942
341;344;3.469
341;345;3.027
341;351;3.717
342;346;3.452
343;341;2.942
344;341;3.469
344;351;3.579
345;340;3.631
345;341;3.027
345;349;3.899
345;350;3.824
346;342;3.452
346;351;3.859
347;349;3.06
347;351;3.527
348;433;3.938
349;345;3.899
349;347;3.06
349;434;2.777
349;435;2.837
349;436;3.18
349;438;2.702
350;345;3.824
351;341;3.717
351;344;3.579
351;346;3.859
351;347;3.527
352;358;3.739
353;358;3.493
353;359;2.854
354;357;3.011
354;359;3.026
355;360;2.962
356;369;3.708
357;354;3.011
358;352;3.739
358;353;3.493
359;353;2.854
359;354;3.026
360;355;2.962
360;362;3.091
361;365;3.74
362;360;3.091
362;365;2.996
362;369;3.934
363;366;2.98
364;367;3.038
364;368;3.046
364;369;3.626
364;371;3.817
365;361;3.74
365;362;2.996
365;368;3.074
366;363;2.98
367;364;3.038
367;372;2.864
368;364;3.046
368;365;3.074
368;370;3.596
369;356;3.708
369;362;3.934
369;364;3.626
370;368;3.596
371;364;3.817
372;367;2.864
373;379;3.594
374;394;3.028
375;394;2.822
376;393;4.0
376;400;3.705
377;393;3.513
378;381;2.986
379;373;3.594
379;383;3.981
380;382;2.988
380;383;3.029
380;385;3.128
380;386;2.743
381;378;2.986
382;380;2.988
383;379;3.981
383;380;3.029
384;387;4.036
385;380;3.128
386;380;2.743
386;389;2.787
386;390;3.142
387;384;4.036
388;391;2.957
389;386;2.787
390;386;3.142
391;388;2.957
392;397;3.764
393;376;4.0
393;377;3.513
393;396;2.981
394;374;3.028
394;375;2.822
395;398;2.95
395;399;3.024
396;393;2.981
397;392;3.764
398;395;2.95
399;395;3.024
400;376;3.705
401;402;2.768
402;401;2.768
403;404;2.837
403;410;3.634
404;403;2.837
404;409;3.041
405;408;2.802
405;409;3.818
406;409;3.776
407;409;2.987
408;405;2.802
409;404;3.041
409;405;3.818
409;406;3.776
409;407;2.987
410;403;3.634
410;411;3.058
411;410;3.058
412;414;2.922
413;415;2.94
414;412;2.922
415;413;2.94
415;416;3.042
416;415;3.042
417;440;2.844
418;419;3.388
419;418;3.388
420;422;3.048
421;423;2.983
421;427;3.639
422;420;3.048
423;421;2.983
423;427;3.74
424;425;2.867
425;424;2.867
426;432;3.341
427;421;3.639
427;423;3.74
427;428;2.957
428;427;2.957
428;431;3.0
428;432;3.067
429;432;2.914
430;433;3.686
431;428;3.0
432;426;3.341
432;428;3.067
432;429;2.914
433;348;3.938
433;430;3.686
434;349;2.777
435;349;2.837
436;340;3.899
436;349;3.18
437;336;3.067
437;337;2.888
437;338;2.821
437;339;2.634
438;337;2.822
438;349;2.702
439;441;3.683
440;417;2.844
441;335;3.76
441;439;3.683
442;335;2.904
442;448;3.226
443;335;2.755
444;447;3.016
445;448;3.004
445;449;3.112
445;450;3.913
446;451;4.036
446;452;2.857
446;453;3.388
447;444;3.016
448;442;3.226
448;445;3.004
449;445;3.112
450;445;3.913
451;446;4.036
452;446;2.857
453;446;3.388
454;455;3.761
455;454;3.761
456;458;2.79
457;459;3.207
458;456;2.79
459;457;3.207
459;461;2.997
459;463;3.434
459;464;3.821
459;466;3.049
459;467;2.752
460;462;3.952
460;463;3.792
460;519;3.487
460;520;2.766
461;459;2.997
462;460;3.952
462;519;3.612
462;520;3.941
463;459;3.434
463;460;3.792
463;466;2.985
463;467;3.13
464;459;3.821
464;467;2.984
465;516;3.609
466;459;3.049
466;463;2.985
466;521;3.981
467;459;2.752
467;463;3.13
467;464;2.984
467;470;2.998
467;471;3.163
468;472;2.952
469;473;2.959
470;467;2.998
470;473;3.213
470;474;3.013
471;467;3.163
471;474;3.427
471;475;2.935
471;568;2.666
472;468;2.952
472;475;3.194
472;476;2.974
473;469;2.959
473;470;3.213
473;477;3.05
474;470;3.013
474;471;3.427
474;477;3.325
474;478;2.98
474;509;4.006
474;513;3.807
474;565;3.934
475;471;2.935
475;472;3.194
475;478;3.004
475;479;3.085
475;569;2.728
475;570;3.649
476;472;2.974
476;479;3.473
476;480;3.007
477;473;3.05
477;474;3.325
477;481;2.98
477;506;3.668
478;474;2.98
478;475;3.004
478;481;3.09
478;482;3.069
478;510;3.301
478;563;3.869
478;565;3.881
478;566;3.827
479;475;3.085
479;476;3.473
479;482;3.132
479;483;3.433
479;566;3.806
480;476;3.007
480;483;3.31
480;484;3.017
481;477;2.98
481;478;3.09
481;484;3.264
481;485;2.991
481;506;3.188
481;562;3.078
482;478;3.069
482;479;3.132
482;486;3.044
482;563;3.649
482;992;3.928
483;479;3.433
483;480;3.31
483;486;3.304
483;487;2.985
484;480;3.017
484;481;3.264
484;487;3.064
484;488;2.952
484;499;3.538
485;481;2.991
485;488;3.032
485;560;4.021
485;562;3.773
485;563;3.627
485;996;3.995
486;482;3.044
486;483;3.304
487;483;2.985
487;484;3.064
487;491;3.647
488;484;2.952
488;485;3.032
488;492;2.905
488;499;4.01
488;503;3.522
489;492;2.98
489;1039;2.986
489;1040;3.026
490;493;2.963
490;494;3.048
491;487;3.647
491;495;3.01
492;488;2.905
492;489;2.98
492;496;2.802
493;490;2.963
493;496;2.752
494;490;3.048
495;491;3.01
495;498;3.077
495;499;2.939
496;492;2.802
496;493;2.752
496;500;2.965
497;500;3.248
497;501;3.019
498;495;3.077
498;501;3.934
498;502;2.969
499;484;3.538
499;488;4.01
499;495;2.939
499;502;3.403
499;503;2.935
500;496;2.965
500;497;3.248
500;503;3.365
500;504;3.024
501;497;3.019
501;498;3.934
501;505;2.969
502;498;2.969
502;499;3.403
502;506;2.973
503;488;3.522
503;499;2.935
503;500;3.365
503;506;3.375
503;507;3.091
503;562;3.255
504;500;3.024
504;507;3.339
504;508;3.011
504;546;3.799
504;547;3.37
505;501;2.969
505;508;3.021
505;509;3.091
506;477;3.668
506;481;3.188
506;502;2.973
506;503;3.375
506;509;3.076
506;510;3.36
507;503;3.091
507;504;3.339
507;510;2.933
507;542;2.837
507;543;3.751
507;546;3.809
508;504;3.011
508;505;3.021
508;511;2.874
509;474;4.006
509;505;3.091
509;506;3.076
509;512;3.061
509;513;3.236
510;478;3.301
510;506;3.36
510;507;2.933
510;514;2.986
510;539;3.681
510;543;3.896
510;565;3.413
511;508;2.874
511;514;3.407
511;515;3.036
511;543;3.49
512;509;3.061
512;516;3.062
513;474;3.807
513;509;3.236
513;516;3.431
513;517;2.951
513;565;2.743
513;568;2.732
514;510;2.986
514;511;3.407
514;518;2.994
514;539;3.634
515;511;3.036
515;518;3.264
515;519;3.086
516;465;3.609
516;512;3.062
516;513;3.431
516;520;2.986
517;513;2.951
517;520;3.026
517;521;3.032
517;525;2.669
517;526;3.545
517;532;2.775
518;514;2.994
518;515;3.264
518;526;3.735
518;527;3.962
519;460;3.487
519;462;3.612
519;515;3.086
520;460;2.766
520;462;3.941
520;516;2.986
520;517;3.026
521;466;3.981
521;517;3.032
521;525;3.69
522;525;2.91
522;526;2.922
523;527;2.979
524;528;3.069
525;517;2.669
525;521;3.69
525;522;2.91
525;528;3.073
525;529;2.926
526;517;3.545
526;518;3.735
526;522;2.922
526;532;3.208
527;518;3.962
527;523;2.979
528;524;3.069
528;525;3.073
529;525;2.926
529;532;2.964
529;533;3.037
530;533;3.953
530;534;3.017
531;535;2.993
531;573;2.949
531;576;3.927
532;517;2.775
532;526;3.208
532;529;2.964
532;536;2.957
533;529;3.037
533;530;3.953
533;536;3.402
533;537;2.989
534;530;3.017
534;537;3.394
534;538;3.023
535;531;2.993
535;538;3.223
535;539;2.907
535;565;2.644
535;568;3.846
536;532;2.957
536;533;3.402
536;540;2.988
537;533;2.989
537;534;3.394
537;540;3.199
537;541;3.086
538;534;3.023
538;535;3.223
538;542;3.014
539;510;3.681
539;514;3.634
539;535;2.907
539;543;2.937
539;565;3.755
540;536;2.988
540;537;3.199
540;544;2.992
541;537;3.086
541;545;3.206
541;558;3.54
542;507;2.837
542;538;3.014
542;546;3.414
542;562;3.074
543;507;3.751
543;510;3.896
543;511;3.49
543;539;2.937
543;546;3.148
543;547;2.911
544;540;2.992
544;547;3.319
544;548;3.041
545;541;3.206
545;549;3.0
545;550;3.07
545;559;3.842
546;504;3.799
546;507;3.809
546;542;3.414
546;543;3.148
546;550;3.742
546;559;3.924
547;504;3.37
547;543;2.911
547;544;3.319
548;544;3.041
549;545;3.0
549;551;2.942
550;545;3.07
550;546;3.742
550;556;2.835
551;549;2.942
551;556;3.282
552;555;2.79
553;556;3.23
553;557;2.931
554;557;3.286
554;558;2.958
554;1079;3.843
555;552;2.79
555;558;3.082
555;559;3.081
556;550;2.835
556;551;3.282
556;553;3.23
556;559;2.945
557;553;2.931
557;554;3.286
557;560;2.98
557;1000;3.158
558;541;3.54
558;554;2.958
558;555;3.082
558;561;2.975
559;545;3.842
559;546;3.924
559;555;3.081
559;556;2.945
559;562;3.049
560;485;4.021
560;557;2.98
560;563;3.182
560;996;3.7
560;997;3.91
561;558;2.975
561;564;2.896
561;993;3.863
562;481;3.078
562;485;3.773
562;503;3.255
562;542;3.074
562;559;3.049
562;565;2.969
563;478;3.869
563;482;3.649
563;485;3.627
563;560;3.182
563;566;2.926
563;989;3.798
563;993;3.531
564;561;2.896
564;567;2.78
564;990;3.355
564;993;3.486
565;474;3.934
565;478;3.881
565;510;3.413
565;513;2.743
565;535;2.644
565;539;3.755
565;562;2.969
565;568;2.987
566;478;3.827
566;479;3.806
566;563;2.926
566;569;2.971
566;570;2.949
566;572;3.868
566;989;3.578
567;564;2.78
568;471;2.666
568;513;2.732
568;535;3.846
568;565;2.987
569;475;2.728
569;566;2.971
570;475;3.649
570;566;2.949
570;572;3.88
570;573;3.022
571;574;3.055
571;575;2.918
571;982;3.175
572;566;3.868
572;570;3.88
572;575;3.221
572;576;3.016
572;986;3.477
573;531;2.949
573;570;3.022
573;576;3.836
573;577;3.056
574;571;3.055
574;577;3.376
574;578;2.971
575;571;2.918
575;572;3.221
575;578;3.277
575;579;2.935
575;983;4.014
575;986;3.606
576;531;3.927
576;572;3.016
576;573;3.836
576;580;3.054
577;573;3.056
577;574;3.376
577;580;3.42
577;581;2.781
578;574;2.971
578;575;3.277
578;581;3.22
578;582;2.927
578;1097;3.559
579;575;2.935
579;582;3.215
579;583;3.076
579;1093;3.567
580;576;3.054
580;577;3.42
580;583;2.998
581;577;2.781
581;578;3.22
581;584;2.967
582;578;2.927
582;579;3.215
582;585;3.082
582;586;3.084
582;686;3.802
582;1093;3.481
582;1097;3.445
583;579;3.076
583;580;2.998
583;586;3.443
583;587;2.968
583;1093;3.892
584;581;2.967
584;587;3.043
585;582;3.082
585;686;3.877
586;582;3.084
586;583;3.443
586;589;3.254
586;590;2.873
586;682;3.561
586;1093;3.852
587;583;2.968
587;584;3.043
587;591;3.05
588;106;3.438
588;110;3.35
588;591;3.224
588;592;3.305
589;110;3.983
589;586;3.254
589;592;3.035
589;593;3.022
589;681;3.54
589;682;3.793
590;586;2.873
590;594;2.925
591;587;3.05
591;588;3.224
591;594;3.287
591;595;3.052
592;107;3.682
592;588;3.305
592;589;3.035
592;595;3.447
592;596;3.038
593;589;3.022
593;596;3.495
593;597;2.967
593;644;3.917
594;590;2.925
594;591;3.287
594;598;2.97
595;100;3.551
595;591;3.052
595;592;3.447
595;598;3.314
595;599;3.0
596;592;3.038
596;593;3.495
596;599;3.365
596;600;2.968
596;674;3.76
597;593;2.967
597;600;3.439
597;601;2.922
597;637;3.434
597;640;3.813
598;19;3.526
598;23;3.802
598;594;2.97
598;595;3.314
598;601;3.327
598;602;3.005
598;633;3.545
599;94;4.036
599;98;3.896
599;595;3.0
599;596;3.365
599;602;3.213
599;603;2.992
600;596;2.968
600;597;3.439
600;604;2.962
600;640;3.941
600;667;3.773
600;670;3.853
600;671;3.4
601;597;2.922
601;598;3.327
601;604;3.243
601;605;2.995
601;633;3.806
601;636;3.974
601;637;3.991
602;94;3.587
602;598;3.005
602;599;3.213
602;606;3.327
603;94;3.669
603;599;2.992
603;606;3.275
603;607;3.014
604;600;2.962
604;601;3.243
604;608;3.001
604;609;2.82
604;630;3.801
605;25;3.222
605;601;2.995
605;609;3.053
605;610;3.159
605;632;4.022
606;91;3.475
606;602;3.327
606;603;3.275
607;87;3.913
607;91;3.873
607;603;3.014
607;610;2.804
608;604;3.001
608;611;3.006
608;612;3.562
608;626;3.499
608;630;4.116
608;664;3.426
609;604;2.82
609;605;3.053
609;626;3.764
610;605;3.159
610;607;2.804
611;608;3.006
611;623;4.14
611;626;2.986
612;608;3.562
612;624;3.087
612;626;2.965
612;652;3.799
612;653;3.364
612;660;2.801
612;664;3.593
613;622;2.641
613;623;3.334
613;653;3.677
613;654;2.92
614;617;3.007
614;618;2.857
614;619;2.815
614;620;2.75
615;653;4.12
615;654;2.778
615;656;3.721
616;619;3.821
617;614;3.007
617;622;4.012
618;614;2.857
619;614;2.815
619;616;3.821
619;1027;3.938
620;614;2.75
621;627;3.579
621;628;3.077
622;613;2.641
622;617;4.012
623;611;4.14
623;613;3.334
623;627;3.511
624;612;3.087
624;627;3.142
624;628;3.141
624;651;2.859
624;652;3.57
625;628;3.029
625;629;2.845
625;650;3.884
626;608;3.499
626;609;3.764
626;611;2.986
626;612;2.965
626;630;3.674
626;652;3.598
627;621;3.579
627;623;3.511
627;624;3.142
627;631;3.481
628;621;3.077
628;624;3.141
628;625;3.029
628;635;4.026
628;1067;3.932
629;625;2.845
629;635;3.96
629;638;3.898
629;639;3.835
629;1058;3.423
629;1062;3.769
630;604;3.801
630;608;4.116
630;626;3.674
630;635;3.65
630;639;3.647
630;652;4.036
631;627;3.481
631;1071;2.723
632;25;3.709
632;605;4.022
632;635;2.877
632;636;2.938
632;1074;2.863
633;25;3.285
633;598;3.545
633;601;3.806
633;636;3.477
633;637;2.958
634;637;3.209
634;638;2.994
634;1074;3.652
634;1077;3.85
634;1078;3.621
634;1081;3.931
635;628;4.026
635;629;3.96
635;630;3.65
635;632;2.877
635;638;3.268
635;639;2.984
635;1077;3.093
636;601;3.974
636;632;2.938
636;633;3.477
636;639;4.029
636;640;2.973
637;597;3.434
637;601;3.991
637;633;2.958
637;634;3.209
637;640;3.47
637;641;2.978
638;629;3.898
638;634;2.994
638;635;3.268
638;641;3.264
638;642;3.033
638;1062;3.933
638;1081;3.634
639;629;3.835
639;630;3.647
639;635;2.984
639;636;4.029
639;642;3.126
639;643;3.013
639;649;3.807
640;597;3.813
640;600;3.941
640;636;2.973
640;637;3.47
640;643;3.426
640;644;3.002
640;671;4.012
641;637;2.978
641;638;3.264
641;644;3.052
641;645;3.204
641;1054;3.934
641;1057;3.516
641;1081;3.713
641;1088;3.895
642;638;3.033
642;639;3.126
642;648;2.842
642;1058;3.548
643;639;3.013
643;640;3.426
643;646;2.955
643;668;3.446
643;671;3.581
643;672;3.989
644;593;3.917
644;640;3.002
644;641;3.052
644;675;3.768
645;641;3.204
645;1054;3.468
646;643;2.955
646;668;2.895
646;672;4.002
647;212;3.78
647;1054;3.81
647;1055;2.743
647;1056;2.833
648;207;3.661
648;212;3.411
648;213;5.99
648;642;2.842
648;668;3.872
648;1059;3.897
649;639;3.807
649;652;3.512
649;668;3.278
650;625;3.884
650;1059;3.515
651;624;2.859
651;1013;3.816
652;612;3.799
652;624;3.57
652;626;3.598
652;630;4.036
652;649;3.512
652;661;3.306
652;664;3.456
653;612;3.364
653;613;3.677
653;615;4.12
653;657;3.377
653;661;2.965
654;613;2.92
654;615;2.778
654;661;3.675
655;1014;3.372
656;615;3.721
657;653;3.377
657;660;2.768
657;661;3.073
658;662;2.951
659;662;3.379
659;663;2.987
660;612;2.801
660;657;2.768
660;663;3.196
660;664;3.046
661;652;3.306
661;653;2.965
661;654;3.675
661;657;3.073
661;664;3.349
661;665;2.927
662;658;2.951
662;659;3.379
662;665;3.125
662;666;3.022
663;659;2.987
663;660;3.196
664;608;3.426
664;612;3.593
664;652;3.456
664;660;3.046
664;661;3.349
664;667;3.005
664;668;2.928
665;203;3.813
665;661;2.927
665;662;3.125
665;668;3.354
665;669;2.965
666;662;3.022
666;669;3.444
666;670;2.997
667;600;3.773
667;664;3.005
667;670;3.453
667;671;2.988
668;643;3.446
668;646;2.895
668;648;3.872
668;649;3.278
668;664;2.928
668;665;3.354
668;671;3.315
668;672;2.972
669;206;3.512
669;665;2.965
669;666;3.444
669;672;3.433
669;673;2.998
670;600;3.853
670;666;2.997
670;667;3.453
670;673;3.458
670;674;2.998
671;600;3.4
671;640;4.012
671;643;3.581
671;667;2.988
671;668;3.315
671;675;2.966
672;210;3.649
672;643;3.989
672;646;4.002
672;668;2.972
672;669;3.433
672;676;2.928
673;206;3.847
673;669;2.998
673;670;3.458
673;676;3.453
673;677;3.031
674;596;3.76
674;670;2.998
674;677;3.464
674;678;2.984
675;644;3.768
675;671;2.966
675;678;3.178
675;679;2.931
676;672;2.928
676;673;3.453
676;679;3.273
676;680;2.984
677;114;3.833
677;673;3.031
677;674;3.464
677;681;3.029
678;674;2.984
678;675;3.178
678;681;3.346
678;682;2.919
679;675;2.931
679;676;3.273
679;682;3.116
679;683;3.085
680;246;3.586
680;247;3.711
680;676;2.984
680;683;3.461
680;684;3.02
681;589;3.54
681;677;3.029
681;678;3.346
681;684;3.456
681;685;2.891
682;586;3.561
682;589;3.793
682;678;2.919
682;679;3.116
682;685;3.399
682;686;3.135
682;1096;3.364
683;247;3.67
683;251;3.694
683;679;3.085
683;680;3.461
683;686;3.496
683;687;2.95
683;1096;3.554
683;1099;3.764
683;1385;6.352
684;250;3.802
684;251;3.979
684;254;3.672
684;680;3.02
684;681;3.456
684;687;3.358
684;688;2.944
685;681;2.891
685;682;3.399
685;689;3.089
686;582;3.802
686;585;3.877
686;682;3.135
686;683;3.496
686;689;3.296
686;690;2.993
686;1096;3.62
686;1097;3.809
686;1100;3.549
687;251;3.519
687;683;2.95
687;684;3.358
687;691;2.977
687;1100;3.964
687;1103;3.491
688;255;4.017
688;684;2.944
688;691;3.266
688;692;3.047
689;685;3.089
689;686;3.296
689;692;3.126
689;693;3.144
690;686;2.993
690;693;2.985
690;694;2.951
690;1100;3.44
690;1104;3.386
691;255;3.735
691;687;2.977
691;688;3.266
691;1104;3.547
691;1107;3.439
692;688;3.047
692;689;3.126
693;689;3.144
693;690;2.985
694;293;2.833
694;690;2.951
694;1104;3.464
695;1108;3.353
696;1107;3.764
697;706;3.712
697;1111;2.805
697;1112;2.793
698;272;3.479
698;706;3.466
698;1111;2.792
699;272;3.774
699;702;3.796
699;706;3.827
699;1114;3.855
700;706;3.366
700;707;3.651
700;720;3.17
700;1114;3.597
700;1115;3.231
701;720;2.644
701;1122;2.994
702;699;3.796
703;263;3.895
704;263;3.86
704;272;3.677
705;281;2.848
705;287;3.748
706;277;2.701
706;697;3.712
706;698;3.466
706;699;3.827
706;700;3.366
707;276;3.47
707;287;3.621
707;700;3.651
708;287;2.979
709;722;2.842
710;720;3.745
710;721;3.921
710;1120;3.707
711;715;2.738
711;1116;3.621
711;1117;3.682
711;1118;4.003
711;1119;2.92
711;1120;3.892
712;715;2.919
712;1118;3.304
713;825;2.997
713;826;3.657
714;825;3.753
714;828;2.834
714;829;2.78
715;711;2.738
715;712;2.919
715;719;3.934
715;1118;2.715
716;793;3.579
717;795;3.762
717;802;3.445
718;793;6.492
719;715;3.934
720;700;3.17
720;701;2.644
720;710;3.745
720;1120;3.568
721;710;3.921
721;724;3.415
722;709;2.842
723;283;3.902
723;732;2.86
724;721;3.415
725;732;3.848
726;731;4.02
726;805;3.911
726;806;3.742
726;808;3.647
726;811;3.757
727;730;2.936
728;805;3.965
729;808;2.73
729;809;3.96
730;727;2.936
731;726;4.02
731;733;2.963
731;736;3.82
732;284;2.775
732;285;3.09
732;723;2.86
732;725;3.848
733;731;2.963
733;811;2.647
734;739;3.768
735;738;2.875
735;739;2.98
735;749;2.878
735;750;2.828
735;751;2.886
736;731;3.82
737;751;2.83
738;735;2.875
738;749;3.468
738;760;3.479
739;734;3.768
739;735;2.98
740;741;3.311
741;740;3.311
742;745;3.797
743;744;3.7
743;745;3.914
743;746;3.767
744;743;3.7
745;742;3.797
745;743;3.914
745;750;3.561
746;743;3.767
747;750;2.965
748;761;2.816
749;735;2.878
749;738;3.468
749;761;4.021
750;735;2.828
750;745;3.561
750;747;2.965
751;735;2.886
751;737;2.83
751;756;3.443
752;756;3.425
752;767;3.952
753;767;3.643
753;769;2.669
754;767;3.537
755;767;3.878
755;768;2.911
756;751;3.443
756;752;3.425
756;767;3.913
757;760;3.914
758;760;3.01
759;764;2.741
760;738;3.479
760;757;3.914
760;758;3.01
761;748;2.816
761;749;4.021
762;767;3.02
763;766;3.404
764;759;2.741
765;766;2.847
766;763;3.404
766;765;2.847
767;752;3.952
767;753;3.643
767;754;3.537
767;755;3.878
767;756;3.913
767;762;3.02
767;768;2.772
768;755;2.911
768;767;2.772
769;753;2.669
770;774;3.903
771;774;3.73
771;775;3.424
772;773;2.944
773;772;2.944
774;770;3.903
774;771;3.73
775;771;3.424
776;782;3.734
777;782;3.506
778;781;3.885
778;782;3.211
779;786;2.864
780;785;2.92
781;778;3.885
781;784;3.147
782;776;3.734
782;777;3.506
782;778;3.211
783;788;2.875
784;781;3.147
784;787;2.922
785;780;2.92
785;1127;2.67
786;779;2.864
787;784;2.922
788;783;2.875
789;797;3.976
789;798;3.485
789;1127;3.127
790;796;3.964
791;793;2.75
791;1127;3.408
792;794;2.704
793;716;3.579
793;718;6.492
793;791;2.75
793;796;3.436
794;792;2.704
795;717;3.762
795;803;3.83
796;790;3.964
796;793;3.436
797;789;3.976
797;799;3.384
797;800;3.095
797;801;3.705
798;789;3.485
799;797;3.384
800;797;3.095
800;804;2.852
801;797;3.705
801;804;3.456
801;805;3.223
802;717;3.445
802;806;2.751
803;795;3.83
803;806;3.436
804;800;2.852
804;801;3.456
805;726;3.911
805;728;3.965
805;801;3.223
806;726;3.742
806;802;2.751
806;803;3.436
807;811;3.609
808;726;3.647
808;729;2.73
808;811;3.692
809;729;3.96
810;812;2.859
811;726;3.757
811;733;2.647
811;807;3.609
811;808;3.692
812;810;2.859
813;815;3.047
814;816;3.726
814;821;3.465
815;813;3.047
816;814;3.726
816;820;4.026
816;821;3.157
817;820;3.601
818;820;3.038
819;822;3.025
820;816;4.026
820;817;3.601
820;818;3.038
821;814;3.465
821;816;3.157
821;824;3.736
822;819;3.025
822;823;2.86
822;824;2.828
823;822;2.86
824;821;3.736
824;822;2.828
825;713;2.997
825;714;3.753
826;713;3.657
826;828;3.062
827;836;4.051
827;839;3.961
828;714;2.834
828;826;3.062
828;831;3.458
829;714;2.78
830;834;3.855
831;828;3.458
832;835;2.94
833;837;2.74
833;910;2.72
834;830;3.855
834;845;4.036
835;832;2.94
836;827;4.051
836;838;2.959
836;840;2.799
836;841;2.883
837;833;2.74
838;836;2.959
838;840;3.752
839;827;3.961
840;836;2.799
840;838;3.752
841;836;2.883
842;844;3.993
842;845;3.542
843;846;2.738
844;842;3.993
844;850;4.145
845;834;4.036
845;842;3.542
845;849;3.735
846;843;2.738
846;849;2.704
846;905;2.863
846;906;2.804
847;850;3.04
848;853;3.804
848;899;3.966
848;902;3.384
848;903;3.536
849;845;3.735
849;846;2.704
849;906;3.984
850;844;4.145
850;847;3.04
850;853;2.851
850;854;2.944
851;855;3.04
852;856;2.906
853;848;3.804
853;850;2.851
853;856;3.297
853;857;2.967
854;850;2.944
854;857;3.407
854;858;3.183
854;962;3.134
855;851;3.04
855;858;3.387
855;859;3.004
856;852;2.906
856;853;3.297
856;859;3.298
856;860;2.922
857;853;2.967
857;854;3.407
857;860;3.393
857;861;2.972
857;896;3.849
857;899;3.718
858;854;3.183
858;855;3.387
858;861;3.356
858;862;2.949
858;962;3.4
859;855;3.004
859;856;3.298
859;862;3.242
859;863;2.979
860;856;2.922
860;857;3.393
860;864;2.957
860;896;3.966
861;857;2.972
861;858;3.356
861;865;2.896
861;892;3.948
861;896;3.448
861;955;3.686
861;959;3.776
862;858;2.949
862;859;3.242
862;865;3.168
862;866;2.977
863;859;2.979
863;866;3.087
863;867;3.009
864;860;2.957
864;867;3.427
864;868;2.957
864;955;3.614
865;861;2.896
865;862;3.168
865;868;4.039
865;869;2.998
866;862;2.977
866;863;3.087
866;869;3.392
866;870;2.959
867;863;3.009
867;864;3.427
867;870;2.981
867;871;3.239
868;864;2.957
868;865;4.039
868;953;3.932
869;865;2.998
869;866;3.392
869;873;3.663
869;1293;3.815
870;866;2.959
870;867;2.981
870;873;3.077
870;874;3.026
870;877;3.457
870;881;3.822
871;867;3.239
871;878;2.779
871;946;2.7
872;875;3.304
872;878;2.671
872;1296;3.354
872;1350;3.073
873;869;3.663
873;870;3.077
873;1316;3.749
874;870;3.026
874;877;2.972
874;878;3.026
875;872;3.304
875;878;3.189
875;879;3.007
875;1351;4.014
876;879;2.637
877;870;3.457
877;874;2.972
877;880;3.29
877;881;2.963
878;871;2.779
878;872;2.671
878;874;3.026
878;875;3.189
878;882;3.028
878;1349;3.851
879;875;3.007
879;876;2.637
879;1351;3.489
880;877;3.29
881;870;3.822
881;877;2.963
881;884;3.102
881;885;3.025
882;878;3.028
882;886;2.742
883;887;3.021
884;881;3.102
884;887;3.388
884;888;2.992
885;881;3.025
885;888;2.993
885;889;3.267
886;882;2.742
886;889;2.996
886;890;3.022
886;946;2.881
886;949;3.853
887;883;3.021
887;884;3.388
887;890;2.892
887;891;2.947
888;884;2.992
888;885;2.993
888;891;3.488
888;892;2.922
889;885;3.267
889;886;2.996
889;893;3.003
889;949;4.038
889;952;3.786
890;886;3.022
890;887;2.892
890;893;3.351
890;894;3.03
891;887;2.947
891;888;3.488
891;895;2.985
892;861;3.948
892;888;2.922
892;895;3.225
892;896;2.933
892;955;3.6
893;889;3.003
893;890;3.351
893;897;2.975
893;952;3.869
894;890;3.03
894;898;3.039
895;891;2.985
895;892;3.225
895;898;4.034
895;899;2.941
896;857;3.849
896;860;3.966
896;861;3.448
896;892;2.933
896;900;3.007
896;958;3.672
897;893;2.975
897;900;3.161
897;901;2.961
897;925;3.928
897;929;3.809
898;894;3.039
898;895;4.034
898;901;3.407
898;902;2.944
899;848;3.966
899;857;3.718
899;895;2.941
899;902;3.491
899;903;2.745
899;958;3.581
900;896;3.007
900;897;3.161
900;904;2.97
900;912;3.446
900;922;3.621
900;926;3.996
901;897;2.961
901;898;3.407
901;904;3.439
901;905;2.997
902;848;3.384
902;898;2.944
902;899;3.491
902;905;4.0
902;906;2.971
903;848;3.536
903;899;2.745
903;906;3.461
903;907;3.062
903;912;3.973
903;918;4.146
903;921;2.672
904;900;2.97
904;901;3.439
904;907;3.017
904;908;2.916
904;912;3.539
904;913;3.555
905;846;2.863
905;901;2.997
905;902;4.0
906;846;2.804
906;849;3.984
906;902;2.971
906;903;3.461
907;903;3.062
907;904;3.017
907;911;2.937
907;915;3.744
907;918;3.622
908;904;2.916
908;911;2.953
908;912;2.968
909;913;3.045
910;833;2.72
910;913;3.043
910;914;2.894
911;907;2.937
911;908;2.953
912;900;3.446
912;903;3.973
912;904;3.539
912;908;2.968
912;915;3.048
912;918;4.038
912;922;3.889
913;904;3.555
913;909;3.045
913;910;3.043
913;922;5.639
914;910;2.894
915;907;3.744
915;912;3.048
915;918;3.027
915;919;2.928
916;920;2.968
917;920;3.442
917;921;2.991
917;967;4.014
917;970;3.949
918;903;4.146
918;907;3.622
918;912;4.038
918;915;3.027
918;921;3.234
918;922;2.968
919;915;2.928
919;923;2.963
920;916;2.968
920;917;3.442
920;923;3.242
921;903;2.672
921;917;2.991
921;918;3.234
921;958;2.97
921;961;2.787
922;900;3.621
922;912;3.889
922;913;5.639
922;918;2.968
922;925;3.039
922;926;2.952
923;919;2.963
923;920;3.242
923;927;3.023
924;954;4.011
924;958;3.707
925;897;3.928
925;922;3.039
925;928;3.038
925;929;3.082
926;900;3.996
926;922;2.952
926;929;2.988
926;930;2.925
927;923;3.023
927;931;2.977
927;951;3.686
928;925;3.038
928;931;3.95
928;932;3.059
928;952;2.872
929;897;3.809
929;925;3.082
929;926;2.988
929;932;3.377
929;933;2.983
930;926;2.925
930;933;3.158
930;934;3.005
931;927;2.977
931;928;3.95
931;934;3.306
931;935;2.965
932;928;3.059
932;929;3.377
932;935;3.335
932;936;2.995
932;945;3.752
933;929;2.983
933;930;3.158
933;936;3.18
933;937;2.933
934;930;3.005
934;931;3.306
934;937;3.242
934;938;2.982
935;931;2.965
935;932;3.335
935;940;3.04
935;944;3.296
935;945;3.279
935;948;3.646
936;932;2.995
936;933;3.18
936;939;2.99
937;933;2.933
937;934;3.242
938;934;2.982
939;936;2.99
940;935;3.04
940;944;3.93
941;944;3.702
942;945;3.488
942;946;3.012
943;946;2.745
943;947;3.235
944;935;3.296
944;940;3.93
944;941;3.702
944;948;2.959
945;932;3.752
945;935;3.279
945;942;3.488
945;949;2.943
946;871;2.7
946;886;2.881
946;942;3.012
946;943;2.745
946;1348;3.812
947;943;3.235
947;950;3.054
947;1298;3.907
947;1345;3.011
947;1346;3.572
947;1347;3.15
948;935;3.646
948;944;2.959
949;886;3.853
949;889;4.038
949;945;2.943
949;952;2.745
950;947;3.054
950;953;2.761
950;954;3.322
950;1294;3.591
951;927;3.686
951;954;2.977
952;889;3.786
952;893;3.869
952;928;2.872
952;949;2.745
952;955;2.85
953;868;3.932
