source;destination;distance
0;3;2.785
1;47;3.597
2;7;3.605
2;48;3.685
3;0;2.785
4;7;3.259
4;8;2.972
5;9;2.971
6;10;2.974
7;2;3.605
7;4;3.259
7;10;3.108
7;11;2.96
7;43;3.904
7;47;3.744
8;4;2.972
8;11;3.472
8;12;2.986
9;5;2.971
9;12;3.463
9;13;2.919
10;6;2.974
10;7;3.108
10;14;2.948
11;7;2.96
11;8;3.472
11;14;3.38
11;15;3.024
11;44;3.58
12;8;2.986
12;9;3.463
12;16;2.976
12;104;3.898
13;9;2.919
13;16;3.358
13;17;2.946
14;10;2.948
14;11;3.38
14;18;3.005
14;37;3.727
15;11;3.024
15;19;2.985
15;37;3.768
15;99;3.922
15;100;3.542
16;12;2.976
16;13;3.358
16;19;3.187
16;20;3.084
17;13;2.946
17;20;3.307
17;21;2.986
18;14;3.005
18;21;3.466
18;22;2.96
18;37;3.01
18;96;3.164
19;15;2.985
19;16;3.187
19;22;3.171
19;97;3.536
19;605;3.505
20;16;3.084
20;17;3.307
21;17;2.986
21;18;3.466
21;24;2.984
21;30;3.632
21;33;3.401
22;18;2.96
22;19;3.171
22;93;4.07
22;96;3.867
22;97;4.017
23;605;3.737
24;21;2.984
24;27;4.027
25;612;3.235
25;639;3.711
25;640;3.289
26;30;3.835
27;24;4.027
27;30;2.853
28;31;2.733
28;32;3.005
29;32;3.311
29;33;2.984
30;21;3.632
30;26;3.835
30;27;2.853
30;33;3.374
30;34;2.994
31;28;2.733
31;34;3.423
31;35;3.012
32;28;3.005
32;29;3.311
32;35;3.468
32;36;2.962
33;21;3.401
33;29;2.984
33;30;3.374
33;36;3.264
33;37;2.956
34;30;2.994
34;31;3.423
34;37;3.368
34;38;2.955
34;93;2.84
34;96;3.593
35;31;3.012
35;32;3.468
35;38;3.397
35;39;2.97
35;81;3.714
36;32;2.962
36;33;3.264
36;39;3.378
36;40;2.995
37;14;3.727
37;15;3.768
37;18;3.01
37;33;2.956
37;34;3.368
37;40;2.996
37;41;2.859
37;96;3.975
38;34;2.955
38;35;3.397
38;42;2.984
38;80;2.698
39;35;2.97
39;36;3.378
39;42;3.168
39;43;2.985
40;36;2.995
40;37;2.996
40;43;3.497
40;44;2.922
41;37;2.859
41;45;2.957
41;73;3.471
41;99;3.482
42;38;2.984
42;39;3.168
42;45;3.299
42;46;2.967
43;7;3.904
43;39;2.985
43;40;3.497
43;46;3.375
43;47;3.061
44;11;3.58
44;40;2.922
44;47;3.243
44;48;2.813
44;99;2.666
45;41;2.957
45;42;3.299
45;49;2.984
45;56;3.972
45;73;3.921
46;42;2.967
46;43;3.375
46;50;3.065
46;51;3.953
47;1;3.597
47;7;3.744
47;43;3.061
47;44;3.243
48;2;3.685
48;44;2.813
48;66;3.197
48;69;2.661
49;45;2.984
49;56;4.016
49;59;3.859
49;66;3.698
50;46;3.065
50;53;3.073
50;55;3.737
51;46;3.953
52;55;3.547
52;58;3.576
53;50;3.073
53;56;2.988
54;57;2.986
55;50;3.737
55;52;3.547
55;58;2.995
56;45;3.972
56;49;4.016
56;53;2.988
56;59;3.036
56;70;3.929
57;54;2.986
57;60;3.016
58;52;3.576
58;55;2.995
58;61;3.055
59;49;3.859
59;56;3.036
59;62;2.97
59;63;3.822
59;66;3.5
59;67;3.987
59;70;3.727
60;57;3.016
61;58;3.055
62;59;2.97
63;59;3.822
63;66;3.493
63;67;2.921
64;67;3.462
64;68;3.028
65;68;3.194
65;69;3.068
65;102;3.239
65;108;3.207
65;111;3.841
66;48;3.197
66;49;3.698
66;59;3.5
66;63;3.493
66;69;3.793
66;70;2.975
67;59;3.987
67;63;2.921
67;64;3.462
67;70;3.389
67;71;2.937
68;64;3.028
68;65;3.194
68;72;3.004
68;101;3.873
69;48;2.661
69;65;3.068
69;66;3.793
69;72;3.319
69;73;2.92
69;99;3.134
69;102;2.802
70;56;3.929
70;59;3.727
70;66;2.975
70;67;3.389
70;73;3.316
70;74;3.007
71;67;2.937
71;74;3.428
71;75;2.974
72;68;3.004
72;69;3.319
72;76;2.926
72;95;3.606
73;41;3.471
73;45;3.921
73;69;2.92
73;70;3.316
73;76;3.432
73;77;2.892
74;70;3.007
74;71;3.428
74;77;3.265
74;78;3.021
75;71;2.974
75;78;3.393
75;79;2.952
75;89;3.593
75;92;3.339
76;72;2.926
76;73;3.432
76;79;3.338
76;80;2.901
77;73;2.892
77;74;3.265
77;81;2.958
78;74;3.021
78;75;3.393
78;82;2.973
79;75;2.952
79;76;3.338
79;83;3.996
79;89;2.748
80;38;2.698
80;76;2.901
80;83;3.214
81;35;3.714
81;77;2.958
82;78;2.973
82;84;2.987
83;79;3.996
83;80;3.214
83;90;2.893
83;93;3.55
84;82;2.987
85;89;3.697
86;89;3.146
87;90;2.867
87;91;3.182
87;614;3.93
88;91;3.129
89;75;3.593
89;79;2.748
89;85;3.697
89;86;3.146
89;92;3.005
90;83;2.893
90;87;2.867
91;87;3.182
91;88;3.129
91;94;3.009
91;613;3.412
91;614;3.871
92;75;3.339
92;89;3.005
92;95;2.86
93;22;4.07
93;34;2.84
93;83;3.55
93;96;2.94
94;91;3.009
94;97;2.844
94;606;3.938
94;609;3.644
94;610;3.7
95;72;3.606
95;92;2.86
95;98;3.174
95;99;3.037
96;18;3.164
96;22;3.867
96;34;3.593
96;37;3.975
96;93;2.94
96;99;3.06
97;19;3.536
97;22;4.017
97;94;2.844
97;100;3.0
98;95;3.174
98;101;2.734
98;606;3.971
99;15;3.922
99;41;3.482
99;44;2.666
99;69;3.134
99;95;3.037
99;96;3.06
99;102;2.767
99;103;3.454
100;15;3.542
100;97;3.0
100;103;2.979
100;104;2.97
100;107;3.66
100;602;3.498
101;68;3.873
101;98;2.734
101;111;3.797
102;65;3.239
102;69;2.802
102;99;2.767
102;108;2.802
103;99;3.454
103;100;2.979
104;12;3.898
104;100;2.97
104;107;3.498
104;108;2.971
105;108;3.273
105;109;2.947
106;110;3.105
106;595;3.37
107;100;3.66
107;104;3.498
107;110;3.383
107;111;3.008
107;599;3.697
108;65;3.207
108;102;2.802
108;104;2.971
108;105;3.273
108;111;3.481
108;112;2.974
109;105;2.947
109;112;3.23
109;113;3.037
110;106;3.105
110;107;3.383
110;113;3.08
110;114;2.997
110;595;3.294
111;65;3.841
111;101;3.797
111;107;3.008
111;108;3.481
111;114;3.264
111;115;3.05
112;108;2.974
112;109;3.23
112;115;3.432
112;116;3.005
113;109;3.037
113;110;3.08
113;116;3.211
113;117;3.043
114;110;2.997
114;111;3.264
114;117;3.039
114;118;3.242
114;684;3.808
115;111;3.05
115;112;3.432
115;118;2.995
116;112;3.005
116;113;3.211
116;119;2.771
116;259;3.844
117;113;3.043
117;114;3.039
117;120;3.078
117;121;3.013
118;114;3.242
118;115;2.995
118;122;3.002
119;116;2.771
119;263;2.754
120;117;3.078
120;123;3.432
120;259;3.43
120;262;2.642
120;263;2.823
121;117;3.013
121;124;3.343
121;125;2.927
122;118;3.002
122;126;2.982
123;120;3.432
123;126;3.183
123;127;3.088
123;1267;3.441
123;1268;2.927
124;121;3.343
124;127;3.431
124;128;3.163
124;248;3.616
124;1271;3.969
125;121;2.927
125;128;3.401
125;129;2.921
126;122;2.982
126;123;3.183
126;129;3.335
126;130;2.982
127;123;3.088
127;124;3.431
127;131;2.964
127;1262;3.99
127;1268;3.971
127;1271;3.821
128;124;3.163
128;125;3.401
128;131;3.291
128;132;2.89
128;248;3.434
129;125;2.921
129;126;3.335
129;132;3.478
129;133;3.013
130;126;2.982
130;133;3.427
130;134;2.931
130;1258;3.679
130;1261;3.403
130;1262;3.799
131;127;2.964
131;128;3.291
131;135;2.886
132;128;2.89
132;129;3.478
132;136;2.968
132;208;3.745
133;129;3.013
133;130;3.427
133;136;3.194
133;137;3.008
134;130;2.931
134;137;3.269
134;138;2.978
134;1169;3.738
134;1258;3.761
135;131;2.886
135;139;2.944
135;211;3.598
135;237;3.71
135;241;3.844
135;244;3.667
136;132;2.968
136;133;3.194
136;140;2.924
136;204;3.811
136;208;3.919
137;133;3.008
137;134;3.269
137;140;3.219
137;141;3.122
137;204;3.847
137;1255;3.85
138;134;2.978
138;141;3.123
138;142;3.446
138;237;3.579
138;1252;3.668
138;1255;3.934
139;135;2.944
139;142;3.478
139;143;2.946
139;201;3.535
140;136;2.924
140;137;3.219
140;144;3.7
140;202;4.039
140;203;3.5
140;204;3.891
141;137;3.122
141;138;3.123
141;1252;3.636
141;1255;3.365
142;138;3.446
142;139;3.478
142;1248;3.69
142;1252;3.515
143;139;2.946
143;224;3.072
143;234;3.418
143;237;3.598
143;238;3.726
144;140;3.7
144;202;3.744
145;150;2.745
145;197;2.981
146;191;3.059
146;195;3.781
146;197;3.135
147;150;2.943
147;151;3.768
147;195;2.81
148;195;2.841
148;198;3.512
148;202;2.664
149;153;3.714
149;155;3.384
150;145;2.745
150;147;2.943
150;154;3.113
150;192;2.732
151;147;3.768
151;189;3.765
151;192;3.749
152;189;3.577
153;149;3.714
153;187;2.717
154;150;3.113
155;149;3.384
156;159;3.733
157;159;3.646
158;161;3.758
158;183;3.865
159;156;3.733
159;157;3.646
160;171;3.594
160;182;2.768
161;158;3.758
162;170;3.115
162;171;3.288
163;165;3.571
164;166;3.977
164;168;3.739
165;163;3.571
166;164;3.977
167;170;3.447
167;179;3.213
168;164;3.739
169;172;3.938
169;174;3.704
170;162;3.115
170;167;3.447
170;173;2.778
170;183;2.844
171;160;3.594
171;162;3.288
172;169;3.938
173;170;2.778
173;178;4.039
173;179;3.965
173;181;2.755
174;169;3.704
174;176;2.963
174;177;3.924
175;177;3.757
176;174;2.963
177;174;3.924
177;175;3.757
178;173;4.039
179;167;3.213
179;173;3.965
180;184;4.022
180;185;3.582
180;186;3.545
181;173;2.755
182;160;2.768
183;158;3.865
183;170;2.844
184;180;4.022
185;180;3.582
186;180;3.545
187;153;2.717
188;1023;4.006
188;1025;3.706
189;151;3.765
189;152;3.577
190;192;3.4
191;146;3.059
192;150;2.732
192;151;3.749
192;190;3.4
193;196;3.104
194;1022;2.867
194;1024;3.547
195;146;3.781
195;147;2.81
195;148;2.841
195;198;3.229
196;193;3.104
196;227;3.47
196;228;3.953
197;145;2.981
197;146;3.135
198;148;3.512
198;195;3.229
198;201;2.98
198;202;3.021
198;206;3.801
199;206;3.169
200;206;3.36
200;224;3.481
201;139;3.535
201;198;2.98
201;207;3.352
201;210;3.601
201;224;3.144
201;238;6.077
202;140;4.039
202;144;3.744
202;148;2.664
202;198;3.021
203;140;3.5
203;206;2.799
203;207;2.975
204;136;3.811
204;137;3.847
204;140;3.891
204;208;2.96
205;209;2.99
206;198;3.801
206;199;3.169
206;200;3.36
206;203;2.799
206;209;3.315
206;210;2.956
207;201;3.352
207;203;2.975
207;210;3.239
207;211;2.954
208;132;3.745
208;136;3.919
208;204;2.96
208;212;2.939
209;205;2.99
209;206;3.315
209;212;3.059
209;213;2.963
209;672;3.836
210;201;3.601
210;206;2.956
210;207;3.239
210;213;3.318
210;214;2.932
211;135;3.598
211;207;2.954
211;214;3.911
211;215;2.958
212;208;2.939
212;209;3.059
212;215;3.232
212;216;2.949
212;676;3.533
212;679;4.117
212;680;3.908
213;209;2.963
213;210;3.318
213;217;2.971
213;218;2.832
213;219;3.869
213;655;3.698
214;210;2.932
214;211;3.911
214;217;3.097
214;220;3.609
214;238;3.887
214;241;3.77
214;242;3.727
215;211;2.958
215;212;3.232
216;212;2.949
216;679;3.606
217;213;2.971
217;214;3.097
217;1333;3.155
217;1335;3.051
218;213;2.832
218;654;3.807
218;655;3.358
219;213;3.869
219;222;3.226
219;223;3.014
219;655;5.928
219;1340;3.833
220;214;3.609
220;224;3.048
220;225;3.171
220;239;3.854
220;242;3.314
220;1326;3.727
220;1329;3.644
220;1330;3.442
221;225;3.106
221;226;3.007
221;1326;3.824
221;1330;3.816
221;1364;3.473
221;1365;2.774
221;1366;3.107
222;219;3.226
222;1340;3.549
222;1366;3.14
223;219;3.014
223;226;3.056
224;143;3.072
224;200;3.481
224;201;3.144
224;220;3.048
224;234;2.859
224;238;6.476
225;220;3.171
225;221;3.106
225;228;2.949
225;235;3.369
225;1326;3.158
225;1364;3.49
226;221;3.007
226;223;3.056
226;1316;3.874
226;1364;3.432
227;196;3.47
228;196;3.953
228;225;2.949
228;230;2.934
228;231;3.107
228;234;3.594
229;231;3.054
229;1323;3.636
229;1359;3.463
229;1360;2.872
229;1362;4.005
229;1363;3.467
230;228;2.934
230;234;3.019
231;228;3.107
231;229;3.054
231;234;2.973
231;235;2.946
231;1361;3.796
231;1362;3.746
232;235;3.649
232;236;2.921
232;1359;2.819
232;1361;2.779
233;1245;3.751
233;1248;3.805
233;1249;3.283
233;1361;2.94
234;143;3.418
234;224;2.859
234;228;3.594
234;230;3.019
234;231;2.973
234;237;3.032
234;238;3.379
235;225;3.369
235;231;2.946
235;232;3.649
235;238;3.346
235;239;2.94
235;1326;3.488
235;1362;3.973
235;1363;3.993
236;232;2.921
236;240;2.982
237;135;3.71
237;138;3.579
237;143;3.598
237;234;3.032
237;240;3.139
237;241;2.969
238;143;3.726
238;201;6.077
238;214;3.887
238;224;6.476
238;234;3.379
238;235;3.346
238;241;3.275
238;242;2.987
239;220;3.854
239;235;2.94
239;242;3.171
239;243;2.968
239;1329;3.958
240;236;2.982
240;237;3.139
240;244;2.933
241;135;3.844
241;214;3.77
241;237;2.969
241;238;3.275
241;245;2.909
242;214;3.727
242;220;3.314
242;238;2.987
242;239;3.171
242;245;3.464
242;246;2.941
242;1329;3.438
243;239;2.968
243;247;2.958
243;1329;3.483
244;135;3.667
244;240;2.933
244;248;2.905
245;241;2.909
245;242;3.464
245;249;2.94
246;242;2.941
246;249;3.345
246;250;2.965
247;243;2.958
247;250;3.439
247;251;2.94
247;1275;3.68
247;1282;3.581
248;124;3.616
248;128;3.434
248;244;2.905
248;251;3.194
248;252;2.882
249;245;2.94
249;246;3.345
249;252;3.331
249;253;2.955
250;246;2.965
250;247;3.439
250;253;3.807
250;254;2.995
250;1392;3.767
251;247;2.94
251;248;3.194
251;254;3.61
251;255;2.902
251;1271;3.152
251;1274;3.758
252;248;2.882
252;249;3.331
252;255;3.121
252;256;2.946
252;687;3.594
253;249;2.955
253;250;3.807
253;257;3.084
253;687;3.722
253;690;3.657
253;1389;3.515
254;250;2.995
254;251;3.61
254;258;2.925
254;1392;3.94
254;1393;3.935
254;1396;3.492
255;251;2.902
255;252;3.121
255;259;2.931
256;252;2.946
256;259;3.295
256;260;3.095
256;691;3.81
257;253;3.084
257;260;3.249
257;261;3.086
257;690;3.657
257;691;3.953
257;694;3.463
257;1393;3.469
258;254;2.925
258;262;2.882
258;1397;3.758
259;116;3.844
259;120;3.43
259;255;2.931
259;256;3.295
259;262;3.498
259;263;3.006
260;256;3.095
260;257;3.249
260;263;3.377
260;264;3.045
260;691;3.694
261;257;3.086
261;265;2.897
261;695;3.484
261;698;3.431
262;120;2.642
262;258;2.882
262;259;3.498
262;265;2.984
262;266;3.187
263;119;2.754
263;120;2.823
263;259;3.006
263;260;3.377
263;273;2.94
264;260;3.045
264;272;3.993
264;273;3.247
264;274;2.979
265;261;2.897
265;262;2.984
265;272;3.343
265;276;3.242
266;262;3.187
266;271;3.069
266;272;2.837
267;276;3.69
267;705;3.68
268;270;3.47
269;276;3.598
269;277;3.984
269;279;3.477
269;709;3.955
270;268;3.47
271;266;3.069
272;264;3.993
272;265;3.343
272;266;2.837
273;263;2.94
273;264;3.247
274;264;2.979
274;276;3.937
275;278;3.117
276;265;3.242
276;267;3.69
276;269;3.598
276;274;3.937
276;279;3.02
277;269;3.984
278;275;3.117
278;281;3.022
278;285;3.456
279;269;3.477
279;276;3.02
279;704;3.591
280;282;2.925
280;284;3.526
280;285;3.144
280;288;3.594
281;278;3.022
282;280;2.925
282;285;2.996
283;286;3.014
283;294;2.766
283;295;2.824
283;296;3.642
283;713;2.819
284;280;3.526
284;287;2.99
284;288;2.584
284;710;2.651
284;711;3.152
285;278;3.456
285;280;3.144
285;282;2.996
285;288;3.032
286;283;3.014
286;298;3.768
287;284;2.99
287;292;3.684
287;293;3.163
287;294;3.874
287;295;3.004
287;296;2.8
288;280;3.594
288;284;2.584
288;285;3.032
288;711;2.842
289;292;3.449
290;728;3.88
291;736;2.757
292;287;3.684
292;289;3.449
292;736;3.027
293;287;3.163
294;283;2.766
294;287;3.874
294;711;3.777
294;713;3.607
294;714;2.986
295;283;2.824
295;287;3.004
296;283;3.642
296;287;2.8
297;312;2.736
298;286;3.768
299;702;3.746
300;701;2.829
300;1110;3.931
301;1114;3.6
301;1115;3.937
301;1118;3.919
302;310;3.39
302;312;4.01
303;310;3.797
304;308;2.718
305;985;3.728
306;981;3.377
307;308;2.827
308;304;2.718
308;307;2.827
309;315;3.893
310;302;3.39
310;303;3.797
310;313;3.145
311;316;4.001
312;297;2.736
312;302;4.01
313;310;3.145
313;320;2.925
314;317;2.967
314;320;3.812
315;309;3.893
316;311;4.001
317;314;2.967
317;320;3.794
318;327;2.865
319;321;2.999
320;313;2.925
320;314;3.812
320;317;3.794
321;319;2.999
321;331;2.702
322;325;3.63
322;326;2.817
322;328;2.992
322;329;2.936
322;331;2.731
323;326;2.801
323;331;3.606
324;332;3.322
325;322;3.63
325;328;2.983
325;330;2.694
325;332;2.675
326;322;2.817
326;323;2.801
327;318;2.865
328;322;2.992
328;325;2.983
329;322;2.936
329;335;2.878
330;325;2.694
331;321;2.702
331;322;2.731
331;323;3.606
331;334;3.002
331;335;3.468
332;324;3.322
332;325;2.675
333;336;2.805
334;331;3.002
335;329;2.878
335;331;3.468
336;333;2.805
337;338;2.904
338;337;2.904
339;447;3.602
339;448;2.893
340;443;3.075
340;446;3.73
341;443;2.979
342;443;2.805
343;443;2.649
344;347;3.995
345;352;2.927
346;350;2.959
346;351;3.552
346;352;3.026
346;357;3.983
347;344;3.995
348;397;3.729
349;353;3.461
350;346;2.959
351;346;3.552
352;345;2.927
352;346;3.026
352;355;3.831
352;356;3.731
352;357;3.754
353;349;3.461
354;355;3.055
354;357;3.822
355;352;3.831
355;354;3.055
355;440;3.808
355;441;2.838
355;442;3.058
355;444;2.795
356;352;3.731
357;346;3.983
357;352;3.754
357;354;3.822
358;364;3.658
359;364;3.606
359;365;2.865
360;363;2.993
360;365;3.026
361;365;3.968
361;366;2.957
362;375;3.889
363;360;2.993
364;358;3.658
364;359;3.606
365;359;2.865
365;360;3.026
365;361;3.968
366;361;2.957
367;371;3.84
368;371;3.005
368;375;4.028
369;372;3.02
370;373;3.011
370;374;3.026
370;375;4.005
370;377;3.617
371;367;3.84
371;368;3.005
372;369;3.02
373;370;3.011
374;370;3.026
374;376;3.572
375;362;3.889
375;368;4.028
375;370;4.005
376;374;3.572
377;370;3.617
378;380;3.896
379;385;3.36
380;378;3.896
381;400;3.326
382;400;3.322
383;406;3.488
384;387;2.933
385;379;3.36
386;388;3.019
386;389;3.206
386;391;2.965
386;392;2.731
387;384;2.933
388;386;3.019
389;386;3.206
390;393;3.776
391;386;2.965
392;386;2.731
392;395;2.778
393;390;3.776
394;396;2.954
395;392;2.778
396;394;2.954
397;348;3.729
398;402;2.763
398;403;3.612
399;402;2.988
400;381;3.326
400;382;3.322
401;404;2.96
401;405;3.161
401;406;3.88
402;398;2.763
402;399;2.988
403;398;3.612
404;401;2.96
405;401;3.161
406;383;3.488
406;401;3.88
407;408;3.048
408;407;3.048
409;410;2.768
410;409;2.768
411;412;2.775
411;418;3.637
412;411;2.775
412;417;2.97
413;416;2.799
413;417;3.769
414;417;3.7
415;417;2.991
416;413;2.799
417;412;2.97
417;413;3.769
417;414;3.7
417;415;2.991
418;411;3.637
418;419;3.048
419;418;3.048
420;422;2.876
421;423;2.962
422;420;2.876
423;421;2.962
423;424;3.057
424;423;3.057
425;446;3.088
426;427;3.382
427;426;3.382
428;430;3.099
429;431;3.006
430;428;3.099
431;429;3.006
431;433;3.735
432;438;3.978
433;431;3.735
433;434;3.003
434;433;3.003
434;437;2.984
434;438;3.073
435;438;2.902
436;439;3.646
437;434;2.984
438;432;3.978
438;434;3.073
438;435;2.902
439;436;3.646
440;355;3.808
440;444;3.87
441;355;2.838
442;355;3.058
443;340;3.075
443;341;2.979
443;342;2.805
443;343;2.649
444;355;2.795
444;440;3.87
445;447;3.294
446;340;3.73
446;425;3.088
446;447;3.144
447;339;3.602
447;445;3.294
447;446;3.144
448;339;2.893
448;453;3.35
449;452;3.117
450;453;3.027
450;454;3.098
450;455;3.969
451;456;3.916
451;457;2.829
452;449;3.117
453;448;3.35
453;450;3.027
454;450;3.098
455;450;3.969
456;451;3.916
457;451;2.829
458;459;3.832
459;458;3.832
460;463;2.749
461;464;3.777
462;465;3.139
463;460;2.749
464;461;3.777
465;462;3.139
465;467;2.951
465;469;3.379
465;473;2.683
466;468;3.938
466;469;3.831
466;526;3.43
466;527;2.765
467;465;2.951
468;466;3.938
468;526;3.682
468;527;3.957
469;465;3.379
469;466;3.831
469;472;2.966
469;473;3.085
470;473;3.025
471;523;3.628
472;469;2.966
472;528;3.849
473;465;2.683
473;469;3.085
473;470;3.025
473;476;2.937
473;477;3.207
474;478;2.943
475;479;2.97
476;473;2.937
476;479;3.214
476;480;3.015
477;473;3.207
477;480;3.411
477;481;2.923
477;575;2.688
477;576;4.03
478;474;2.943
478;481;3.215
478;482;2.979
479;475;2.97
479;476;3.214
479;483;3.054
480;476;3.015
480;477;3.411
480;483;3.313
480;484;2.977
480;516;4.007
480;520;3.82
480;572;3.955
481;477;2.923
481;478;3.215
481;484;3.002
481;485;3.085
481;576;2.738
481;577;3.599
482;478;2.979
482;485;3.461
482;486;3.006
483;479;3.054
483;480;3.313
483;487;2.986
483;513;3.666
484;480;2.977
484;481;3.002
484;487;3.078
484;488;3.066
484;517;3.309
484;570;3.892
484;572;3.889
484;573;3.833
485;481;3.085
485;482;3.461
485;488;3.126
485;489;3.444
485;573;3.794
486;482;3.006
486;489;3.287
486;490;3.015
487;483;2.986
487;484;3.078
487;490;3.26
487;491;2.993
487;513;3.238
487;569;3.177
488;484;3.066
488;485;3.126
488;492;3.047
488;570;3.648
488;999;3.928
489;485;3.444
489;486;3.287
489;492;3.327
489;493;2.974
490;486;3.015
490;487;3.26
490;493;3.091
490;494;2.952
490;506;3.526
491;487;2.993
491;494;3.025
491;567;4.031
491;569;3.805
491;570;3.704
491;1003;4.013
492;488;3.047
492;489;3.327
493;489;2.974
493;490;3.091
493;498;3.564
493;506;3.78
494;490;2.952
494;491;3.025
494;499;2.907
494;506;3.977
494;510;3.395
495;499;2.965
495;1045;3.206
495;1046;3.018
496;500;3.586
497;500;2.939
497;501;3.003
498;493;3.564
498;502;3.024
499;494;2.907
499;495;2.965
499;503;2.808
500;496;3.586
500;497;2.939
500;503;2.793
501;497;3.003
502;498;3.024
502;505;3.033
502;506;2.925
503;499;2.808
503;500;2.793
503;507;2.966
504;507;3.314
504;508;3.038
505;502;3.033
505;508;3.941
505;509;2.965
506;490;3.526
506;493;3.78
506;494;3.977
506;502;2.925
506;509;3.302
506;510;2.913
507;503;2.966
507;504;3.314
507;510;3.349
507;511;3.036
508;504;3.038
508;505;3.941
508;512;2.964
509;505;2.965
509;506;3.302
509;513;2.968
510;494;3.395
510;506;2.913
510;507;3.349
510;513;3.412
510;514;3.095
510;569;3.274
511;507;3.036
511;514;3.32
511;515;3.01
511;553;3.79
511;554;3.411
512;508;2.964
512;515;3.023
512;516;3.082
513;483;3.666
513;487;3.238
513;509;2.968
513;510;3.412
513;516;3.052
513;517;3.375
514;510;3.095
514;511;3.32
514;517;2.95
514;549;2.833
514;550;3.745
514;553;3.728
514;554;4.013
515;511;3.01
515;512;3.023
515;518;2.874
516;480;4.007
516;512;3.082
516;513;3.052
516;519;3.056
516;520;3.239
517;484;3.309
517;513;3.375
517;514;2.95
517;521;2.985
517;546;3.677
517;550;3.93
517;572;3.428
518;515;2.874
518;521;3.424
518;522;3.029
518;550;3.491
519;516;3.056
519;523;3.064
520;480;3.82
520;516;3.239
520;523;3.426
520;524;2.944
520;572;2.747
520;575;2.717
521;517;2.985
521;518;3.424
521;525;2.99
521;546;3.664
522;518;3.029
522;525;3.21
522;526;3.079
523;471;3.628
523;519;3.064
523;520;3.426
523;527;2.983
524;520;2.944
524;527;3.003
524;528;3.027
524;532;2.686
524;533;3.636
524;539;2.77
525;521;2.99
525;522;3.21
525;533;3.729
525;534;3.952
526;466;3.43
526;468;3.682
526;522;3.079
527;466;2.765
527;468;3.957
527;523;2.983
527;524;3.003
528;472;3.849
528;524;3.027
528;532;3.678
529;532;2.915
529;533;2.921
530;534;2.984
531;535;2.847
532;524;2.686
532;528;3.678
532;529;2.915
532;535;3.071
532;536;2.914
533;524;3.636
533;525;3.729
533;529;2.921
533;539;3.187
533;543;2.934
534;525;3.952
534;530;2.984
535;531;2.847
535;532;3.071
536;532;2.914
536;539;2.963
536;540;3.043
537;540;3.949
537;541;3.014
538;542;2.993
538;580;2.938
538;583;3.839
539;524;2.77
539;533;3.187
539;536;2.963
539;543;2.955
540;536;3.043
540;537;3.949
540;543;3.398
540;544;2.988
541;537;3.014
541;544;3.45
541;545;3.019
541;571;3.999
542;538;2.993
542;545;3.18
542;546;2.903
542;572;2.641
542;575;3.861
543;533;2.934
543;539;2.955
543;540;3.398
543;547;3.01
544;540;2.988
544;541;3.45
544;547;3.192
544;548;3.091
545;541;3.019
545;542;3.18
545;549;3.012
546;517;3.677
546;521;3.664
546;542;2.903
546;550;2.934
546;572;3.749
547;543;3.01
547;544;3.192
547;551;2.993
548;544;3.091
548;552;3.206
548;565;3.544
549;514;2.833
549;545;3.012
549;553;3.431
549;569;3.054
550;514;3.745
550;517;3.93
550;518;3.491
550;546;2.934
550;553;3.126
550;554;2.917
551;547;2.993
551;554;3.316
551;555;3.037
552;548;3.206
552;556;2.994
552;557;3.059
552;566;3.796
553;511;3.79
553;514;3.728
553;549;3.431
553;550;3.126
553;557;3.762
553;566;3.972
554;511;3.411
554;514;4.013
554;550;2.917
554;551;3.316
555;551;3.037
556;552;2.994
556;558;2.951
557;552;3.059
557;553;3.762
557;563;2.833
558;556;2.951
558;563;3.232
559;562;2.787
560;563;3.203
560;564;2.932
561;564;3.282
561;565;2.96
561;1085;3.812
562;559;2.787
562;565;3.083
562;566;3.082
563;557;2.833
563;558;3.232
563;560;3.203
563;566;2.953
564;560;2.932
564;561;3.282
564;567;2.978
564;1007;3.131
565;548;3.544
565;561;2.96
565;562;3.083
565;568;2.977
566;552;3.796
566;553;3.972
566;562;3.082
566;563;2.953
566;569;3.047
567;491;4.031
567;564;2.978
567;570;3.177
567;1003;3.707
567;1004;3.922
568;565;2.977
568;571;2.892
568;1000;3.607
568;1004;4.096
569;487;3.177
569;491;3.805
569;510;3.274
569;549;3.054
569;566;3.047
569;572;2.955
570;484;3.892
570;488;3.648
570;491;3.704
570;567;3.177
570;573;2.944
570;996;3.807
570;1000;3.499
571;541;3.999
571;568;2.892
571;574;2.774
571;997;3.435
571;1000;3.46
572;480;3.955
572;484;3.889
572;517;3.428
572;520;2.747
572;542;2.641
572;546;3.749
572;569;2.955
572;575;2.991
573;484;3.833
573;485;3.794
573;570;2.944
573;576;2.966
573;577;2.948
573;579;3.885
573;996;3.565
574;571;2.774
575;477;2.688
575;520;2.717
575;542;3.861
575;572;2.991
576;477;4.03
576;481;2.738
576;573;2.966
577;481;3.599
577;573;2.948
577;579;3.939
577;580;3.026
578;581;3.068
578;582;2.93
578;989;3.249
579;573;3.885
579;577;3.939
579;582;3.188
579;583;3.014
579;993;3.505
580;538;2.938
580;577;3.026
580;583;3.829
580;584;3.05
581;578;3.068
581;584;3.445
581;585;2.971
582;578;2.93
582;579;3.188
582;585;3.284
582;586;2.957
582;993;3.66
583;538;3.839
583;579;3.014
583;580;3.829
583;587;3.056
584;580;3.05
584;581;3.445
584;587;3.396
584;588;2.775
585;581;2.971
585;582;3.284
585;588;3.305
585;589;2.933
586;582;2.957
586;589;3.218
586;590;3.081
586;1099;3.596
587;583;3.056
587;584;3.396
587;590;3.0
588;584;2.775
588;585;3.305
588;591;2.985
589;585;2.933
589;586;3.218
589;592;3.076
589;593;3.088
589;693;3.775
589;1099;3.497
589;1103;3.571
590;586;3.081
590;587;3.0
590;594;2.978
590;1099;3.831
591;588;2.985
591;594;3.038
592;589;3.076
592;693;3.891
593;589;3.088
593;596;3.268
593;597;2.872
593;689;3.535
593;1099;3.843
594;590;2.978
594;591;3.038
594;598;3.049
595;106;3.37
595;110;3.294
595;598;3.232
595;599;3.284
596;593;3.268
596;599;3.057
596;600;3.019
596;688;3.495
596;689;3.875
597;593;2.872
597;601;2.928
598;594;3.049
598;595;3.232
598;601;3.297
598;602;3.059
599;107;3.697
599;595;3.284
599;596;3.057
599;602;3.459
599;603;3.03
600;596;3.019
600;603;3.476
600;604;2.964
600;651;3.893
601;597;2.928
601;598;3.297
601;605;2.971
602;100;3.498
602;598;3.059
602;599;3.459
602;605;3.295
602;606;3.004
603;599;3.03
603;600;3.476
603;606;3.308
603;607;2.95
603;681;3.715
604;600;2.964
604;607;3.497
604;608;2.924
604;644;3.491
604;647;3.782
605;19;3.505
605;23;3.737
605;601;2.971
605;602;3.295
605;608;3.304
605;609;3.003
605;640;3.475
606;94;3.938
606;98;3.971
606;602;3.004
606;603;3.308
606;609;3.261
606;610;2.993
607;603;2.95
607;604;3.497
607;611;2.954
607;647;3.813
607;677;4.059
607;678;3.522
607;681;3.894
608;604;2.924
608;605;3.304
608;611;3.232
608;612;2.994
608;640;3.749
608;643;3.972
608;644;4.003
609;94;3.644
609;605;3.003
609;606;3.261
609;613;3.322
610;94;3.7
610;606;2.993
610;613;3.315
610;614;3.016
611;607;2.954
611;608;3.232
611;615;3.001
611;616;2.819
611;637;3.816
612;25;3.235
612;608;2.994
612;616;3.045
612;617;3.152
612;639;4.034
613;91;3.412
613;609;3.322
613;610;3.315
614;87;3.93
614;91;3.871
614;610;3.016
614;617;2.805
615;611;3.001
615;618;3.01
615;619;3.553
615;633;3.511
615;637;4.079
615;671;3.353
615;674;4.036
616;611;2.819
616;612;3.045
616;633;3.754
617;612;3.152
617;614;2.805
618;615;3.01
618;630;4.153
618;633;2.979
619;615;3.553
619;631;3.082
619;633;2.972
619;659;3.792
619;660;3.352
619;667;2.794
619;671;3.578
620;629;2.652
620;630;3.365
620;660;3.687
620;661;2.913
621;624;3.018
621;625;2.824
621;626;2.812
621;627;2.757
622;660;4.091
622;661;2.785
622;663;3.635
623;626;3.752
624;621;3.018
624;629;3.961
625;621;2.824
626;621;2.812
626;623;3.752
626;1033;3.927
627;621;2.757
628;634;3.59
628;635;3.082
629;620;2.652
629;624;3.961
630;618;4.153
630;620;3.365
630;634;3.531
631;619;3.082
631;634;3.156
631;635;3.13
631;658;2.865
631;659;3.575
632;635;3.028
632;636;2.847
632;657;3.895
633;615;3.511
633;616;3.754
633;618;2.979
633;619;2.972
633;637;3.698
633;659;3.586
634;628;3.59
634;630;3.531
634;631;3.156
634;638;3.496
635;628;3.082
635;631;3.13
635;632;3.028
635;642;4.036
635;1073;3.931
636;632;2.847
636;642;3.977
636;645;3.968
636;646;3.856
636;1064;3.362
636;1068;3.871
637;611;3.816
637;615;4.079
637;633;3.698
637;642;3.654
637;646;3.646
637;659;4.04
638;634;3.496
638;1077;2.723
639;25;3.711
639;612;4.034
639;642;2.879
639;643;2.945
639;1080;2.861
640;25;3.289
640;605;3.475
640;608;3.749
640;643;3.42
640;644;2.939
641;644;3.23
641;645;2.991
641;1080;3.637
641;1083;3.895
641;1084;3.636
641;1087;3.968
642;635;4.036
642;636;3.977
642;637;3.654
642;639;2.879
642;645;3.281
642;646;2.981
642;1083;3.1
643;608;3.972
643;639;2.945
643;640;3.42
643;647;2.969
644;604;3.491
644;608;4.003
644;640;2.939
644;641;3.23
644;647;3.493
644;648;2.975
645;636;3.968
645;641;2.991
645;642;3.281
645;648;3.263
645;649;3.033
645;1068;3.937
645;1087;3.586
646;636;3.856
646;637;3.646
646;642;2.981
646;649;3.162
646;650;3.014
646;656;3.834
647;604;3.782
647;607;3.813
647;643;2.969
647;644;3.493
647;650;3.241
647;651;2.986
647;678;4.029
648;644;2.975
648;645;3.263
648;651;3.044
648;652;3.218
648;1060;3.955
648;1063;3.501
648;1087;3.692
648;1094;3.9
649;645;3.033
649;646;3.162
649;655;2.875
649;1064;3.53
650;646;3.014
650;647;3.241
650;653;2.993
650;675;3.408
650;678;3.559
650;679;3.942
651;600;3.893
651;647;2.986
651;648;3.044
651;682;3.791
652;648;3.218
652;1060;3.542
653;650;2.993
653;675;2.841
654;218;3.807
655;213;3.698
655;218;3.358
655;219;5.928
655;649;2.875
655;675;3.858
655;1065;3.932
656;646;3.834
656;659;3.53
656;675;3.266
657;632;3.895
657;1065;3.54
658;631;2.865
658;1020;3.813
659;619;3.792
659;631;3.575
659;633;3.586
659;637;4.04
659;656;3.53
659;668;3.247
659;671;3.484
660;619;3.352
660;620;3.687
660;622;4.091
660;664;3.38
660;668;2.927
661;620;2.913
661;622;2.785
661;668;3.626
662;1021;3.458
663;622;3.635
664;660;3.38
664;667;2.78
664;668;3.067
665;669;2.958
666;669;3.421
666;670;2.987
667;619;2.794
667;664;2.78
667;670;3.215
667;671;3.051
668;659;3.247
668;660;2.927
668;661;3.626
668;664;3.067
668;671;3.054
668;672;2.897
669;665;2.958
669;666;3.421
669;672;3.166
669;673;3.021
670;666;2.987
670;667;3.215
671;615;3.353
671;619;3.578
671;659;3.484
671;667;3.051
671;668;3.054
671;674;2.989
671;675;2.92
672;209;3.836
672;668;2.897
672;669;3.166
672;675;3.352
672;676;2.964
673;669;3.021
673;676;3.456
673;677;3.002
674;615;4.036
674;671;2.989
674;677;3.399
674;678;2.972
675;650;3.408
675;653;2.841
675;655;3.858
675;656;3.266
675;671;2.92
675;672;3.352
675;678;3.311
675;679;2.972
676;212;3.533
676;672;2.964
676;673;3.456
676;679;3.319
676;680;2.972
677;607;4.059
677;673;3.002
677;674;3.399
677;680;3.48
677;681;2.999
678;607;3.522
678;647;4.029
678;650;3.559
678;674;2.972
678;675;3.311
678;682;2.957
679;212;4.117
679;216;3.606
679;650;3.942
679;675;2.972
679;676;3.319
679;683;2.935
680;212;3.908
680;676;2.972
680;677;3.48
680;683;3.417
680;684;3.033
681;603;3.715
681;607;3.894
681;677;2.999
681;684;3.421
681;685;2.991
682;651;3.791
682;678;2.957
682;685;3.185
682;686;2.929
683;679;2.935
683;680;3.417
683;686;3.26
683;687;2.98
684;114;3.808
684;680;3.033
684;681;3.421
684;688;3.026
685;681;2.991
685;682;3.185
685;688;3.379
685;689;2.922
686;682;2.929
686;683;3.26
686;689;3.128
686;690;3.076
687;252;3.594
687;253;3.722
687;683;2.98
687;690;3.459
687;691;3.014
688;596;3.495
688;684;3.026
688;685;3.379
688;692;2.908
689;593;3.535
689;596;3.875
689;685;2.922
689;686;3.128
689;692;3.382
689;693;3.129
689;1102;3.359
690;253;3.657
690;257;3.657
690;686;3.076
690;687;3.459
690;693;3.451
690;694;2.952
690;1102;3.606
690;1105;3.704
690;1389;6.499
691;256;3.81
691;257;3.953
691;260;3.694
691;687;3.014
691;694;3.37
691;695;2.956
692;688;2.908
692;689;3.382
692;696;3.083
693;589;3.775
693;592;3.891
693;689;3.129
693;690;3.451
693;696;3.268
693;697;2.99
693;1102;3.649
693;1103;3.762
693;1106;3.54
694;257;3.463
694;690;2.952
694;691;3.37
694;697;3.49
694;698;2.993
694;1106;4.008
694;1109;3.469
695;261;3.484
695;691;2.956
695;698;3.284
695;699;3.054
696;692;3.083
696;693;3.268
696;699;3.172
696;700;3.12
697;693;2.99
697;694;3.49
697;700;2.963
697;1106;3.461
697;1110;3.436
698;261;3.431
698;694;2.993
698;695;3.284
698;1110;3.535
698;1113;3.413
699;695;3.054
699;696;3.172
700;696;3.12
700;697;2.963
701;300;2.829
701;1110;3.532
702;299;3.746
703;712;3.678
703;1117;2.829
703;1118;2.888
704;279;3.591
704;712;3.374
704;1117;2.739
704;1120;3.982
705;267;3.68
705;708;3.412
706;712;3.374
706;713;3.515
706;725;3.103
706;1120;3.585
707;725;2.669
707;1127;3.1
708;705;3.412
709;269;3.955
710;284;2.651
711;284;3.152
711;288;2.842
711;294;3.777
712;703;3.678
712;704;3.374
712;706;3.374
713;283;2.819
713;294;3.607
713;706;3.515
713;716;3.905
714;294;2.986
715;727;2.844
716;713;3.905
716;725;3.495
716;726;3.934
716;1125;3.695
717;1122;3.519
717;1123;3.733
717;1124;3.732
717;1125;3.167
718;721;2.964
718;1124;3.116
719;832;3.378
720;832;3.753
720;835;2.85
720;836;2.76
721;718;2.964
721;723;2.76
721;724;3.64
722;803;3.327
722;810;3.444
723;721;2.76
723;1126;3.421
723;1129;4.003
723;1130;3.312
724;721;3.64
725;706;3.103
725;707;2.669
725;716;3.495
725;1125;3.612
726;716;3.934
726;729;3.124
727;715;2.844
728;290;3.88
728;736;2.812
729;726;3.124
729;736;3.975
730;736;3.861
731;735;4.024
731;737;3.742
731;813;3.786
731;814;3.867
731;816;3.69
731;817;3.774
732;734;2.936
733;816;2.747
734;732;2.936
735;731;4.024
735;737;3.005
735;739;4.019
736;291;2.757
736;292;3.027
736;728;2.812
736;729;3.975
736;730;3.861
737;731;3.742
737;735;3.005
737;817;2.62
738;741;2.903
738;742;2.954
738;754;2.909
738;755;2.875
738;756;3.02
739;735;4.019
740;756;2.912
741;738;2.903
741;744;3.891
742;738;2.954
743;745;2.886
744;741;3.891
745;743;2.886
746;750;3.522
747;749;2.836
748;751;3.971
749;747;2.836
750;746;3.522
750;755;3.976
751;748;3.971
752;755;2.977
753;765;2.841
754;738;2.909
754;765;3.077
755;738;2.875
755;750;3.976
755;752;2.977
756;738;3.02
756;740;2.912
756;761;3.524
756;762;3.874
756;767;3.962
757;761;2.889
757;769;3.431
758;761;3.919
758;775;3.95
758;778;2.726
759;774;3.84
760;774;2.968
760;777;2.806
761;756;3.524
761;757;2.889
761;758;3.919
761;766;3.761
762;756;3.874
763;764;2.962
764;763;2.962
765;753;2.841
765;754;3.077
765;770;3.626
766;761;3.761
766;771;3.671
766;772;3.738
766;774;3.002
767;756;3.962
768;771;3.334
768;773;2.894
769;757;3.431
770;765;3.626
771;766;3.671
771;768;3.334
772;766;3.738
772;776;3.724
773;768;2.894
773;776;2.979
774;759;3.84
774;760;2.968
774;766;3.002
774;777;2.774
775;758;3.95
775;779;2.878
776;772;3.724
776;773;2.979
777;760;2.806
777;774;2.774
778;758;2.726
779;775;2.878
779;783;3.698
780;783;3.252
780;784;3.565
780;785;3.486
781;782;2.953
782;781;2.953
783;779;3.698
783;780;3.252
784;780;3.565
785;780;3.486
786;789;3.815
786;790;3.113
787;794;2.841
788;793;2.855
789;786;3.815
789;792;3.241
790;786;3.113
791;796;2.861
792;789;3.241
792;795;2.932
793;788;2.855
793;799;2.856
793;1132;2.656
794;787;2.841
795;792;2.932
796;791;2.861
797;806;3.382
798;801;2.743
798;1132;3.083
798;1133;3.215
799;793;2.856
800;802;2.71
801;798;2.743
801;804;3.905
802;800;2.71
803;722;3.327
803;811;2.828
804;801;3.905
805;807;3.418
805;808;3.104
805;809;3.71
806;797;3.382
807;805;3.418
808;805;3.104
808;811;2.906
808;812;2.844
809;805;3.71
809;811;4.017
809;813;3.162
810;722;3.444
810;813;3.386
810;814;3.333
811;803;2.828
811;808;2.906
811;809;4.017
812;808;2.844
812;815;3.276
813;731;3.786
813;809;3.162
813;810;3.386
814;731;3.867
814;810;3.333
815;812;3.276
816;731;3.69
816;733;2.747
816;817;3.785
817;731;3.774
817;737;2.62
817;816;3.785
818;819;2.915
818;820;3.883
819;818;2.915
820;818;3.883
821;827;4.003
822;823;3.391
822;828;3.754
823;822;3.391
823;827;3.61
823;828;2.924
824;827;3.679
825;827;3.048
826;829;3.005
827;821;4.003
827;823;3.61
827;824;3.679
827;825;3.048
828;822;3.754
828;823;2.924
828;831;3.357
829;826;3.005
829;830;3.167
829;831;2.769
830;829;3.167
831;828;3.357
831;829;2.769
832;719;3.378
832;720;3.753
833;835;3.032
833;838;3.182
834;843;4.007
834;846;3.798
835;720;2.85
835;833;3.032
835;838;3.76
836;720;2.76
837;841;3.766
838;833;3.182
838;835;3.76
839;842;2.947
840;844;2.637
840;917;2.763
840;918;3.882
841;837;3.766
842;839;2.947
843;834;4.007
843;845;3.005
843;847;2.822
843;848;2.917
844;840;2.637
845;843;3.005
845;847;3.074
846;834;3.798
847;843;2.822
847;845;3.074
848;843;2.917
849;851;3.918
849;852;3.385
850;853;2.795
851;849;3.918
852;849;3.385
852;856;3.43
853;850;2.795
853;856;2.741
853;912;2.872
853;913;2.814
854;857;3.053
855;860;3.796
855;906;3.992
855;909;3.379
855;910;3.715
856;852;3.43
856;853;2.741
857;854;3.053
857;860;3.188
857;861;2.968
858;862;3.053
859;862;3.487
859;863;2.899
860;855;3.796
860;857;3.188
860;863;3.243
860;864;2.987
861;857;2.968
861;864;3.316
861;865;3.129
861;969;3.177
862;858;3.053
862;859;3.487
862;865;3.442
862;866;3.004
863;859;2.899
863;860;3.243
863;866;3.289
863;867;2.909
864;860;2.987
864;861;3.316
864;867;3.404
864;868;2.962
864;903;3.739
864;906;3.783
865;861;3.129
865;862;3.442
865;868;3.365
865;869;2.958
865;969;3.639
866;862;3.004
866;863;3.289
866;869;3.254
866;870;2.982
867;863;2.909
867;864;3.404
867;871;2.95
867;903;3.922
868;864;2.962
868;865;3.365
868;872;2.898
868;899;3.96
868;903;3.388
868;962;3.729
868;966;3.747
869;865;2.958
869;866;3.254
869;872;3.163
869;873;2.985
870;866;2.982
870;873;3.12
870;874;3.015
871;867;2.95
871;874;3.435
871;875;2.946
871;962;3.618
872;868;2.898
872;869;3.163
872;876;3.002
873;869;2.985
873;870;3.12
873;876;3.378
873;877;2.958
874;870;3.015
874;871;3.435
874;877;3.04
874;878;3.275
875;871;2.946
875;960;3.876
875;963;4.006
876;872;3.002
876;873;3.378
876;880;3.498
876;1298;3.879
877;873;2.958
877;874;3.04
877;880;3.066
877;881;3.021
877;884;3.593
877;888;3.734
877;892;3.834
878;874;3.275
878;885;2.778
878;953;2.706
879;882;3.326
879;885;2.675
879;1301;3.341
879;1354;3.013
880;876;3.498
880;877;3.066
880;1321;3.823
881;877;3.021
881;884;2.962
881;885;3.027
882;879;3.326
882;885;3.174
882;886;3.003
882;1355;3.933
883;886;2.643
884;877;3.593
884;881;2.962
884;887;3.316
884;888;2.966
885;878;2.778
885;879;2.675
885;881;3.027
885;882;3.174
885;889;3.018
886;882;3.003
886;883;2.643
886;1355;3.42
887;884;3.316
888;877;3.734
888;884;2.966
888;891;3.097
888;892;3.027
889;885;3.018
889;893;2.758
890;894;3.017
891;888;3.097
891;894;3.39
891;895;2.998
892;877;3.834
892;888;3.027
892;895;2.97
892;896;3.278
893;889;2.758
893;896;2.983
893;897;3.029
893;953;2.854
893;956;3.75
894;890;3.017
894;891;3.39
894;897;2.917
894;898;2.958
895;891;2.998
895;892;2.97
895;898;3.476
895;899;2.914
896;892;3.278
896;893;2.983
896;900;3.008
896;959;3.805
897;893;3.029
897;894;2.917
897;900;3.384
897;901;3.045
898;894;2.958
898;895;3.476
898;902;2.983
899;868;3.96
899;895;2.914
899;902;3.275
899;903;2.939
899;962;3.604
900;896;3.008
900;897;3.384
900;904;2.977
900;959;3.758
901;897;3.045
901;905;3.027
902;898;2.983
902;899;3.275
902;905;4.026
902;906;2.945
903;864;3.739
903;867;3.922
903;868;3.388
903;899;2.939
903;907;3.013
903;965;3.682
904;900;2.977
904;907;3.253
904;908;2.969
904;932;3.863
904;936;3.683
905;901;3.027
905;902;4.026
905;908;3.37
905;909;2.947
906;855;3.992
906;864;3.783
906;902;2.945
906;910;2.714
906;965;3.597
907;903;3.013
907;904;3.253
907;911;2.952
907;929;3.721
908;904;2.969
908;905;3.37
908;911;3.448
908;912;3.0
909;855;3.379
909;905;2.947
909;912;4.023
909;913;2.965
910;855;3.715
910;906;2.714
910;913;3.431
910;914;3.063
910;919;3.802
910;925;4.078
910;928;2.669
911;907;2.952
911;908;3.448
911;914;3.012
911;915;2.917
911;916;3.78
911;919;5.989
911;920;3.733
912;853;2.872
912;908;3.0
912;909;4.023
913;853;2.814
913;909;2.965
913;910;3.431
914;910;3.063
914;911;3.012
914;918;2.921
914;922;3.69
914;925;3.636
915;911;2.917
915;918;2.962
915;919;2.971
916;911;3.78
916;919;3.424
916;920;3.024
917;840;2.763
917;920;3.048
917;921;2.884
918;840;3.882
918;914;2.921
918;915;2.962
919;910;3.802
919;911;5.989
919;915;2.971
919;916;3.424
919;922;3.031
919;925;3.719
919;929;3.845
920;911;3.733
920;916;3.024
920;917;3.048
920;926;4.023
920;929;5.17
921;917;2.884
922;914;3.69
922;919;3.031
922;925;3.042
922;926;2.934
923;927;2.988
924;927;3.378
924;928;2.99
924;968;3.069
924;977;3.937
925;910;4.078
925;914;3.636
925;919;3.719
925;922;3.042
925;928;3.235
925;929;2.976
926;920;4.023
926;922;2.934
926;929;3.662
926;930;2.962
927;923;2.988
927;924;3.378
927;930;3.238
928;910;2.669
928;924;2.99
928;925;3.235
928;965;2.973
928;968;2.777
929;907;3.721
929;919;3.845
929;920;5.17
929;925;2.976
929;926;3.662
929;932;3.019
929;933;2.952
930;926;2.962
930;927;3.238
930;934;3.018
931;961;3.998
931;965;3.722
932;904;3.863
932;929;3.019
932;935;3.294
932;936;3.105
933;929;2.952
933;936;2.863
933;937;2.909
934;930;3.018
934;938;2.971
934;958;3.734
935;932;3.294
935;938;4.013
935;939;3.047
935;959;2.886
936;904;3.683
936;932;3.105
936;933;2.863
936;939;3.332
936;940;2.982
937;933;2.909
937;940;3.182
937;941;2.993
938;934;2.971
938;935;4.013
938;941;3.49
938;942;2.993
939;935;3.047
939;936;3.332
939;942;3.302
939;943;2.985
939;952;3.768
940;936;2.982
940;937;3.182
940;943;3.223
940;944;2.93
941;937;2.993
941;938;3.49
941;944;3.165
941;945;2.968
942;938;2.993
942;939;3.302
942;947;3.041
942;951;3.295
942;952;3.364
942;955;3.654
943;939;2.985
943;940;3.223
943;946;3.002
944;940;2.93
944;941;3.165
945;941;2.968
946;943;3.002
947;942;3.041
948;951;3.78
948;952;3.185
949;952;3.497
949;953;3.004
950;953;2.732
950;954;3.238
951;942;3.295
951;948;3.78
951;955;2.993
952;939;3.768
952;942;3.364
952;948;3.185
952;949;3.497
952;956;2.966
953;878;2.706
953;893;2.854
953;949;3.004
953;950;2.732
953;1353;3.788
954;950;3.238
954;957;3.053
954;1303;3.864
954;1350;2.998
954;1351;3.72
