source;destination;distance
0;3;2.789
1;47;3.628
2;7;3.661
2;48;3.669
3;0;2.789
4;7;3.255
4;8;2.959
5;9;2.989
6;10;2.967
7;2;3.661
7;4;3.255
7;10;3.023
7;11;2.946
7;43;3.931
7;47;3.746
8;4;2.959
8;12;2.984
9;5;2.989
9;13;2.955
9;295;3.781
10;6;2.967
10;7;3.023
10;13;3.315
10;14;2.942
11;7;2.946
11;14;3.308
11;15;3.02
11;44;3.611
12;8;2.984
12;16;2.962
12;104;3.981
13;9;2.955
13;10;3.315
13;17;2.986
13;295;4.094
14;10;2.942
14;11;3.308
14;18;2.968
14;37;3.833
14;40;3.996
15;11;3.02
15;19;2.987
15;37;3.731
15;99;3.963
15;100;3.613
16;12;2.962
16;19;3.104
16;20;3.083
17;13;2.986
17;20;3.307
17;21;2.986
18;14;2.968
18;22;2.952
18;37;3.149
18;96;3.56
19;15;2.987
19;16;3.104
19;22;3.172
19;97;3.524
19;604;3.495
20;16;3.083
20;17;3.307
21;17;2.986
21;24;2.986
21;30;3.611
21;33;3.414
22;18;2.952
22;19;3.172
22;93;4.025
23;604;3.748
24;21;2.986
24;27;3.941
25;611;3.254
25;638;3.687
25;639;3.262
26;30;3.835
27;24;3.941
27;30;2.839
28;31;2.707
28;32;3.034
29;32;3.309
29;33;2.972
30;21;3.611
30;26;3.835
30;27;2.839
30;33;3.438
30;34;3.011
31;28;2.707
31;34;3.469
31;35;3.008
32;28;3.034
32;29;3.309
32;36;3.01
33;21;3.414
33;29;2.972
33;30;3.438
33;36;3.24
33;37;2.946
34;30;3.011
34;31;3.469
34;37;3.349
34;38;2.943
34;93;2.818
34;96;3.186
35;31;3.008
35;38;3.293
35;39;2.956
35;81;4.032
36;32;3.01
36;33;3.24
36;39;3.418
36;40;3.001
37;14;3.833
37;15;3.731
37;18;3.149
37;33;2.946
37;34;3.349
37;40;3.048
37;41;2.861
37;96;3.459
38;34;2.943
38;35;3.293
38;42;2.971
38;80;2.763
39;35;2.956
39;36;3.418
39;42;3.217
39;43;2.985
40;14;3.996
40;36;3.001
40;37;3.048
40;43;3.463
40;44;2.917
41;37;2.861
41;45;2.948
41;73;3.472
41;99;3.482
42;38;2.971
42;39;3.217
42;45;3.297
42;46;2.968
43;7;3.931
43;39;2.985
43;40;3.463
43;46;3.388
43;47;3.058
44;11;3.611
44;40;2.917
44;47;3.246
44;48;2.816
44;99;2.653
45;41;2.948
45;42;3.297
45;49;2.985
45;56;3.968
45;73;3.911
46;42;2.968
46;43;3.388
46;50;3.07
46;51;4.025
47;1;3.628
47;7;3.746
47;43;3.058
47;44;3.246
48;2;3.669
48;44;2.816
48;66;3.187
48;69;2.653
49;45;2.985
49;56;4.027
49;59;3.862
49;66;3.669
50;46;3.07
50;53;3.063
50;55;3.661
51;46;4.025
52;55;3.692
52;58;3.467
53;50;3.063
53;56;2.98
54;57;2.996
55;50;3.661
55;52;3.692
55;58;2.994
56;45;3.968
56;49;4.027
56;53;2.98
56;59;3.05
56;70;4.013
57;54;2.996
57;60;3.024
58;52;3.467
58;55;2.994
58;61;3.038
59;49;3.862
59;56;3.05
59;62;2.98
59;63;3.803
59;66;3.507
59;67;3.846
59;70;3.748
60;57;3.024
60;67;3.862
61;58;3.038
62;59;2.98
63;59;3.803
63;67;2.894
64;67;3.417
64;68;3.034
65;68;3.045
65;69;3.046
65;102;3.391
65;108;3.22
65;111;3.824
66;48;3.187
66;49;3.669
66;59;3.507
66;69;3.881
66;70;2.975
67;59;3.846
67;60;3.862
67;63;2.894
67;64;3.417
67;70;3.487
67;71;2.965
68;64;3.034
68;65;3.045
68;72;2.995
68;101;3.869
69;48;2.653
69;65;3.046
69;66;3.881
69;72;3.31
69;73;2.908
69;99;3.143
69;102;2.778
70;56;4.013
70;59;3.748
70;66;2.975
70;67;3.487
70;73;3.202
70;74;2.995
71;67;2.965
71;74;3.399
71;75;2.98
72;68;2.995
72;69;3.31
72;76;2.919
72;95;3.617
73;41;3.472
73;45;3.911
73;69;2.908
73;70;3.202
73;76;3.483
73;77;2.895
74;70;2.995
74;71;3.399
74;77;3.358
74;78;3.012
75;71;2.98
75;78;3.46
75;79;2.976
75;89;3.567
75;92;3.323
76;72;2.919
76;73;3.483
76;79;3.0
76;80;2.861
77;73;2.895
77;74;3.358
77;81;2.968
78;74;3.012
78;75;3.46
78;82;3.005
79;75;2.976
79;76;3.0
79;83;3.958
79;89;2.744
80;38;2.763
80;76;2.861
80;83;3.273
80;96;3.6
81;35;4.032
81;77;2.968
82;78;3.005
82;84;2.985
83;79;3.958
83;80;3.273
83;90;2.955
83;93;3.599
84;82;2.985
85;89;3.523
86;89;3.114
87;90;2.925
87;91;3.2
87;613;3.904
88;91;3.114
89;75;3.567
89;79;2.744
89;85;3.523
89;86;3.114
89;92;3.003
90;83;2.955
90;87;2.925
91;87;3.2
91;88;3.114
91;94;3.009
91;612;3.404
91;613;3.873
92;75;3.323
92;89;3.003
92;95;2.868
93;22;4.025
93;34;2.818
93;83;3.599
93;96;2.914
94;91;3.009
94;97;2.86
94;605;3.952
94;608;3.643
94;609;3.696
95;72;3.617
95;92;2.868
95;98;3.118
95;99;3.036
96;18;3.56
96;34;3.186
96;37;3.459
96;80;3.6
96;93;2.914
96;99;3.177
97;19;3.524
97;94;2.86
97;100;3.023
98;95;3.118
98;101;2.731
98;605;3.963
99;15;3.963
99;41;3.482
99;44;2.653
99;69;3.143
99;95;3.036
99;96;3.177
99;102;2.753
99;103;3.451
100;15;3.613
100;97;3.023
100;103;2.979
100;104;2.995
100;107;3.619
100;601;3.544
101;68;3.869
101;98;2.731
101;111;3.806
102;65;3.391
102;69;2.778
102;99;2.753
102;108;2.797
103;99;3.451
103;100;2.979
104;12;3.981
104;100;2.995
104;107;3.094
104;108;2.99
105;108;3.396
105;109;2.962
106;110;3.13
106;594;3.45
107;100;3.619
107;104;3.094
107;110;3.421
107;111;3.015
107;598;3.695
108;65;3.22
108;102;2.797
108;104;2.99
108;105;3.396
108;111;3.462
108;112;2.975
109;105;2.962
109;112;3.26
109;113;3.039
110;106;3.13
110;107;3.421
110;113;3.111
110;114;2.994
110;594;3.292
111;65;3.824
111;101;3.806
111;107;3.015
111;108;3.462
111;114;3.258
111;115;3.028
112;108;2.975
112;109;3.26
112;115;3.436
112;116;3.009
113;109;3.039
113;110;3.111
113;116;3.206
113;117;3.029
114;110;2.994
114;111;3.258
114;117;3.084
114;118;3.277
114;683;3.814
115;111;3.028
115;112;3.436
115;118;2.99
116;112;3.009
116;113;3.206
116;119;2.816
116;262;3.816
117;113;3.029
117;114;3.084
117;120;3.145
117;121;3.005
118;114;3.277
118;115;2.99
118;122;3.014
119;116;2.816
119;266;2.702
120;117;3.145
120;123;3.424
120;262;3.808
120;265;2.654
120;266;2.785
121;117;3.005
121;124;3.387
121;125;2.952
121;255;3.92
121;259;3.972
122;118;3.014
122;126;3.0
123;120;3.424
123;126;3.111
123;127;3.081
123;1239;3.445
123;1240;2.897
124;121;3.387
124;127;3.426
124;128;3.166
124;251;3.526
124;1243;3.991
125;121;2.952
125;128;3.393
125;129;2.931
126;122;3.0
126;123;3.111
126;129;3.329
126;130;2.98
127;123;3.081
127;124;3.426
127;131;2.962
127;1234;4.026
127;1240;3.955
127;1243;3.809
128;124;3.166
128;125;3.393
128;131;3.311
128;132;2.891
128;251;3.324
129;125;2.931
129;126;3.329
129;132;3.484
129;133;3.018
130;126;2.98
130;133;3.403
130;134;2.931
130;1230;3.676
130;1233;3.393
130;1234;3.788
131;127;2.962
131;128;3.311
131;134;3.495
131;135;2.872
132;128;2.891
132;129;3.484
132;136;2.969
132;211;3.733
132;214;4.031
133;129;3.018
133;130;3.403
133;136;3.178
133;137;3.005
134;130;2.931
134;131;3.495
134;137;3.285
134;138;2.979
134;1141;3.735
134;1230;3.753
135;131;2.872
135;139;2.947
135;214;3.574
135;240;3.693
135;244;3.778
135;247;3.639
136;132;2.969
136;133;3.178
136;140;2.932
136;207;3.821
136;211;3.902
137;133;3.005
137;134;3.285
137;140;3.233
137;141;3.127
137;207;3.823
137;1227;3.925
138;134;2.979
138;141;3.122
138;142;3.458
138;240;3.587
138;1224;3.66
138;1227;3.929
139;135;2.947
139;142;3.44
139;143;2.953
139;204;3.655
140;136;2.932
140;137;3.233
140;144;3.72
140;205;3.906
140;206;3.573
140;207;3.94
141;137;3.127
141;138;3.122
141;1224;3.63
141;1227;3.419
142;138;3.458
142;139;3.44
142;1220;3.691
142;1224;3.508
143;139;2.953
143;227;2.963
143;237;3.465
143;240;3.631
143;241;3.858
144;140;3.72
144;205;3.92
145;150;2.754
146;194;3.078
146;198;3.862
146;199;3.664
146;200;3.852
147;150;2.958
147;151;3.827
147;195;3.871
147;198;2.884
148;198;2.79
148;201;3.912
148;205;2.662
149;154;2.887
149;155;3.646
150;145;2.754
150;147;2.958
150;154;3.093
150;195;2.869
151;147;3.827
151;154;3.705
151;191;3.626
152;191;3.763
153;189;2.729
154;149;2.887
154;150;3.093
154;151;3.705
155;149;3.646
156;160;3.877
157;160;3.974
158;160;3.636
159;162;3.7
159;170;3.842
159;185;3.832
160;156;3.877
160;157;3.974
160;158;3.636
161;172;3.45
161;184;3.253
161;185;2.755
162;159;3.7
162;171;4.036
163;171;3.023
164;166;3.967
164;171;3.963
165;167;3.602
165;169;2.842
166;164;3.967
166;171;2.977
167;165;3.602
167;171;3.117
168;174;2.636
169;165;2.842
170;159;3.842
170;173;3.496
170;174;3.005
170;185;3.5
171;162;4.036
171;163;3.023
171;164;3.963
171;166;2.977
171;167;3.117
172;161;3.45
173;170;3.496
173;176;3.089
174;168;2.636
174;170;3.005
174;181;3.809
175;178;2.963
175;179;3.196
176;173;3.089
177;179;3.862
178;175;2.963
179;175;3.196
179;177;3.862
180;182;3.092
181;174;3.809
181;183;3.024
182;180;3.092
182;187;3.937
182;188;3.974
183;181;3.024
183;186;3.279
184;161;3.253
185;159;3.832
185;161;2.755
185;170;3.5
186;183;3.279
187;182;3.937
188;182;3.974
189;153;2.729
190;996;3.464
190;998;3.646
191;151;3.626
191;152;3.763
191;193;3.127
192;195;3.99
192;997;3.797
193;191;3.127
193;195;2.972
194;146;3.078
195;147;3.871
195;150;2.869
195;192;3.99
195;193;2.972
196;199;3.227
196;997;3.824
197;995;2.885
197;997;3.424
198;146;3.862
198;147;2.884
198;148;2.79
198;201;3.103
199;146;3.664
199;196;3.227
199;230;3.403
199;231;3.933
200;146;3.852
201;148;3.912
201;198;3.103
201;204;3.014
201;205;3.019
201;209;3.587
202;209;3.271
203;209;3.372
203;227;3.485
204;139;3.655
204;201;3.014
204;210;3.495
204;213;3.513
204;227;3.098
204;241;3.89
205;140;3.906
205;144;3.92
205;148;2.662
205;201;3.019
206;140;3.573
206;209;2.782
206;210;2.975
207;136;3.821
207;137;3.823
207;140;3.94
207;210;3.495
207;211;2.956
208;212;2.994
209;201;3.587
209;202;3.271
209;203;3.372
209;206;2.782
209;212;3.284
209;213;2.963
210;204;3.495
210;206;2.975
210;207;3.495
210;213;3.295
210;214;2.953
211;132;3.733
211;136;3.902
211;207;2.956
211;215;2.939
212;208;2.994
212;209;3.284
212;215;3.072
212;216;2.966
212;671;3.817
213;204;3.513
213;209;2.963
213;210;3.295
213;216;3.286
213;217;2.931
214;132;4.031
214;135;3.574
214;210;2.953
214;217;3.914
214;218;2.959
215;211;2.939
215;212;3.072
215;218;3.245
215;219;2.945
215;675;3.482
215;679;3.913
216;212;2.966
216;213;3.286
216;220;2.968
216;221;2.825
216;222;3.954
216;654;3.515
217;213;2.931
217;214;3.914
217;220;3.081
217;223;3.629
217;241;3.862
217;244;3.752
217;245;3.724
218;214;2.959
218;215;3.245
219;215;2.945
219;678;3.647
220;216;2.968
220;217;3.081
220;1305;3.119
220;1307;3.011
221;216;2.825
221;653;3.8
221;654;3.394
222;216;3.954
222;225;3.2
222;226;3.034
222;654;3.602
223;217;3.629
223;227;3.08
223;228;3.158
223;242;3.904
223;245;3.292
223;1298;3.777
223;1301;3.579
223;1302;3.683
224;228;3.126
224;229;2.872
224;1298;3.723
224;1302;3.592
224;1337;3.423
224;1338;2.809
224;1339;3.215
225;222;3.2
225;229;3.713
225;1312;3.637
225;1339;3.299
226;222;3.034
226;229;3.328
227;143;2.963
227;203;3.485
227;204;3.098
227;223;3.08
227;237;3.108
227;241;6.075
228;223;3.158
228;224;3.126
228;231;2.94
228;238;3.396
228;1298;3.122
228;1337;3.47
229;224;2.872
229;225;3.713
229;226;3.328
229;1288;3.716
229;1336;3.884
229;1337;3.415
230;199;3.403
231;199;3.933
231;228;2.94
231;233;2.951
231;234;3.141
231;237;3.464
232;234;3.052
232;1295;3.699
232;1333;2.848
232;1336;3.49
233;231;2.951
233;237;3.025
234;231;3.141
234;232;3.052
234;237;2.971
234;238;2.938
234;1334;3.796
234;1335;3.49
235;238;3.657
235;239;2.923
235;1332;2.817
235;1334;2.773
236;1217;3.735
236;1220;3.802
236;1221;3.285
236;1334;2.953
237;143;3.465
237;227;3.108
237;231;3.464
237;233;3.025
237;234;2.971
237;240;3.041
237;241;3.43
238;228;3.396
238;234;2.938
238;235;3.657
238;241;3.369
238;242;2.947
238;1298;3.483
238;1335;3.955
238;1336;4.008
239;235;2.923
239;243;2.974
240;135;3.693
240;138;3.587
240;143;3.631
240;237;3.041
240;243;3.147
240;244;2.973
241;143;3.858
241;204;3.89
241;217;3.862
241;227;6.075
241;237;3.43
241;238;3.369
241;244;3.131
241;245;2.971
242;223;3.904
242;238;2.947
242;245;3.172
242;246;2.979
242;1301;4.007
243;239;2.974
243;240;3.147
243;247;2.936
244;135;3.778
244;217;3.752
244;240;2.973
244;241;3.131
244;248;2.906
245;217;3.724
245;223;3.292
245;241;2.971
245;242;3.172
245;249;2.955
245;1301;3.404
246;242;2.979
246;250;2.961
246;1301;3.363
247;135;3.639
247;243;2.936
247;251;2.904
248;244;2.906
248;252;2.928
249;245;2.955
249;252;3.375
249;253;2.958
250;246;2.961
250;253;3.414
250;254;2.946
250;1247;3.653
250;1254;3.447
251;124;3.526
251;128;3.324
251;247;2.904
251;254;3.209
251;255;2.883
252;248;2.928
252;249;3.375
252;255;3.347
252;256;2.948
253;249;2.958
253;250;3.414
253;256;3.797
253;257;2.989
253;1365;3.801
254;250;2.946
254;251;3.209
254;257;3.554
254;258;2.923
254;1243;3.198
254;1246;3.77
255;121;3.92
255;251;2.883
255;252;3.347
255;258;3.102
255;259;2.944
255;686;3.585
256;252;2.948
256;253;3.797
256;260;3.074
256;686;3.754
256;689;3.65
256;1362;3.545
257;253;2.989
257;254;3.554
257;261;2.919
257;1365;4.007
257;1366;3.934
257;1369;3.482
258;254;2.923
258;255;3.102
258;262;2.957
259;121;3.972
259;255;2.944
259;262;3.342
259;263;3.065
259;690;3.778
260;256;3.074
260;263;3.265
260;264;3.065
260;689;3.672
260;690;3.925
260;693;3.535
260;1366;3.48
261;257;2.919
261;264;3.408
261;265;2.877
261;1370;3.597
262;116;3.816
262;120;3.808
262;258;2.957
262;259;3.342
262;266;2.984
263;259;3.065
263;260;3.265
263;267;3.003
263;690;3.706
263;694;3.971
264;260;3.065
264;261;3.408
264;268;2.904
264;694;3.796
264;697;3.91
264;1086;6.245
264;1370;6.207
265;120;2.654
265;261;2.877
265;269;3.297
266;119;2.702
266;120;2.785
266;262;2.984
266;275;2.894
267;263;3.003
267;275;2.777
267;276;2.949
268;264;2.904
268;276;3.262
269;265;3.297
269;273;3.351
269;274;3.493
270;271;3.283
271;270;3.283
271;274;3.242
272;277;3.93
273;269;3.351
274;269;3.493
274;271;3.242
274;277;3.063
275;266;2.894
275;267;2.777
276;267;2.949
276;268;3.262
277;272;3.93
277;274;3.063
277;278;3.018
278;277;3.018
279;290;2.777
279;291;2.875
279;292;2.857
280;285;3.834
280;286;3.689
281;288;3.813
281;289;3.679
282;287;3.632
282;288;4.036
283;583;2.785
284;583;2.894
285;280;3.834
286;280;3.689
287;282;3.632
287;290;2.953
288;281;3.813
288;282;4.036
289;281;3.679
289;294;3.619
290;279;2.777
290;287;2.953
291;279;2.875
291;294;3.816
292;279;2.857
293;295;2.947
294;289;3.619
294;291;3.816
295;9;3.781
295;13;4.094
295;293;2.947
296;299;3.851
297;298;3.242
298;297;3.242
299;296;3.851
299;305;2.92
300;305;3.833
301;320;2.661
302;319;3.989
303;306;2.837
304;317;3.699
305;299;2.92
305;300;3.833
306;303;2.837
307;309;2.961
308;314;3.837
309;307;2.961
309;314;3.582
310;312;2.924
310;313;2.953
311;315;2.852
312;310;2.924
313;310;2.953
313;316;3.643
314;308;3.837
314;309;3.582
315;311;2.852
316;313;3.643
316;319;2.783
317;304;3.699
318;319;2.822
319;302;3.989
319;316;2.783
319;318;2.822
320;301;2.661
321;332;2.709
321;333;2.745
322;328;2.699
322;329;2.951
323;326;3.094
323;329;3.201
324;329;3.876
324;334;2.93
324;337;3.322
324;346;2.985
325;346;2.818
325;347;2.74
326;323;3.094
327;330;3.037
328;322;2.699
328;331;3.037
329;322;2.951
329;323;3.201
329;324;3.876
329;332;2.991
330;327;3.037
330;337;3.812
330;345;2.862
330;346;3.874
330;351;3.902
331;328;3.037
331;337;3.68
332;321;2.709
332;329;2.991
332;337;2.908
333;321;2.745
333;338;2.751
333;529;3.58
334;324;2.93
334;337;3.21
334;338;2.972
335;338;3.014
335;339;2.975
336;343;3.658
337;324;3.322
337;330;3.812
337;331;3.68
337;332;2.908
337;334;3.21
337;340;3.013
338;333;2.751
338;334;2.972
338;335;3.014
338;528;2.701
339;335;2.975
340;337;3.013
341;343;3.189
342;344;3.297
342;345;3.774
343;336;3.658
343;341;3.189
344;342;3.297
345;330;2.862
345;342;3.774
346;324;2.985
346;325;2.818
346;330;3.874
347;325;2.74
347;366;3.609
347;368;3.785
348;358;2.916
349;360;3.68
350;355;3.839
351;330;3.902
351;353;3.048
351;355;3.251
352;356;3.778
352;357;3.334
353;351;3.048
353;355;3.044
354;355;2.931
354;356;3.779
355;350;3.839
355;351;3.251
355;353;3.044
355;354;2.931
356;352;3.778
356;354;3.779
357;352;3.334
358;348;2.916
359;363;3.357
359;364;2.776
360;349;3.68
361;363;3.907
362;363;3.621
363;359;3.357
363;361;3.907
363;362;3.621
364;359;2.776
365;371;3.726
366;347;3.609
366;369;2.992
366;370;3.13
366;371;3.013
367;370;2.997
368;347;3.785
369;366;2.992
370;366;3.13
370;367;2.997
371;365;3.726
371;366;3.013
371;373;3.978
372;375;3.64
373;371;3.978
374;377;2.748
374;378;3.972
375;372;3.64
375;378;2.99
375;379;3.123
376;382;3.294
377;374;2.748
378;374;3.972
378;375;2.99
379;375;3.123
379;382;3.015
379;383;3.187
380;383;3.041
380;389;3.456
381;385;3.944
382;376;3.294
382;379;3.015
383;379;3.187
383;380;3.041
383;386;2.757
384;386;3.172
385;381;3.944
386;383;2.757
386;384;3.172
387;390;3.306
388;390;2.778
389;380;3.456
390;387;3.306
390;388;2.778
391;393;3.783
392;396;3.541
393;391;3.783
393;396;3.707
394;395;2.906
395;394;2.906
396;392;3.541
396;393;3.707
397;403;3.901
398;400;3.701
399;401;2.982
400;398;3.701
400;402;2.992
400;403;2.873
400;404;3.647
401;399;2.982
401;472;3.483
401;531;2.765
402;400;2.992
403;397;3.901
403;400;2.873
404;400;3.647
404;407;3.674
405;408;2.868
406;410;3.752
407;404;3.674
407;410;2.967
408;405;2.868
409;713;3.695
410;406;3.752
410;407;2.967
411;414;3.986
412;414;3.025
413;416;3.331
414;411;3.986
414;412;3.025
415;715;3.381
416;413;3.331
416;419;3.433
417;427;3.562
418;421;2.998
418;427;3.726
418;429;3.756
419;416;3.433
420;429;3.554
421;418;2.998
421;427;2.812
422;426;2.966
423;428;2.804
424;428;2.753
424;431;3.236
424;432;3.442
425;428;3.119
426;422;2.966
427;417;3.562
427;418;3.726
427;421;2.812
428;423;2.804
428;424;2.753
428;425;3.119
428;432;3.08
429;418;3.756
429;420;3.554
430;433;2.926
431;424;3.236
432;424;3.442
432;428;3.08
433;430;2.926
434;439;3.191
434;440;3.068
435;437;2.867
435;438;3.901
436;439;3.367
437;435;2.867
438;435;3.901
438;457;3.49
438;458;3.155
439;434;3.191
439;436;3.367
440;434;3.068
441;443;3.851
442;444;2.849
443;441;3.851
443;445;3.019
444;442;2.849
445;443;3.019
445;448;3.305
446;451;2.829
447;451;2.924
448;445;3.305
449;451;3.183
450;452;2.807
451;446;2.829
451;447;2.924
451;449;3.183
452;450;2.807
453;457;3.496
453;459;3.792
454;456;2.732
454;458;2.807
454;459;3.7
455;457;3.219
456;454;2.732
457;438;3.49
457;453;3.496
457;455;3.219
458;438;3.155
458;454;2.807
459;453;3.792
459;454;3.7
460;462;3.144
461;463;2.779
462;460;3.144
463;461;2.779
464;466;3.854
464;469;3.643
464;470;3.569
465;470;3.737
465;473;2.691
466;464;3.854
466;522;3.77
467;525;3.799
468;471;3.45
468;526;3.832
469;464;3.643
469;472;2.981
469;473;3.232
470;464;3.569
470;465;3.737
470;473;3.038
471;468;3.45
471;522;3.48
471;523;3.93
472;401;3.483
472;469;2.981
472;527;3.543
473;465;2.691
473;469;3.232
473;470;3.038
473;476;2.888
473;477;3.164
474;478;2.952
475;479;2.967
476;473;2.888
476;479;3.266
476;480;3.027
477;473;3.164
477;480;3.4
477;481;2.927
477;574;2.665
478;474;2.952
478;481;3.206
478;482;2.977
479;475;2.967
479;476;3.266
479;483;3.05
480;476;3.027
480;477;3.4
480;483;3.325
480;484;2.977
480;515;3.954
480;519;3.771
480;571;3.966
481;477;2.927
481;478;3.206
481;484;2.995
481;485;3.09
481;575;2.747
481;576;3.587
482;478;2.977
482;485;3.456
482;486;3.008
483;479;3.05
483;480;3.325
483;487;2.982
483;512;3.647
484;480;2.977
484;481;2.995
484;487;3.075
484;488;3.072
484;516;3.294
484;569;3.871
484;571;3.873
484;572;3.826
485;481;3.09
485;482;3.456
485;488;3.13
485;489;3.438
485;572;3.843
486;482;3.008
486;489;3.293
486;490;3.021
487;483;2.982
487;484;3.075
487;490;3.263
487;491;2.994
487;512;3.185
487;568;3.107
488;484;3.072
488;485;3.13
488;492;3.06
488;569;3.627
488;973;3.957
489;485;3.438
489;486;3.293
489;492;3.263
489;493;2.977
490;486;3.021
490;487;3.263
490;493;3.123
490;494;2.955
490;505;3.498
491;487;2.994
491;494;3.023
491;566;4.028
491;568;3.803
491;569;3.656
491;977;4.029
492;488;3.06
492;489;3.263
493;489;2.977
493;490;3.123
493;497;3.647
494;490;2.955
494;491;3.023
494;498;2.908
494;505;4.001
494;509;3.424
495;498;2.966
495;1018;3.016
495;1019;3.03
496;499;2.968
496;500;3.059
497;493;3.647
497;501;3.011
498;494;2.908
498;495;2.966
498;502;2.797
499;496;2.968
499;502;2.753
500;496;3.059
501;497;3.011
501;504;3.057
501;505;2.941
502;498;2.797
502;499;2.753
502;506;2.97
503;506;3.3
503;507;3.03
504;501;3.057
504;507;3.925
504;508;2.965
505;490;3.498
505;494;4.001
505;501;2.941
505;508;3.337
505;509;2.922
506;502;2.97
506;503;3.3
506;509;3.354
506;510;3.029
507;503;3.03
507;504;3.925
507;511;2.95
508;504;2.965
508;505;3.337
508;512;2.953
509;494;3.424
509;505;2.922
509;506;3.354
509;512;3.41
509;513;3.085
509;568;3.285
510;506;3.029
510;513;3.319
510;514;2.997
510;552;3.741
510;553;3.408
511;507;2.95
511;514;3.043
511;515;3.073
512;483;3.647
512;487;3.185
512;508;2.953
512;509;3.41
512;515;3.02
512;516;3.383
513;509;3.085
513;510;3.319
513;516;2.93
513;548;2.824
513;549;3.811
513;552;3.833
513;553;4.003
514;510;2.997
514;511;3.043
514;517;2.85
515;480;3.954
515;511;3.073
515;512;3.02
515;518;3.106
515;519;3.14
516;484;3.294
516;512;3.383
516;513;2.93
516;520;2.988
516;545;3.602
516;549;3.892
516;571;3.421
517;514;2.85
517;521;3.064
517;549;3.409
518;515;3.106
518;521;3.434
518;522;2.994
519;480;3.771
519;515;3.14
519;522;3.449
519;523;3.019
519;571;2.726
519;574;2.752
520;516;2.988
520;524;3.039
520;545;3.696
521;517;3.064
521;518;3.434
521;524;3.026
522;466;3.77
522;471;3.48
522;518;2.994
522;519;3.449
522;526;3.117
523;471;3.93
523;519;3.019
523;526;3.201
523;527;3.006
523;531;2.695
523;532;3.663
523;538;2.767
524;520;3.039
524;521;3.026
524;532;3.65
525;467;3.799
526;468;3.832
526;522;3.117
526;523;3.201
527;472;3.543
527;523;3.006
527;531;4.143
528;338;2.701
528;531;2.779
528;532;2.907
529;333;3.58
529;533;3.015
530;534;2.827
531;401;2.765
531;523;2.695
531;527;4.143
531;528;2.779
531;534;3.076
531;535;2.936
532;523;3.663
532;524;3.65
532;528;2.907
532;538;3.338
532;542;3.015
533;529;3.015
534;530;2.827
534;531;3.076
535;531;2.936
535;538;2.962
535;539;3.048
536;539;3.981
536;540;3.009
537;541;2.986
537;579;2.947
537;582;3.766
537;583;3.991
538;523;2.767
538;532;3.338
538;535;2.962
538;542;2.966
539;535;3.048
539;536;3.981
539;542;3.389
539;543;2.976
540;536;3.009
540;543;3.426
540;544;3.017
541;537;2.986
541;544;3.202
541;545;2.911
541;571;2.643
541;574;3.906
542;532;3.015
542;538;2.966
542;539;3.389
542;546;3.012
543;539;2.976
543;540;3.426
543;546;3.228
543;547;3.055
544;540;3.017
544;541;3.202
544;548;3.029
545;516;3.602
545;520;3.696
545;541;2.911
545;549;2.937
545;571;3.746
546;542;3.012
546;543;3.228
546;550;2.968
547;543;3.055
547;551;3.227
547;564;3.581
548;513;2.824
548;544;3.029
548;552;3.432
548;568;2.992
549;513;3.811
549;516;3.892
549;517;3.409
549;545;2.937
549;552;3.083
549;553;2.891
550;546;2.968
550;553;3.337
550;554;3.05
551;547;3.227
551;555;2.994
551;556;3.037
551;561;3.546
552;510;3.741
552;513;3.833
552;548;3.432
552;549;3.083
552;556;3.671
552;565;3.962
553;510;3.408
553;513;4.003
553;549;2.891
553;550;3.337
554;550;3.05
555;551;2.994
555;557;2.938
556;551;3.037
556;552;3.671
556;562;2.854
557;555;2.938
557;562;3.242
558;561;2.782
559;562;3.276
559;563;2.944
560;563;3.219
560;564;2.954
561;551;3.546
561;558;2.782
561;564;3.056
561;565;3.085
562;556;2.854
562;557;3.242
562;559;3.276
562;565;2.954
563;559;2.944
563;560;3.219
563;566;3.013
563;981;3.116
564;547;3.581
564;560;2.954
564;561;3.056
564;567;2.975
565;552;3.962
565;561;3.085
565;562;2.954
565;568;3.016
566;491;4.028
566;563;3.013
566;569;3.173
566;977;3.689
566;978;3.927
567;564;2.975
567;570;2.883
567;974;3.876
568;487;3.107
568;491;3.803
568;509;3.285
568;548;2.992
568;565;3.016
568;571;2.979
569;484;3.871
569;488;3.627
569;491;3.656
569;566;3.173
569;572;2.932
569;970;3.788
569;974;3.515
570;567;2.883
570;573;2.79
570;971;3.39
570;974;3.467
571;480;3.966
571;484;3.873
571;516;3.421
571;519;2.726
571;541;2.643
571;545;3.746
571;568;2.979
571;574;2.962
572;484;3.826
572;485;3.843
572;569;2.932
572;575;2.97
572;576;2.953
572;578;3.883
572;970;3.598
573;570;2.79
574;477;2.665
574;519;2.752
574;541;3.906
574;571;2.962
575;481;2.747
575;572;2.97
576;481;3.587
576;572;2.953
576;578;3.938
576;579;3.018
577;580;3.171
577;581;2.935
577;963;3.151
578;572;3.883
578;576;3.938
578;581;3.196
578;582;3.016
578;967;3.467
579;537;2.947
579;576;3.018
579;582;3.845
579;583;3.065
580;577;3.171
580;583;3.284
580;584;2.955
581;577;2.935
581;578;3.196
581;584;3.329
581;585;2.956
581;964;4.037
581;967;3.598
582;537;3.766
582;578;3.016
582;579;3.845
582;586;3.042
583;283;2.785
583;284;2.894
583;537;3.991
583;579;3.065
583;580;3.284
583;586;3.372
583;587;2.851
584;580;2.955
584;581;3.329
584;587;3.445
584;588;2.933
585;581;2.956
585;588;3.301
585;589;3.081
585;1076;3.682
586;582;3.042
586;583;3.372
586;589;2.935
587;583;2.851
587;584;3.445
587;590;2.886
588;584;2.933
588;585;3.301
588;591;3.102
588;592;3.087
588;692;3.663
588;1072;3.521
588;1076;3.48
589;585;3.081
589;586;2.935
589;593;2.973
589;1072;3.807
590;587;2.886
590;593;3.047
591;588;3.102
591;692;3.939
592;588;3.087
592;595;3.228
592;596;2.879
592;688;3.553
592;1072;3.803
593;589;2.973
593;590;3.047
593;597;3.046
594;106;3.45
594;110;3.292
594;597;3.212
594;598;3.276
595;592;3.228
595;598;3.096
595;599;3.027
595;687;3.452
595;688;3.872
596;592;2.879
596;600;2.931
597;593;3.046
597;594;3.212
597;600;3.256
597;601;3.052
598;107;3.695
598;594;3.276
598;595;3.096
598;601;3.453
598;602;3.032
599;595;3.027
599;602;3.469
599;603;2.955
599;650;3.915
600;596;2.931
600;597;3.256
600;604;2.974
601;100;3.544
601;597;3.052
601;598;3.453
601;604;3.319
601;605;3.005
602;598;3.032
602;599;3.469
602;605;3.307
602;606;2.944
602;680;3.718
603;599;2.955
603;606;3.496
603;607;2.922
603;643;3.481
603;646;3.794
604;19;3.495
604;23;3.748
604;600;2.974
604;601;3.319
604;607;3.267
604;608;3.004
604;639;3.474
605;94;3.952
605;98;3.963
605;601;3.005
605;602;3.307
605;608;3.271
605;609;2.997
606;602;2.944
606;603;3.496
606;610;2.959
606;646;3.768
606;676;4.074
606;677;3.542
606;680;3.881
607;603;2.922
607;604;3.267
607;610;3.25
607;611;2.992
607;639;3.807
607;642;3.983
607;643;3.993
608;94;3.643
608;604;3.004
608;605;3.271
608;612;3.322
609;94;3.696
609;605;2.997
609;612;3.363
609;613;3.026
610;606;2.959
610;607;3.25
610;614;2.999
610;615;2.811
610;636;3.826
611;25;3.254
611;607;2.992
611;615;3.046
611;616;3.147
611;638;3.855
612;91;3.404
612;608;3.322
612;609;3.363
613;87;3.904
613;91;3.873
613;609;3.026
613;616;2.807
614;610;2.999
614;617;3.013
614;618;3.553
614;632;3.512
614;636;4.084
614;670;3.39
614;673;3.99
615;610;2.811
615;611;3.046
615;632;3.763
616;611;3.147
616;613;2.807
617;614;3.013
617;629;4.1
617;632;2.978
618;614;3.553
618;630;3.068
618;632;2.969
618;658;3.822
618;659;3.355
618;666;2.776
618;670;3.51
619;628;2.644
619;629;3.349
619;659;3.712
619;660;2.917
620;623;3.001
620;624;2.89
620;625;2.841
620;626;2.757
621;659;4.106
621;660;2.801
621;662;3.635
622;625;3.812
623;620;3.001
623;628;3.981
624;620;2.89
625;620;2.841
625;622;3.812
626;620;2.757
627;633;3.55
628;619;2.644
628;623;3.981
629;617;4.1
629;619;3.349
629;633;3.436
630;618;3.068
630;633;3.177
630;634;3.104
630;657;2.858
630;658;3.544
631;634;3.053
631;635;2.827
631;656;3.914
632;614;3.512
632;615;3.763
632;617;2.978
632;618;2.969
632;636;3.669
632;658;3.618
633;627;3.55
633;629;3.436
633;630;3.177
633;637;3.639
634;630;3.104
634;631;3.053
634;641;4.006
634;1042;4.014
634;1046;3.652
635;631;2.827
635;641;3.988
635;644;3.918
635;645;3.868
635;1037;3.424
635;1041;3.916
636;610;3.826
636;614;4.084
636;632;3.669
636;641;3.704
636;645;3.643
636;658;4.043
637;633;3.639
637;1050;2.723
638;25;3.687
638;611;3.855
638;641;2.883
638;642;2.942
638;1053;2.878
639;25;3.262
639;604;3.474
639;607;3.807
639;642;3.447
639;643;2.947
640;643;3.198
640;644;2.995
640;1053;3.663
640;1056;3.887
640;1057;3.587
640;1060;3.948
641;634;4.006
641;635;3.988
641;636;3.704
641;638;2.883
641;644;3.293
641;645;2.993
641;1056;3.047
642;607;3.983
642;638;2.942
642;639;3.447
642;646;2.966
643;603;3.481
643;607;3.993
643;639;2.947
643;640;3.198
643;646;3.48
643;647;2.978
644;635;3.918
644;640;2.995
644;641;3.293
644;647;3.249
644;648;3.036
644;1041;3.983
644;1060;3.667
645;635;3.868
645;636;3.643
645;641;2.993
645;648;3.139
645;649;3.013
645;655;3.789
646;603;3.794
646;606;3.768
646;642;2.966
646;643;3.48
646;649;3.37
646;650;2.991
646;677;4.037
647;643;2.978
647;644;3.249
647;650;3.058
647;651;3.193
647;1033;3.989
647;1036;3.635
647;1060;3.728
647;1067;3.901
648;644;3.036
648;645;3.139
648;654;2.872
648;1037;3.531
649;645;3.013
649;646;3.37
649;652;2.965
649;674;3.413
649;677;3.582
649;678;3.95
650;599;3.915
650;646;2.991
650;647;3.058
650;681;3.777
651;647;3.193
651;1033;3.491
652;649;2.965
652;674;2.873
652;678;3.983
653;221;3.8
653;1033;3.846
653;1034;2.745
653;1035;2.822
654;216;3.515
654;221;3.394
654;222;3.602
654;648;2.872
654;674;3.869
654;1038;3.856
655;645;3.789
655;658;3.5
655;674;3.267
656;631;3.914
656;1038;3.531
657;630;2.858
658;618;3.822
658;630;3.544
658;632;3.618
658;636;4.043
658;655;3.5
658;667;3.236
658;670;3.446
659;618;3.355
659;619;3.712
659;621;4.106
659;663;3.377
659;667;3.099
660;619;2.917
660;621;2.801
660;667;3.604
661;994;3.439
662;621;3.635
663;659;3.377
663;666;2.783
663;667;3.066
664;668;2.952
665;668;3.326
665;669;3.004
666;618;2.776
666;663;2.783
666;669;3.275
666;670;3.096
667;658;3.236
667;659;3.099
667;660;3.604
667;663;3.066
667;670;3.065
667;671;2.887
668;664;2.952
668;665;3.326
668;671;3.189
668;672;2.991
669;665;3.004
669;666;3.275
669;673;3.377
670;614;3.39
670;618;3.51
670;658;3.446
670;666;3.096
670;667;3.065
670;673;3.477
670;674;2.942
671;212;3.817
671;667;2.887
671;668;3.189
671;674;3.299
671;675;2.969
672;668;2.991
672;675;3.413
672;676;3.02
673;614;3.99
673;669;3.377
673;670;3.477
673;676;3.285
673;677;2.987
674;649;3.413
674;652;2.873
674;654;3.869
674;655;3.267
674;670;2.942
674;671;3.299
674;677;3.288
674;678;2.986
675;215;3.482
675;671;2.969
675;672;3.413
675;678;3.423
675;679;2.995
676;606;4.074
676;672;3.02
676;673;3.285
676;679;3.49
676;680;3.001
677;606;3.542
677;646;4.037
677;649;3.582
677;673;2.987
677;674;3.288
677;681;2.952
678;219;3.647
678;649;3.95
678;652;3.983
678;674;2.986
678;675;3.423
678;682;2.929
679;215;3.913
679;675;2.995
679;676;3.49
679;682;3.41
679;683;3.025
680;602;3.718
680;606;3.881
680;676;3.001
680;683;3.443
680;684;2.995
681;650;3.777
681;677;2.952
681;684;3.168
681;685;2.929
682;678;2.929
682;679;3.41
682;685;3.271
682;686;2.981
683;114;3.814
683;679;3.025
683;680;3.443
683;687;3.021
684;680;2.995
684;681;3.168
684;687;3.333
684;688;2.92
685;681;2.929
685;682;3.271
685;688;3.151
685;689;3.072
686;255;3.585
686;256;3.754
686;682;2.981
686;689;3.481
686;690;3.007
687;595;3.452
687;683;3.021
687;684;3.333
687;691;2.913
688;592;3.553
688;595;3.872
688;684;2.92
688;685;3.151
688;691;3.388
688;692;3.117
688;1075;3.365
689;256;3.65
689;260;3.672
689;685;3.072
689;686;3.481
689;692;3.427
689;693;2.934
689;1075;3.606
689;1078;3.731
689;1362;6.367
690;259;3.778
690;260;3.925
690;263;3.706
690;686;3.007
690;694;2.957
691;687;2.913
691;688;3.388
691;695;3.046
692;588;3.663
692;591;3.939
692;688;3.117
692;689;3.427
692;695;3.317
692;696;2.998
692;1075;3.614
692;1076;3.702
692;1079;3.554
693;260;3.535
693;689;2.934
693;696;3.387
693;697;2.969
693;1079;3.981
693;1082;3.495
694;263;3.971
694;264;3.796
694;690;2.957
694;698;3.049
695;691;3.046
695;692;3.317
695;698;3.011
695;699;3.039
696;692;2.998
696;693;3.387
696;699;2.984
696;700;3.017
696;1079;3.5
696;1083;3.755
697;264;3.91
697;693;2.969
697;702;3.439
697;1083;3.581
697;1086;3.457
698;694;3.049
698;695;3.011
699;695;3.039
699;696;2.984
700;696;3.017
700;1083;3.949
701;704;3.281
701;705;3.392
702;697;3.439
702;1090;2.727
703;1090;3.195
704;701;3.281
705;701;3.392
705;1087;3.391
706;1091;2.775
707;1091;2.884
708;1091;2.702
709;716;2.876
709;718;3.816
710;714;2.831
711;719;3.42
711;728;3.668
712;714;2.965
712;715;2.975
713;409;3.695
714;710;2.831
714;712;2.965
714;716;3.551
715;415;3.381
715;712;2.975
715;728;3.76
716;709;2.876
716;714;3.551
716;719;3.898
717;727;2.71
718;709;3.816
719;711;3.42
719;716;3.898
719;727;3.995
719;728;3.64
720;723;2.808
721;728;6.087
722;724;3.001
722;725;4.019
723;720;2.808
723;725;3.757
724;722;3.001
725;722;4.019
725;723;3.757
726;731;3.551
727;717;2.71
727;719;3.995
727;731;3.912
728;711;3.668
728;715;3.76
728;719;3.64
728;721;6.087
729;731;2.97
730;737;2.709
731;726;3.551
731;727;3.912
731;729;2.97
732;736;3.68
733;735;3.896
734;739;2.869
734;740;2.691
735;733;3.896
735;738;2.995
736;732;3.68
737;730;2.709
738;735;2.995
739;734;2.869
739;746;3.41
740;734;2.691
740;744;3.662
740;745;3.466
740;746;3.829
741;745;3.8
742;744;2.885
742;745;3.389
743;747;2.938
744;740;3.662
744;742;2.885
745;740;3.466
745;741;3.8
745;742;3.389
746;739;3.41
746;740;3.829
747;743;2.938
747;750;3.052
748;751;3.058
749;752;3.072
749;753;3.221
750;747;3.052
751;748;3.058
752;749;3.072
753;749;3.221
753;757;2.823
754;757;2.787
755;757;2.811
756;764;2.747
757;753;2.823
757;754;2.787
757;755;2.811
757;760;3.888
758;764;2.852
759;761;3.054
760;757;3.888
761;759;3.054
761;762;3.729
762;761;3.729
762;765;3.09
763;770;2.785
764;756;2.747
764;758;2.852
765;762;3.09
765;768;3.267
765;769;3.003
766;774;3.69
767;771;3.114
768;765;3.267
769;765;3.003
770;763;2.785
770;773;2.859
771;767;3.114
771;774;3.758
772;775;3.759
773;770;2.859
773;775;3.034
774;766;3.69
774;771;3.758
775;772;3.759
775;773;3.034
776;778;2.838
777;778;3.932
778;776;2.838
778;777;3.932
779;783;3.698
779;784;3.87
780;782;3.9
781;782;3.083
782;780;3.9
782;781;3.083
783;779;3.698
783;786;4.018
784;779;3.87
785;787;3.121
785;788;3.75
786;783;4.018
787;785;3.121
788;785;3.75
789;797;2.863
790;797;2.857
791;795;3.979
791;796;3.826
791;797;2.793
792;794;2.915
793;800;3.655
794;792;2.915
795;791;3.979
796;791;3.826
796;798;4.021
797;789;2.863
797;790;2.857
797;791;2.793
798;796;4.021
799;801;3.026
800;793;3.655
801;799;3.026
801;802;3.371
802;801;3.371
803;804;3.603
804;803;3.603
805;807;2.952
806;808;3.93
807;805;2.952
808;806;3.93
809;811;3.759
809;812;3.767
810;811;3.079
811;809;3.759
811;810;3.079
812;809;3.767
812;813;2.966
813;812;2.966
814;815;3.001
815;814;3.001
816;818;2.659
817;819;3.023
817;820;2.835
818;816;2.659
818;821;3.023
818;823;3.873
819;817;3.023
820;817;2.835
821;818;3.023
822;825;3.89
823;818;3.873
824;826;3.018
825;822;3.89
825;827;3.191
826;824;3.018
827;825;3.191
828;830;2.684
828;887;2.9
829;834;3.755
829;883;3.556
829;884;3.514
830;828;2.684
831;834;2.939
831;835;2.965
832;836;3.074
833;836;3.423
833;837;2.921
834;829;3.755
834;831;2.939
834;837;3.23
834;838;2.965
834;880;3.884
835;831;2.965
835;838;3.401
835;839;3.182
835;943;3.099
836;832;3.074
836;833;3.423
836;839;3.436
836;840;3.024
837;833;2.921
837;834;3.23
837;840;3.298
837;841;2.935
838;834;2.965
838;835;3.401
838;841;3.403
838;842;2.968
838;877;3.727
838;880;3.786
839;835;3.182
839;836;3.436
839;842;3.352
839;843;2.953
839;943;3.446
840;836;3.024
840;837;3.298
840;843;3.241
840;844;2.985
841;837;2.935
841;838;3.403
841;845;2.955
841;877;3.938
842;838;2.968
842;839;3.352
842;846;2.895
842;873;3.94
842;877;3.377
842;936;3.706
842;940;3.772
843;839;2.953
843;840;3.241
843;846;3.176
843;847;2.993
844;840;2.985
844;847;3.119
844;848;3.018
845;841;2.955
845;848;3.411
845;849;2.949
845;936;3.599
846;842;2.895
846;843;3.176
846;850;2.996
847;843;2.993
847;844;3.119
847;850;3.361
847;851;2.963
848;844;3.018
848;845;3.411
848;851;3.09
848;852;3.305
849;845;2.949
849;934;3.842
849;937;3.991
850;846;2.996
850;847;3.361
850;854;3.427
850;1270;3.825
851;847;2.963
851;848;3.09
851;854;3.056
851;855;3.023
851;858;3.58
851;862;3.71
851;866;3.855
852;848;3.305
852;859;2.793
852;927;2.692
853;856;3.345
853;859;2.672
853;1273;3.348
853;1327;3.073
854;850;3.427
854;851;3.056
854;1293;3.79
855;851;3.023
855;858;2.961
855;859;3.028
856;853;3.345
856;859;3.214
856;860;3.015
856;1328;4.023
857;860;2.637
858;851;3.58
858;855;2.961
858;861;3.278
858;862;2.96
859;852;2.793
859;853;2.672
859;855;3.028
859;856;3.214
859;863;3.021
859;1326;3.866
860;856;3.015
860;857;2.637
860;1328;3.493
861;858;3.278
862;851;3.71
862;858;2.96
862;865;3.109
862;866;3.026
863;859;3.021
863;867;2.742
864;868;3.027
865;862;3.109
865;868;3.329
865;869;2.987
866;851;3.855
866;862;3.026
866;869;3.01
866;870;3.282
867;863;2.742
867;870;2.998
867;871;3.027
867;927;2.859
867;930;3.762
868;864;3.027
868;865;3.329
868;871;2.905
868;872;2.954
869;865;2.987
869;866;3.01
869;872;3.498
869;873;2.927
870;866;3.282
870;867;2.998
870;874;3.005
870;933;3.834
871;867;3.027
871;868;2.905
871;874;3.404
871;875;3.039
872;868;2.954
872;869;3.498
872;875;3.444
872;876;2.977
873;842;3.94
873;869;2.927
873;876;3.252
873;877;2.948
873;936;3.537
874;870;3.005
874;871;3.404
874;878;2.979
874;933;3.806
875;871;3.039
875;872;3.444
875;879;3.04
876;872;2.977
876;873;3.252
876;880;2.94
877;838;3.727
877;841;3.938
877;842;3.377
877;873;2.948
877;881;3.009
877;939;3.721
878;874;2.979
878;881;3.165
878;882;2.964
878;906;3.927
878;910;3.792
879;875;3.04
879;882;3.308
879;883;2.955
880;834;3.884
880;838;3.786
880;876;2.94
880;883;3.45
880;884;2.75
880;939;3.575
881;877;3.009
881;878;3.165
881;885;2.95
881;903;3.561
881;906;4.147
881;907;4.008
882;878;2.964
882;879;3.308
882;886;2.994
883;829;3.556
883;879;2.955
883;880;3.45
883;886;4.031
883;887;3.025
884;829;3.514
884;880;2.75
884;887;3.455
884;888;3.102
884;893;3.947
884;899;4.006
884;902;2.671
885;881;2.95
885;888;3.022
885;889;2.923
885;890;4.001
885;893;3.495
885;894;3.719
886;882;2.994
886;883;4.031
887;828;2.9
887;883;3.025
887;884;3.455
888;884;3.102
888;885;3.022
888;892;2.822
888;893;3.977
888;896;3.671
888;899;3.671
889;885;2.923
889;893;2.977
890;885;4.001
890;894;3.011
891;894;2.767
891;895;2.836
892;888;2.822
893;884;3.947
893;885;3.495
893;888;3.977
893;889;2.977
893;896;3.063
893;899;3.892
893;903;3.795
894;885;3.719
894;890;3.011
894;891;2.767
894;900;3.355
894;903;3.701
895;891;2.836
895;900;3.567
896;888;3.671
896;893;3.063
896;899;3.217
896;900;2.958
897;900;3.429
897;901;2.959
898;901;3.382
898;902;2.994
898;948;4.026
898;951;3.826
899;884;4.006
899;888;3.671
899;893;3.892
899;896;3.217
899;902;3.212
899;903;2.985
900;894;3.355
900;895;3.567
900;896;2.958
900;897;3.429
900;904;2.971
901;897;2.959
901;898;3.382
901;904;3.329
902;884;2.671
902;898;2.994
902;899;3.212
902;939;2.972
902;942;2.766
903;881;3.561
903;893;3.795
903;894;3.701
903;899;2.985
903;906;3.023
903;907;2.95
904;900;2.971
904;901;3.329
904;908;3.014
905;935;4.01
905;939;3.729
906;878;3.927
906;881;4.147
906;903;3.023
906;909;3.04
906;910;3.081
907;881;4.008
907;903;2.95
907;910;2.989
907;911;2.92
908;904;3.014
908;912;2.97
908;932;3.666
909;906;3.04
909;912;3.989
909;913;3.048
909;933;2.92
910;878;3.792
910;906;3.081
910;907;2.989
910;913;3.326
910;914;2.978
911;907;2.92
911;914;3.2
911;915;3.002
912;908;2.97
912;909;3.989
912;915;3.472
912;916;2.989
913;909;3.048
913;910;3.326
913;916;3.312
913;917;2.998
913;926;3.775
914;910;2.978
914;911;3.2
914;917;3.19
914;918;2.932
915;911;3.002
915;912;3.472
915;918;3.168
915;919;2.966
916;912;2.989
916;913;3.312
916;921;3.035
916;925;3.325
916;926;3.314
916;929;3.671
917;913;2.998
917;914;3.19
917;920;3.003
918;914;2.932
918;915;3.168
919;915;2.966
920;917;3.003
921;916;3.035
922;925;3.842
922;926;3.495
923;926;3.491
923;927;3.005
924;927;2.745
924;928;3.25
925;916;3.325
925;922;3.842
925;929;2.966
926;913;3.775
926;916;3.314
926;922;3.495
926;923;3.491
926;930;2.945
927;852;2.692
927;867;2.859
927;923;3.005
927;924;2.745
927;1325;3.801
928;924;3.25
928;931;3.047
928;1322;3.008
928;1323;3.649
928;1324;3.153
929;916;3.671
929;925;2.966
930;867;3.762
930;926;2.945
930;933;2.74
931;928;3.047
931;934;2.748
931;935;3.342
931;1271;3.564
932;908;3.666
932;935;2.981
933;870;3.834
933;874;3.806
933;909;2.92
933;930;2.74
933;936;2.866
934;849;3.842
934;931;2.748
935;905;4.01
935;931;3.342
935;932;2.981
935;938;2.94
935;939;3.003
935;1267;3.837
936;842;3.706
936;845;3.599
936;873;3.537
936;933;2.866
936;939;2.98
936;940;3.177
937;849;3.991
937;940;2.954
937;1267;3.629
938;935;2.94
938;941;2.773
938;1267;3.81
939;877;3.721
939;880;3.575
939;902;2.972
939;905;3.729
939;935;3.003
939;936;2.98
939;942;2.901
940;842;3.772
940;936;3.177
940;937;2.954
940;943;2.983
940;944;2.937
941;938;2.773
941;944;3.168
941;947;3.508
941;951;3.698
942;902;2.766
942;939;2.901
942;948;2.903
943;835;3.099
943;839;3.446
943;940;2.983
943;948;4.001
944;940;2.937
944;941;3.168
944;947;3.492
944;948;3.017
945;948;3.707
946;949;3.025
946;950;2.924
947;941;3.508
947;944;3.492
947;950;3.297
947;951;2.984
947;1259;4.022
947;1260;3.976
948;898;4.026
948;942;2.903
948;943;4.001
948;944;3.017
948;945;3.707
948;952;2.978
949;946;3.025
949;952;3.353
949;953;2.967
950;946;2.924
950;947;3.297
950;953;3.161
950;954;2.985
950;1260;3.843
951;898;3.826
951;941;3.698
951;947;2.984
951;954;3.422
951;955;2.987
952;948;2.978
952;949;3.353
952;956;2.967
953;949;2.967
953;950;3.161
953;956;3.091
953;957;3.035
954;950;2.985
954;951;3.422
954;957;3.011
954;958;3.426
