source;destination;distance
0;3;2.766
1;47;3.592
2;7;3.555
2;48;3.644
3;0;2.766
4;7;3.236
4;8;2.971
5;9;2.975
6;10;2.977
7;2;3.555
7;4;3.236
7;10;3.1
7;11;2.961
7;43;4.039
7;47;3.769
8;4;2.971
8;12;2.993
9;5;2.975
9;13;2.92
10;6;2.977
10;7;3.1
10;14;2.944
11;7;2.961
11;14;3.44
11;15;3.034
11;44;3.637
12;8;2.993
12;16;2.987
12;104;3.841
13;9;2.92
13;16;3.307
13;17;2.935
14;10;2.944
14;11;3.44
14;18;3.016
14;37;3.763
15;11;3.034
15;19;2.98
15;37;3.78
15;99;3.932
15;100;3.574
16;12;2.987
16;13;3.307
16;19;3.158
16;20;3.082
17;13;2.935
17;20;3.324
17;21;2.989
18;14;3.016
18;21;3.549
18;22;2.962
18;37;2.988
18;96;3.152
19;15;2.98
19;16;3.158
19;22;3.181
19;97;3.524
19;619;3.515
20;16;3.082
20;17;3.324
20;23;3.393
21;17;2.989
21;18;3.549
21;24;2.99
21;30;3.628
21;33;3.414
22;18;2.962
22;19;3.181
22;93;4.06
22;96;3.885
22;97;3.979
23;20;3.393
23;619;3.829
24;21;2.99
24;27;3.986
25;626;3.216
25;653;3.716
25;654;3.298
26;30;3.839
27;24;3.986
27;30;2.838
28;31;2.721
28;32;3.02
29;32;3.347
29;33;2.987
30;21;3.628
30;26;3.839
30;27;2.838
30;33;3.408
30;34;2.998
31;28;2.721
31;34;3.443
31;35;3.018
32;28;3.02
32;29;3.347
32;35;3.453
32;36;2.968
33;21;3.414
33;29;2.987
33;30;3.408
33;36;3.303
33;37;2.969
34;30;2.998
34;31;3.443
34;37;3.248
34;38;2.93
34;80;3.831
34;93;2.847
34;96;3.669
35;31;3.018
35;32;3.453
35;38;3.416
35;39;2.982
35;81;3.763
36;32;2.968
36;33;3.303
36;39;3.368
36;40;3.003
37;14;3.763
37;15;3.78
37;18;2.988
37;33;2.969
37;34;3.248
37;40;3.021
37;41;2.858
37;96;3.906
38;34;2.93
38;35;3.416
38;42;2.992
38;80;2.61
39;35;2.982
39;36;3.368
39;42;3.193
39;43;2.996
40;36;3.003
40;37;3.021
40;43;3.44
40;44;2.913
41;37;2.858
41;45;2.966
41;73;3.493
41;99;3.514
42;38;2.992
42;39;3.193
42;45;3.29
42;46;2.977
43;7;4.039
43;39;2.996
43;40;3.44
43;46;3.412
43;47;3.058
44;11;3.637
44;40;2.913
44;47;3.211
44;48;2.783
44;99;2.639
45;41;2.966
45;42;3.29
45;49;2.996
45;55;3.944
45;73;3.931
46;42;2.977
46;43;3.412
46;50;3.066
47;1;3.592
47;7;3.769
47;43;3.058
47;44;3.211
48;2;3.644
48;44;2.783
48;66;3.09
48;69;2.651
49;45;2.996
49;55;4.003
49;58;3.878
49;66;3.573
50;46;3.066
50;52;3.062
50;54;3.697
51;54;3.664
51;57;3.416
52;50;3.062
52;55;2.983
53;56;2.988
54;50;3.697
54;51;3.664
54;57;2.995
55;45;3.944
55;49;4.003
55;52;2.983
55;58;3.046
55;70;3.99
56;53;2.988
56;59;3.012
56;70;4.015
57;51;3.416
57;54;2.995
57;60;3.035
58;49;3.878
58;55;3.046
58;61;2.994
58;66;3.464
58;67;3.716
58;70;3.74
59;56;3.012
59;67;3.811
60;57;3.035
61;58;2.994
62;300;2.655
63;66;2.995
63;67;2.868
64;67;3.461
64;68;3.042
65;68;3.011
65;69;3.053
65;102;3.497
65;108;3.195
65;111;3.909
66;48;3.09
66;49;3.573
66;58;3.464
66;63;2.995
66;69;3.894
66;70;2.967
67;58;3.716
67;59;3.811
67;63;2.868
67;64;3.461
67;70;6.074
67;71;2.975
68;64;3.042
68;65;3.011
68;72;2.991
68;101;3.957
69;48;2.651
69;65;3.053
69;66;3.894
69;72;3.317
69;73;2.92
69;99;3.266
69;102;2.614
70;55;3.99
70;56;4.015
70;58;3.74
70;66;2.967
70;67;6.074
70;73;3.231
70;74;3.006
71;67;2.975
71;74;3.377
71;75;2.978
72;68;2.991
72;69;3.317
72;76;2.922
72;95;3.595
73;41;3.493
73;45;3.931
73;69;2.92
73;70;3.231
73;76;3.475
73;77;2.9
74;70;3.006
74;71;3.377
74;77;3.393
74;78;3.007
75;71;2.978
75;78;3.442
75;79;2.982
75;89;3.554
75;92;3.281
76;72;2.922
76;73;3.475
76;79;3.015
76;80;2.862
77;73;2.9
77;74;3.393
77;81;2.972
78;74;3.007
78;75;3.442
78;82;3.003
79;75;2.982
79;76;3.015
79;83;3.947
79;89;2.678
80;34;3.831
80;38;2.61
80;76;2.862
80;83;3.221
80;96;3.956
81;35;3.763
81;77;2.972
82;78;3.003
82;84;2.981
83;79;3.947
83;80;3.221
83;90;2.921
83;93;3.619
84;82;2.981
85;89;3.803
86;89;3.114
87;90;2.876
87;91;3.226
87;628;3.941
88;91;3.119
89;75;3.554
89;79;2.678
89;85;3.803
89;86;3.114
89;92;3.011
90;83;2.921
90;87;2.876
91;87;3.226
91;88;3.119
91;94;3.011
91;627;3.344
91;628;3.804
92;75;3.281
92;89;3.011
92;95;2.855
93;22;4.06
93;34;2.847
93;83;3.619
93;96;2.934
94;91;3.011
94;97;2.846
94;620;3.921
94;623;3.673
94;624;3.699
95;72;3.595
95;92;2.855
95;98;3.841
95;99;3.012
95;620;4.029
96;18;3.152
96;22;3.885
96;34;3.669
96;37;3.906
96;80;3.956
96;93;2.934
96;99;3.129
97;19;3.524
97;22;3.979
97;94;2.846
97;100;2.979
98;95;3.841
98;101;2.916
98;620;3.96
99;15;3.932
99;41;3.514
99;44;2.639
99;69;3.266
99;95;3.012
99;96;3.129
99;102;2.944
100;15;3.574
100;97;2.979
100;103;3.001
100;104;2.975
100;107;3.651
100;616;3.503
101;68;3.957
101;98;2.916
101;111;3.887
102;65;3.497
102;69;2.614
102;99;2.944
102;108;2.816
103;100;3.001
104;12;3.841
104;100;2.975
104;108;2.977
105;108;3.278
105;109;2.958
106;110;3.096
106;609;3.341
107;100;3.651
107;110;3.407
107;111;2.99
107;613;3.778
108;65;3.195
108;102;2.816
108;104;2.977
108;105;3.278
108;111;3.495
108;112;2.984
109;105;2.958
109;112;3.138
109;113;3.008
110;106;3.096
110;107;3.407
110;113;3.163
110;114;3.002
110;609;3.327
111;65;3.909
111;101;3.887
111;107;2.99
111;108;3.495
111;114;3.225
111;115;3.012
112;108;2.984
112;109;3.138
112;115;3.44
112;116;3.0
113;109;3.008
113;110;3.163
113;116;3.205
113;117;3.02
114;110;3.002
114;111;3.225
114;117;3.072
114;118;3.297
114;698;3.8
115;111;3.012
115;112;3.44
115;118;2.985
116;112;3.0
116;113;3.205
116;119;2.894
116;278;2.829
117;113;3.02
117;114;3.072
117;120;3.086
117;121;3.007
118;114;3.297
118;115;2.985
118;122;3.016
119;116;2.894
119;122;3.474
119;268;2.697
120;117;3.086
120;264;3.832
120;267;2.627
120;268;2.816
121;117;3.007
121;124;3.294
121;125;2.939
121;261;3.973
122;118;3.016
122;119;3.474
122;126;2.994
123;126;3.121
123;127;3.088
123;1262;3.471
123;1263;2.94
124;121;3.294
124;127;3.448
124;128;3.173
124;253;3.606
124;1266;3.99
125;121;2.939
125;128;3.307
125;129;2.928
126;122;2.994
126;123;3.121
126;129;3.286
126;130;2.984
127;123;3.088
127;124;3.448
127;130;3.91
127;131;2.967
127;1257;3.99
127;1263;3.975
127;1266;3.81
128;124;3.173
128;125;3.307
128;131;3.241
128;132;2.893
128;253;3.37
129;125;2.928
129;126;3.286
129;132;3.473
129;133;3.014
130;126;2.984
130;127;3.91
130;133;3.424
130;134;2.933
130;1253;3.684
130;1256;3.414
130;1257;3.598
131;127;2.967
131;128;3.241
131;135;2.883
132;128;2.893
132;129;3.473
132;136;2.979
132;213;3.744
132;216;4.036
133;129;3.014
133;130;3.424
133;136;3.161
133;137;2.998
134;130;2.933
134;137;3.322
134;138;2.985
134;1164;3.725
134;1253;3.906
135;131;2.883
135;139;2.94
135;216;3.579
135;242;3.709
135;246;3.838
135;249;3.986
136;132;2.979
136;133;3.161
136;140;2.935
136;209;3.822
136;213;3.925
137;133;2.998
137;134;3.322
137;140;3.196
137;141;3.115
137;209;3.808
137;1250;3.965
138;134;2.985
138;141;3.133
138;142;3.485
138;242;3.605
138;1247;3.661
138;1250;3.952
139;135;2.94
139;142;3.338
139;143;2.942
139;206;3.483
140;136;2.935
140;137;3.196
140;144;3.73
140;208;3.57
140;209;3.873
141;137;3.115
141;138;3.133
141;1247;3.6
141;1250;3.393
142;138;3.485
142;139;3.338
142;1243;3.681
142;1247;3.508
143;139;2.942
143;239;3.46
143;242;3.775
143;243;3.682
144;140;3.73
145;150;2.734
146;196;2.994
146;200;3.803
146;202;3.798
147;150;2.936
147;151;3.842
147;197;3.848
147;200;2.807
148;200;2.875
148;203;3.545
148;207;2.66
149;153;3.831
149;155;3.374
150;145;2.734
150;147;2.936
150;154;3.146
150;197;2.831
151;147;3.842
151;192;3.398
151;195;3.005
152;192;3.685
153;149;3.831
153;190;2.702
154;150;3.146
155;149;3.374
156;160;3.951
157;160;3.816
158;160;4.02
159;162;3.712
160;156;3.951
160;157;3.816
160;158;4.02
160;187;3.196
161;186;3.805
161;187;2.825
162;159;3.712
162;174;3.736
163;174;3.365
164;174;3.028
164;175;3.259
165;168;2.639
165;174;3.916
166;172;2.612
167;170;2.724
168;165;2.639
169;174;2.71
170;167;2.724
170;174;3.066
171;177;2.655
172;166;2.612
172;177;4.023
173;176;3.159
173;177;3.092
173;185;3.223
173;187;3.856
174;162;3.736
174;163;3.365
174;164;3.028
174;165;3.916
174;169;2.71
174;170;3.066
175;164;3.259
176;173;3.159
177;171;2.655
177;172;4.023
177;173;3.092
177;183;3.23
178;180;2.993
178;181;3.144
179;181;3.864
180;178;2.993
181;178;3.144
181;179;3.864
182;184;3.815
183;177;3.23
184;182;3.815
184;188;3.863
184;189;3.81
185;173;3.223
186;161;3.805
187;160;3.196
187;161;2.825
187;173;3.856
188;184;3.863
189;184;3.81
190;153;2.702
191;1016;4.026
191;1018;3.469
192;151;3.398
192;152;3.685
192;195;3.314
193;1020;4.151
194;197;3.778
195;151;3.005
195;192;3.314
195;197;2.974
196;146;2.994
197;147;3.848
197;150;2.831
197;194;3.778
197;195;2.974
198;201;3.252
199;1015;2.616
199;1017;3.798
200;146;3.803
200;147;2.807
200;148;2.875
200;203;3.107
201;198;3.252
201;232;3.279
201;233;3.808
202;146;3.798
203;148;3.545
203;200;3.107
203;206;2.984
203;207;3.008
203;211;4.018
204;211;3.145
205;211;3.404
206;139;3.483
206;203;2.984
206;212;3.238
206;215;3.614
206;216;3.914
206;229;3.264
206;243;6.311
207;148;2.66
207;203;3.008
208;140;3.57
208;211;2.801
208;212;2.967
209;136;3.822
209;137;3.808
209;140;3.873
209;213;2.956
210;214;2.99
211;203;4.018
211;204;3.145
211;205;3.404
211;208;2.801
211;214;3.317
211;215;2.96
212;206;3.238
212;208;2.967
212;215;3.25
212;216;2.956
213;132;3.744
213;136;3.925
213;209;2.956
213;217;2.934
214;210;2.99
214;211;3.317
214;217;3.122
214;218;2.981
214;686;3.803
215;206;3.614
215;211;2.96
215;212;3.25
215;218;3.279
215;219;2.938
216;132;4.036
216;135;3.579
216;206;3.914
216;212;2.956
216;219;3.448
216;220;2.947
217;213;2.934
217;214;3.122
217;220;3.213
217;221;2.936
217;690;3.428
217;694;3.89
218;214;2.981
218;215;3.279
218;222;2.969
218;223;2.785
218;224;3.925
218;669;3.493
219;215;2.938
219;216;3.448
219;222;3.108
219;225;3.778
219;243;3.915
219;246;3.722
219;247;3.821
220;216;2.947
220;217;3.213
221;217;2.936
221;693;3.649
222;218;2.969
222;219;3.108
222;1328;3.129
222;1330;3.023
223;218;2.785
223;668;3.769
223;669;3.404
224;218;3.925
224;227;3.672
224;228;3.033
224;669;3.8
224;1325;3.534
224;1335;3.809
225;219;3.778
225;229;3.099
225;230;3.144
225;243;3.816
225;244;3.958
225;247;3.403
225;1321;3.42
225;1324;3.986
225;1325;3.271
226;230;3.138
226;231;2.91
226;1321;3.73
226;1325;3.55
226;1360;3.404
226;1361;2.759
226;1362;3.225
227;224;3.672
227;231;3.646
227;1335;3.367
227;1362;3.366
228;224;3.033
228;231;3.269
229;206;3.264
229;225;3.099
229;239;3.422
229;243;3.631
230;225;3.144
230;226;3.138
230;233;2.921
230;240;3.347
230;1321;3.154
230;1360;3.489
231;226;2.91
231;227;3.646
231;228;3.269
231;1311;3.752
231;1360;3.344
232;201;3.279
233;201;3.808
233;230;2.921
233;235;2.95
233;236;3.135
233;239;3.497
234;236;3.063
234;1318;3.609
234;1355;3.454
234;1356;2.872
234;1358;3.996
234;1359;3.457
235;233;2.95
235;239;3.025
236;233;3.135
236;234;3.063
236;239;2.976
236;240;2.941
236;1357;3.793
236;1358;3.755
237;240;3.659
237;241;2.918
237;1355;2.829
237;1357;2.75
238;1240;3.715
238;1243;3.956
238;1244;3.273
238;1357;2.975
239;143;3.46
239;229;3.422
239;233;3.497
239;235;3.025
239;236;2.976
239;242;3.028
239;243;3.407
240;230;3.347
240;236;2.941
240;237;3.659
240;243;3.294
240;244;2.937
240;1321;3.53
240;1358;4.039
241;237;2.918
241;245;2.985
242;135;3.709
242;138;3.605
242;143;3.775
242;239;3.028
242;245;3.123
242;246;2.972
243;143;3.682
243;206;6.311
243;219;3.915
243;225;3.816
243;229;3.631
243;239;3.407
243;240;3.294
243;246;3.277
243;247;2.995
244;225;3.958
244;240;2.937
244;247;3.196
244;248;2.969
245;241;2.985
245;242;3.123
245;249;2.936
246;135;3.838
246;219;3.722
246;242;2.972
246;243;3.277
246;250;2.901
247;219;3.821
247;225;3.403
247;243;2.995
247;244;3.196
247;251;2.95
247;1324;3.498
248;244;2.969
248;252;2.959
248;1324;3.317
249;135;3.986
249;245;2.936
249;253;2.916
250;246;2.901
250;254;2.931
251;247;2.95
251;254;3.492
251;255;2.99
252;248;2.959
252;255;3.402
252;256;2.937
252;1270;3.682
252;1277;3.645
253;124;3.606
253;128;3.37
253;249;2.916
253;256;3.189
253;257;2.879
254;250;2.931
254;251;3.492
254;257;3.311
254;258;2.963
255;251;2.99
255;252;3.402
255;258;3.852
255;259;2.993
255;1388;3.768
256;252;2.937
256;253;3.189
256;259;3.62
256;260;2.892
256;1266;3.144
256;1269;3.746
257;253;2.879
257;254;3.311
257;260;3.166
257;261;2.955
257;701;3.656
258;254;2.963
258;255;3.852
258;262;3.08
258;701;3.771
258;704;3.669
258;1385;3.515
259;255;2.993
259;256;3.62
259;262;3.499
259;263;2.916
259;1388;3.945
259;1389;3.95
259;1392;3.496
260;256;2.892
260;257;3.166
260;264;2.925
261;121;3.973
261;257;2.955
261;264;3.321
261;265;3.066
261;705;3.794
262;258;3.08
262;259;3.499
262;265;3.241
262;266;3.065
262;704;3.628
262;705;3.942
262;708;3.449
262;1389;3.476
263;259;2.916
263;267;2.893
263;1393;3.812
264;120;3.832
264;260;2.925
264;261;3.321
264;267;3.992
264;268;2.988
265;261;3.066
265;262;3.241
265;269;3.063
265;705;3.675
266;262;3.065
266;270;2.9
266;709;3.788
266;712;5.646
266;1108;3.907
266;1393;3.871
267;120;2.627
267;263;2.893
267;264;3.992
267;270;3.352
267;271;3.29
268;119;2.697
268;120;2.816
268;264;2.988
268;278;2.707
269;265;3.063
269;277;3.915
269;278;3.196
270;266;2.9
270;267;3.352
271;267;3.29
271;276;3.078
271;277;2.84
272;274;3.315
273;1126;2.622
274;272;3.315
275;280;3.666
276;271;3.078
277;269;3.915
277;271;2.84
278;116;2.829
278;268;2.707
278;269;3.196
279;281;3.564
280;275;3.666
280;283;2.87
280;284;3.074
281;279;3.564
281;285;2.985
282;286;3.344
283;280;2.87
284;280;3.074
284;287;3.012
285;281;2.985
285;322;2.647
286;282;3.344
286;320;2.75
286;322;3.851
286;324;3.319
287;284;3.012
287;289;3.679
287;290;3.117
287;320;2.863
288;291;2.688
288;292;3.354
289;287;3.679
289;292;3.323
289;293;3.137
290;287;3.117
290;293;3.02
290;294;3.13
291;288;2.688
292;288;3.354
292;289;3.323
292;295;2.958
292;304;3.573
293;289;3.137
293;290;3.02
293;296;3.433
294;290;3.13
294;297;3.356
294;298;3.865
294;299;2.813
295;292;2.958
295;298;4.029
295;303;2.996
296;293;3.433
296;298;3.167
296;304;3.528
297;294;3.356
298;294;3.865
298;295;4.029
298;296;3.167
299;294;2.813
300;62;2.655
301;303;3.304
302;305;3.787
303;295;2.996
303;301;3.304
304;292;3.573
304;296;3.528
305;302;3.787
306;318;3.414
307;312;2.724
308;310;2.994
309;311;2.637
310;308;2.994
310;312;3.203
311;309;2.637
311;313;3.989
312;307;2.724
312;310;3.203
313;311;3.989
314;316;3.715
315;317;3.008
315;318;3.296
316;314;3.715
317;315;3.008
318;306;3.414
318;315;3.296
319;321;2.722
320;286;2.75
320;287;2.863
321;319;2.722
322;285;2.647
322;286;3.851
323;329;3.525
324;286;3.319
325;328;2.856
325;331;2.655
326;332;2.841
327;331;3.741
328;325;2.856
329;323;3.525
329;332;2.746
330;332;3.016
331;325;2.655
331;327;3.741
331;333;2.967
331;336;3.924
332;326;2.841
332;329;2.746
332;330;3.016
333;331;2.967
334;338;3.683
334;339;2.702
335;338;3.995
336;331;3.924
336;338;3.028
337;341;2.677
338;334;3.683
338;335;3.995
338;336;3.028
339;334;2.702
340;343;2.583
341;337;2.677
342;376;2.743
342;377;2.959
343;340;2.583
344;345;2.765
345;344;2.765
346;351;2.68
346;352;4.023
346;353;3.822
347;350;4.002
347;351;2.611
348;353;3.263
349;350;2.997
349;353;3.384
350;347;4.002
350;349;2.997
351;346;2.68
351;347;2.611
352;346;4.023
353;346;3.822
353;348;3.263
353;349;3.384
354;355;4.01
354;356;2.768
355;354;4.01
356;354;2.768
357;359;4.274
357;388;3.94
358;389;3.24
359;357;4.274
359;390;3.661
360;363;3.016
361;390;3.628
362;364;3.045
362;365;2.77
362;389;2.81
362;390;3.92
363;360;3.016
364;362;3.045
364;392;3.054
365;362;2.77
366;367;3.092
367;366;3.092
368;370;3.754
368;372;3.669
369;381;2.849
370;368;3.754
371;372;3.396
372;368;3.669
372;371;3.396
372;374;3.609
373;376;3.65
374;372;3.609
374;378;3.702
375;378;4.038
375;381;2.745
375;382;3.254
376;342;2.743
376;373;3.65
376;378;2.987
377;342;2.959
378;374;3.702
378;375;4.038
378;376;2.987
379;383;3.96
379;386;3.796
380;383;3.216
381;369;2.849
381;375;2.745
381;384;3.038
382;375;3.254
383;379;3.96
383;380;3.216
384;381;3.038
385;388;3.802
386;379;3.796
387;390;2.989
387;391;3.953
388;357;3.94
388;385;3.802
389;358;3.24
389;362;2.81
390;359;3.661
390;361;3.628
390;362;3.92
390;387;2.989
391;387;3.953
392;364;3.054
393;394;2.982
394;393;2.982
395;398;3.183
395;400;3.022
396;402;2.906
396;405;3.98
397;405;3.753
398;395;3.183
399;429;3.618
400;395;3.022
401;428;3.95
401;429;4.029
402;396;2.906
403;426;3.158
403;427;3.956
403;452;3.414
404;406;3.817
404;452;3.98
404;453;3.829
405;396;3.98
405;397;3.753
405;452;3.78
406;404;3.817
406;407;2.996
407;406;2.996
407;408;3.023
408;407;3.023
409;412;2.946
410;413;3.072
410;414;3.088
410;415;3.049
411;415;3.948
412;409;2.946
412;423;3.645
413;410;3.072
414;410;3.088
415;410;3.049
415;411;3.948
416;419;2.858
416;420;3.765
417;419;3.918
418;420;2.947
418;421;3.046
419;416;2.858
419;417;3.918
420;416;3.765
420;418;2.947
421;418;3.046
422;448;3.395
423;412;3.645
423;449;3.822
424;447;3.821
425;431;3.541
426;403;3.158
427;403;3.956
428;401;3.95
429;399;3.618
429;401;4.029
430;432;3.329
431;425;3.541
432;430;3.329
432;434;2.761
433;434;2.72
434;432;2.761
434;433;2.72
435;440;3.028
436;439;3.77
436;445;3.557
437;445;2.9
437;477;4.09
438;444;2.573
438;445;3.187
438;474;3.648
439;436;3.77
440;435;3.028
441;451;3.722
442;446;3.837
443;446;2.944
443;447;2.949
444;438;2.573
445;436;3.557
445;437;2.9
445;438;3.187
446;442;3.837
446;443;2.944
447;424;3.821
447;443;2.949
448;422;3.395
449;423;3.822
450;453;3.674
450;454;3.673
451;441;3.722
452;403;3.414
452;404;3.98
452;405;3.78
453;404;3.829
453;450;3.674
454;450;3.673
454;456;2.935
454;457;2.909
455;459;2.77
456;454;2.935
457;454;2.909
458;459;2.633
459;455;2.77
459;458;2.633
460;462;3.494
460;463;3.195
461;464;2.601
462;460;3.494
462;464;2.741
463;460;3.195
464;461;2.601
464;462;2.741
465;466;2.841
466;465;2.841
466;468;3.94
467;469;3.398
467;470;2.963
468;466;3.94
468;469;2.879
469;467;3.398
469;468;2.879
469;471;2.981
469;472;3.745
469;473;3.784
470;467;2.963
471;469;2.981
472;469;3.745
472;475;3.868
473;469;3.784
474;438;3.648
475;472;3.868
476;477;2.982
477;437;4.09
477;476;2.982
478;481;3.15
479;540;3.891
480;483;3.706
480;536;2.999
480;539;2.809
480;540;3.854
481;478;3.15
482;537;3.898
483;480;3.706
483;536;4.034
483;537;3.612
483;539;3.778
483;540;3.439
483;541;3.968
484;486;3.095
484;541;3.983
485;487;2.963
485;488;3.097
486;484;3.095
486;491;4.013
486;537;3.592
487;485;2.963
488;485;3.097
488;491;3.005
488;492;3.413
489;493;2.958
490;494;2.948
491;486;4.013
491;488;3.005
491;494;3.248
491;495;3.022
492;488;3.413
492;495;3.444
492;496;2.925
492;589;2.673
493;489;2.958
493;496;3.194
493;497;2.966
494;490;2.948
494;491;3.248
494;498;3.05
495;491;3.022
495;492;3.444
495;498;3.316
495;499;2.97
495;530;4.01
495;534;3.738
495;586;4.005
496;492;2.925
496;493;3.194
496;499;3.01
496;500;3.088
496;590;2.668
496;591;3.529
497;493;2.966
497;500;3.479
497;501;3.013
498;494;3.05
498;495;3.316
498;502;2.971
498;527;3.639
499;495;2.97
499;496;3.01
499;502;3.076
499;503;3.071
499;531;3.303
499;584;3.901
499;586;3.88
499;587;3.831
500;496;3.088
500;497;3.479
500;503;3.132
500;504;3.442
500;587;3.931
501;497;3.013
501;504;3.316
501;505;3.02
502;498;2.971
502;499;3.076
502;505;3.25
502;506;2.988
502;527;3.18
502;583;3.086
503;499;3.071
503;500;3.132
503;507;3.061
503;584;3.627
503;992;3.951
504;500;3.442
504;501;3.316
504;507;3.315
504;508;2.972
505;501;3.02
505;502;3.25
505;508;3.136
505;509;2.962
505;520;3.546
505;523;4.037
506;502;2.988
506;509;3.039
506;583;3.805
506;584;3.662
506;996;4.003
507;503;3.061
507;504;3.315
508;504;2.972
508;505;3.136
508;512;3.565
508;520;3.709
509;505;2.962
509;506;3.039
509;513;2.871
509;520;4.005
509;524;3.453
510;512;3.207
510;513;2.962
510;1040;3.076
510;1041;3.025
511;514;2.964
511;515;3.049
512;508;3.565
512;510;3.207
512;516;3.014
513;509;2.871
513;510;2.962
513;517;2.804
514;511;2.964
514;517;2.728
515;511;3.049
516;512;3.014
516;519;3.035
516;520;2.933
517;513;2.804
517;514;2.728
517;521;2.968
518;521;3.281
518;522;3.035
519;516;3.035
519;522;3.936
519;523;2.961
520;505;3.546
520;508;3.709
520;509;4.005
520;516;2.933
520;523;3.321
520;524;2.916
521;517;2.968
521;518;3.281
521;524;3.376
521;525;3.032
522;518;3.035
522;519;3.936
522;526;2.948
523;505;4.037
523;519;2.961
523;520;3.321
523;527;2.96
524;509;3.453
524;520;2.916
524;521;3.376
524;527;3.384
524;528;3.082
524;583;3.246
525;521;3.032
525;528;3.319
525;529;2.989
525;567;3.778
525;568;3.417
526;522;2.948
526;529;3.039
526;530;3.043
527;498;3.639
527;502;3.18
527;523;2.96
527;524;3.384
527;530;2.998
527;531;3.357
528;524;3.082
528;525;3.319
528;531;2.88
528;532;3.478
528;563;2.763
528;564;3.761
528;567;3.719
528;568;4.028
528;583;4.012
529;525;2.989
529;526;3.039
529;532;2.804
529;533;3.365
530;495;4.01
530;526;3.043
530;527;2.998
530;533;3.155
530;534;3.092
531;499;3.303
531;527;3.357
531;528;2.88
531;535;2.963
531;560;3.597
531;564;3.793
531;586;3.453
532;528;3.478
532;529;2.804
532;536;3.099
532;564;3.4
533;529;3.365
533;530;3.155
533;536;3.469
533;537;2.985
534;495;3.738
534;530;3.092
534;537;3.117
534;538;3.043
534;586;2.705
534;589;2.706
535;531;2.963
535;539;3.161
535;560;3.65
536;480;2.999
536;483;4.034
536;532;3.099
536;533;3.469
536;539;3.263
537;482;3.898
537;483;3.612
537;486;3.592
537;533;2.985
537;534;3.117
538;534;3.043
538;541;2.96
538;542;3.122
538;546;2.64
538;547;3.772
538;553;2.768
539;480;2.809
539;483;3.778
539;535;3.161
539;536;3.263
539;547;3.765
540;479;3.891
540;480;3.854
540;483;3.439
541;483;3.968
541;484;3.983
541;538;2.96
542;538;3.122
542;546;3.673
543;546;2.902
543;547;2.927
544;548;2.982
545;549;2.777
546;538;2.64
546;542;3.673
546;543;2.902
546;549;3.073
546;550;2.917
547;538;3.772
547;539;3.765
547;543;2.927
547;553;3.254
547;557;3.134
548;544;2.982
549;545;2.777
549;546;3.073
550;546;2.917
550;553;2.968
550;554;3.046
551;554;3.954
551;555;3.012
552;556;2.997
552;594;2.941
552;597;3.878
553;538;2.768
553;547;3.254
553;550;2.968
553;556;3.442
553;557;2.954
554;550;3.046
554;551;3.954
554;557;3.418
554;558;2.996
555;551;3.012
555;558;3.411
555;559;3.017
555;585;3.99
556;552;2.997
556;553;3.442
556;559;3.217
556;560;2.903
556;586;2.632
556;589;3.826
557;547;3.134
557;553;2.954
557;554;3.418
557;561;3.004
558;554;2.996
558;555;3.411
558;561;3.268
558;562;3.085
559;555;3.017
559;556;3.217
559;563;3.02
560;531;3.597
560;535;3.65
560;556;2.903
560;564;2.92
560;586;3.733
561;557;3.004
561;558;3.268
561;565;2.992
562;558;3.085
562;566;3.216
562;579;3.584
563;528;2.763
563;559;3.02
563;567;3.457
563;583;3.009
564;528;3.761
564;531;3.793
564;532;3.4
564;560;2.92
564;567;3.107
564;568;2.899
565;561;2.992
565;568;3.307
565;569;3.036
566;562;3.216
566;570;2.989
566;571;3.017
566;580;3.853
567;525;3.778
567;528;3.719
567;563;3.457
567;564;3.107
567;571;3.777
567;580;4.003
568;525;3.417
568;528;4.028
568;564;2.899
568;565;3.307
569;565;3.036
570;566;2.989
570;572;2.94
571;566;3.017
571;567;3.777
571;577;2.797
572;570;2.94
572;577;3.268
573;576;2.784
574;577;3.223
574;578;2.932
575;578;3.288
575;579;2.972
575;1080;3.965
576;573;2.784
576;579;3.103
576;580;3.072
577;571;2.797
577;572;3.268
577;574;3.223
577;580;2.965
578;574;2.932
578;575;3.288
578;581;2.883
578;1000;3.126
579;562;3.584
579;575;2.972
579;576;3.103
579;582;2.976
580;566;3.853
580;567;4.003
580;576;3.072
580;577;2.965
580;583;3.082
581;578;2.883
581;584;3.189
581;993;3.782
581;996;3.83
582;579;2.976
582;585;2.916
582;993;3.587
582;997;4.124
583;502;3.086
583;506;3.805
583;524;3.246
583;528;4.012
583;563;3.009
583;580;3.082
583;586;2.978
584;499;3.901
584;503;3.627
584;506;3.662
584;581;3.189
584;587;2.949
584;989;3.825
584;993;3.501
585;555;3.99
585;582;2.916
585;588;2.75
585;990;3.401
585;993;3.453
586;495;4.005
586;499;3.88
586;531;3.453
586;534;2.705
586;556;2.632
586;560;3.733
586;583;2.978
586;589;2.978
587;499;3.831
587;500;3.931
587;584;2.949
587;590;2.969
587;591;2.941
587;593;3.896
587;989;3.643
588;585;2.75
588;593;4.022
589;492;2.673
589;534;2.706
589;556;3.826
589;586;2.978
590;496;2.668
590;587;2.969
591;496;3.529
591;587;2.941
591;593;3.918
591;594;3.008
592;595;3.175
592;596;2.941
592;982;3.144
593;587;3.896
593;588;4.022
593;591;3.918
593;596;3.198
593;597;3.011
593;986;3.486
594;552;2.941
594;591;3.008
594;597;3.855
594;598;3.056
595;592;3.175
595;598;3.378
595;599;2.981
596;592;2.941
596;593;3.198
596;599;3.236
596;600;2.956
596;986;3.654
597;552;3.878
597;593;3.011
597;594;3.855
597;601;3.062
598;594;3.056
598;595;3.378
598;601;3.414
598;602;2.787
599;595;2.981
599;596;3.236
599;602;3.476
599;603;2.947
599;1098;3.752
600;596;2.956
600;603;3.152
600;604;3.073
600;1094;3.577
601;597;3.062
601;598;3.414
601;604;2.992
602;598;2.787
602;599;3.476
602;605;2.996
603;599;2.947
603;600;3.152
603;606;3.119
603;607;3.08
603;707;3.631
603;1094;3.529
603;1098;3.742
604;600;3.073
604;601;2.992
604;608;2.974
604;1094;3.832
605;602;2.996
605;608;3.009
606;603;3.119
606;707;3.924
607;603;3.08
607;610;3.199
607;611;2.86
607;703;3.619
607;1094;3.766
608;604;2.974
608;605;3.009
608;612;3.052
609;106;3.341
609;110;3.327
609;612;3.161
609;613;3.277
610;607;3.199
610;613;3.114
610;614;3.091
610;699;2.743
610;702;3.817
610;703;3.732
611;607;2.86
611;615;2.921
612;608;3.052
612;609;3.161
612;615;3.319
612;616;3.071
613;107;3.778
613;609;3.277
613;610;3.114
613;616;3.478
613;617;3.05
614;610;3.091
614;617;3.458
614;618;2.966
614;665;3.979
614;699;4.031
615;611;2.921
615;612;3.319
615;619;2.986
616;100;3.503
616;612;3.071
616;613;3.478
616;619;3.276
616;620;3.01
617;613;3.05
617;614;3.458
617;620;3.296
617;621;2.95
617;695;3.698
618;614;2.966
618;622;2.926
618;658;3.463
618;661;3.823
619;19;3.515
619;23;3.829
619;615;2.986
619;616;3.276
619;622;3.291
619;623;3.006
619;654;3.551
620;94;3.921
620;95;4.029
620;98;3.96
620;616;3.01
620;617;3.296
620;623;3.245
620;624;2.997
621;617;2.95
621;625;2.952
621;661;3.774
621;691;4.057
621;692;3.567
621;695;3.904
622;618;2.926
622;619;3.291
622;625;3.238
622;626;2.999
622;654;3.815
622;657;3.972
622;658;4.015
623;94;3.673
623;619;3.006
623;620;3.245
623;627;3.337
624;94;3.699
624;620;2.997
624;627;3.346
624;628;3.028
625;621;2.952
625;622;3.238
625;629;3.0
625;630;2.805
625;651;3.814
626;25;3.216
626;622;2.999
626;630;3.05
626;631;3.143
626;653;3.951
627;91;3.344
627;623;3.337
627;624;3.346
628;87;3.941
628;91;3.804
628;624;3.028
628;631;2.795
629;625;3.0
629;632;3.017
629;633;3.579
629;647;3.52
629;685;3.412
629;688;4.037
630;625;2.805
630;626;3.05
630;647;3.722
631;626;3.143
631;628;2.795
632;629;3.017
632;644;4.069
632;647;2.995
633;629;3.579
633;645;3.086
633;647;2.946
633;673;3.776
633;674;3.477
633;681;2.722
633;685;3.601
634;643;2.638
634;644;3.329
634;674;3.724
634;675;2.915
635;638;3.01
635;639;2.832
635;640;2.793
635;641;2.747
636;675;2.754
636;677;3.7
637;640;3.859
638;635;3.01
638;643;3.957
639;635;2.832
640;635;2.793
640;637;3.859
640;1028;3.95
641;635;2.747
642;648;3.524
643;634;2.638
643;638;3.957
644;632;4.069
644;634;3.329
644;648;3.507
645;633;3.086
645;649;3.108
645;672;2.794
645;673;3.554
646;649;3.051
646;650;2.837
646;671;3.881
647;629;3.52
647;630;3.722
647;632;2.995
647;633;2.946
647;651;3.635
647;673;3.602
648;642;3.524
648;644;3.507
648;652;3.683
649;645;3.108
649;646;3.051
649;656;3.783
649;1064;3.988
649;1068;3.509
650;646;2.837
650;656;3.382
650;660;3.937
650;1059;3.395
650;1063;3.911
651;625;3.814
651;647;3.635
651;656;3.41
651;660;3.631
651;673;4.062
652;648;3.683
652;1072;2.729
653;25;3.716
653;626;3.951
653;656;2.798
653;657;2.957
653;1075;2.719
654;25;3.298
654;619;3.551
654;622;3.815
654;658;2.958
655;658;3.159
655;659;2.978
655;1075;3.925
655;1078;3.988
655;1079;3.643
655;1082;3.81
656;649;3.783
656;650;3.382
656;651;3.41
656;653;2.798
656;659;3.373
656;660;2.992
656;1063;2.961
657;622;3.972
657;653;2.957
657;661;2.962
658;618;3.463
658;622;4.015
658;654;2.958
658;655;3.159
658;661;3.461
658;662;2.983
659;655;2.978
659;656;3.373
659;662;3.174
659;663;3.007
659;1063;3.962
659;1082;3.663
660;650;3.937
660;651;3.631
660;656;2.992
660;663;3.158
660;664;3.03
660;670;3.88
661;618;3.823
661;621;3.774
661;657;2.962
661;658;3.461
661;664;3.333
661;665;2.976
662;658;2.983
662;659;3.174
662;665;3.109
662;666;3.202
662;1055;3.983
662;1058;3.594
662;1082;3.704
662;1089;3.93
663;659;3.007
663;660;3.158
663;669;2.864
663;1059;3.528
664;660;3.03
664;661;3.333
664;667;3.019
664;670;3.743
664;689;3.53
664;692;3.598
664;693;4.021
665;614;3.979
665;661;2.976
665;662;3.109
665;696;3.765
666;662;3.202
666;1055;3.536
667;664;3.019
667;693;3.974
668;223;3.769
668;1055;3.816
668;1056;2.758
668;1057;2.843
669;218;3.493
669;223;3.404
669;224;3.8
669;663;2.864
669;689;4.014
669;1060;3.887
670;660;3.88
670;664;3.743
670;673;3.501
670;689;3.333
671;646;3.881
671;1060;3.513
672;645;2.794
672;1013;3.898
673;633;3.776
673;645;3.554
673;647;3.602
673;651;4.062
673;670;3.501
673;682;3.26
673;685;3.465
674;633;3.477
674;634;3.724
674;678;3.358
674;682;2.942
675;634;2.915
675;636;2.754
675;682;3.682
676;1014;3.384
677;636;3.7
678;674;3.358
678;681;2.75
678;682;3.06
679;683;2.952
680;683;3.394
680;684;2.988
681;633;2.722
681;678;2.75
681;684;3.171
681;685;3.047
682;673;3.26
682;674;2.942
682;675;3.682
682;678;3.06
682;685;3.359
682;686;2.919
683;679;2.952
683;680;3.394
683;686;3.16
683;687;3.024
684;680;2.988
684;681;3.171
685;629;3.412
685;633;3.601
685;673;3.465
685;681;3.047
685;682;3.359
685;688;3.009
685;689;2.933
686;214;3.803
686;682;2.919
686;683;3.16
686;689;3.365
686;690;2.965
687;683;3.024
687;690;3.427
687;691;3.006
688;629;4.037
688;685;3.009
688;691;3.348
688;692;2.961
689;664;3.53
689;669;4.014
689;670;3.333
689;685;2.933
689;686;3.365
689;692;3.363
689;693;2.991
690;217;3.428
690;686;2.965
690;687;3.427
690;693;3.434
690;694;2.998
691;621;4.057
691;687;3.006
691;688;3.348
691;694;3.449
691;695;2.991
692;621;3.567
692;664;3.598
692;688;2.961
692;689;3.363
692;696;2.952
693;221;3.649
693;664;4.021
693;667;3.974
693;689;2.991
693;690;3.434
693;697;2.921
694;217;3.89
694;690;2.998
694;691;3.449
694;697;3.411
694;698;3.033
695;617;3.698
695;621;3.904
695;691;2.991
695;698;3.476
695;699;2.962
696;665;3.765
696;692;2.952
696;699;3.258
696;700;2.915
697;693;2.921
697;694;3.411
697;700;3.279
697;701;2.971
698;114;3.8
698;694;3.033
698;695;3.476
698;702;3.04
699;610;2.743
699;614;4.031
699;695;2.962
699;696;3.258
699;702;3.281
699;703;2.908
700;696;2.915
700;697;3.279
700;703;3.145
700;704;3.069
701;257;3.656
701;258;3.771
701;697;2.971
701;704;3.442
701;705;3.016
702;610;3.817
702;698;3.04
702;699;3.281
702;706;2.93
703;607;3.619
703;610;3.732
703;699;2.908
703;700;3.145
703;706;3.329
703;707;3.109
703;1097;3.512
704;258;3.669
704;262;3.628
704;700;3.069
704;701;3.442
704;707;3.378
704;708;2.934
704;1097;3.613
704;1100;3.747
705;261;3.794
705;262;3.942
705;265;3.675
705;701;3.016
705;708;3.439
705;709;2.945
706;702;2.93
706;703;3.329
706;710;3.045
707;603;3.631
707;606;3.924
707;703;3.109
707;704;3.378
707;710;3.312
707;711;3.014
707;1097;3.619
707;1101;3.555
708;262;3.449
708;704;2.934
708;705;3.439
708;711;3.4
708;712;2.979
708;1104;3.509
709;266;3.788
709;705;2.945
709;712;3.353
709;713;3.044
710;706;3.045
710;707;3.312
710;713;3.093
710;714;3.072
711;707;3.014
711;708;3.4
711;714;2.975
711;715;3.064
711;1101;3.468
711;1105;3.615
712;266;5.646
712;708;2.979
712;709;3.353
712;1105;3.966
712;1108;3.417
713;709;3.044
713;710;3.093
714;710;3.072
714;711;2.975
715;711;3.064
715;1105;3.938
716;1108;3.56
716;1112;2.827
717;1113;4.035
718;721;3.97
718;722;2.977
718;723;3.048
719;720;3.613
719;721;3.888
720;719;3.613
721;718;3.97
721;719;3.888
722;718;2.977
723;718;3.048
724;726;3.079
725;728;2.733
726;724;3.079
727;729;2.875
728;725;2.733
729;727;2.875
730;739;2.792
731;739;2.876
732;739;3.94
732;741;3.639
733;736;3.592
733;1132;3.826
734;737;3.16
734;738;3.574
734;741;3.609
735;741;3.97
736;733;3.592
736;745;4.024
737;734;3.16
737;745;3.934
737;746;2.684
738;734;3.574
738;739;2.963
739;730;2.792
739;731;2.876
739;732;3.94
739;738;2.963
740;743;2.78
741;732;3.639
741;734;3.609
741;735;3.97
742;745;3.887
743;740;2.78
744;747;2.715
744;748;3.064
744;749;3.869
745;736;4.024
745;737;3.934
745;742;3.887
746;737;2.684
747;744;2.715
748;744;3.064
749;744;3.869
750;753;3.461
750;754;3.445
751;766;3.833
752;755;2.854
753;750;3.461
754;750;3.445
754;763;4.0
755;752;2.854
755;762;2.81
756;758;3.01
757;761;3.065
758;756;3.01
758;761;3.144
759;1140;2.889
760;1142;3.695
761;757;3.065
761;758;3.144
761;1142;4.03
762;755;2.81
762;765;3.738
762;1142;2.746
763;754;4.0
764;767;2.972
765;762;3.738
765;768;2.685
766;751;3.833
767;764;2.972
767;769;3.694
768;765;2.685
769;767;3.694
769;780;2.928
769;782;3.535
769;785;3.416
770;773;2.784
771;787;3.855
771;788;2.946
772;786;3.574
773;770;2.784
773;782;3.815
773;786;3.017
773;788;2.681
774;776;2.744
774;782;3.891
774;783;2.949
774;784;2.719
775;788;3.922
776;774;2.744
776;783;2.608
777;781;3.91
778;783;3.716
779;1138;3.83
780;769;2.928
781;777;3.91
782;769;3.535
782;773;3.815
782;774;3.891
783;774;2.949
783;776;2.608
783;778;3.716
784;774;2.719
785;769;3.416
786;772;3.574
786;773;3.017
787;771;3.855
787;789;3.808
787;790;3.94
788;771;2.946
788;773;2.681
788;775;3.922
789;787;3.808
790;787;3.94
791;801;3.894
792;797;3.721
793;796;3.009
793;797;2.903
794;804;3.586
795;798;3.013
796;793;3.009
797;792;3.721
797;793;2.903
797;803;2.803
798;795;3.013
798;800;2.976
799;802;3.422
799;803;2.804
800;798;2.976
801;791;3.894
802;799;3.422
803;797;2.803
803;799;2.804
804;794;3.586
805;808;3.754
805;809;3.163
806;808;2.758
806;809;3.086
807;809;3.039
807;810;2.902
808;805;3.754
808;806;2.758
809;805;3.163
809;806;3.086
809;807;3.039
810;807;2.902
811;813;3.798
812;813;3.345
812;815;4.004
813;811;3.798
813;812;3.345
813;1131;2.75
814;1134;3.076
815;812;4.004
815;1134;2.786
816;817;3.027
816;1134;2.688
817;816;3.027
818;825;3.763
818;829;2.861
819;821;3.398
819;825;3.574
820;825;3.434
820;830;2.801
821;819;3.398
821;824;3.905
821;825;3.069
822;824;3.201
823;824;3.002
824;821;3.905
824;822;3.201
824;823;3.002
825;818;3.763
825;819;3.574
825;820;3.434
825;821;3.069
825;829;3.579
825;830;3.981
826;827;2.614
826;829;3.727
827;826;2.614
827;832;3.769
828;831;2.936
828;832;3.377
829;818;2.861
829;825;3.579
829;826;3.727
830;820;2.801
830;825;3.981
831;828;2.936
832;827;3.769
832;828;3.377
833;834;3.217
834;833;3.217
835;836;2.605
836;835;2.605
837;839;3.205
838;845;3.638
838;846;3.368
838;850;3.655
839;837;3.205
840;846;2.811
841;844;3.796
842;844;4.069
842;846;2.857
843;845;3.047
843;905;2.811
843;906;2.764
843;907;2.834
844;841;3.796
844;842;4.069
845;838;3.638
845;843;3.047
845;849;3.752
845;850;6.148
846;838;3.368
846;840;2.811
846;842;2.857
846;849;2.904
847;850;3.048
848;853;3.845
848;899;3.773
848;902;3.436
848;903;3.519
849;845;3.752
849;846;2.904
849;906;3.894
850;838;3.655
850;845;6.148
850;847;3.048
850;853;2.864
850;854;2.928
851;855;3.038
852;855;3.407
852;856;2.905
853;848;3.845
853;850;2.864
853;856;3.273
853;857;2.968
854;850;2.928
854;857;3.433
854;858;3.166
854;962;3.123
855;851;3.038
855;852;3.407
855;858;3.444
855;859;3.017
856;852;2.905
856;853;3.273
856;859;3.356
856;860;2.93
857;853;2.968
857;854;3.433
857;860;3.362
857;861;2.961
857;896;3.694
857;899;3.686
858;854;3.166
858;855;3.444
858;861;3.371
858;862;2.946
858;962;3.422
859;855;3.017
859;856;3.356
859;862;3.252
859;863;2.98
860;856;2.93
860;857;3.362
860;864;2.957
860;896;3.934
861;857;2.961
861;858;3.371
861;865;2.906
861;892;3.931
861;896;3.44
861;955;3.688
861;959;3.779
862;858;2.946
862;859;3.252
862;865;3.18
862;866;2.992
863;859;2.98
863;866;3.11
863;867;3.012
864;860;2.957
864;867;3.45
864;868;2.956
864;955;3.624
865;861;2.906
865;862;3.18
865;869;3.002
866;862;2.992
866;863;3.11
866;869;3.383
866;870;2.96
867;863;3.012
867;864;3.45
867;870;3.003
867;871;3.267
868;864;2.956
868;953;3.935
869;865;3.002
869;866;3.383
869;873;3.498
869;1293;3.919
870;866;2.96
870;867;3.003
870;873;3.074
870;874;3.026
870;877;3.557
870;881;3.851
870;885;3.974
871;867;3.267
871;878;2.753
871;946;2.674
872;875;3.266
872;878;2.655
872;1296;3.35
872;1350;3.106
873;869;3.498
873;870;3.074
873;1316;3.758
874;870;3.026
874;877;2.957
874;878;3.026
875;872;3.266
875;878;3.187
875;879;3.008
875;1351;4.034
876;879;2.626
877;870;3.557
877;874;2.957
877;880;3.317
877;881;2.973
878;871;2.753
878;872;2.655
878;874;3.026
878;875;3.187
878;882;3.021
878;1349;3.837
879;875;3.008
879;876;2.626
879;1351;3.431
880;877;3.317
881;870;3.851
881;877;2.973
881;884;3.08
881;885;3.023
882;878;3.021
882;885;3.466
882;886;2.706
883;887;3.025
884;881;3.08
884;887;3.4
884;888;2.989
885;870;3.974
885;881;3.023
885;882;3.466
885;888;3.006
885;889;3.257
886;882;2.706
886;889;3.029
886;890;3.032
886;946;2.811
886;949;3.886
887;883;3.025
887;884;3.4
887;890;2.893
887;891;2.959
888;884;2.989
888;885;3.006
888;891;3.41
888;892;2.908
889;885;3.257
889;886;3.029
889;893;3.018
889;952;3.795
890;886;3.032
890;887;2.893
890;893;3.393
890;894;3.048
891;887;2.959
891;888;3.41
891;894;3.498
891;895;2.988
892;861;3.931
892;888;2.908
892;895;3.279
892;896;2.947
892;955;3.568
893;889;3.018
893;890;3.393
893;897;2.975
893;952;3.851
894;890;3.048
894;891;3.498
894;898;3.025
895;891;2.988
895;892;3.279
895;898;4.008
895;899;2.955
896;857;3.694
896;860;3.934
896;861;3.44
896;892;2.947
896;900;3.002
896;958;3.683
897;893;2.975
897;900;3.456
897;901;2.966
897;925;3.841
897;929;3.633
898;894;3.025
898;895;4.008
898;901;3.335
898;902;2.948
899;848;3.773
899;857;3.686
899;895;2.955
899;903;2.733
899;958;3.584
900;896;3.002
900;897;3.456
900;903;3.339
900;904;2.907
900;922;3.877
901;897;2.966
901;898;3.335
901;904;3.988
901;905;3.019
902;848;3.436
902;898;2.948
902;905;4.034
902;906;2.989
903;848;3.519
903;899;2.733
903;900;3.339
903;907;2.998
903;912;3.621
903;921;2.664
904;900;2.907
904;901;3.988
904;907;3.005
904;908;2.952
904;909;3.841
904;912;6.318
904;913;3.671
905;843;2.811
905;901;3.019
905;902;4.034
906;843;2.764
906;849;3.894
906;902;2.989
907;843;2.834
907;903;2.998
907;904;3.005
907;912;6.462
907;918;3.912
908;904;2.952
908;911;3.036
908;912;2.943
909;904;3.841
909;912;3.314
909;913;2.986
910;913;2.79
910;914;2.861
911;908;3.036
912;903;3.621
912;904;6.318
912;907;6.462
912;908;2.943
912;909;3.314
912;915;3.04
912;918;3.797
912;922;3.874
913;904;3.671
913;909;2.986
913;910;2.79
913;919;3.717
913;922;3.677
914;910;2.861
915;912;3.04
915;918;3.167
915;919;2.949
916;919;3.413
916;920;2.96
917;920;3.366
917;921;3.0
917;970;3.844
918;907;3.912
918;912;3.797
918;915;3.167
918;921;3.154
918;922;2.993
919;913;3.717
919;915;2.949
919;916;3.413
919;922;6.015
919;923;2.988
920;916;2.96
920;917;3.366
920;923;3.242
921;903;2.664
921;917;3.0
921;918;3.154
921;958;2.974
921;961;2.661
922;900;3.877
922;912;3.874
922;913;3.677
922;918;2.993
922;919;6.015
922;925;3.011
922;926;2.957
923;919;2.988
923;920;3.242
923;927;3.03
924;954;4.002
924;958;3.699
925;897;3.841
925;922;3.011
925;928;3.179
925;929;3.085
926;922;2.957
926;929;2.961
926;930;2.908
927;923;3.03
927;931;2.97
927;951;3.721
928;925;3.179
928;931;3.957
928;932;3.049
928;952;2.997
929;897;3.633
929;925;3.085
929;926;2.961
929;932;3.35
929;933;2.978
930;926;2.908
930;933;3.174
930;934;2.992
931;927;2.97
931;928;3.957
931;935;2.997
932;928;3.049
932;929;3.35
932;935;3.309
932;936;2.986
932;945;3.748
933;929;2.978
933;930;3.174
933;936;3.227
933;937;2.932
934;930;2.992
934;937;3.148
934;938;2.977
935;931;2.997
935;932;3.309
935;940;3.032
935;944;3.32
935;945;3.38
935;948;3.637
936;932;2.986
936;933;3.227
936;939;2.999
937;933;2.932
937;934;3.148
938;934;2.977
939;936;2.999
940;935;3.032
941;944;3.801
941;945;3.176
942;945;3.995
942;946;3.009
943;946;2.718
943;947;3.206
944;935;3.32
944;941;3.801
944;947;3.387
944;948;2.991
945;932;3.748
945;935;3.38
945;941;3.176
945;942;3.995
945;949;2.97
946;871;2.674
946;886;2.811
946;942;3.009
946;943;2.718
946;1348;3.97
947;943;3.206
947;944;3.387
947;950;3.039
947;1298;3.89
947;1345;2.984
947;1346;3.682
947;1347;3.128
948;935;3.637
948;944;2.991
949;886;3.886
949;945;2.97
949;952;2.719
950;947;3.039
950;953;2.738
950;954;3.336
950;1294;3.581
951;927;3.721
951;954;2.978
952;889;3.795
952;893;3.851
952;928;2.997
952;949;2.719
952;955;2.861
953;868;3.935
953;950;2.738
954;924;4.002
954;950;3.336
954;951;2.978
954;957;2.946
954;958;3.009
954;1290;3.844
955;861;3.688
955;864;3.624
955;892;3.568
955;952;2.861
955;958;2.977
955;959;3.183
956;959;2.912
956;1290;3.618
957;954;2.946
957;960;2.763
957;1290;3.815
958;896;3.683
958;899;3.584
958;921;2.974
958;924;3.699
958;954;3.009
958;955;2.977
958;961;2.906
959;861;3.779
959;955;3.183
959;956;2.912
959;962;2.984
959;963;2.939
960;957;2.763
960;963;3.219
960;966;3.53
960;970;3.682
