source;destination;distance
0;3;2.791
1;47;3.598
2;7;3.591
2;48;3.671
3;0;2.791
4;7;3.286
4;8;2.974
5;9;2.976
6;10;2.976
7;2;3.591
7;4;3.286
7;10;3.117
7;11;2.969
7;43;3.992
7;47;3.744
8;4;2.974
8;11;3.348
8;12;2.964
9;5;2.976
9;13;2.931
10;6;2.976
10;7;3.117
10;14;2.95
11;7;2.969
11;8;3.348
11;14;3.431
11;15;3.008
11;44;3.609
12;8;2.964
12;16;2.976
12;104;4.016
13;9;2.931
13;16;3.369
13;17;2.94
14;10;2.95
14;11;3.431
14;18;3.014
14;37;3.625
14;40;4.036
15;11;3.008
15;19;2.975
15;37;3.755
15;99;3.959
15;100;3.568
16;12;2.976
16;13;3.369
16;19;3.142
16;20;3.087
17;13;2.94
17;20;3.285
17;21;2.981
18;14;3.014
18;22;2.961
18;37;3.158
18;96;3.615
19;15;2.975
19;16;3.142
19;22;3.212
19;97;3.521
19;603;3.514
20;16;3.087
20;17;3.285
21;17;2.981
21;24;2.985
21;30;3.612
21;33;3.406
22;18;2.961
22;19;3.212
22;93;4.025
23;603;3.805
24;21;2.985
24;27;4.041
25;610;3.246
25;637;3.708
25;638;3.26
26;30;3.837
27;24;4.041
27;30;2.849
28;31;2.733
28;32;3.018
29;32;3.297
29;33;2.976
30;21;3.612
30;26;3.837
30;27;2.849
30;33;3.431
30;34;3.003
31;28;2.733
31;34;3.473
31;35;3.005
32;28;3.018
32;29;3.297
32;36;2.989
33;21;3.406
33;29;2.976
33;30;3.431
33;36;3.252
33;37;2.947
34;30;3.003
34;31;3.473
34;37;3.351
34;38;2.937
34;93;2.811
34;96;3.184
35;31;3.005
35;38;3.385
35;39;2.971
35;81;3.713
36;32;2.989
36;33;3.252
36;39;3.343
36;40;3.001
37;14;3.625
37;15;3.755
37;18;3.158
37;33;2.947
37;34;3.351
37;40;2.99
37;41;2.866
37;96;3.464
38;34;2.937
38;35;3.385
38;41;4.001
38;42;2.986
38;80;2.775
39;35;2.971
39;36;3.343
39;42;3.159
39;43;2.983
40;14;4.036
40;36;3.001
40;37;2.99
40;43;3.494
40;44;2.912
41;37;2.866
41;38;4.001
41;45;2.954
41;73;3.462
41;99;3.507
42;38;2.986
42;39;3.159
42;45;3.27
42;46;2.963
43;7;3.992
43;39;2.983
43;40;3.494
43;46;3.388
43;47;3.057
44;11;3.609
44;40;2.912
44;47;3.26
44;48;2.813
44;99;2.648
45;41;2.954
45;42;3.27
45;49;2.987
45;56;3.973
45;73;3.928
46;42;2.963
46;43;3.388
46;50;3.067
46;51;4.021
47;1;3.598
47;7;3.744
47;43;3.057
47;44;3.26
48;2;3.671
48;44;2.813
48;66;3.202
48;69;2.667
49;45;2.987
49;56;4.026
49;59;3.853
49;66;3.64
50;46;3.067
50;53;3.065
50;55;3.676
51;46;4.021
52;55;3.682
52;58;3.468
53;50;3.065
53;56;2.984
54;57;2.992
55;50;3.676
55;52;3.682
55;58;2.997
56;45;3.973
56;49;4.026
56;53;2.984
56;59;3.047
56;70;3.905
57;54;2.992
57;60;3.017
58;52;3.468
58;55;2.997
58;61;3.028
59;49;3.853
59;56;3.047
59;62;2.981
59;63;3.803
59;66;3.512
59;67;3.974
59;70;3.752
60;57;3.017
61;58;3.028
62;59;2.981
63;59;3.803
63;66;3.418
63;67;2.931
64;67;3.445
64;68;3.039
65;68;3.016
65;69;3.054
65;102;3.462
65;108;3.228
65;111;3.767
66;48;3.202
66;49;3.64
66;59;3.512
66;63;3.418
66;69;3.829
66;70;2.989
67;59;3.974
67;63;2.931
67;64;3.445
67;70;3.399
67;71;2.944
68;64;3.039
68;65;3.016
68;72;3.001
68;101;3.973
69;48;2.667
69;65;3.054
69;66;3.829
69;72;3.46
69;73;2.933
69;99;3.17
69;102;2.742
70;56;3.905
70;59;3.752
70;66;2.989
70;67;3.399
70;73;3.227
70;74;2.989
71;67;2.944
71;74;3.406
71;75;2.983
72;68;3.001
72;69;3.46
72;76;2.933
72;95;3.517
73;41;3.462
73;45;3.928
73;69;2.933
73;70;3.227
73;76;3.456
73;77;2.901
74;70;2.989
74;71;3.406
74;77;3.364
74;78;3.01
75;71;2.983
75;78;3.46
75;79;2.982
75;89;3.585
75;92;3.322
76;72;2.933
76;73;3.456
76;79;3.001
76;80;2.865
77;73;2.901
77;74;3.364
77;81;2.956
78;74;3.01
78;75;3.46
78;82;3.011
79;75;2.982
79;76;3.001
79;83;3.965
79;89;2.747
80;38;2.775
80;76;2.865
80;83;3.194
80;96;3.601
81;35;3.713
81;77;2.956
82;78;3.011
82;84;2.988
83;79;3.965
83;80;3.194
83;90;2.945
83;93;3.577
84;82;2.988
85;89;3.511
86;89;3.125
87;90;2.913
87;91;3.196
87;612;3.912
88;91;3.113
89;75;3.585
89;79;2.747
89;85;3.511
89;86;3.125
89;92;3.003
90;83;2.945
90;87;2.913
91;87;3.196
91;88;3.113
91;94;3.016
91;611;3.419
91;612;3.877
92;75;3.322
92;89;3.003
92;95;2.866
93;22;4.025
93;34;2.811
93;83;3.577
93;96;2.917
94;91;3.016
94;97;2.869
94;98;3.492
94;604;3.959
94;607;3.633
94;608;3.689
95;72;3.517
95;92;2.866
95;98;3.861
95;99;3.005
96;18;3.615
96;34;3.184
96;37;3.464
96;80;3.601
96;93;2.917
96;99;3.21
97;19;3.521
97;94;2.869
97;100;3.008
98;94;3.492
98;95;3.861
98;101;2.907
98;604;3.95
99;15;3.959
99;41;3.507
99;44;2.648
99;69;3.17
99;95;3.005
99;96;3.21
99;102;2.947
100;15;3.568
100;97;3.008
100;103;2.992
100;104;3.004
100;107;3.603
100;600;3.527
101;68;3.973
101;98;2.907
101;111;3.886
102;65;3.462
102;69;2.742
102;99;2.947
102;108;2.811
103;100;2.992
104;12;4.016
104;100;3.004
104;107;3.094
104;108;2.99
105;108;3.358
105;109;2.951
106;110;3.128
106;593;3.428
107;100;3.603
107;104;3.094
107;110;3.431
107;111;2.998
107;597;3.702
108;65;3.228
108;102;2.811
108;104;2.99
108;105;3.358
108;111;3.436
108;112;2.981
109;105;2.951
109;112;3.263
109;113;3.037
110;106;3.128
110;107;3.431
110;113;3.081
110;114;2.997
110;593;3.339
110;594;4.013
111;65;3.767
111;101;3.886
111;107;2.998
111;108;3.436
111;114;3.203
111;115;3.013
112;108;2.981
112;109;3.263
112;115;3.466
112;116;3.006
113;109;3.037
113;110;3.081
113;116;3.239
113;117;3.041
114;110;2.997
114;111;3.203
114;117;3.071
114;118;3.276
114;682;3.773
115;111;3.013
115;112;3.466
115;118;2.985
116;112;3.006
116;113;3.239
116;119;2.801
116;259;3.797
117;113;3.041
117;114;3.071
117;120;3.116
117;121;3.015
118;114;3.276
118;115;2.985
118;122;3.012
119;116;2.801
119;122;3.47
119;263;2.715
120;117;3.116
120;123;3.495
120;259;3.814
120;262;2.656
120;263;2.78
121;117;3.015
121;125;2.957
121;252;3.858
121;256;4.022
122;118;3.012
122;119;3.47
122;126;2.999
123;120;3.495
123;126;3.098
123;127;3.083
123;1249;3.467
123;1250;2.917
124;127;3.427
124;128;3.169
124;248;3.547
124;1253;4.007
125;121;2.957
125;128;3.39
125;129;2.933
126;122;2.999
126;123;3.098
126;129;3.295
126;130;2.986
127;123;3.083
127;124;3.427
127;130;3.885
127;131;2.966
127;1244;4.018
127;1250;3.968
127;1253;3.782
128;124;3.169
128;125;3.39
128;131;3.301
128;132;2.886
128;248;3.354
129;125;2.933
129;126;3.295
129;132;3.462
129;133;3.011
130;126;2.986
130;127;3.885
130;133;3.449
130;134;2.94
130;1240;3.688
130;1243;3.428
130;1244;3.572
131;127;2.966
131;128;3.301
131;134;3.461
131;135;2.865
132;128;2.886
132;129;3.462
132;136;2.975
132;208;3.723
132;211;4.029
133;129;3.011
133;130;3.449
133;136;3.189
133;137;2.997
134;130;2.94
134;131;3.461
134;137;3.299
134;138;2.977
134;1151;3.683
134;1240;3.859
135;131;2.865
135;139;2.942
135;211;3.595
135;237;3.697
135;241;3.82
135;244;3.664
136;132;2.975
136;133;3.189
136;140;2.938
136;204;3.85
136;208;3.923
137;133;2.997
137;134;3.299
137;140;3.228
137;141;3.128
137;204;3.809
137;1237;3.895
138;134;2.977
138;141;3.149
138;142;3.477
138;237;3.574
138;1234;3.667
138;1237;3.914
139;135;2.942
139;142;3.392
139;143;2.954
139;201;3.534
140;136;2.938
140;137;3.228
140;144;3.813
140;203;3.584
140;204;3.908
141;137;3.128
141;138;3.149
141;1234;3.608
141;1237;3.355
142;138;3.477
142;139;3.392
142;1230;3.71
142;1234;3.499
143;139;2.954
143;224;2.926
143;234;3.453
143;237;3.605
143;238;3.709
144;140;3.813
145;150;2.735
146;191;3.082
146;195;3.772
146;196;3.776
146;197;3.799
147;150;2.934
147;151;3.904
147;192;3.892
147;195;2.872
148;195;2.831
148;202;2.647
149;153;3.603
149;154;3.826
150;145;2.735
150;147;2.934
150;192;2.846
151;147;3.904
151;187;3.337
151;190;2.906
152;187;3.614
153;149;3.603
153;185;2.772
154;149;3.826
155;158;3.888
156;158;3.607
157;160;3.605
157;181;3.691
158;155;3.888
158;156;3.607
159;180;3.373
159;181;2.861
160;157;3.605
161;168;3.012
161;169;3.787
162;164;3.536
162;166;2.821
163;168;2.835
164;162;3.536
164;168;3.363
165;171;2.649
166;162;2.821
166;171;3.968
167;170;3.418
167;171;3.056
167;179;3.276
167;181;3.691
168;161;3.012
168;163;2.835
168;164;3.363
169;161;3.787
170;167;3.418
170;173;3.054
171;165;2.649
171;166;3.968
171;167;3.056
171;177;3.209
172;174;2.886
172;175;3.377
173;170;3.054
173;175;3.918
174;172;2.886
175;172;3.377
175;173;3.918
176;178;3.156
177;171;3.209
177;179;3.028
178;176;3.156
178;183;3.873
178;184;3.811
179;167;3.276
179;177;3.028
179;182;3.431
180;159;3.373
181;157;3.691
181;159;2.861
181;167;3.691
182;179;3.431
183;178;3.873
184;178;3.811
185;153;2.772
186;1004;4.324
186;1006;3.455
187;151;3.337
187;152;3.614
187;190;3.303
188;1008;4.078
189;192;3.701
189;1005;3.916
190;151;2.906
190;187;3.303
190;192;2.981
191;146;3.082
192;147;3.892
192;150;2.846
192;189;3.701
192;190;2.981
193;196;3.334
194;1003;2.762
194;1005;3.56
195;146;3.772
195;147;2.872
195;148;2.831
195;198;3.198
196;146;3.776
196;193;3.334
196;227;3.303
196;228;3.902
197;146;3.799
198;195;3.198
198;201;2.982
198;202;3.005
198;206;3.982
199;206;3.127
200;206;3.4
200;224;3.513
201;139;3.534
201;198;2.982
201;207;3.348
201;210;3.631
201;211;4.035
201;224;3.154
201;238;6.211
202;148;2.647
202;198;3.005
203;140;3.584
203;206;2.818
203;207;2.971
204;136;3.85
204;137;3.809
204;140;3.908
204;208;2.964
205;209;2.987
206;198;3.982
206;199;3.127
206;200;3.4
206;203;2.818
206;209;3.348
206;210;2.967
207;201;3.348
207;203;2.971
207;210;3.241
207;211;2.956
208;132;3.723
208;136;3.923
208;204;2.964
208;212;2.928
209;205;2.987
209;206;3.348
209;212;3.136
209;213;2.98
209;670;3.826
210;201;3.631
210;206;2.967
210;207;3.241
210;213;3.291
210;214;2.935
211;132;4.029
211;135;3.595
211;201;4.035
211;207;2.956
211;214;3.887
211;215;2.957
212;208;2.928
212;209;3.136
212;215;3.248
212;216;2.949
212;674;3.446
212;678;3.922
213;209;2.98
213;210;3.291
213;217;2.967
213;218;2.782
213;219;3.973
213;653;3.534
214;210;2.935
214;211;3.887
214;217;3.087
214;220;3.638
214;238;3.932
214;241;3.789
214;242;3.762
215;211;2.957
215;212;3.248
216;212;2.949
216;677;3.646
217;213;2.967
217;214;3.087
217;1315;3.135
217;1317;2.99
218;213;2.782
218;652;3.809
218;653;3.386
219;213;3.973
219;222;3.558
219;223;3.037
219;653;5.693
219;1322;4.015
220;214;3.638
220;224;3.074
220;225;3.177
220;239;3.912
220;242;3.31
220;1308;3.784
220;1311;3.621
220;1312;3.584
221;225;3.151
221;226;2.89
221;1308;3.752
221;1312;3.63
221;1347;3.437
221;1348;2.819
221;1349;3.223
222;219;3.558
222;226;3.699
222;1322;3.277
222;1349;3.393
223;219;3.037
223;226;3.143
224;143;2.926
224;200;3.513
224;201;3.154
224;220;3.074
224;234;3.127
224;238;5.957
225;220;3.177
225;221;3.151
225;228;2.935
225;235;3.394
225;1308;3.136
225;1347;3.474
226;221;2.89
226;222;3.699
226;223;3.143
226;1298;3.723
226;1346;3.878
226;1347;3.371
227;196;3.303
228;196;3.902
228;225;2.935
228;230;2.952
228;231;3.135
228;234;3.47
229;231;3.048
229;1305;3.676
229;1343;2.84
229;1346;3.492
230;228;2.952
230;234;3.026
231;228;3.135
231;229;3.048
231;234;2.976
231;235;2.939
231;1344;3.784
231;1345;3.747
232;235;3.649
232;236;2.923
232;1342;2.825
232;1344;2.776
233;1227;3.748
233;1230;3.811
233;1231;3.277
233;1344;2.96
234;143;3.453
234;224;3.127
234;228;3.47
234;230;3.026
234;231;2.976
234;237;3.031
234;238;3.419
235;225;3.394
235;231;2.939
235;232;3.649
235;238;3.347
235;239;2.946
235;1308;3.498
235;1345;3.954
235;1346;4.016
236;232;2.923
236;240;2.975
237;135;3.697
237;138;3.574
237;143;3.605
237;234;3.031
237;240;3.139
237;241;2.974
238;143;3.709
238;201;6.211
238;214;3.932
238;224;5.957
238;234;3.419
238;235;3.347
238;241;3.258
238;242;2.995
239;220;3.912
239;235;2.946
239;242;3.161
239;243;2.977
239;1311;3.988
240;236;2.975
240;237;3.139
240;244;2.935
241;135;3.82
241;214;3.789
241;237;2.974
241;238;3.258
241;245;2.905
242;214;3.762
242;220;3.31
242;238;2.995
242;239;3.161
242;246;2.951
242;1311;3.446
243;239;2.977
243;247;2.959
243;1311;3.496
244;135;3.664
244;240;2.935
244;248;2.912
245;241;2.905
245;249;2.933
246;242;2.951
246;249;3.395
246;250;2.96
247;243;2.959
247;250;3.443
247;251;2.941
247;1257;3.646
247;1264;3.567
248;124;3.547
248;128;3.354
248;244;2.912
248;251;3.205
248;252;2.883
249;245;2.933
249;246;3.395
249;252;3.309
249;253;2.949
250;246;2.96
250;247;3.443
250;253;3.799
250;254;2.993
250;1375;3.775
251;247;2.941
251;248;3.205
251;254;3.604
251;255;2.905
251;1253;3.156
251;1256;3.755
252;121;3.858
252;248;2.883
252;249;3.309
252;255;3.163
252;256;2.948
252;685;3.603
253;249;2.949
253;250;3.799
253;257;3.083
253;685;3.771
253;688;3.659
253;1372;3.512
254;250;2.993
254;251;3.604
254;258;2.923
254;1375;3.951
254;1376;3.947
254;1379;3.498
255;251;2.905
255;252;3.163
255;259;2.943
256;121;4.022
256;252;2.948
256;259;3.292
256;260;3.077
256;689;3.81
257;253;3.083
257;260;3.251
257;261;3.084
257;688;3.681
257;689;3.971
257;692;3.423
257;1376;3.468
258;254;2.923
258;262;2.866
258;1380;3.851
259;116;3.797
259;120;3.814
259;255;2.943
259;256;3.292
259;263;3.005
260;256;3.077
260;257;3.251
260;264;3.051
260;689;3.684
260;693;4.035
261;257;3.084
261;264;3.368
261;265;2.907
261;696;3.877
261;1095;6.394
261;1380;3.661
262;120;2.656
262;258;2.866
262;265;3.138
262;266;3.591
263;119;2.715
263;120;2.78
263;259;3.005
263;272;2.834
264;260;3.051
264;261;3.368
264;272;2.741
264;273;3.306
265;261;2.907
265;262;3.138
265;271;3.411
265;274;3.618
265;277;3.568
266;262;3.591
266;270;2.716
266;271;2.709
267;269;3.63
267;705;3.69
268;274;3.582
268;705;3.272
269;267;3.63
269;271;3.623
270;266;2.716
271;265;3.411
271;266;2.709
271;269;3.623
271;274;3.117
272;263;2.834
272;264;2.741
273;264;3.306
273;274;3.541
274;265;3.618
274;268;3.582
274;271;3.117
274;273;3.541
274;277;2.979
275;719;3.395
276;279;2.986
276;283;3.367
277;265;3.568
277;274;2.979
277;703;3.995
278;280;2.91
278;283;3.565
278;719;3.743
279;276;2.986
280;278;2.91
280;283;2.844
281;284;3.118
281;291;2.769
281;292;2.768
281;293;2.731
281;295;3.813
282;285;2.963
282;286;2.624
282;719;2.867
283;276;3.367
283;278;3.565
283;280;2.844
283;286;3.153
284;281;3.118
284;291;3.707
284;294;3.583
285;282;2.963
285;291;2.814
286;282;2.624
286;283;3.153
286;719;3.983
287;289;3.099
288;717;2.659
289;287;3.099
290;726;3.739
291;281;2.769
291;284;3.707
291;285;2.814
292;281;2.768
293;281;2.731
293;309;2.731
294;284;3.583
295;281;3.813
295;296;3.782
296;295;3.782
297;699;3.058
297;700;3.584
297;1092;3.57
298;1093;3.357
298;1096;3.465
298;1097;3.849
298;1100;3.518
299;308;3.229
299;309;3.848
300;308;3.756
301;307;2.688
302;966;3.738
303;962;3.385
304;307;2.722
305;307;3.014
306;966;4.0
307;301;2.688
307;304;2.722
307;305;3.014
308;299;3.229
308;300;3.756
308;310;3.099
309;293;2.731
309;299;3.848
309;316;3.256
310;308;3.099
310;316;2.937
311;313;2.914
312;323;3.892
312;731;2.665
313;311;2.914
313;316;3.836
313;323;3.954
314;322;2.949
314;323;2.811
315;317;2.963
316;309;3.256
316;310;2.937
316;313;3.836
317;315;2.963
317;326;2.678
318;322;3.516
318;737;2.749
319;327;3.371
320;735;2.778
320;738;3.482
321;324;3.081
321;325;2.755
321;327;2.7
322;314;2.949
322;318;3.516
322;735;2.909
322;737;2.705
323;312;3.892
323;313;3.954
323;314;2.811
323;731;3.845
324;321;3.081
325;321;2.755
325;330;3.307
326;317;2.678
326;329;2.95
326;330;3.165
327;319;3.371
327;321;2.7
328;331;2.923
328;332;4.027
329;326;2.95
330;325;3.307
330;326;3.165
331;328;2.923
332;328;4.027
333;334;2.921
334;333;2.921
335;446;3.608
335;447;3.533
335;448;2.84
336;447;3.643
337;441;3.735
338;441;3.096
338;442;3.541
339;441;2.827
340;441;2.621
341;344;3.931
342;352;3.489
342;439;3.855
343;346;2.953
343;347;3.689
344;341;3.931
345;349;3.373
346;343;2.953
347;343;3.689
347;353;3.509
348;351;2.776
348;438;3.945
348;439;3.342
349;345;3.373
350;353;3.727
351;348;2.776
351;437;3.886
351;438;2.994
352;342;3.489
352;438;3.246
352;439;2.955
352;442;2.755
353;347;3.509
353;350;3.727
354;359;3.301
354;360;3.9
355;358;3.104
355;360;3.044
356;361;2.962
357;370;3.763
358;355;3.104
359;354;3.301
360;354;3.9
360;355;3.044
361;356;2.962
361;363;2.968
362;366;3.67
363;361;2.968
363;366;2.974
363;370;3.787
364;367;2.98
365;368;2.986
365;369;3.006
365;370;3.626
365;372;3.905
366;362;3.67
366;363;2.974
367;364;2.98
368;365;2.986
369;365;3.006
369;371;3.682
370;357;3.763
370;363;3.787
370;365;3.626
371;369;3.682
372;365;3.905
373;375;3.936
374;379;3.56
375;373;3.936
376;394;2.844
377;400;3.67
378;381;2.984
379;374;3.56
379;383;3.963
380;382;2.96
380;383;3.281
380;385;2.793
380;388;3.768
381;378;2.984
382;380;2.96
382;384;3.3
383;379;3.963
383;380;3.281
384;382;3.3
385;380;2.793
385;388;2.763
385;389;2.946
386;388;2.927
387;390;3.019
388;380;3.768
388;385;2.763
388;386;2.927
389;385;2.946
390;387;3.019
391;397;3.715
392;396;2.796
392;397;3.509
393;396;2.991
394;376;2.844
395;398;2.95
395;399;3.081
396;392;2.796
396;393;2.991
397;391;3.715
397;392;3.509
398;395;2.95
399;395;3.081
400;377;3.67
401;402;3.018
402;401;3.018
403;404;2.83
404;403;2.83
405;408;2.875
406;408;2.784
406;413;3.43
406;415;3.895
407;414;3.078
407;416;3.732
408;405;2.875
408;406;2.784
408;413;2.811
409;412;2.836
410;413;3.975
411;413;2.979
412;409;2.836
413;406;3.43
413;408;2.811
413;410;3.975
413;411;2.979
414;407;3.078
415;406;3.895
415;417;2.99
416;407;3.732
417;415;2.99
418;420;3.298
419;421;2.957
420;418;3.298
421;419;2.957
421;422;3.05
422;421;3.05
423;444;2.928
423;445;3.181
424;425;3.758
425;424;3.758
426;427;3.582
427;426;3.582
427;431;3.749
428;429;3.048
429;428;3.048
430;433;2.949
431;427;3.749
432;434;3.178
433;430;2.949
433;435;2.947
433;436;3.008
434;432;3.178
434;437;3.325
435;433;2.947
436;433;3.008
437;351;3.886
437;434;3.325
438;348;3.945
438;351;2.994
438;352;3.246
438;442;2.938
438;443;3.461
439;342;3.855
439;348;3.342
439;352;2.955
440;443;4.003
441;337;3.735
441;338;3.096
441;339;2.827
441;340;2.621
442;338;3.541
442;352;2.755
442;438;2.938
443;438;3.461
443;440;4.003
444;423;2.928
444;447;2.933
445;423;3.181
446;335;3.608
446;455;3.966
447;335;3.533
447;336;3.643
447;444;2.933
448;335;2.84
448;452;2.95
448;453;3.719
449;452;2.989
450;453;2.964
450;454;3.149
450;455;3.967
451;456;3.658
451;457;2.896
451;458;3.642
452;448;2.95
452;449;2.989
453;448;3.719
453;450;2.964
454;450;3.149
455;446;3.966
455;450;3.967
456;451;3.658
457;451;2.896
458;451;3.642
458;459;3.365
459;458;3.365
460;463;2.738
461;464;3.867
462;465;3.416
463;460;2.738
464;461;3.867
465;462;3.416
465;468;3.124
465;469;3.918
465;471;2.97
465;472;2.778
466;467;4.004
466;468;3.582
466;524;3.228
466;525;2.752
467;466;4.004
467;524;3.624
468;465;3.124
468;466;3.582
468;471;2.985
468;472;3.086
469;465;3.918
469;472;2.996
470;521;3.654
471;465;2.97
471;468;2.985
471;526;3.467
472;465;2.778
472;468;3.086
472;469;2.996
472;475;2.975
472;476;3.163
473;477;2.959
474;478;2.957
475;472;2.975
475;478;3.213
475;479;3.01
476;472;3.163
476;479;3.461
476;480;2.945
476;573;2.678
477;473;2.959
477;480;3.188
477;481;2.968
478;474;2.957
478;475;3.213
478;482;3.051
479;475;3.01
479;476;3.461
479;482;3.317
479;483;2.974
479;514;4.01
479;518;3.82
479;570;3.935
480;476;2.945
480;477;3.188
480;483;2.998
480;484;3.088
480;574;2.728
480;575;3.585
481;477;2.968
481;484;3.455
481;485;3.001
482;478;3.051
482;479;3.317
482;486;2.987
482;511;3.66
483;479;2.974
483;480;2.998
483;486;3.071
483;487;3.068
483;515;3.334
483;568;3.899
483;570;3.875
483;571;3.829
484;480;3.088
484;481;3.455
484;487;3.121
484;488;3.438
484;571;3.922
485;481;3.001
485;488;3.31
485;489;3.012
486;482;2.987
486;483;3.071
486;489;3.259
486;490;2.989
486;511;3.201
486;567;3.133
487;483;3.068
487;484;3.121
487;491;3.044
487;568;3.645
487;980;3.913
488;484;3.438
488;485;3.31
488;491;3.332
488;492;2.979
489;485;3.012
489;486;3.259
489;492;3.095
489;493;2.953
489;504;3.519
490;486;2.989
490;493;3.032
490;567;3.802
490;568;3.633
490;984;4.019
491;487;3.044
491;488;3.332
492;488;2.979
492;489;3.095
492;496;3.944
492;504;3.811
493;489;2.953
493;490;3.032
493;497;2.891
493;504;3.996
493;508;3.507
494;497;2.963
494;1027;3.02
494;1028;3.032
495;498;2.956
495;499;3.043
496;492;3.944
496;500;3.017
497;493;2.891
497;494;2.963
497;501;2.812
498;495;2.956
498;501;2.747
499;495;3.043
500;496;3.017
500;503;3.059
500;504;2.939
501;497;2.812
501;498;2.747
501;505;2.97
502;505;3.278
502;506;3.04
503;500;3.059
503;506;3.921
503;507;2.96
504;489;3.519
504;492;3.811
504;493;3.996
504;500;2.939
504;507;3.351
504;508;2.927
505;501;2.97
505;502;3.278
505;508;3.381
505;509;3.033
506;502;3.04
506;503;3.921
506;510;2.96
507;503;2.96
507;504;3.351
507;511;2.976
508;493;3.507
508;504;2.927
508;505;3.381
508;511;3.38
508;512;3.091
508;567;3.256
509;505;3.033
509;512;3.334
509;513;3.011
509;551;3.792
509;552;3.379
510;506;2.96
510;513;3.016
510;514;3.09
511;482;3.66
511;486;3.201
511;507;2.976
511;508;3.38
511;514;3.066
511;515;3.372
512;508;3.091
512;509;3.334
512;515;2.95
512;547;2.829
512;548;3.762
512;551;3.814
513;509;3.011
513;510;3.016
513;516;2.874
514;479;4.01
514;510;3.09
514;511;3.066
514;517;3.06
514;518;3.232
515;483;3.334
515;511;3.372
515;512;2.95
515;519;2.989
515;544;3.678
515;548;3.904
515;570;3.428
516;513;2.874
516;519;3.395
516;520;3.03
516;548;3.488
517;514;3.06
517;521;3.063
518;479;3.82
518;514;3.232
518;521;3.425
518;522;2.952
518;570;2.745
518;573;2.732
519;515;2.989
519;516;3.395
519;523;2.989
519;544;3.604
520;516;3.03
520;523;3.202
520;524;3.092
521;470;3.654
521;517;3.063
521;518;3.425
521;524;4.032
521;525;2.987
522;518;2.952
522;525;3.005
522;526;3.024
522;530;2.699
522;531;3.533
522;537;2.773
523;519;2.989
523;520;3.202
523;531;3.701
523;532;3.998
524;466;3.228
524;467;3.624
524;520;3.092
524;521;4.032
525;466;2.752
525;521;2.987
525;522;3.005
526;471;3.467
526;522;3.024
526;530;3.875
527;530;2.949
527;531;2.941
528;532;2.982
529;533;2.841
530;522;2.699
530;526;3.875
530;527;2.949
530;533;3.078
530;534;2.917
531;522;3.533
531;523;3.701
531;527;2.941
531;537;3.223
531;541;4.015
532;523;3.998
532;528;2.982
533;529;2.841
533;530;3.078
534;530;2.917
534;537;2.963
534;538;3.046
535;538;3.942
535;539;3.018
536;540;2.988
536;578;2.947
536;581;3.871
537;522;2.773
537;531;3.223
537;534;2.963
537;541;2.952
538;534;3.046
538;535;3.942
538;541;3.396
538;542;2.992
539;535;3.018
539;542;3.414
539;543;3.018
539;569;3.98
540;536;2.988
540;543;3.231
540;544;2.903
540;570;2.647
540;573;3.85
541;531;4.015
541;537;2.952
541;538;3.396
541;545;2.997
542;538;2.992
542;539;3.414
542;545;3.211
542;546;3.087
543;539;3.018
543;540;3.231
543;547;3.012
544;515;3.678
544;519;3.604
544;540;2.903
544;548;2.937
544;570;3.751
545;541;2.997
545;542;3.211
545;549;2.994
546;542;3.087
546;550;3.202
546;563;3.555
547;512;2.829
547;543;3.012
547;551;3.418
547;567;3.056
548;512;3.762
548;515;3.904
548;516;3.488
548;544;2.937
548;551;3.153
548;552;2.909
549;545;2.994
549;552;3.313
549;553;3.039
550;546;3.202
550;554;2.999
550;555;3.054
550;564;3.85
551;509;3.792
551;512;3.814
551;547;3.418
551;548;3.153
551;555;3.755
551;564;3.93
552;509;3.379
552;548;2.909
552;549;3.313
553;549;3.039
554;550;2.999
554;556;2.943
555;550;3.054
555;551;3.755
555;561;2.847
556;554;2.943
556;561;3.31
557;560;2.79
558;561;3.233
558;562;2.931
559;562;3.262
559;563;2.963
559;1067;3.916
560;557;2.79
560;563;3.103
560;564;3.082
561;555;2.847
561;556;3.31
561;558;3.233
561;564;2.949
562;558;2.931
562;559;3.262
562;565;2.96
562;988;3.129
563;546;3.555
563;559;2.963
563;560;3.103
563;566;2.974
564;550;3.85
564;551;3.93
564;560;3.082
564;561;2.949
564;567;3.047
565;562;2.96
565;568;3.18
565;984;3.7
565;985;3.908
566;563;2.974
566;569;2.9
566;981;3.65
567;486;3.133
567;490;3.802
567;508;3.256
567;547;3.056
567;564;3.047
567;570;2.943
568;483;3.899
568;487;3.645
568;490;3.633
568;565;3.18
568;571;2.944
568;977;3.836
568;981;3.499
569;539;3.98
569;566;2.9
569;572;2.763
569;978;3.445
569;981;3.487
570;479;3.935
570;483;3.875
570;515;3.428
570;518;2.745
570;540;2.647
570;544;3.751
570;567;2.943
570;573;2.981
571;483;3.829
571;484;3.922
571;568;2.944
571;574;2.974
571;575;2.942
571;577;3.892
571;977;3.655
572;569;2.763
572;577;4.019
573;476;2.678
573;518;2.732
573;540;3.85
573;570;2.981
574;480;2.728
574;571;2.974
575;480;3.585
575;571;2.942
575;577;3.869
575;578;3.009
576;579;3.19
576;580;2.939
576;970;3.352
577;571;3.892
577;572;4.019
577;575;3.869
577;580;3.187
577;581;3.005
577;974;3.47
578;536;2.947
578;575;3.009
578;581;3.833
578;582;3.062
579;576;3.19
579;582;3.292
579;583;2.966
580;576;2.939
580;577;3.187
580;583;3.301
580;584;2.932
580;974;3.635
581;536;3.871
581;577;3.005
581;578;3.833
581;585;3.051
582;578;3.062
582;579;3.292
582;585;3.462
582;586;2.774
583;579;2.966
583;580;3.301
583;586;3.158
583;587;2.916
583;1085;3.511
584;580;2.932
584;587;3.229
584;588;3.081
584;1081;3.585
585;581;3.051
585;582;3.462
585;588;3.017
586;582;2.774
586;583;3.158
586;589;2.968
587;583;2.916
587;584;3.229
587;590;3.083
587;591;3.087
587;691;3.763
587;1081;3.496
587;1085;3.415
588;584;3.081
588;585;3.017
588;592;2.978
588;1081;3.87
589;586;2.968
589;592;3.017
590;587;3.083
590;691;3.828
591;587;3.087
591;594;3.249
591;595;2.871
591;687;3.554
591;1081;3.852
592;588;2.978
592;589;3.017
592;596;3.052
593;106;3.428
593;110;3.339
593;596;3.203
593;597;3.286
594;110;4.013
594;591;3.249
594;597;3.094
594;598;3.028
594;686;3.457
594;687;3.811
595;591;2.871
595;599;2.928
596;592;3.052
596;593;3.203
596;599;3.308
596;600;3.053
597;107;3.702
597;593;3.286
597;594;3.094
597;600;3.47
597;601;3.03
598;594;3.028
598;601;3.491
598;602;2.963
598;649;3.907
599;595;2.928
599;596;3.308
599;603;2.976
600;100;3.527
600;596;3.053
600;597;3.47
600;603;3.275
600;604;2.998
601;597;3.03
601;598;3.491
601;604;3.302
601;605;2.951
601;679;3.713
602;598;2.963
602;605;3.493
602;606;2.93
602;642;3.485
602;645;3.809
603;19;3.514
603;23;3.805
603;599;2.976
603;600;3.275
603;606;3.277
603;607;3.003
603;638;3.554
604;94;3.959
604;98;3.95
604;600;2.998
604;601;3.302
604;607;3.245
604;608;2.992
605;601;2.951
605;602;3.493
605;609;2.955
605;645;3.777
605;675;4.07
605;676;3.518
605;679;3.9
606;602;2.93
606;603;3.277
606;609;3.261
606;610;2.994
606;638;3.818
606;641;3.957
606;642;4.028
607;94;3.633
607;603;3.003
607;604;3.245
607;611;3.328
608;94;3.689
608;604;2.992
608;611;3.309
608;612;3.021
609;605;2.955
609;606;3.261
609;613;2.997
609;614;2.82
609;635;3.81
610;25;3.246
610;606;2.994
610;614;3.055
610;615;3.139
610;637;3.945
611;91;3.419
611;607;3.328
611;608;3.309
612;87;3.912
612;91;3.877
612;608;3.021
612;615;2.808
613;609;2.997
613;616;3.009
613;617;3.554
613;631;3.506
613;635;4.118
613;669;3.421
614;609;2.82
614;610;3.055
614;631;3.747
615;610;3.139
615;612;2.808
616;613;3.009
616;628;4.117
616;631;2.994
617;613;3.554
617;629;3.082
617;631;2.969
617;657;3.812
617;658;3.467
617;665;2.784
617;669;3.604
618;627;2.65
618;628;3.352
618;658;3.697
618;659;2.914
619;622;3.015
619;623;2.868
619;624;2.812
619;625;2.756
620;659;2.801
620;661;3.868
621;624;3.814
622;619;3.015
622;627;3.959
623;619;2.868
624;619;2.812
624;621;3.814
624;1015;4.03
625;619;2.756
626;632;3.563
626;633;3.136
627;618;2.65
627;622;3.959
628;616;4.117
628;618;3.352
628;632;3.515
629;617;3.082
629;632;3.181
629;633;3.133
629;656;2.85
629;657;3.564
630;633;3.026
630;634;2.848
630;655;3.876
631;613;3.506
631;614;3.747
631;616;2.994
631;617;2.969
631;635;3.678
631;657;3.602
632;626;3.563
632;628;3.515
632;629;3.181
632;636;3.517
633;626;3.136
633;629;3.133
633;630;3.026
633;1055;3.614
634;630;2.848
634;640;4.024
634;643;3.829
634;644;3.645
634;647;3.976
634;1050;3.89
635;609;3.81
635;613;4.118
635;631;3.678
635;640;3.653
635;644;3.651
635;657;4.03
636;632;3.517
636;1059;2.723
637;25;3.708
637;610;3.945
637;640;2.895
637;641;2.94
637;1062;2.867
638;25;3.26
638;603;3.554
638;606;3.818
638;641;3.479
638;642;2.957
639;642;3.223
639;643;2.996
639;1062;3.638
639;1065;3.909
639;1066;3.629
639;1069;4.025
640;634;4.024
640;635;3.653
640;637;2.895
640;643;3.278
640;644;2.981
640;1065;3.114
641;606;3.957
641;637;2.94
641;638;3.479
641;644;4.015
641;645;2.967
642;602;3.485
642;606;4.028
642;638;2.957
642;639;3.223
642;645;3.481
642;646;2.977
643;634;3.829
643;639;2.996
643;640;3.278
643;646;3.275
643;647;3.043
643;1050;3.96
643;1069;3.598
644;634;3.645
644;635;3.651
644;640;2.981
644;641;4.015
644;647;3.122
644;648;3.01
644;654;3.817
645;602;3.809
645;605;3.777
645;641;2.967
645;642;3.481
645;648;3.381
645;649;2.997
646;642;2.977
646;643;3.275
646;649;3.055
646;650;3.193
646;1042;3.967
646;1045;3.614
646;1069;3.695
646;1076;3.907
647;634;3.976
647;643;3.043
647;644;3.122
647;653;2.889
647;1046;3.717
648;644;3.01
648;645;3.381
648;651;2.951
648;673;3.412
648;676;3.548
648;677;3.973
649;598;3.907
649;645;2.997
649;646;3.055
649;680;3.797
650;646;3.193
650;1042;3.491
651;648;2.951
651;673;2.878
651;677;3.982
652;218;3.809
652;1042;3.811
652;1043;2.763
652;1044;2.846
653;213;3.534
653;218;3.386
653;219;5.693
653;647;2.889
653;673;3.854
653;1047;3.832
654;644;3.817
654;657;3.501
654;673;3.274
655;630;3.876
655;1047;3.491
656;629;2.85
656;1001;3.846
657;617;3.812
657;629;3.564
657;631;3.602
657;635;4.03
657;654;3.501
657;666;3.298
657;669;3.468
658;617;3.467
658;618;3.697
658;662;3.366
658;666;2.911
659;618;2.914
659;620;2.801
659;666;3.643
660;1002;3.469
661;620;3.868
662;658;3.366
662;665;2.771
662;666;3.074
663;667;2.956
664;667;3.409
664;668;2.986
665;617;2.784
665;662;2.771
665;668;3.2
665;669;3.051
666;657;3.298
666;658;2.911
666;659;3.643
666;662;3.074
666;669;3.058
666;670;2.899
667;663;2.956
667;664;3.409
667;670;3.169
667;671;3.021
668;664;2.986
668;665;3.2
669;613;3.421
669;617;3.604
669;657;3.468
669;665;3.051
669;666;3.058
669;672;3.007
669;673;2.92
670;209;3.826
670;666;2.899
670;667;3.169
670;673;3.342
670;674;2.971
671;667;3.021
671;674;3.443
671;675;3.001
672;669;3.007
672;675;3.406
672;676;2.972
673;648;3.412
673;651;2.878
673;653;3.854
673;654;3.274
673;669;2.92
673;670;3.342
673;676;3.318
673;677;2.973
674;212;3.446
674;670;2.971
674;671;3.443
674;677;3.319
674;678;2.968
675;605;4.07
675;671;3.001
675;672;3.406
675;678;3.465
675;679;2.999
676;605;3.518
676;648;3.548
676;672;2.972
676;673;3.318
676;680;2.955
677;216;3.646
677;648;3.973
677;651;3.982
677;673;2.973
677;674;3.319
677;681;2.933
678;212;3.922
678;674;2.968
678;675;3.465
678;681;3.388
678;682;3.028
679;601;3.713
679;605;3.9
679;675;2.999
679;682;3.457
679;683;2.984
680;649;3.797
680;676;2.955
680;683;3.201
680;684;2.933
681;677;2.933
681;678;3.388
681;684;3.308
681;685;2.984
682;114;3.773
682;678;3.028
682;679;3.457
682;686;3.031
683;679;2.984
683;680;3.201
683;686;3.313
683;687;2.916
684;680;2.933
684;681;3.308
684;687;3.127
684;688;3.074
685;252;3.603
685;253;3.771
685;681;2.984
685;689;3.029
686;594;3.457
686;682;3.031
686;683;3.313
686;690;2.923
687;591;3.554
687;594;3.811
687;683;2.916
687;684;3.127
687;690;3.36
687;691;3.125
687;1084;3.383
688;253;3.659
688;257;3.681
688;684;3.074
688;691;3.431
688;692;2.938
688;1084;3.563
688;1087;3.794
688;1372;6.378
689;256;3.81
689;257;3.971
689;260;3.684
689;685;3.029
689;693;2.962
690;686;2.923
690;687;3.36
690;694;3.057
691;587;3.763
691;590;3.828
691;687;3.125
691;688;3.431
691;694;3.266
691;695;2.998
691;1084;3.663
691;1085;3.728
691;1088;3.485
692;257;3.423
692;688;2.938
692;695;3.393
692;696;2.953
692;1091;3.488
693;260;4.035
693;689;2.962
693;696;3.369
693;697;3.033
694;690;3.057
694;691;3.266
694;697;3.032
694;698;3.099
695;691;2.998
695;692;3.393
695;698;2.958
695;699;2.992
695;1088;3.495
695;1092;3.559
696;261;3.877
696;692;2.953
696;693;3.369
696;701;3.562
696;1092;3.598
696;1095;3.326
697;693;3.033
697;694;3.032
697;701;3.725
698;694;3.099
698;695;2.958
699;297;3.058
699;695;2.992
699;1092;3.712
700;297;3.584
701;696;3.562
701;697;3.725
702;1095;3.642
702;1099;3.754
703;277;3.995
704;720;4.031
704;1102;3.372
705;267;3.69
705;268;3.272
705;1099;2.743
706;1099;2.638
706;1102;3.539
707;712;3.638
708;1104;2.97
708;1108;3.842
708;1114;3.547
709;712;3.913
709;1114;3.394
710;715;3.493
710;1114;3.824
710;1115;3.984
711;1115;3.618
711;1117;2.773
712;707;3.638
712;709;3.913
713;715;2.864
714;715;3.679
715;710;3.493
715;713;2.864
715;714;3.679
716;1109;3.219
717;288;2.659
718;1102;3.785
719;275;3.395
719;278;3.743
719;282;2.867
719;286;3.983
720;704;4.031
721;724;2.924
722;1103;3.957
722;1106;3.584
722;1109;3.655
723;1106;3.998
724;721;2.924
724;728;3.576
725;728;3.234
725;733;2.658
726;290;3.739
727;736;3.797
728;724;3.576
728;725;3.234
728;730;3.918
729;743;3.412
729;744;2.84
730;728;3.918
730;732;3.749
731;312;2.665
731;323;3.845
731;734;3.91
732;730;3.749
733;725;2.658
734;731;3.91
735;320;2.778
735;322;2.909
736;727;3.797
737;318;2.749
737;322;2.705
738;320;3.482
739;741;4.023
740;742;2.961
741;739;4.023
742;740;2.961
743;729;3.412
744;729;2.84
745;748;2.892
746;748;3.859
747;749;3.078
748;745;2.892
748;746;3.859
749;747;3.078
749;751;3.991
749;752;3.817
750;753;2.967
751;749;3.991
751;754;2.859
752;749;3.817
753;750;2.967
754;751;2.859
755;758;3.453
756;757;2.947
756;758;2.905
757;756;2.947
757;759;2.742
757;760;3.452
757;761;3.943
757;762;3.926
758;755;3.453
758;756;2.905
759;757;2.742
760;757;3.452
761;757;3.943
762;757;3.926
763;766;2.986
763;767;2.961
764;768;2.718
765;768;2.791
765;769;3.068
766;763;2.986
767;763;2.961
768;764;2.718
768;765;2.791
769;765;3.068
769;770;3.029
769;771;3.344
769;772;3.59
770;769;3.029
771;769;3.344
771;775;3.468
772;769;3.59
772;774;3.117
773;775;2.989
774;772;3.117
775;771;3.468
775;773;2.989
775;776;3.174
776;775;3.174
776;779;3.936
777;778;2.946
778;777;2.946
779;776;3.936
780;781;3.743
781;780;3.743
782;785;2.823
783;802;3.831
784;799;2.693
784;801;3.886
784;802;3.958
785;782;2.823
786;801;3.965
787;792;3.043
787;800;3.647
788;790;2.932
788;791;2.941
788;800;3.546
789;793;2.948
790;788;2.932
790;793;3.497
791;788;2.941
791;800;4.026
792;787;3.043
792;793;2.751
792;794;3.571
793;789;2.948
793;790;3.497
793;792;2.751
794;792;3.571
794;796;3.78
795;796;2.98
796;794;3.78
796;795;2.98
796;797;3.091
797;796;3.091
798;802;3.684
799;784;2.693
799;802;2.785
800;787;3.647
800;788;3.546
800;791;4.026
801;784;3.886
801;786;3.965
802;783;3.831
802;784;3.958
802;798;3.684
802;799;2.785
803;806;3.868
804;806;3.854
804;809;3.797
804;810;3.055
805;808;2.946
805;809;3.305
806;803;3.868
806;804;3.854
807;810;2.954
808;805;2.946
808;811;3.295
809;804;3.797
809;805;3.305
810;804;3.055
810;807;2.954
811;808;3.295
811;814;4.009
812;817;3.457
813;816;3.016
813;817;2.953
814;811;4.009
815;821;3.871
816;813;3.016
816;820;4.014
816;821;3.678
817;812;3.457
817;813;2.953
817;822;3.607
818;822;2.884
819;822;3.073
820;816;4.014
820;823;3.025
820;825;3.15
821;815;3.871
821;816;3.678
822;817;3.607
822;818;2.884
822;819;3.073
822;824;2.983
823;820;3.025
823;825;3.281
823;828;3.78
824;822;2.983
825;820;3.15
825;823;3.281
825;828;2.879
826;828;3.978
827;829;3.255
827;830;2.786
828;823;3.78
828;825;2.879
828;826;3.978
829;827;3.255
830;827;2.786
830;831;3.053
830;832;3.017
831;830;3.053
832;830;3.017
833;837;3.933
834;837;2.721
834;893;2.733
834;894;3.963
835;838;3.068
835;841;3.913
835;890;3.976
836;841;3.877
836;887;3.822
836;890;3.399
836;891;3.698
837;833;3.933
837;834;2.721
838;835;3.068
838;841;2.838
838;842;2.929
839;843;3.053
840;844;2.906
841;835;3.913
841;836;3.877
841;838;2.838
841;844;3.195
841;845;2.945
842;838;2.929
842;845;3.437
842;846;3.201
842;950;3.158
843;839;3.053
843;846;3.426
843;847;3.018
844;840;2.906
844;841;3.195
844;847;3.209
844;848;2.902
845;841;2.945
845;842;3.437
845;848;3.381
845;849;2.954
845;884;3.825
845;887;3.759
846;842;3.201
846;843;3.426
846;849;3.389
846;850;2.951
846;950;3.456
847;843;3.018
847;844;3.209
847;850;3.283
847;851;2.976
848;844;2.902
848;845;3.381
848;852;2.95
848;884;3.976
849;845;2.954
849;846;3.389
849;853;2.894
849;880;3.987
849;884;3.415
849;943;3.701
849;947;3.776
850;846;2.951
850;847;3.283
850;853;3.144
850;854;2.982
851;847;2.976
851;854;3.122
851;855;3.009
852;848;2.95
852;855;3.425
852;856;2.944
852;943;3.662
853;849;2.894
853;850;3.144
853;857;3.001
854;850;2.982
854;851;3.122
854;857;3.388
854;858;2.953
855;851;3.009
855;852;3.425
855;858;3.07
855;859;3.297
856;852;2.944
856;941;3.932
857;853;3.001
857;854;3.388
857;861;3.498
857;1280;3.878
858;854;2.953
858;855;3.07
858;861;3.063
858;862;3.027
858;865;3.593
858;869;3.719
858;873;3.844
859;855;3.297
859;866;2.779
859;934;2.699
860;863;3.359
860;866;2.679
860;1283;3.35
860;1337;3.024
861;857;3.498
861;858;3.063
861;1303;3.764
862;858;3.027
862;865;2.957
862;866;3.031
863;860;3.359
863;866;3.203
863;867;3.01
863;1338;4.012
864;867;2.638
865;858;3.593
865;862;2.957
865;868;3.295
865;869;2.964
866;859;2.779
866;860;2.679
866;862;3.031
866;863;3.203
866;870;3.024
866;1336;3.869
867;863;3.01
867;864;2.638
867;1338;3.463
868;865;3.295
869;858;3.719
869;865;2.964
869;872;3.103
869;873;3.031
870;866;3.024
870;874;2.747
871;875;3.021
872;869;3.103
872;875;3.385
872;876;2.994
873;858;3.844
873;869;3.031
873;876;3.007
873;877;3.273
874;870;2.747
874;877;2.989
874;878;3.031
874;934;2.87
874;937;3.841
875;871;3.021
875;872;3.385
875;878;2.915
875;879;2.95
876;872;2.994
876;873;3.007
876;880;2.927
877;873;3.273
877;874;2.989
877;881;3.004
877;940;3.787
878;874;3.031
878;875;2.915
878;881;3.347
878;882;3.04
879;875;2.95
879;883;2.988
880;849;3.987
880;876;2.927
880;883;3.253
880;884;2.93
880;940;4.026
880;943;3.617
881;877;3.004
881;878;3.347
881;885;2.98
881;940;3.857
882;878;3.04
882;886;3.03
883;879;2.988
883;880;3.253
883;887;2.94
884;845;3.825
884;848;3.976
884;849;3.415
884;880;2.93
884;888;3.004
884;946;3.653
885;881;2.98
885;888;3.353
885;889;2.965
885;913;3.882
885;917;3.654
886;882;3.03
886;889;3.397
886;890;2.95
887;836;3.822
887;845;3.759
887;883;2.94
887;890;3.464
887;891;2.676
887;946;3.599
888;884;3.004
888;885;3.353
888;891;3.449
888;892;2.953
888;910;3.828
889;885;2.965
889;886;3.397
889;892;3.398
889;893;3.001
890;835;3.976
890;836;3.399
890;886;2.95
890;887;3.464
890;893;3.495
890;894;2.993
891;836;3.698
891;887;2.676
891;888;3.449
891;894;3.212
891;895;3.079
891;900;3.741
891;906;3.956
891;909;2.686
892;888;2.953
892;889;3.398
892;895;3.016
892;896;2.935
892;897;3.625
892;900;5.601
892;901;3.611
893;834;2.733
893;889;3.001
893;890;3.495
894;834;3.963
894;890;2.993
894;891;3.212
895;891;3.079
895;892;3.016
895;899;2.797
895;900;3.995
895;903;3.837
895;906;3.643
896;892;2.935
896;900;2.997
897;892;3.625
897;900;3.452
897;901;2.999
898;901;2.805
898;902;2.826
899;895;2.797
900;891;3.741
900;892;5.601
900;895;3.995
900;896;2.997
900;897;3.452
900;903;3.038
900;906;3.613
900;910;3.721
901;892;3.611
901;897;2.999
901;898;2.805
901;907;3.599
901;910;3.718
902;898;2.826
903;895;3.837
903;900;3.038
903;906;3.069
903;907;2.951
904;907;3.424
904;908;2.955
905;908;3.387
905;909;3.007
905;949;3.34
905;955;4.035
905;958;3.923
906;891;3.956
906;895;3.643
906;900;3.613
906;903;3.069
906;909;3.1
906;910;2.985
907;901;3.599
907;903;2.951
907;904;3.424
907;910;4.018
907;911;2.982
908;904;2.955
908;905;3.387
908;911;3.209
909;891;2.686
909;905;3.007
909;906;3.1
909;946;2.932
909;949;2.791
910;888;3.828
910;900;3.721
910;901;3.718
910;906;2.985
910;907;4.018
910;913;3.027
910;914;2.96
911;907;2.982
911;908;3.209
911;915;3.037
912;942;4.016
912;946;3.766
913;885;3.882
913;910;3.027
913;916;3.05
913;917;3.082
914;910;2.96
914;917;2.965
914;918;2.91
915;911;3.037
915;919;2.971
915;939;3.709
916;913;3.05
916;919;3.972
916;920;3.044
916;940;2.855
917;885;3.654
917;913;3.082
917;914;2.965
917;920;3.346
917;921;2.979
918;914;2.91
918;921;3.196
918;922;2.992
919;915;2.971
919;916;3.972
919;922;3.456
919;923;2.989
920;916;3.044
920;917;3.346
920;923;3.278
920;924;2.98
920;933;3.749
921;917;2.979
921;918;3.196
921;924;3.205
921;925;2.942
922;918;2.992
922;919;3.456
922;925;3.152
922;926;2.976
923;919;2.989
923;920;3.278
923;928;3.041
923;932;3.319
923;933;3.358
923;936;3.653
924;920;2.98
924;921;3.205
924;927;2.996
925;921;2.942
925;922;3.152
926;922;2.976
927;924;2.996
928;923;3.041
929;932;3.798
929;933;3.18
930;933;3.462
930;934;2.996
931;934;2.732
931;935;3.236
932;923;3.319
932;929;3.798
932;936;3.003
933;920;3.749
933;923;3.358
933;929;3.18
933;930;3.462
933;937;2.953
934;859;2.699
934;874;2.87
934;930;2.996
934;931;2.732
934;1335;3.866
935;931;3.236
935;938;3.06
935;1285;3.899
935;1332;2.985
935;1333;3.651
935;1334;3.146
936;923;3.653
936;932;3.003
937;874;3.841
937;933;2.953
937;940;2.745
938;935;3.06
938;941;2.751
938;942;3.329
938;1281;3.631
939;915;3.709
939;942;2.983
940;877;3.787
940;880;4.026
940;881;3.857
940;916;2.855
940;937;2.745
940;943;2.845
941;856;3.932
941;938;2.751
942;912;4.016
942;938;3.329
942;939;2.983
942;945;2.936
942;946;3.005
942;1277;3.827
943;849;3.701
943;852;3.662
943;880;3.617
943;940;2.845
943;946;2.979
943;947;3.181
944;947;2.965
944;1277;3.624
945;942;2.936
945;948;2.769
945;1277;3.825
946;884;3.653
946;887;3.599
946;909;2.932
