source;destination;distance
0;3;2.788
1;47;3.604
2;7;3.571
2;48;3.657
3;0;2.788
4;7;3.225
4;8;2.98
5;9;2.979
6;10;2.976
7;2;3.571
7;4;3.225
7;10;3.099
7;11;2.96
7;43;3.93
7;47;3.728
8;4;2.98
8;11;3.497
8;12;2.986
9;5;2.979
9;13;2.935
10;6;2.976
10;7;3.099
10;14;2.949
11;7;2.96
11;8;3.497
11;14;3.399
11;15;3.019
11;44;3.602
12;8;2.986
12;16;2.986
12;104;3.829
13;9;2.935
13;16;3.303
13;17;2.94
14;10;2.949
14;11;3.399
14;18;3.014
14;37;3.613
14;40;4.025
15;11;3.019
15;19;2.987
15;37;3.748
15;99;3.942
15;100;3.546
16;12;2.986
16;13;3.303
16;19;3.144
16;20;3.086
17;13;2.94
17;20;3.284
17;21;2.981
18;14;3.014
18;22;2.958
18;37;3.13
18;96;3.598
19;15;2.987
19;16;3.144
19;22;3.178
19;97;3.503
19;602;3.492
20;16;3.086
20;17;3.284
21;17;2.981
21;24;2.979
21;30;3.604
21;33;3.404
22;18;2.958
22;19;3.178
22;93;4.08
23;602;3.697
24;21;2.979
24;27;4.007
25;609;3.242
25;636;3.727
25;637;3.283
26;30;3.829
27;24;4.007
27;30;2.852
28;31;2.732
28;32;3.021
29;32;3.284
29;33;2.974
30;21;3.604
30;26;3.829
30;27;2.852
30;33;3.395
30;34;3.001
31;28;2.732
31;34;3.475
31;35;3.014
32;28;3.021
32;29;3.284
32;36;2.987
33;21;3.404
33;29;2.974
33;30;3.395
33;36;3.249
33;37;2.946
34;30;3.001
34;31;3.475
34;37;3.359
34;38;2.941
34;93;2.792
34;96;3.208
35;31;3.014
35;38;3.381
35;39;2.971
35;81;3.7
36;32;2.987
36;33;3.249
36;39;3.35
36;40;3.0
37;14;3.613
37;15;3.748
37;18;3.13
37;33;2.946
37;34;3.359
37;40;3.002
37;41;2.869
37;96;3.433
38;34;2.941
38;35;3.381
38;41;3.987
38;42;2.985
38;80;2.761
39;35;2.971
39;36;3.35
39;42;3.175
39;43;2.988
40;14;4.025
40;36;3.0
40;37;3.002
40;43;3.471
40;44;2.911
41;37;2.869
41;38;3.987
41;44;3.484
41;45;2.949
41;73;3.471
41;99;3.492
42;38;2.985
42;39;3.175
42;45;3.293
42;46;2.976
43;7;3.93
43;39;2.988
43;40;3.471
43;46;3.397
43;47;3.05
44;11;3.602
44;40;2.911
44;41;3.484
44;47;3.265
44;48;2.814
44;99;2.648
45;41;2.949
45;42;3.293
45;49;2.992
45;56;3.928
45;73;3.947
46;42;2.976
46;43;3.397
46;50;3.065
46;51;4.01
47;1;3.604
47;7;3.728
47;43;3.05
47;44;3.265
48;2;3.657
48;44;2.814
48;66;3.169
48;69;2.669
49;45;2.992
49;56;4.02
49;59;3.836
49;66;3.66
50;46;3.065
50;53;3.045
50;55;3.674
51;46;4.01
52;55;3.679
52;58;3.473
53;50;3.045
53;56;2.982
54;57;2.988
55;50;3.674
55;52;3.679
55;58;2.995
56;45;3.928
56;49;4.02
56;53;2.982
56;59;3.046
56;70;3.963
57;54;2.988
57;60;3.021
58;52;3.473
58;55;2.995
58;61;3.032
59;49;3.836
59;56;3.046
59;62;2.976
59;63;3.851
59;66;3.492
59;67;3.811
59;70;3.77
60;57;3.021
60;67;3.768
61;58;3.032
62;59;2.976
63;59;3.851
63;66;3.483
63;67;2.899
64;67;3.44
64;68;3.033
65;68;3.035
65;69;3.044
65;102;3.485
65;108;3.289
65;111;3.822
66;48;3.169
66;49;3.66
66;59;3.492
66;63;3.483
66;69;3.672
66;70;2.992
67;59;3.811
67;60;3.768
67;63;2.899
67;64;3.44
67;70;3.481
67;71;2.975
68;64;3.033
68;65;3.035
68;72;2.997
68;101;3.898
69;48;2.669
69;65;3.044
69;66;3.672
69;72;3.357
69;73;2.919
69;99;3.16
69;102;2.717
70;56;3.963
70;59;3.77
70;66;2.992
70;67;3.481
70;73;3.143
70;74;2.989
71;67;2.975
71;74;3.438
71;75;2.993
72;68;2.997
72;69;3.357
72;76;2.935
72;95;3.542
73;41;3.471
73;45;3.947
73;69;2.919
73;70;3.143
73;76;3.489
73;77;2.903
74;70;2.989
74;71;3.438
74;77;3.378
74;78;3.008
75;71;2.993
75;78;3.43
75;79;2.984
75;89;3.622
75;92;3.299
76;72;2.935
76;73;3.489
76;79;3.006
76;80;2.873
77;73;2.903
77;74;3.378
77;81;2.962
78;74;3.008
78;75;3.43
78;82;3.003
79;75;2.984
79;76;3.006
79;83;3.922
79;89;2.739
80;38;2.761
80;76;2.873
80;83;3.133
80;96;3.601
81;35;3.7
81;77;2.962
82;78;3.003
82;84;2.993
83;79;3.922
83;80;3.133
83;90;2.923
83;93;3.58
84;82;2.993
85;89;3.568
86;89;3.097
87;90;2.864
87;91;3.239
87;611;3.953
88;91;3.249
89;75;3.622
89;79;2.739
89;85;3.568
89;86;3.097
89;92;2.993
90;83;2.923
90;87;2.864
91;87;3.239
91;88;3.249
91;94;3.028
91;610;3.511
91;611;3.661
92;75;3.299
92;89;2.993
92;95;2.977
93;22;4.08
93;34;2.792
93;83;3.58
93;96;2.954
94;91;3.028
94;97;2.887
94;98;3.497
94;603;3.958
94;606;3.656
94;607;3.737
95;72;3.542
95;92;2.977
95;98;3.79
95;99;2.978
96;18;3.598
96;34;3.208
96;37;3.433
96;80;3.601
96;93;2.954
96;99;3.24
97;19;3.503
97;94;2.887
97;100;2.985
98;94;3.497
98;95;3.79
98;101;2.905
98;603;3.957
99;15;3.942
99;41;3.492
99;44;2.648
99;69;3.16
99;95;2.978
99;96;3.24
99;102;2.948
100;15;3.546
100;97;2.985
100;103;3.001
100;104;2.978
100;107;3.646
100;599;3.464
101;68;3.898
101;98;2.905
101;111;3.865
102;65;3.485
102;69;2.717
102;99;2.948
102;108;2.82
103;100;3.001
104;12;3.829
104;100;2.978
104;108;2.984
105;108;3.234
105;109;2.957
106;110;3.09
106;592;3.342
107;100;3.646
107;110;3.364
107;111;3.003
107;596;3.721
108;65;3.289
108;102;2.82
108;104;2.984
108;105;3.234
108;111;3.48
108;112;2.981
109;105;2.957
109;112;3.191
109;113;3.043
110;106;3.09
110;107;3.364
110;113;3.115
110;114;3.004
110;592;3.297
111;65;3.822
111;101;3.865
111;107;3.003
111;108;3.48
111;114;3.272
111;115;3.052
112;108;2.981
112;109;3.191
112;115;3.346
112;116;3.008
113;109;3.043
113;110;3.115
113;116;3.313
113;117;3.033
114;110;3.004
114;111;3.272
114;117;3.082
114;118;3.257
114;681;3.795
115;111;3.052
115;112;3.346
115;118;2.906
116;112;3.008
116;113;3.313
116;119;3.068
116;264;3.349
117;113;3.033
117;114;3.082
117;120;3.293
117;121;3.022
117;260;3.99
118;114;3.257
118;115;2.906
118;122;2.985
119;116;3.068
119;264;2.683
120;117;3.293
120;123;3.323
120;260;3.493
120;263;2.623
121;117;3.022
121;124;3.32
121;125;2.922
121;257;3.979
122;118;2.985
122;126;2.982
123;120;3.323
123;126;3.144
123;127;3.09
123;1244;3.464
123;1245;2.955
124;121;3.32
124;127;3.428
124;128;3.154
124;249;3.537
124;253;3.93
124;1248;3.908
125;121;2.922
125;128;3.317
125;129;2.929
126;122;2.982
126;123;3.144
126;129;3.341
126;130;2.994
127;123;3.09
127;124;3.428
127;131;2.969
127;1239;3.925
127;1245;3.965
127;1248;3.761
128;124;3.154
128;125;3.317
128;131;3.328
128;132;2.903
128;249;3.26
129;125;2.929
129;126;3.341
129;132;3.467
129;133;3.02
130;126;2.994
130;133;3.401
130;134;2.954
130;1235;3.683
130;1238;3.392
130;1239;3.745
131;127;2.969
131;128;3.328
131;134;3.446
131;135;2.876
132;128;2.903
132;129;3.467
132;136;2.972
132;209;3.757
133;129;3.02
133;130;3.401
133;136;3.172
133;137;3.021
133;1145;4.018
134;130;2.954
134;131;3.446
134;137;3.319
134;138;2.974
134;1235;3.764
135;131;2.876
135;139;2.917
135;212;3.531
135;245;3.649
136;132;2.972
136;133;3.172
136;140;2.977
136;205;3.82
136;209;3.892
137;133;3.021
137;134;3.319
137;141;3.088
137;205;3.751
137;1232;3.902
138;134;2.974
138;141;3.231
138;142;3.411
138;238;3.631
138;1229;3.667
138;1232;3.806
139;135;2.917
139;142;3.267
139;143;2.878
139;202;3.622
140;136;2.977
140;143;3.091
140;147;2.805
140;203;3.813
141;137;3.088
141;138;3.231
141;147;2.846
141;1229;3.644
141;1232;3.321
142;138;3.411
142;139;3.267
142;1225;3.851
142;1229;3.479
143;139;2.878
143;140;3.091
143;235;3.515
143;238;3.646
143;239;3.822
144;147;2.753
144;196;3.808
144;197;3.59
144;198;3.871
145;203;2.782
146;149;2.949
146;150;3.064
146;203;2.916
147;140;2.805
147;141;2.846
147;144;2.753
148;154;3.956
148;1161;2.906
148;1162;3.318
149;146;2.949
149;152;3.856
149;154;3.984
149;1161;2.686
150;146;3.064
151;154;3.614
151;188;3.594
152;149;3.856
152;155;4.022
152;191;2.75
153;188;2.833
154;148;3.956
154;149;3.984
154;151;3.614
154;1161;3.791
155;152;4.022
155;191;2.789
156;175;2.846
157;162;3.506
158;162;3.771
158;185;3.161
159;1158;3.832
160;162;2.941
160;1158;2.963
161;164;2.838
162;157;3.506
162;158;3.771
162;160;2.941
162;165;3.801
163;175;3.811
163;185;3.617
164;161;2.838
164;174;3.999
165;162;3.801
166;174;3.078
166;175;3.466
167;169;3.516
168;173;3.855
169;167;3.516
170;174;2.794
171;174;3.094
171;177;2.714
172;178;3.015
172;180;2.883
173;168;3.855
173;177;3.815
174;164;3.999
174;166;3.078
174;170;2.794
174;171;3.094
175;156;2.846
175;163;3.811
175;166;3.466
176;179;3.054
177;171;2.714
177;173;3.815
177;182;3.56
178;172;3.015
178;180;3.03
178;181;2.97
179;176;3.054
179;181;3.079
180;172;2.883
180;178;3.03
181;178;2.97
181;179;3.079
182;177;3.56
182;184;3.02
183;186;3.592
183;187;3.728
184;182;3.02
185;158;3.161
185;163;3.617
186;183;3.592
187;183;3.728
188;151;3.594
188;153;2.833
189;193;3.124
190;192;3.948
190;193;2.989
191;152;2.75
191;155;2.789
191;193;3.044
192;190;3.948
193;189;3.124
193;190;2.989
193;191;3.044
194;197;3.57
195;1003;3.552
196;144;3.808
196;199;2.912
197;144;3.59
197;194;3.57
197;228;3.785
197;229;3.888
198;144;3.871
198;201;3.036
199;196;2.912
199;202;3.035
199;203;3.136
199;207;3.729
200;207;3.191
201;198;3.036
201;207;3.485
201;225;3.61
202;139;3.622
202;199;3.035
202;208;3.423
202;211;3.483
202;225;3.149
202;239;3.977
203;140;3.813
203;145;2.782
203;146;2.916
203;199;3.136
204;207;2.823
204;208;2.975
205;136;3.82
205;137;3.751
205;209;2.963
206;210;2.995
207;199;3.729
207;200;3.191
207;201;3.485
207;204;2.823
207;210;3.219
207;211;2.941
208;202;3.423
208;204;2.975
208;211;3.316
208;212;2.958
209;132;3.757
209;136;3.892
209;205;2.963
209;213;2.943
210;206;2.995
210;207;3.219
210;213;3.058
210;214;2.969
210;669;3.83
211;202;3.483
211;207;2.941
211;208;3.316
211;214;3.328
211;215;2.942
212;135;3.531
212;208;2.958
212;215;3.454
212;216;2.951
213;209;2.943
213;210;3.058
213;216;3.222
213;217;2.957
213;673;3.472
213;677;3.9
214;210;2.969
214;211;3.328
214;218;2.967
214;219;2.851
214;220;3.905
214;652;3.68
215;211;2.942
215;212;3.454
215;218;3.079
215;221;3.588
215;239;3.884
215;242;3.718
215;243;3.713
216;212;2.951
216;213;3.222
217;213;2.957
217;676;3.602
218;214;2.967
218;215;3.079
218;1310;3.206
218;1312;3.017
219;214;2.851
219;651;3.81
219;652;3.398
220;214;3.905
220;223;3.204
220;224;3.031
220;652;5.974
220;1317;3.718
221;215;3.588
221;225;3.019
221;226;3.035
221;240;3.814
221;243;3.291
221;1303;3.72
221;1306;3.481
221;1307;3.43
222;226;3.08
222;227;3.104
222;1303;3.792
222;1307;3.81
222;1342;3.426
222;1343;2.749
222;1344;3.172
223;220;3.204
223;1317;3.555
223;1344;3.305
224;220;3.031
224;227;3.04
225;201;3.61
225;202;3.149
225;221;3.019
225;235;2.825
225;239;5.94
226;221;3.035
226;222;3.08
226;229;2.932
226;235;3.67
226;236;3.108
226;1303;3.557
226;1342;3.525
227;222;3.104
227;224;3.04
227;1293;3.819
227;1341;3.889
227;1342;3.353
228;197;3.785
229;197;3.888
229;226;2.932
229;231;2.937
229;232;3.111
229;235;3.563
230;232;3.104
230;1300;3.657
230;1337;3.481
230;1338;2.853
230;1341;3.482
231;229;2.937
231;235;3.021
232;229;3.111
232;230;3.104
232;235;2.972
232;236;2.94
232;1339;3.795
232;1340;3.782
233;236;3.612
233;237;2.929
233;1337;2.86
233;1339;2.772
234;1222;3.722
234;1225;3.705
234;1226;3.269
234;1339;2.941
235;143;3.515
235;225;2.825
235;226;3.67
235;229;3.563
235;231;3.021
235;232;2.972
235;238;3.029
235;239;3.383
236;226;3.108
236;232;2.94
236;233;3.612
236;239;3.4
236;240;2.941
236;1303;3.493
236;1340;4.038
237;233;2.929
237;241;2.957
238;138;3.631
238;143;3.646
238;235;3.029
238;241;3.119
238;242;2.956
239;143;3.822
239;202;3.977
239;215;3.884
239;225;5.94
239;235;3.383
239;236;3.4
239;242;3.285
239;243;2.999
240;221;3.814
240;236;2.941
240;243;3.106
240;244;2.974
240;1306;3.914
241;237;2.957
241;238;3.119
241;245;2.93
242;215;3.718
242;238;2.956
242;239;3.285
242;246;2.901
243;215;3.713
243;221;3.291
243;239;2.999
243;240;3.106
243;246;3.492
243;247;2.937
243;1306;3.386
244;240;2.974
244;248;2.966
244;1306;3.359
245;135;3.649
245;241;2.93
245;249;2.918
246;242;2.901
246;243;3.492
246;250;2.933
247;243;2.937
247;250;3.454
247;251;2.977
248;244;2.966
248;251;3.398
248;252;2.941
248;1252;3.659
248;1259;3.577
249;124;3.537
249;128;3.26
249;245;2.918
249;252;3.186
249;253;2.901
250;246;2.933
250;247;3.454
250;253;3.269
250;254;2.966
251;247;2.977
251;248;3.398
251;254;3.798
251;255;2.999
251;1370;3.747
252;248;2.941
252;249;3.186
252;255;3.622
252;256;2.904
252;1248;3.139
252;1251;3.732
253;124;3.93
253;249;2.901
253;250;3.269
253;256;3.17
253;257;2.955
253;684;3.831
254;250;2.966
254;251;3.798
254;258;3.069
254;684;3.714
254;687;3.664
254;1367;3.493
255;251;2.999
255;252;3.622
255;259;2.926
255;1370;3.934
255;1371;3.948
255;1374;3.491
256;252;2.904
256;253;3.17
256;260;2.947
257;121;3.979
257;253;2.955
257;260;3.347
257;261;3.079
257;688;3.792
258;254;3.069
258;261;3.192
258;262;3.06
258;687;3.682
258;688;3.952
258;691;3.415
258;1371;3.438
259;255;2.926
259;263;2.901
259;1375;3.821
260;117;3.99
260;120;3.493
260;256;2.947
260;257;3.347
260;263;3.974
260;264;2.983
261;257;3.079
261;258;3.192
261;265;3.086
261;688;3.634
262;258;3.06
262;265;2.957
262;266;2.868
262;692;3.921
262;695;3.698
262;1093;6.148
262;1375;6.358
263;120;2.623
263;259;2.901
263;260;3.974
263;267;3.568
264;116;3.349
264;119;2.683
264;260;2.983
264;274;2.846
265;261;3.086
265;262;2.957
265;274;2.845
265;275;3.026
266;262;2.868
266;273;3.575
266;277;3.148
267;263;3.568
267;272;2.681
267;273;2.938
268;277;3.695
269;271;3.505
270;277;3.562
271;269;3.505
271;273;3.841
272;267;2.681
273;266;3.575
273;267;2.938
273;271;3.841
274;264;2.846
274;265;2.845
275;265;3.026
276;278;3.068
277;266;3.148
277;268;3.695
277;270;3.562
277;279;2.993
278;276;3.068
278;281;2.998
279;277;2.993
279;701;4.012
280;282;2.894
280;285;3.611
280;288;3.998
281;278;2.998
282;280;2.894
282;285;2.873
282;703;3.955
283;286;2.861
283;287;2.616
283;294;3.832
283;296;4.006
284;287;2.941
284;288;3.901
284;292;3.095
284;704;2.927
284;705;2.816
284;1103;3.502
285;280;3.611
285;282;2.873
285;288;3.037
286;283;2.861
287;283;2.616
287;284;2.941
287;294;3.361
288;280;3.998
288;284;3.901
288;285;3.037
288;292;3.973
289;290;2.984
290;289;2.984
291;1104;4.076
292;284;3.095
292;288;3.973
292;1103;4.036
293;1104;3.491
294;283;3.832
294;287;3.361
294;704;3.934
295;313;2.717
296;283;4.006
296;703;4.027
297;699;3.728
298;699;3.638
298;703;3.791
299;698;2.839
299;699;3.541
300;1094;3.326
300;1095;3.971
301;311;3.159
302;304;3.592
302;311;3.808
303;309;2.727
304;302;3.592
304;965;3.8
305;961;3.36
306;309;2.699
307;309;3.118
308;965;3.995
309;303;2.727
309;306;2.699
309;307;3.118
310;316;3.911
311;301;3.159
311;302;3.808
311;314;3.093
312;317;3.93
313;295;2.717
314;311;3.093
314;321;3.05
315;318;2.993
315;321;3.843
316;310;3.911
317;312;3.93
318;315;2.993
318;321;4.02
318;329;3.771
319;329;2.929
320;323;3.069
321;314;3.05
321;315;3.843
321;318;4.02
322;709;3.728
323;320;3.069
324;328;3.307
324;330;2.844
324;331;3.368
324;333;2.689
324;709;3.74
325;328;2.908
325;334;3.77
325;708;3.664
326;334;3.514
326;720;3.89
327;330;2.864
327;332;2.89
327;334;2.752
328;324;3.307
328;325;2.908
328;706;3.4
328;707;2.863
328;709;3.055
329;318;3.771
329;319;2.929
330;324;2.844
330;327;2.864
331;324;3.368
332;327;2.89
333;324;2.689
333;336;3.055
334;325;3.77
334;326;3.514
334;327;2.752
334;720;3.912
335;337;2.767
335;338;3.882
336;333;3.055
337;335;2.767
338;335;3.882
339;340;3.002
340;339;3.002
341;446;3.929
341;447;2.957
341;448;2.728
342;442;3.084
342;444;3.712
343;442;3.085
344;442;2.786
345;442;2.632
346;351;2.888
347;349;2.968
347;350;3.618
347;351;3.256
348;352;3.429
349;347;2.968
350;347;3.618
350;357;3.876
351;346;2.888
351;347;3.256
351;355;3.75
351;356;3.591
352;348;3.429
353;355;3.078
353;357;4.026
354;438;3.874
355;351;3.75
355;353;3.078
355;439;3.521
355;440;2.799
355;441;2.883
355;443;2.762
356;351;3.591
357;350;3.876
357;353;4.026
358;363;3.641
358;364;2.946
359;362;3.101
359;364;3.031
360;364;3.913
360;365;2.944
361;374;3.911
362;359;3.101
363;358;3.641
364;358;2.946
364;359;3.031
364;360;3.913
365;360;2.944
365;367;3.003
366;370;3.64
367;365;3.003
367;370;2.997
368;371;2.959
369;372;2.996
369;373;2.998
369;375;3.186
369;376;2.859
369;377;3.786
370;366;3.64
370;367;2.997
371;368;2.959
372;369;2.996
373;369;2.998
373;376;3.792
374;361;3.911
375;369;3.186
376;369;2.859
376;373;3.792
377;369;3.786
378;380;3.611
378;383;3.493
379;397;2.926
380;378;3.611
380;396;3.814
380;398;3.203
381;403;3.396
382;385;3.491
382;386;2.951
383;378;3.493
383;388;3.824
384;387;2.999
384;388;3.356
384;389;2.823
384;392;3.487
385;382;3.491
386;382;2.951
387;384;2.999
388;383;3.824
388;384;3.356
389;384;2.823
389;392;2.957
389;393;3.099
390;392;2.997
391;394;3.005
392;384;3.487
392;389;2.957
392;390;2.997
393;389;3.099
394;391;3.005
395;399;2.703
395;400;3.673
396;380;3.814
396;399;2.957
397;379;2.926
398;380;3.203
398;401;2.992
398;402;3.244
398;403;3.396
399;395;2.703
399;396;2.957
400;395;3.673
401;398;2.992
402;398;3.244
403;381;3.396
403;398;3.396
404;405;2.73
405;404;2.73
406;407;2.818
406;413;3.72
407;406;2.818
407;412;3.053
408;411;2.803
408;412;3.773
409;412;3.954
410;412;2.997
411;408;2.803
412;407;3.053
412;408;3.773
412;409;3.954
412;410;2.997
413;406;3.72
413;414;3.095
414;413;3.095
415;417;3.215
416;418;2.962
417;415;3.215
418;416;2.962
418;419;3.044
419;418;3.044
420;422;3.79
421;444;2.921
422;420;3.79
423;424;3.397
424;423;3.397
425;427;3.073
426;428;3.059
426;432;3.586
427;425;3.073
428;426;3.059
429;430;2.917
430;429;2.917
431;437;3.979
432;426;3.586
432;433;3.002
433;432;3.002
433;436;2.985
433;437;3.094
434;437;2.912
435;438;3.742
436;433;2.985
437;431;3.979
437;433;3.094
437;434;2.912
438;354;3.874
438;435;3.742
439;355;3.521
439;443;3.818
440;355;2.799
441;355;2.883
442;342;3.084
442;343;3.085
442;344;2.786
442;345;2.632
443;355;2.762
443;439;3.818
444;342;3.712
444;421;2.921
444;446;3.112
445;453;2.773
445;455;3.913
446;341;3.929
446;444;3.112
447;341;2.957
447;453;3.789
448;341;2.728
449;452;3.211
450;453;3.071
450;454;3.143
450;455;4.032
451;456;3.72
451;457;2.813
451;458;2.801
452;449;3.211
453;445;2.773
453;447;3.789
453;450;3.071
454;450;3.143
455;445;3.913
455;450;4.032
456;451;3.72
457;451;2.813
458;451;2.801
459;461;2.803
460;462;3.263
461;459;2.803
462;460;3.263
462;464;2.989
462;466;3.3
462;469;3.028
462;470;2.76
463;465;3.946
463;466;3.879
463;524;2.791
464;462;2.989
465;463;3.946
465;520;3.663
465;523;3.545
465;524;3.944
466;462;3.3
466;463;3.879
466;469;2.998
467;470;2.974
468;520;3.66
469;462;3.028
469;466;2.998
469;521;3.663
470;462;2.76
470;467;2.974
470;473;2.964
470;474;3.18
471;475;2.958
472;476;2.959
473;470;2.964
473;476;3.211
473;477;3.01
474;470;3.18
474;477;3.435
474;478;2.938
474;572;2.678
475;471;2.958
475;478;3.202
475;479;2.978
476;472;2.959
476;473;3.211
476;480;3.051
477;473;3.01
477;474;3.435
477;480;3.334
477;481;2.979
477;513;3.948
477;517;3.798
477;569;3.902
478;474;2.938
478;475;3.202
478;481;3.006
478;482;3.08
478;573;2.724
478;574;3.638
479;475;2.978
479;482;3.468
479;483;3.009
480;476;3.051
480;477;3.334
480;484;2.987
480;510;3.636
481;477;2.979
481;478;3.006
481;484;3.083
481;485;3.061
481;514;3.28
481;567;3.892
481;569;3.866
481;570;3.825
482;478;3.08
482;479;3.468
482;485;3.102
482;486;3.43
482;570;3.809
483;479;3.009
483;486;3.31
483;487;3.008
484;480;2.987
484;481;3.083
484;487;3.275
484;488;3.001
484;510;3.174
484;566;3.08
485;481;3.061
485;482;3.102
485;489;3.041
485;567;3.632
485;979;3.925
486;482;3.43
486;483;3.31
486;489;3.292
486;490;2.987
487;483;3.008
487;484;3.275
487;490;3.074
487;491;2.952
487;503;3.505
487;506;4.038
487;507;4.008
488;484;3.001
488;491;3.042
488;566;3.786
488;567;3.643
488;983;3.981
489;485;3.041
489;486;3.292
490;486;2.987
490;487;3.074
491;487;2.952
491;488;3.042
491;496;2.939
491;507;3.643
492;496;2.973
492;1025;3.267
492;1026;3.037
493;496;3.578
493;497;2.834
494;497;2.965
494;498;3.0
495;499;3.024
496;491;2.939
496;492;2.973
496;493;3.578
496;500;2.813
497;493;2.834
497;494;2.965
497;500;2.743
498;494;3.0
499;495;3.024
499;502;3.051
499;503;2.926
500;496;2.813
500;497;2.743
500;504;2.966
501;504;3.323
501;505;3.046
502;499;3.051
502;505;3.905
502;506;2.956
503;487;3.505
503;499;2.926
503;506;3.332
503;507;2.929
504;500;2.966
504;501;3.323
504;507;3.388
504;508;3.039
505;501;3.046
505;502;3.905
505;509;2.96
506;487;4.038
506;502;2.956
506;503;3.332
506;510;2.987
507;487;4.008
507;491;3.643
507;503;2.929
507;504;3.388
507;510;3.357
507;511;3.096
507;566;3.243
508;504;3.039
508;511;3.332
508;512;3.01
508;550;3.787
508;551;3.361
509;505;2.96
509;512;3.028
509;513;3.084
510;480;3.636
510;484;3.174
510;506;2.987
510;507;3.357
510;513;3.045
510;514;3.356
511;507;3.096
511;508;3.332
511;514;2.912
511;546;2.844
511;547;3.782
511;550;3.85
511;566;4.021
512;508;3.01
512;509;3.028
512;515;2.88
513;477;3.948
513;509;3.084
513;510;3.045
513;516;3.067
513;517;3.208
514;481;3.28
514;510;3.356
514;511;2.912
514;518;2.976
514;543;3.64
514;547;3.945
514;569;3.437
515;512;2.88
515;518;3.421
515;519;3.036
515;547;3.48
516;513;3.067
516;520;3.067
517;477;3.798
517;513;3.208
517;520;3.419
517;521;2.954
517;569;2.738
517;572;2.728
518;514;2.976
518;515;3.421
518;522;2.985
518;543;3.613
519;515;3.036
519;522;3.221
519;523;3.084
520;465;3.663
520;468;3.66
520;516;3.067
520;517;3.419
520;524;2.984
521;469;3.663
521;517;2.954
521;524;3.003
521;525;3.036
521;529;2.665
521;530;3.626
521;536;2.778
522;518;2.985
522;519;3.221
522;530;3.714
522;531;3.911
523;465;3.545
523;519;3.084
524;463;2.791
524;465;3.944
524;520;2.984
524;521;3.003
525;521;3.036
525;529;3.757
526;529;2.915
526;530;2.928
527;531;2.979
528;532;3.068
529;521;2.665
529;525;3.757
529;526;2.915
529;532;3.075
529;533;2.928
530;521;3.626
530;522;3.714
530;526;2.928
530;536;3.208
530;540;3.254
531;522;3.911
531;527;2.979
532;528;3.068
532;529;3.075
533;529;2.928
533;536;2.966
533;537;3.045
534;537;3.93
534;538;3.008
535;539;2.994
535;577;2.935
535;580;3.845
536;521;2.778
536;530;3.208
536;533;2.966
536;540;2.965
537;533;3.045
537;534;3.93
537;540;3.374
537;541;2.986
538;534;3.008
538;541;3.442
538;542;3.02
538;568;3.974
539;535;2.994
539;542;3.189
539;543;2.905
539;569;2.64
539;572;3.861
540;530;3.254
540;536;2.965
540;537;3.374
540;544;3.009
541;537;2.986
541;538;3.442
541;544;3.166
541;545;3.079
542;538;3.02
542;539;3.189
542;546;3.02
543;514;3.64
543;518;3.613
543;539;2.905
543;547;2.932
543;569;3.741
544;540;3.009
544;541;3.166
544;548;2.974
545;541;3.079
545;549;3.196
545;562;3.57
546;511;2.844
546;542;3.02
546;550;3.43
546;566;3.018
547;511;3.782
547;514;3.945
547;515;3.48
547;543;2.932
547;550;3.133
547;551;2.9
548;544;2.974
548;551;3.304
548;552;3.042
549;545;3.196
549;553;2.995
549;554;3.066
549;563;3.882
550;508;3.787
550;511;3.85
550;546;3.43
550;547;3.133
550;554;3.734
550;563;3.92
551;508;3.361
551;547;2.9
551;548;3.304
552;548;3.042
553;549;2.995
553;555;2.936
554;549;3.066
554;550;3.734
554;560;2.813
555;553;2.936
555;560;3.234
556;559;2.794
557;561;2.939
558;561;3.302
558;562;2.978
558;1065;3.983
559;556;2.794
559;562;3.115
559;563;3.071
560;554;2.813
560;555;3.234
560;563;2.985
561;557;2.939
561;558;3.302
561;564;2.858
561;987;3.131
562;545;3.57
562;558;2.978
562;559;3.115
562;565;2.982
563;549;3.882
563;550;3.92
563;559;3.071
563;560;2.985
563;566;3.08
564;561;2.858
564;567;3.182
564;980;3.798
564;983;3.858
565;562;2.982
565;568;2.918
565;980;3.512
565;984;4.153
566;484;3.08
566;488;3.786
566;507;3.243
566;511;4.021
566;546;3.018
566;563;3.08
566;569;2.93
567;481;3.892
567;485;3.632
567;488;3.643
567;564;3.182
567;570;2.937
567;976;3.819
567;980;3.511
568;538;3.974
568;565;2.918
568;571;2.763
568;977;3.397
568;980;3.436
569;477;3.902
569;481;3.866
569;514;3.437
569;517;2.738
569;539;2.64
569;543;3.741
569;566;2.93
569;572;2.981
570;481;3.825
570;482;3.809
570;567;2.937
570;573;2.966
570;574;2.957
570;576;3.888
570;976;3.566
571;568;2.763
571;576;4.039
572;474;2.678
572;517;2.728
572;539;3.861
572;569;2.981
573;478;2.724
573;570;2.966
574;478;3.638
574;570;2.957
574;576;3.863
574;577;3.009
575;578;3.12
575;579;2.932
575;969;3.242
576;570;3.888
576;571;4.039
576;574;3.863
576;579;3.181
576;580;3.02
576;973;3.476
577;535;2.935
577;574;3.009
577;580;3.836
577;581;3.066
578;575;3.12
578;581;3.316
578;582;2.974
579;575;2.932
579;576;3.181
579;582;3.298
579;583;2.934
579;970;4.012
579;973;3.601
580;535;3.845
580;576;3.02
580;577;3.836
580;584;3.042
581;577;3.066
581;578;3.316
581;585;2.757
582;578;2.974
582;579;3.298
582;585;3.186
582;586;2.924
582;1083;3.526
583;579;2.934
583;586;3.199
583;587;3.074
583;1079;3.582
584;580;3.042
584;587;3.048
585;581;2.757
585;582;3.186
585;588;2.966
586;582;2.924
586;583;3.199
586;589;3.084
586;590;3.089
586;690;3.775
586;1079;3.496
586;1083;3.447
587;583;3.074
587;584;3.048
587;590;3.472
587;591;2.974
587;1079;3.855
588;585;2.966
588;591;3.028
589;586;3.084
589;690;3.882
590;586;3.089
590;587;3.472
590;593;3.244
590;594;2.874
590;686;3.532
590;1079;3.834
591;587;2.974
591;588;3.028
591;595;3.044
592;106;3.342
592;110;3.297
592;595;3.213
592;596;3.27
593;590;3.244
593;596;3.099
593;597;3.028
593;685;3.464
593;686;3.864
594;590;2.874
594;598;2.92
595;591;3.044
595;592;3.213
595;598;3.317
595;599;3.063
596;107;3.721
596;592;3.27
596;593;3.099
596;599;3.466
596;600;3.031
597;593;3.028
597;600;3.471
597;601;2.968
597;648;3.897
598;594;2.92
598;595;3.317
598;602;2.974
599;100;3.464
599;595;3.063
599;596;3.466
599;602;3.281
599;603;2.998
600;596;3.031
600;597;3.471
600;603;3.325
600;604;2.957
600;678;3.708
601;597;2.968
601;604;3.476
601;605;2.923
601;641;3.538
601;644;3.815
602;19;3.492
602;23;3.697
602;598;2.974
602;599;3.281
602;605;3.3
602;606;3.005
602;637;3.44
603;94;3.958
603;98;3.957
603;599;2.998
603;600;3.325
603;606;3.237
603;607;2.99
604;600;2.957
604;601;3.476
604;608;2.949
604;644;3.847
604;671;4.022
604;674;3.876
604;675;3.416
605;601;2.923
605;602;3.3
605;608;3.221
605;609;2.992
605;637;3.725
605;640;3.952
606;94;3.656
606;602;3.005
606;603;3.237
606;610;3.314
607;94;3.737
607;603;2.99
607;610;3.279
607;611;3.015
608;604;2.949
608;605;3.221
608;612;3.006
608;613;2.817
608;634;3.808
609;25;3.242
609;605;2.992
609;613;3.057
609;614;3.144
609;636;3.945
610;91;3.511
610;606;3.314
610;607;3.279
611;87;3.953
611;91;3.661
611;607;3.015
611;614;2.806
612;608;3.006
612;615;3.014
612;616;3.555
612;630;3.483
612;634;4.129
612;668;3.398
612;671;4.03
613;608;2.817
613;609;3.057
613;630;3.765
614;609;3.144
614;611;2.806
615;612;3.014
615;627;4.117
615;630;2.995
616;612;3.555
616;628;3.092
616;630;2.969
616;656;3.789
616;657;3.354
616;664;2.765
616;668;3.554
617;626;2.639
617;627;3.643
617;657;3.533
617;658;2.925
618;621;3.023
618;622;2.88
618;623;2.827
618;624;2.75
619;657;4.132
619;658;2.77
619;660;3.717
620;623;3.829
621;618;3.023
621;626;3.975
622;618;2.88
623;618;2.827
623;620;3.829
623;1013;3.467
624;618;2.75
625;631;3.585
625;632;3.133
626;617;2.639
626;621;3.975
627;615;4.117
627;617;3.643
627;631;3.497
628;616;3.092
628;631;3.099
628;632;3.121
628;655;2.85
628;656;3.576
629;632;3.05
629;633;2.852
629;643;4.034
629;654;3.91
630;612;3.483
630;613;3.765
630;615;2.995
630;616;2.969
630;634;3.676
630;656;3.591
631;625;3.585
631;627;3.497
631;628;3.099
631;635;3.494
632;625;3.133
632;628;3.121
632;629;3.05
632;1053;3.894
633;629;2.852
633;639;4.032
633;642;3.972
633;643;3.83
633;1044;3.414
633;1048;3.884
634;608;3.808
634;612;4.129
634;630;3.676
634;639;3.63
634;643;3.644
634;656;4.08
635;631;3.494
635;1057;2.741
636;25;3.727
636;609;3.945
636;639;2.874
636;640;2.944
636;1060;2.857
637;25;3.283
637;602;3.44
637;605;3.725
637;640;3.436
637;641;2.941
638;641;3.218
638;642;2.982
638;1060;3.66
638;1063;3.822
638;1064;3.602
638;1067;3.975
639;633;4.032
639;634;3.63
639;636;2.874
639;642;3.314
639;643;2.981
639;1063;3.162
640;605;3.952
640;636;2.944
640;637;3.436
640;644;2.969
641;601;3.538
641;637;2.941
641;638;3.218
641;645;2.977
642;633;3.972
642;638;2.982
642;639;3.314
642;645;3.252
642;646;3.031
642;1048;3.983
642;1067;3.609
643;629;4.034
643;633;3.83
643;634;3.644
643;639;2.981
643;646;3.146
643;647;3.009
643;653;3.836
644;601;3.815
644;604;3.847
644;640;2.969
644;647;3.32
644;648;2.999
644;675;4.025
645;641;2.977
645;642;3.252
645;648;3.035
645;649;3.207
645;1040;3.918
645;1043;3.552
645;1067;3.681
645;1074;3.913
646;642;3.031
646;643;3.146
646;652;2.921
646;1044;3.526
647;643;3.009
647;644;3.32
647;650;2.983
647;672;3.415
647;675;3.546
647;676;3.952
648;597;3.897
648;644;2.999
648;645;3.035
648;679;3.779
649;645;3.207
649;1040;3.495
650;647;2.983
650;672;2.832
650;676;4.021
651;219;3.81
652;214;3.68
652;219;3.398
652;220;5.974
652;646;2.921
652;672;3.824
652;1045;3.861
653;643;3.836
653;656;3.502
653;672;3.272
654;629;3.91
654;1045;3.531
655;628;2.85
655;1000;3.988
656;616;3.789
656;628;3.576
656;630;3.591
656;634;4.08
656;653;3.502
656;665;3.225
656;668;3.442
657;616;3.354
657;617;3.533
657;619;4.132
657;661;3.346
657;665;2.957
658;617;2.925
658;619;2.77
658;665;3.648
659;1001;3.374
660;619;3.717
661;657;3.346
661;664;2.768
661;665;3.046
662;666;2.948
663;666;3.413
663;667;2.993
664;616;2.765
664;661;2.768
664;667;3.193
664;668;3.053
665;656;3.225
665;657;2.957
665;658;3.648
665;661;3.046
665;668;3.058
665;669;2.898
666;662;2.948
666;663;3.413
666;669;3.176
666;670;3.026
667;663;2.993
667;664;3.193
668;612;3.398
668;616;3.554
668;656;3.442
668;664;3.053
668;665;3.058
668;671;3.004
668;672;2.934
669;210;3.83
669;665;2.898
669;666;3.176
669;672;3.308
669;673;2.967
670;666;3.026
670;673;3.412
670;674;3.002
671;604;4.022
671;612;4.03
671;668;3.004
671;674;3.41
671;675;2.971
672;647;3.415
672;650;2.832
672;652;3.824
672;653;3.272
672;668;2.934
672;669;3.308
672;675;3.355
672;676;2.97
673;213;3.472
673;669;2.967
673;670;3.412
673;676;3.25
673;677;2.956
674;604;3.876
674;670;3.002
674;671;3.41
674;677;3.49
674;678;3.001
675;604;3.416
675;644;4.025
675;647;3.546
675;671;2.971
675;672;3.355
675;679;2.961
676;217;3.602
676;647;3.952
676;650;4.021
676;672;2.97
676;673;3.25
676;680;2.93
677;213;3.9
677;673;2.956
677;674;3.49
677;680;3.397
677;681;3.019
678;600;3.708
678;674;3.001
678;681;3.457
678;682;2.988
679;648;3.779
679;675;2.961
679;682;3.206
679;683;2.935
680;676;2.93
680;677;3.397
680;683;3.273
680;684;2.981
681;114;3.795
681;677;3.019
681;678;3.457
681;685;3.031
682;678;2.988
682;679;3.206
682;685;3.295
682;686;2.916
683;679;2.935
683;680;3.273
683;686;3.16
683;687;3.069
684;253;3.831
684;254;3.714
684;680;2.981
684;687;3.462
684;688;3.014
685;593;3.464
685;681;3.031
685;682;3.295
685;689;2.922
686;590;3.532
686;593;3.864
686;682;2.916
686;683;3.16
686;689;3.383
686;690;3.117
686;1082;3.353
687;254;3.664
687;258;3.682
687;683;3.069
687;684;3.462
687;690;3.44
687;691;2.941
687;1082;3.587
687;1085;3.697
687;1367;6.496
688;257;3.792
688;258;3.952
688;261;3.634
688;684;3.014
688;692;2.956
689;685;2.922
689;686;3.383
689;693;3.07
690;586;3.775
690;589;3.882
690;686;3.117
690;687;3.44
690;693;3.27
690;694;3.01
690;1082;3.633
690;1083;3.692
690;1086;3.536
691;258;3.415
691;687;2.941
691;694;3.429
691;695;2.977
691;1089;3.439
692;262;3.921
692;688;2.956
692;695;3.288
692;696;3.052
693;689;3.07
693;690;3.27
693;696;3.054
693;697;3.089
694;690;3.01
694;691;3.429
694;697;2.946
694;698;3.046
694;1086;3.487
694;1090;3.449
695;262;3.698
695;691;2.977
695;692;3.288
695;1090;3.663
695;1093;3.369
696;692;3.052
696;693;3.054
697;693;3.089
697;694;2.946
698;299;2.839
698;694;3.046
698;1090;3.692
699;297;3.728
699;298;3.638
699;299;3.541
699;703;3.63
700;1093;3.796
700;1097;2.852
701;279;4.012
701;1098;2.8
702;705;3.677
703;282;3.955
703;296;4.027
703;298;3.791
703;699;3.63
704;284;2.927
704;294;3.934
705;284;2.816
705;702;3.677
705;1103;3.628
706;328;3.4
707;328;2.863
708;325;3.664
708;721;3.722
709;322;3.728
709;324;3.74
709;328;3.055
710;713;2.898
710;714;3.454
711;714;2.929
711;715;2.951
712;716;2.828
713;710;2.898
713;716;3.94
714;710;3.454
714;711;2.929
714;723;3.736
715;711;2.951
716;712;2.828
716;713;3.94
716;718;3.632
716;722;3.913
717;718;3.128
718;716;3.632
718;717;3.128
719;722;3.016
720;326;3.89
720;334;3.912
721;708;3.722
721;723;4.002
722;716;3.913
722;719;3.016
723;714;3.736
723;721;4.002
723;744;2.835
724;737;3.976
725;738;3.613
726;738;3.453
727;732;2.706
727;738;3.04
728;732;3.357
729;735;2.838
730;735;2.66
731;733;2.957
732;727;2.706
732;728;3.357
732;735;3.854
732;736;2.713
733;731;2.957
733;735;3.754
734;742;3.648
734;743;2.843
734;756;2.836
735;729;2.838
735;730;2.66
735;732;3.854
735;733;3.754
736;732;2.713
736;739;3.375
736;740;2.673
737;724;3.976
737;741;3.192
737;743;3.863
738;725;3.613
738;726;3.453
738;727;3.04
738;741;3.633
739;736;3.375
740;736;2.673
741;737;3.192
741;738;3.633
741;743;2.945
742;734;3.648
742;756;2.915
743;734;2.843
743;737;3.863
743;741;2.945
744;723;2.835
745;747;2.922
745;748;3.025
746;748;3.023
747;745;2.922
747;812;3.724
748;745;3.025
748;746;3.023
749;813;2.678
750;815;4.088
751;754;3.796
752;1107;3.479
752;1108;2.742
753;1108;3.122
754;751;3.796
755;757;2.739
756;734;2.836
756;742;2.915
757;755;2.739
758;759;3.026
759;758;3.026
760;784;3.807
761;763;2.953
761;764;4.039
762;787;2.646
763;761;2.953
763;766;2.816
764;761;4.039
765;776;4.004
765;781;3.618
766;763;2.816
767;769;3.733
767;770;2.816
768;782;3.26
769;767;3.733
769;780;3.762
769;781;3.636
769;782;3.586
769;785;3.443
770;767;2.816
770;775;3.624
770;781;3.911
771;774;2.997
772;776;3.372
772;781;3.889
773;775;2.935
773;777;2.981
773;778;3.972
774;771;2.997
775;770;3.624
775;773;2.935
775;781;3.767
776;765;4.004
776;772;3.372
776;781;3.7
777;773;2.981
777;779;3.662
778;773;3.972
779;777;3.662
780;769;3.762
780;783;2.85
780;785;3.616
781;765;3.618
781;769;3.636
781;770;3.911
781;772;3.889
781;775;3.767
781;776;3.7
782;768;3.26
782;769;3.586
783;780;2.85
783;786;2.969
784;760;3.807
785;769;3.443
785;780;3.616
786;783;2.969
787;762;2.646
788;792;3.568
789;794;3.726
789;797;2.799
790;797;2.774
791;796;2.865
791;797;2.711
792;788;3.568
793;795;2.982
794;789;3.726
795;793;2.982
796;791;2.865
797;789;2.799
797;790;2.774
797;791;2.711
798;799;3.143
799;798;3.143
800;805;2.84
801;805;2.949
802;804;2.926
802;805;3.028
802;1119;2.742
803;1119;2.727
804;802;2.926
805;800;2.84
805;801;2.949
805;802;3.028
805;806;3.546
806;805;3.546
807;820;4.019
807;821;2.83
807;822;2.75
807;823;2.675
808;810;2.854
809;810;2.885
809;811;3.142
810;808;2.854
810;809;2.885
811;809;3.142
812;747;3.724
813;749;2.678
813;1106;3.861
814;816;2.873
815;750;4.088
816;814;2.873
816;819;3.563
816;1114;3.767
817;1110;3.531
817;1114;3.84
818;1117;3.411
819;816;3.563
820;807;4.019
820;823;2.624
821;807;2.83
822;807;2.75
823;807;2.675
823;820;2.624
824;826;2.799
825;832;4.0
826;824;2.799
826;829;3.019
826;832;3.954
827;830;3.545
827;832;3.435
828;830;3.434
829;826;3.019
830;827;3.545
830;828;3.434
830;832;3.087
831;833;2.986
831;834;3.983
832;825;4.0
832;826;3.954
832;827;3.435
832;830;3.087
833;831;2.986
833;836;2.803
834;831;3.983
834;840;4.016
835;840;3.829
835;886;3.986
835;889;3.62
835;890;3.694
836;833;2.803
836;893;4.019
837;840;2.962
837;841;3.021
838;842;3.038
839;843;2.918
840;834;4.016
840;835;3.829
840;837;2.962
840;843;3.215
840;844;2.957
840;889;4.032
841;837;3.021
841;845;3.21
841;949;3.204
842;838;3.038
842;845;3.393
842;846;3.013
843;839;2.918
843;840;3.215
843;846;3.381
843;847;2.938
844;840;2.957
844;847;3.344
844;848;2.962
844;883;3.645
844;886;3.651
845;841;3.21
845;842;3.393
845;848;3.36
845;849;2.955
845;949;3.453
846;842;3.013
846;843;3.381
846;849;3.22
846;850;2.977
847;843;2.938
847;844;3.344
847;851;2.962
847;883;3.956
848;844;2.962
848;845;3.36
848;852;2.903
848;879;3.943
848;883;3.487
848;942;3.74
848;946;3.78
849;845;2.955
849;846;3.22
849;852;3.177
849;853;2.992
850;846;2.977
850;853;3.131
850;854;3.015
851;847;2.962
851;854;3.458
851;855;2.958
851;942;3.655
852;848;2.903
852;849;3.177
852;856;2.977
853;849;2.992
853;850;3.131
853;856;3.373
853;857;2.968
854;850;3.015
854;851;3.458
854;857;3.043
854;858;3.309
855;851;2.958
855;940;3.964
856;852;2.977
856;853;3.373
856;860;3.362
856;1275;3.846
857;853;2.968
857;854;3.043
857;860;3.048
857;861;3.026
857;864;3.558
857;868;3.729
857;872;3.854
858;854;3.309
858;865;2.748
858;933;2.762
859;862;3.238
859;865;2.703
859;1278;3.393
859;1332;3.052
860;856;3.362
860;857;3.048
860;1298;3.759
861;857;3.026
861;864;2.977
861;865;3.039
862;859;3.238
862;865;3.236
862;866;3.024
863;866;2.639
864;857;3.558
864;861;2.977
864;867;3.411
864;868;2.982
865;858;2.748
865;859;2.703
865;861;3.039
865;862;3.236
865;869;3.036
865;1331;3.985
865;1332;3.4
866;862;3.024
866;863;2.639
866;1333;3.461
867;864;3.411
868;857;3.729
868;864;2.982
868;871;3.114
868;872;3.034
869;865;3.036
869;873;2.813
870;874;3.021
871;868;3.114
871;874;3.397
871;875;2.985
872;857;3.854
872;868;3.034
872;875;3.032
872;876;3.248
873;869;2.813
873;876;3.027
873;877;3.04
873;933;2.786
873;936;3.759
874;870;3.021
874;871;3.397
874;877;2.898
874;878;2.944
875;871;2.985
875;872;3.032
875;879;2.938
876;872;3.248
876;873;3.027
876;880;2.977
876;936;3.977
876;939;3.771
877;873;3.04
877;874;2.898
877;880;3.377
877;881;3.033
878;874;2.944
878;882;2.984
879;848;3.943
879;875;2.938
879;882;3.259
879;883;2.941
879;939;4.032
879;942;3.519
880;876;2.977
880;877;3.377
880;884;2.967
880;939;3.819
881;877;3.033
881;885;3.018
882;878;2.984
882;879;3.259
882;885;3.982
882;886;2.958
883;844;3.645
883;847;3.956
883;848;3.487
883;879;2.941
883;887;3.002
883;945;3.633
884;880;2.967
884;887;3.423
884;888;2.984
884;912;3.882
884;916;3.651
885;881;3.018
885;882;3.982
885;888;3.198
885;889;2.949
886;835;3.986
886;844;3.651
886;882;2.958
886;889;3.35
886;890;2.691
886;945;3.589
887;883;3.002
887;884;3.423
887;891;2.97
887;909;3.856
888;884;2.984
888;885;3.198
888;891;3.498
888;892;2.997
889;835;3.62
889;840;4.032
889;885;2.949
889;886;3.35
889;892;3.435
889;893;3.02
890;835;3.694
890;886;2.691
890;893;3.498
890;894;3.081
890;899;3.722
890;905;3.903
890;908;2.7
891;887;2.97
891;888;3.498
891;894;3.035
891;895;2.934
891;896;3.787
891;899;6.347
891;900;3.681
892;888;2.997
892;889;3.435
893;836;4.019
893;889;3.02
893;890;3.498
894;890;3.081
894;891;3.035
894;898;2.808
894;899;3.999
894;902;3.806
894;905;3.608
895;891;2.934
895;899;2.991
896;891;3.787
896;899;3.493
896;900;3.013
897;900;2.835
897;901;2.861
898;894;2.808
899;890;3.722
899;891;6.347
899;894;3.999
899;895;2.991
899;896;3.493
899;902;3.052
899;905;3.712
899;909;3.82
900;891;3.681
900;896;3.013
900;897;2.835
900;906;3.625
900;909;3.665
901;897;2.861
902;894;3.806
902;899;3.052
902;905;3.059
902;906;2.958
903;906;3.478
903;907;2.974
904;907;3.403
904;908;3.015
904;948;3.344
904;954;4.035
904;957;3.922
905;890;3.903
905;894;3.608
905;899;3.712
905;902;3.059
905;908;3.117
905;909;2.988
906;900;3.625
906;902;2.958
906;903;3.478
906;909;4.012
906;910;2.98
907;903;2.974
907;904;3.403
907;910;3.099
908;890;2.7
908;904;3.015
908;905;3.117
908;945;2.947
908;948;2.75
909;887;3.856
909;899;3.82
909;900;3.665
909;905;2.988
909;906;4.012
909;912;3.02
909;913;2.976
910;906;2.98
910;907;3.099
910;914;3.029
911;941;4.027
911;945;3.759
912;884;3.882
912;909;3.02
912;915;3.114
912;916;3.063
913;909;2.976
913;916;2.954
913;917;2.905
914;910;3.029
914;918;2.966
914;938;3.74
915;912;3.114
915;918;3.858
915;919;3.058
915;939;2.809
916;884;3.651
916;912;3.063
916;913;2.954
916;919;3.333
916;920;2.981
917;913;2.905
917;920;3.184
917;921;2.983
918;914;2.966
918;915;3.858
918;921;3.384
918;922;2.975
919;915;3.058
919;916;3.333
919;922;3.273
919;923;2.979
919;932;3.719
920;916;2.981
920;917;3.184
920;923;3.208
920;924;2.935
921;917;2.983
921;918;3.384
921;924;3.094
921;925;2.977
922;918;2.975
922;919;3.273
922;927;3.03
922;931;3.42
922;932;3.481
922;935;3.413
923;919;2.979
923;920;3.208
923;926;2.991
924;920;2.935
924;921;3.094
925;921;2.977
926;923;2.991
927;922;3.03
928;931;3.835
928;932;3.137
929;932;4.0
929;933;3.007
930;933;2.725
930;934;3.194
931;922;3.42
931;928;3.835
931;935;2.992
932;919;3.719
932;922;3.481
932;928;3.137
932;929;4.0
932;936;2.978
933;858;2.762
933;873;2.786
933;929;3.007
933;930;2.725
933;1330;3.914
934;930;3.194
934;937;3.059
934;1280;3.927
934;1327;3.042
934;1328;3.563
934;1329;3.136
935;922;3.413
935;931;2.992
936;873;3.759
936;876;3.977
936;932;2.978
936;939;2.751
937;934;3.059
937;940;2.77
937;941;3.319
937;1276;3.68
938;914;3.74
938;941;2.788
939;876;3.771
939;879;4.032
939;880;3.819
939;915;2.809
939;936;2.751
939;942;2.807
940;855;3.964
940;937;2.77
941;911;4.027
941;937;3.319
941;938;2.788
941;944;2.975
941;945;3.004
941;1272;3.855
942;848;3.74
942;851;3.655
942;879;3.519
942;939;2.807
942;945;2.942
942;946;3.203
943;946;3.006
943;1272;3.622
944;941;2.975
944;947;2.782
944;1272;3.852
945;883;3.633
945;886;3.589
945;908;2.947
945;911;3.759
945;941;3.004
945;942;2.942
945;948;2.905
946;848;3.78
946;942;3.203
946;943;3.006
946;949;2.987
946;950;2.951
947;944;2.782
947;950;3.118
947;953;3.533
947;957;3.684
948;904;3.344
948;908;2.75
