source;destination;distance
0;3;2.791
1;47;3.598
2;7;3.646
2;48;3.673
3;0;2.791
4;7;3.249
4;8;2.967
5;9;2.969
6;10;2.966
7;2;3.646
7;4;3.249
7;10;3.149
7;11;2.968
7;43;3.919
7;47;3.747
8;4;2.967
8;11;3.484
8;12;2.974
9;5;2.969
9;13;2.936
10;6;2.966
10;7;3.149
10;13;3.462
10;14;2.946
11;7;2.968
11;8;3.484
11;14;3.409
11;15;3.011
11;44;3.625
12;8;2.974
12;16;2.98
12;104;3.889
13;9;2.936
13;10;3.462
13;16;3.423
13;17;2.947
14;10;2.946
14;11;3.409
14;18;3.001
14;37;3.688
14;40;4.028
15;11;3.011
15;19;3.002
15;37;3.807
15;99;3.935
15;100;3.624
16;12;2.98
16;13;3.423
16;19;3.116
16;20;3.082
17;13;2.947
17;20;3.333
17;21;2.983
18;14;3.001
18;22;2.955
18;37;3.163
18;96;3.598
19;15;3.002
19;16;3.116
19;22;3.157
19;97;3.521
19;605;3.487
20;16;3.082
20;17;3.333
21;17;2.983
21;24;2.982
21;30;3.613
21;33;3.418
22;18;2.955
22;19;3.157
22;93;4.029
23;605;3.755
24;21;2.982
24;27;3.99
25;612;3.245
25;639;3.687
25;640;3.244
26;30;3.845
27;24;3.99
27;30;2.847
28;31;2.706
28;32;3.03
29;32;3.313
29;33;2.974
30;21;3.613
30;26;3.845
30;27;2.847
30;33;3.407
30;34;3.003
31;28;2.706
31;34;3.479
31;35;3.005
32;28;3.03
32;29;3.313
32;36;3.003
33;21;3.418
33;29;2.974
33;30;3.407
33;36;3.224
33;37;2.942
34;30;3.003
34;31;3.479
34;37;3.367
34;38;2.937
34;93;2.82
34;96;3.232
35;31;3.005
35;38;3.302
35;39;2.96
35;81;3.926
36;32;3.003
36;33;3.224
36;39;3.378
36;40;3.003
37;14;3.688
37;15;3.807
37;18;3.163
37;33;2.942
37;34;3.367
37;40;3.002
37;41;2.854
37;96;3.494
38;34;2.937
38;35;3.302
38;42;2.978
38;80;2.756
39;35;2.96
39;36;3.378
39;42;3.164
39;43;2.983
40;14;4.028
40;36;3.003
40;37;3.002
40;43;3.485
40;44;2.917
41;37;2.854
41;45;2.952
41;73;3.472
41;99;3.48
42;38;2.978
42;39;3.164
42;45;3.315
42;46;2.977
43;7;3.919
43;39;2.983
43;40;3.485
43;46;3.402
43;47;3.061
44;11;3.625
44;40;2.917
44;47;3.255
44;48;2.824
44;99;2.664
45;41;2.952
45;42;3.315
45;49;2.989
45;56;3.962
45;73;3.918
46;42;2.977
46;43;3.402
46;50;3.081
46;51;3.936
47;1;3.598
47;7;3.747
47;43;3.061
47;44;3.255
48;2;3.673
48;44;2.824
48;66;3.174
48;69;2.656
49;45;2.989
49;56;4.007
49;59;3.849
49;66;3.71
50;46;3.081
50;55;3.676
51;46;3.936
52;55;3.117
52;58;3.474
53;56;2.98
54;57;2.994
55;50;3.676
55;52;3.117
55;58;3.001
56;45;3.962
56;49;4.007
56;53;2.98
56;59;3.047
56;70;3.927
57;54;2.994
57;60;3.019
58;52;3.474
58;55;3.001
58;61;3.033
59;49;3.849
59;56;3.047
59;62;2.979
59;63;3.807
59;66;3.504
59;67;3.978
59;70;3.77
60;57;3.019
61;58;3.033
62;59;2.979
63;59;3.807
63;66;3.455
63;67;2.928
64;67;3.454
64;68;3.036
65;68;3.028
65;69;3.061
65;102;3.358
65;108;3.252
65;111;3.832
66;48;3.174
66;49;3.71
66;59;3.504
66;63;3.455
66;69;3.731
66;70;2.975
67;59;3.978
67;63;2.928
67;64;3.454
67;70;3.403
67;71;2.948
68;64;3.036
68;65;3.028
68;72;2.996
68;101;3.91
69;48;2.656
69;65;3.061
69;66;3.731
69;72;3.341
69;73;2.917
69;99;3.151
69;102;2.765
70;56;3.927
70;59;3.77
70;66;2.975
70;67;3.403
70;73;3.161
70;74;2.983
71;67;2.948
71;74;3.431
71;75;2.983
72;68;2.996
72;69;3.341
72;76;2.919
72;95;3.626
73;41;3.472
73;45;3.918
73;69;2.917
73;70;3.161
73;76;3.466
73;77;2.895
74;70;2.983
74;71;3.431
74;77;3.39
74;78;3.011
75;71;2.983
75;78;3.478
75;79;2.982
75;89;3.569
75;92;3.307
76;72;2.919
76;73;3.466
76;79;3.0
76;80;2.861
77;73;2.895
77;74;3.39
77;81;2.968
78;74;3.011
78;75;3.478
78;82;3.004
79;75;2.982
79;76;3.0
79;83;3.958
79;89;2.747
80;38;2.756
80;76;2.861
80;96;3.596
81;35;3.926
81;77;2.968
82;78;3.004
82;84;2.986
83;79;3.958
83;90;2.956
83;93;3.575
84;82;2.986
85;89;3.532
86;89;3.126
87;90;2.91
87;91;3.189
87;614;3.903
88;91;3.119
89;75;3.569
89;79;2.747
89;85;3.532
89;86;3.126
89;92;3.002
90;83;2.956
90;87;2.91
91;87;3.189
91;88;3.119
91;94;3.011
91;613;3.404
91;614;3.84
92;75;3.307
92;89;3.002
92;95;2.87
93;22;4.029
93;34;2.82
93;83;3.575
93;96;2.921
94;91;3.011
94;97;2.868
94;606;3.973
94;609;3.642
94;610;3.692
95;72;3.626
95;92;2.87
95;98;3.134
95;99;3.031
96;18;3.598
96;34;3.232
96;37;3.494
96;80;3.596
96;93;2.921
96;99;3.189
97;19;3.521
97;94;2.868
97;100;2.984
98;95;3.134
98;101;2.722
98;606;3.955
99;15;3.935
99;41;3.48
99;44;2.664
99;69;3.151
99;95;3.031
99;96;3.189
99;102;2.769
99;103;3.381
100;15;3.624
100;97;2.984
100;103;2.979
100;104;2.951
100;107;3.811
100;602;3.796
101;68;3.91
101;98;2.722
101;111;3.792
102;65;3.358
102;69;2.765
102;99;2.769
102;108;2.796
103;99;3.381
103;100;2.979
104;12;3.889
104;100;2.951
104;107;3.095
104;108;2.977
105;108;3.391
105;109;2.944
106;110;3.133
106;595;3.473
107;100;3.811
107;104;3.095
107;110;3.401
107;111;3.008
107;599;3.685
108;65;3.252
108;102;2.796
108;104;2.977
108;105;3.391
108;111;3.48
108;112;2.974
109;105;2.944
109;112;3.227
109;113;3.038
110;106;3.133
110;107;3.401
110;113;3.079
110;114;2.997
110;595;3.319
110;596;3.992
111;65;3.832
111;101;3.792
111;107;3.008
111;108;3.48
111;114;3.244
111;115;3.048
112;108;2.974
112;109;3.227
112;115;3.459
112;116;3.006
113;109;3.038
113;110;3.079
113;116;3.217
113;117;3.051
114;110;2.997
114;111;3.244
114;117;3.011
114;118;3.236
114;684;3.838
115;111;3.048
115;112;3.459
115;118;2.999
116;112;3.006
116;113;3.217
116;119;2.773
116;257;4.006
117;113;3.051
117;114;3.011
117;120;3.072
117;121;3.014
117;257;3.974
118;114;3.236
118;115;2.999
118;122;3.001
119;116;2.773
119;261;2.738
120;117;3.072
120;123;3.373
120;257;3.461
120;260;2.64
120;261;2.861
121;117;3.014
121;125;2.939
121;250;3.903
121;254;3.996
122;118;3.001
122;126;2.983
123;120;3.373
123;126;3.158
123;127;3.092
123;1274;3.466
123;1275;2.953
124;127;3.441
124;128;3.159
124;246;3.561
124;1278;4.019
125;121;2.939
125;128;3.352
125;129;2.928
126;122;2.983
126;123;3.158
126;129;3.318
126;130;2.985
127;123;3.092
127;124;3.441
127;130;3.919
127;131;2.963
127;1269;4.002
127;1275;3.958
127;1278;3.79
128;124;3.159
128;125;3.352
128;131;3.288
128;132;2.892
128;246;3.322
129;125;2.928
129;126;3.318
129;132;3.469
129;133;3.012
130;126;2.985
130;127;3.919
130;133;3.459
130;134;2.934
130;1265;3.695
130;1268;3.395
130;1269;3.624
131;127;2.963
131;128;3.288
131;134;3.484
131;135;2.865
132;128;2.892
132;129;3.469
132;136;2.974
132;206;3.719
132;209;4.014
132;213;4.028
133;129;3.012
133;130;3.459
133;136;3.194
133;137;3.009
134;130;2.934
134;131;3.484
134;137;3.277
134;138;2.964
134;1176;3.757
134;1265;3.861
135;131;2.865
135;139;2.951
135;209;3.588
135;235;3.711
135;239;3.898
135;242;3.654
136;132;2.974
136;133;3.194
136;140;2.929
136;202;3.733
136;206;3.932
137;133;3.009
137;134;3.277
137;140;3.127
137;141;3.11
137;202;3.796
137;1262;3.88
138;134;2.964
138;141;3.117
138;235;3.519
138;1259;3.571
138;1262;3.865
139;135;2.951
139;142;3.298
139;143;2.946
139;199;3.477
140;136;2.929
140;137;3.127
140;144;3.607
140;201;3.529
140;202;3.84
140;205;3.997
141;137;3.11
141;138;3.117
141;1259;3.647
141;1262;3.546
142;139;3.298
142;1255;3.636
142;1259;3.851
143;139;2.946
143;222;3.052
143;232;3.414
143;235;3.617
143;236;3.65
144;140;3.607
144;200;3.825
145;150;2.742
145;195;2.975
146;189;3.047
146;193;3.803
146;195;3.087
147;150;2.952
147;151;3.813
147;193;2.769
148;193;2.932
148;196;3.507
148;200;2.647
149;153;2.774
149;155;3.89
150;145;2.742
150;147;2.952
150;154;3.618
150;190;2.907
151;147;3.813
151;187;3.826
151;190;3.923
152;187;3.612
153;149;2.774
153;185;2.767
154;150;3.618
155;149;3.89
156;159;3.62
157;159;3.525
158;161;3.923
158;182;3.883
159;156;3.62
159;157;3.525
160;172;3.303
160;181;3.139
161;158;3.923
162;171;3.035
162;172;3.836
163;166;3.568
164;170;3.813
165;167;3.501
166;163;3.568
167;165;3.501
168;171;3.285
168;178;2.933
169;176;2.835
170;164;3.813
171;162;3.035
171;168;3.285
171;173;2.816
172;160;3.303
172;162;3.836
173;171;2.816
173;178;3.631
173;180;2.783
174;177;3.02
175;177;3.8
176;169;2.835
177;174;3.02
177;175;3.8
178;168;2.933
178;173;3.631
179;183;3.631
179;184;3.572
180;173;2.783
181;160;3.139
182;158;3.883
183;179;3.631
184;179;3.572
185;153;2.767
186;1032;4.037
186;1034;3.663
187;151;3.826
187;152;3.612
188;190;3.542
189;146;3.047
190;150;2.907
190;151;3.923
190;188;3.542
191;194;3.078
192;1031;2.829
192;1033;3.53
193;146;3.803
193;147;2.769
193;148;2.932
193;196;3.162
194;191;3.078
194;225;3.591
194;226;3.929
195;145;2.975
195;146;3.087
196;148;3.507
196;193;3.162
196;199;2.997
196;200;3.022
196;204;3.601
197;204;3.114
198;204;3.466
198;222;3.499
199;139;3.477
199;196;2.997
199;205;3.315
199;208;3.676
199;209;4.037
199;222;3.227
199;236;6.298
200;144;3.825
200;148;2.647
200;196;3.022
201;140;3.529
201;204;2.787
201;205;2.973
202;136;3.733
202;137;3.796
202;140;3.84
202;206;2.957
203;207;2.994
204;196;3.601
204;197;3.114
204;198;3.466
204;201;2.787
204;207;3.327
204;208;2.964
205;140;3.997
205;199;3.315
205;201;2.973
205;208;3.227
205;209;2.957
206;132;3.719
206;136;3.932
206;202;2.957
206;210;2.93
207;203;2.994
207;204;3.327
207;210;3.054
207;211;2.971
207;672;3.828
208;199;3.676
208;204;2.964
208;205;3.227
208;211;3.299
208;212;2.938
209;132;4.014
209;135;3.588
209;199;4.037
209;205;2.957
209;212;3.46
209;213;2.951
210;206;2.93
210;207;3.054
210;213;3.26
210;214;2.945
210;676;3.463
210;679;4.065
210;680;3.884
211;207;2.971
211;208;3.299
211;215;2.972
211;216;2.852
211;217;3.861
211;655;3.612
212;208;2.938
212;209;3.46
212;215;3.092
212;218;3.617
212;236;3.891
212;239;3.8
212;240;3.758
213;132;4.028
213;209;2.951
213;210;3.26
214;210;2.945
214;679;3.677
215;211;2.972
215;212;3.092
215;1340;3.144
215;1342;2.976
216;211;2.852
216;654;3.764
216;655;3.425
217;211;3.861
217;220;3.303
217;221;3.007
217;655;5.693
217;1337;3.726
217;1347;3.99
218;212;3.617
218;222;3.058
218;223;3.175
218;237;3.908
218;240;3.29
218;1333;3.734
218;1336;3.581
218;1337;3.32
219;223;3.129
219;224;2.999
219;1333;3.705
219;1337;3.617
219;1372;3.497
219;1373;2.795
219;1374;3.207
220;217;3.303
220;1347;3.416
220;1374;3.172
221;217;3.007
221;224;3.053
222;143;3.052
222;198;3.499
222;199;3.227
222;218;3.058
222;226;4.037
222;232;2.855
223;218;3.175
223;219;3.129
223;226;2.949
223;233;3.418
223;1333;3.184
223;1372;3.49
224;219;2.999
224;221;3.053
224;1323;3.916
224;1372;3.407
225;194;3.591
226;194;3.929
226;222;4.037
226;223;2.949
226;228;2.938
226;229;3.117
226;232;3.603
227;229;3.067
227;1323;4.03
227;1330;3.673
227;1367;3.478
227;1368;2.869
227;1371;3.475
228;226;2.938
228;232;3.013
229;226;3.117
229;227;3.067
229;232;2.973
229;233;2.945
229;1369;3.797
229;1370;3.498
230;233;3.692
230;234;2.923
230;1367;2.822
230;1369;2.771
231;1252;3.714
231;1255;4.02
231;1256;3.285
231;1369;2.96
232;143;3.414
232;222;2.855
232;226;3.603
232;228;3.013
232;229;2.973
232;235;3.02
232;236;3.298
233;223;3.418
233;229;2.945
233;230;3.692
233;236;3.355
233;237;2.945
233;1333;3.464
233;1370;3.944
233;1371;3.964
234;230;2.923
234;238;2.975
235;135;3.711
235;138;3.519
235;143;3.617
235;232;3.02
235;238;3.126
235;239;2.968
236;143;3.65
236;199;6.298
236;212;3.891
236;232;3.298
236;233;3.355
236;239;3.168
236;240;2.97
237;218;3.908
237;233;2.945
237;240;3.153
237;241;2.976
237;1336;3.976
238;234;2.975
238;235;3.126
238;242;2.94
239;135;3.898
239;212;3.8
239;235;2.968
239;236;3.168
239;243;2.9
240;212;3.758
240;218;3.29
240;236;2.97
240;237;3.153
240;244;2.955
240;1336;3.399
241;237;2.976
241;245;2.959
241;1336;3.339
242;135;3.654
242;238;2.94
242;246;2.908
243;239;2.9
243;247;2.932
244;240;2.955
244;247;3.354
244;248;2.953
245;241;2.959
245;248;3.424
245;249;2.94
245;1282;3.638
245;1289;3.613
246;124;3.561
246;128;3.322
246;242;2.908
246;249;3.226
246;250;2.891
247;243;2.932
247;244;3.354
247;250;3.322
247;251;2.95
248;244;2.953
248;245;3.424
248;251;3.785
248;252;2.997
248;1400;3.79
249;245;2.94
249;246;3.226
249;252;3.641
249;253;2.904
249;1278;3.173
249;1281;3.776
250;121;3.903
250;246;2.891
250;247;3.322
250;253;3.138
250;254;2.948
250;687;3.627
251;247;2.95
251;248;3.785
251;255;3.075
251;687;3.767
251;690;3.673
251;1397;3.498
252;248;2.997
252;249;3.641
252;256;2.926
252;1400;3.998
252;1401;3.942
252;1404;3.504
253;249;2.904
253;250;3.138
253;257;2.936
254;121;3.996
254;250;2.948
254;257;3.369
254;258;3.084
254;691;3.809
255;251;3.075
255;258;3.182
255;259;3.069
255;690;3.696
255;691;3.99
255;694;3.429
255;1401;3.476
256;252;2.926
256;260;2.891
256;1405;3.786
257;116;4.006
257;117;3.974
257;120;3.461
257;253;2.936
257;254;3.369
257;260;4.032
257;261;2.962
258;254;3.084
258;255;3.182
258;262;3.089
258;691;3.672
259;255;3.069
259;262;3.086
259;263;2.848
259;695;3.907
259;698;3.731
259;1122;6.165
259;1405;6.397
260;120;2.64
260;256;2.891
260;257;4.032
260;263;3.07
260;264;3.564
261;119;2.738
261;120;2.861
261;257;2.962
261;270;2.9
262;258;3.089
262;259;3.086
262;270;3.256
262;271;3.028
263;259;2.848
263;260;3.07
263;269;3.569
263;273;3.163
264;260;3.564
264;268;2.721
264;269;2.899
265;273;3.633
266;273;3.665
266;274;3.952
267;269;3.718
268;264;2.721
269;263;3.569
269;264;2.899
269;267;3.718
270;261;2.9
270;262;3.256
271;262;3.028
272;275;3.052
273;263;3.163
273;265;3.633
273;266;3.665
273;276;3.009
274;266;3.952
275;272;3.052
275;278;3.029
275;282;3.541
276;273;3.009
276;704;3.559
277;279;2.909
277;282;3.718
277;285;3.974
278;275;3.029
279;277;2.909
279;282;2.983
280;283;3.079
280;290;2.935
280;291;2.835
280;292;2.863
280;706;3.835
280;708;3.724
281;284;2.785
281;285;2.72
281;288;3.077
281;289;3.361
282;275;3.541
282;277;3.718
282;279;2.983
282;285;3.04
283;280;3.079
283;294;3.476
284;281;2.785
284;289;4.009
284;290;2.791
284;291;2.81
285;277;3.974
285;281;2.72
285;282;3.04
286;287;3.117
287;286;3.117
288;281;3.077
289;281;3.361
289;284;4.009
290;280;2.935
290;284;2.791
291;280;2.835
291;284;2.81
292;280;2.863
293;318;3.747
293;325;2.715
294;283;3.476
295;702;3.466
295;705;3.816
295;708;2.745
296;701;2.828
296;702;3.5
296;1120;3.437
297;1120;3.306
297;1123;3.675
297;1124;3.596
298;308;3.393
298;310;2.811
299;310;3.221
300;308;3.873
301;711;2.839
301;721;2.843
302;306;2.722
302;721;2.733
303;991;3.359
303;994;3.929
304;306;2.964
304;990;3.298
305;306;2.785
306;302;2.722
306;304;2.964
306;305;2.785
307;313;3.918
308;298;3.393
308;300;3.873
308;311;3.373
309;711;2.732
310;298;2.811
310;299;3.221
310;709;2.718
310;711;2.756
311;308;3.373
311;318;3.917
312;315;2.942
313;307;3.918
314;721;3.967
314;722;2.835
315;312;2.942
315;326;3.648
315;709;3.612
316;321;3.963
316;325;3.074
317;320;2.972
318;293;3.747
318;311;3.917
319;322;2.799
320;317;2.972
320;330;2.926
321;316;3.963
321;325;3.905
321;327;2.821
321;328;2.944
321;330;2.798
322;319;2.799
323;331;3.387
324;327;2.951
324;329;2.784
324;331;2.698
325;293;2.715
325;316;3.074
325;321;3.905
326;315;3.648
326;722;2.88
327;321;2.821
327;324;2.951
328;321;2.944
329;324;2.784
330;320;2.926
330;321;2.798
330;333;2.945
331;323;3.387
331;324;2.698
332;334;3.946
332;336;3.883
333;330;2.945
334;332;3.946
335;337;2.715
336;332;3.883
337;335;2.715
338;448;3.652
338;449;3.029
338;450;3.406
339;443;3.091
339;446;3.866
340;443;2.906
340;444;3.507
341;443;2.761
342;443;2.611
343;348;2.834
344;346;2.934
344;347;3.923
344;348;3.657
344;353;2.985
345;349;3.591
346;344;2.934
347;344;3.923
348;343;2.834
348;344;3.657
348;352;3.699
348;353;3.674
349;345;3.591
349;354;3.525
350;352;3.052
350;354;3.919
351;440;3.89
352;348;3.699
352;350;3.052
352;441;4.035
352;442;3.442
352;444;2.628
353;344;2.985
353;348;3.674
354;349;3.525
354;350;3.919
355;361;3.786
356;361;3.558
356;362;2.859
357;360;3.029
357;362;3.023
358;363;2.961
359;372;3.722
360;357;3.029
361;355;3.786
361;356;3.558
362;356;2.859
362;357;3.023
363;358;2.961
363;365;3.115
364;368;3.694
365;363;3.115
365;368;3.016
365;372;3.922
366;369;3.089
367;370;2.995
367;371;2.991
367;372;3.866
368;364;3.694
368;365;3.016
369;366;3.089
370;367;2.995
371;367;2.991
371;373;3.49
372;359;3.722
372;365;3.922
372;367;3.866
373;371;3.49
374;376;3.64
375;379;3.229
375;383;3.617
376;374;3.64
377;379;3.908
378;395;2.908
379;375;3.229
379;377;3.908
379;394;3.864
379;395;3.613
380;401;3.318
381;395;3.743
382;385;2.96
383;375;3.617
384;386;3.007
384;387;3.146
384;388;3.139
384;389;2.764
385;382;2.96
386;384;3.007
387;384;3.146
388;384;3.139
389;384;2.764
389;391;2.762
390;392;2.975
391;389;2.762
392;390;2.975
393;397;3.76
393;398;3.532
394;379;3.864
394;397;2.896
395;378;2.908
395;379;3.613
395;381;3.743
396;399;2.968
396;400;3.044
396;401;3.618
397;393;3.76
397;394;2.896
398;393;3.532
399;396;2.968
400;396;3.044
401;380;3.318
401;396;3.618
402;403;2.964
403;402;2.964
404;405;2.746
405;404;2.746
406;408;3.928
407;409;2.774
407;415;3.745
408;406;3.928
409;407;2.774
409;414;2.996
410;413;2.796
410;414;3.819
411;414;3.837
412;414;2.986
413;410;2.796
414;409;2.996
414;410;3.819
414;411;3.837
414;412;2.986
415;407;3.745
415;416;2.995
416;415;2.995
417;419;2.966
418;420;2.947
419;417;2.966
420;418;2.947
420;421;3.049
421;420;3.049
422;424;4.015
423;446;2.863
424;422;4.015
425;426;3.417
426;425;3.417
427;429;3.061
428;430;2.963
428;434;3.613
429;427;3.061
430;428;2.963
430;434;3.721
431;432;2.942
432;431;2.942
433;439;3.449
434;428;3.613
434;430;3.721
434;435;2.976
435;434;2.976
435;438;2.993
435;439;3.067
436;439;2.917
437;440;3.658
438;435;2.993
439;433;3.449
439;435;3.067
439;436;2.917
440;351;3.89
440;437;3.658
441;352;4.035
441;444;3.876
442;352;3.442
443;339;3.091
443;340;2.906
443;341;2.761
443;342;2.611
444;340;3.507
444;352;2.628
444;441;3.876
445;448;3.842
446;339;3.866
446;423;2.863
446;448;3.029
447;455;2.814
448;338;3.652
448;445;3.842
448;446;3.029
449;338;3.029
449;455;3.731
450;338;3.406
451;454;3.009
452;455;2.971
452;456;3.198
452;457;3.953
453;458;3.861
453;459;2.761
453;460;3.197
454;451;3.009
455;447;2.814
455;449;3.731
455;452;2.971
456;452;3.198
457;452;3.953
458;453;3.861
459;453;2.761
460;453;3.197
461;462;3.161
462;461;3.161
463;465;2.739
464;466;3.404
465;463;2.739
466;464;3.404
466;468;3.026
466;470;3.198
466;471;3.89
466;473;2.982
466;474;2.781
467;469;3.771
467;470;3.62
467;526;3.306
467;527;2.777
468;466;3.026
469;467;3.771
469;523;3.688
469;526;3.506
470;466;3.198
470;467;3.62
470;473;2.97
470;474;3.107
471;466;3.89
471;474;2.989
472;523;3.618
473;466;2.982
473;470;2.97
474;466;2.781
474;470;3.107
474;471;2.989
474;477;2.98
474;478;3.169
475;479;2.957
476;480;2.957
477;474;2.98
477;480;3.217
477;481;3.013
478;474;3.169
478;481;3.431
478;482;2.929
478;575;2.681
479;475;2.957
479;482;3.211
479;483;2.976
480;476;2.957
480;477;3.217
480;484;3.053
481;477;3.013
481;478;3.431
481;484;3.315
481;485;2.978
481;516;3.986
481;520;3.816
481;572;3.94
482;478;2.929
482;479;3.211
482;485;2.993
482;486;3.085
482;576;2.738
482;577;3.6
483;479;2.976
483;486;3.473
483;487;3.008
484;480;3.053
484;481;3.315
484;488;2.983
484;513;3.668
485;481;2.978
485;482;2.993
485;488;3.086
485;489;3.071
485;517;3.299
485;570;3.867
485;572;3.883
485;573;3.832
486;482;3.085
486;483;3.473
486;489;3.128
486;490;3.439
486;573;3.806
487;483;3.008
487;490;3.295
487;491;3.017
488;484;2.983
488;485;3.086
488;491;3.274
488;492;2.991
488;513;3.213
488;569;3.091
489;485;3.071
489;486;3.128
489;493;3.053
489;570;3.641
489;1008;3.923
490;486;3.439
490;487;3.295
490;493;3.327
490;494;2.978
491;487;3.017
491;488;3.274
491;494;3.067
491;495;2.95
491;506;3.54
492;488;2.991
492;495;3.036
492;567;4.005
492;569;3.774
492;570;3.649
492;1012;4.026
493;489;3.053
493;490;3.327
494;490;2.978
494;491;3.067
494;498;3.627
495;491;2.95
495;492;3.036
495;499;2.897
495;506;4.005
495;510;3.44
496;499;2.97
496;1054;3.153
496;1055;2.993
497;500;2.939
497;501;3.007
498;494;3.627
498;502;3.025
499;495;2.897
499;496;2.97
499;503;2.805
500;497;2.939
500;503;2.758
501;497;3.007
502;498;3.025
502;505;3.029
502;506;2.93
503;499;2.805
503;500;2.758
503;507;2.971
504;507;3.309
504;508;3.038
505;502;3.029
505;508;3.93
505;509;2.964
506;491;3.54
506;495;4.005
506;502;2.93
506;509;3.287
506;510;2.917
507;503;2.971
507;504;3.309
507;510;3.358
507;511;3.037
508;504;3.038
508;505;3.93
508;512;2.96
509;505;2.964
509;506;3.287
509;513;2.969
510;495;3.44
510;506;2.917
510;507;3.358
510;513;3.396
510;514;3.091
510;569;3.261
511;507;3.037
511;514;3.34
511;515;3.011
511;553;3.812
511;554;3.386
512;508;2.96
512;515;3.019
512;516;3.087
513;484;3.668
513;488;3.213
513;509;2.969
513;510;3.396
513;516;3.07
513;517;3.368
514;510;3.091
514;511;3.34
514;517;2.945
514;549;2.831
514;550;3.753
514;553;3.793
515;511;3.011
515;512;3.019
515;518;2.876
516;481;3.986
516;512;3.087
516;513;3.07
516;519;3.058
516;520;3.236
517;485;3.299
517;513;3.368
517;514;2.945
517;521;2.985
517;546;3.679
517;550;3.896
517;572;3.417
518;515;2.876
518;521;3.426
518;522;3.032
518;550;3.496
519;516;3.058
519;523;3.06
520;481;3.816
520;516;3.236
520;523;3.421
520;524;2.949
520;572;2.746
520;575;2.723
521;517;2.985
521;518;3.426
521;525;3.0
521;546;3.635
522;518;3.032
522;525;3.169
522;526;3.083
523;469;3.688
523;472;3.618
523;519;3.06
523;520;3.421
523;527;2.985
524;520;2.949
524;527;3.03
524;528;3.031
524;532;2.686
524;533;3.52
524;539;2.774
525;521;3.0
525;522;3.169
525;533;3.695
525;534;3.932
526;467;3.306
526;469;3.506
526;522;3.083
527;467;2.777
527;523;2.985
527;524;3.03
528;524;3.031
528;532;3.74
529;532;2.916
529;533;2.928
530;534;2.985
531;535;2.847
532;524;2.686
532;528;3.74
532;529;2.916
532;535;3.073
532;536;2.918
533;524;3.52
533;525;3.695
533;529;2.928
533;539;3.218
533;543;4.033
534;525;3.932
534;530;2.985
535;531;2.847
535;532;3.073
536;532;2.918
536;539;2.961
536;540;3.044
537;540;3.951
537;541;3.021
538;542;2.993
538;580;2.931
538;583;3.845
539;524;2.774
539;533;3.218
539;536;2.961
539;543;2.955
540;536;3.044
540;537;3.951
540;543;3.406
540;544;2.994
541;537;3.021
541;544;3.413
541;545;3.018
542;538;2.993
542;545;3.225
542;546;2.904
542;572;2.648
542;575;3.849
543;533;4.033
543;539;2.955
543;540;3.406
543;547;3.0
544;540;2.994
544;541;3.413
544;547;3.199
544;548;3.088
545;541;3.018
545;542;3.225
545;549;3.012
546;517;3.679
546;521;3.635
546;542;2.904
546;550;2.938
546;572;3.755
547;543;3.0
547;544;3.199
547;551;2.997
548;544;3.088
548;552;3.217
548;565;3.597
549;514;2.831
549;545;3.012
549;553;3.404
549;569;3.076
550;514;3.753
550;517;3.896
550;518;3.496
550;546;2.938
550;553;3.154
550;554;2.911
551;547;2.997
551;554;3.302
551;555;3.037
552;548;3.217
552;556;3.002
552;557;3.058
552;566;3.796
553;511;3.812
553;514;3.793
553;549;3.404
553;550;3.154
553;557;3.756
553;566;3.957
554;511;3.386
554;550;2.911
554;551;3.302
555;551;3.037
556;552;3.002
556;558;2.947
557;552;3.058
557;553;3.756
557;563;2.838
558;556;2.947
558;563;3.249
559;562;2.786
560;563;3.226
560;564;2.937
561;564;3.275
561;565;2.953
561;1094;3.827
562;559;2.786
562;565;3.095
562;566;3.084
563;557;2.838
563;558;3.249
563;560;3.226
563;566;2.946
564;560;2.937
564;561;3.275
564;567;2.986
564;1016;3.132
565;548;3.597
565;561;2.953
565;562;3.095
565;568;2.976
566;552;3.796
566;553;3.957
566;562;3.084
566;563;2.946
566;569;3.036
567;492;4.005
567;564;2.986
567;570;3.184
567;1012;3.704
567;1013;3.92
568;565;2.976
568;571;2.891
568;1009;3.853
569;488;3.091
569;492;3.774
569;510;3.261
569;549;3.076
569;566;3.036
569;572;2.972
570;485;3.867
570;489;3.641
570;492;3.649
570;567;3.184
570;573;2.934
570;1005;3.81
570;1009;3.526
571;568;2.891
571;574;2.788
571;1006;3.407
571;1009;3.482
572;481;3.94
572;485;3.883
572;517;3.417
572;520;2.746
572;542;2.648
572;546;3.755
572;569;2.972
572;575;2.965
573;485;3.832
573;486;3.806
573;570;2.934
573;576;2.974
573;577;2.952
573;579;3.867
573;1005;3.565
574;571;2.788
575;478;2.681
575;520;2.723
575;542;3.849
575;572;2.965
576;482;2.738
576;573;2.974
577;482;3.6
577;573;2.952
577;579;3.923
577;580;3.024
578;581;3.071
578;582;2.926
578;998;3.122
579;573;3.867
579;577;3.923
579;582;3.181
579;583;3.01
579;1002;3.488
580;538;2.931
580;577;3.024
580;583;3.821
580;584;3.047
581;578;3.071
581;585;3.002
582;578;2.926
582;579;3.181
582;585;3.29
582;586;2.957
582;1002;3.603
583;538;3.845
583;579;3.01
583;580;3.821
583;587;3.054
584;580;3.047
584;587;3.367
584;588;2.834
585;581;3.002
585;582;3.29
585;588;3.324
585;589;2.934
585;1112;3.765
586;582;2.957
586;589;3.204
586;590;3.079
586;1108;3.595
587;583;3.054
587;584;3.367
587;590;2.993
588;584;2.834
588;585;3.324
588;591;2.985
589;585;2.934
589;586;3.204
589;592;3.08
589;593;3.085
589;693;3.771
589;1108;3.497
589;1112;3.571
590;586;3.079
590;587;2.993
590;594;2.975
590;1108;3.865
591;588;2.985
591;594;3.023
592;589;3.08
592;693;3.922
593;589;3.085
593;596;3.257
593;597;2.871
593;689;3.568
593;1108;3.837
594;590;2.975
594;591;3.023
594;598;3.051
595;106;3.473
595;110;3.319
595;598;3.231
595;599;3.306
596;110;3.992
596;593;3.257
596;599;3.054
596;600;3.022
596;688;3.511
596;689;3.818
597;593;2.871
597;601;2.929
598;594;3.051
598;595;3.231
598;601;3.292
598;602;3.066
599;107;3.685
599;595;3.306
599;596;3.054
599;602;3.377
599;603;3.022
600;596;3.022
600;604;2.959
600;651;3.918
601;597;2.929
601;598;3.292
601;605;2.969
602;100;3.796
602;598;3.066
602;599;3.377
602;605;3.393
602;606;3.02
603;599;3.022
603;606;3.31
603;607;2.947
603;681;3.714
604;600;2.959
604;607;3.48
604;608;2.922
604;644;3.465
604;647;3.801
605;19;3.487
605;23;3.755
605;601;2.969
605;602;3.393
605;608;3.298
605;609;3.012
605;640;3.481
606;94;3.973
606;98;3.955
606;602;3.02
606;603;3.31
606;609;3.244
606;610;2.995
607;603;2.947
607;604;3.48
607;611;2.957
607;647;3.799
607;677;4.015
607;678;3.553
607;681;3.896
608;604;2.922
608;605;3.298
608;611;3.233
608;612;2.99
608;640;3.796
608;643;3.997
608;644;3.99
609;94;3.642
609;605;3.012
609;606;3.244
609;613;3.327
610;94;3.692
610;606;2.995
610;613;3.324
610;614;3.02
611;607;2.957
611;608;3.233
611;615;2.995
611;616;2.815
611;637;3.827
612;25;3.245
612;608;2.99
612;616;3.048
612;617;3.151
612;639;3.888
613;91;3.404
613;609;3.327
613;610;3.324
614;87;3.903
614;91;3.84
614;610;3.02
614;617;2.809
615;611;2.995
615;618;3.011
615;619;3.561
615;633;3.518
615;637;4.091
615;671;3.362
616;611;2.815
616;612;3.048
616;633;3.75
617;612;3.151
617;614;2.809
618;615;3.011
618;630;4.07
618;633;2.977
619;615;3.561
619;631;3.075
619;633;2.978
619;659;3.81
619;660;3.347
619;667;2.802
619;671;3.58
620;629;2.667
620;630;3.683
620;660;3.536
620;661;2.921
621;624;3.014
621;625;2.856
621;626;2.804
621;627;2.748
622;660;4.102
622;661;2.76
622;663;3.615
623;626;3.789
624;621;3.014
624;629;4.009
625;621;2.856
626;621;2.804
626;623;3.789
626;1042;3.929
627;621;2.748
628;634;3.544
629;620;2.667
629;624;4.009
630;618;4.07
630;620;3.683
630;634;3.424
631;619;3.075
631;634;3.197
631;635;3.109
631;658;2.866
631;659;3.552
632;635;3.056
632;636;2.828
632;657;3.902
633;615;3.518
633;616;3.75
633;618;2.977
633;619;2.978
633;637;3.691
633;659;3.602
634;628;3.544
634;630;3.424
634;631;3.197
634;638;3.62
635;631;3.109
635;632;3.056
635;642;4.037
635;1078;4.027
635;1082;3.651
636;632;2.828
636;642;4.008
636;645;3.932
636;646;3.944
636;1073;3.453
636;1077;3.912
637;611;3.827
637;615;4.091
637;633;3.691
637;642;3.719
637;646;3.638
637;659;4.041
638;634;3.62
638;1086;2.726
639;25;3.687
639;612;3.888
639;642;2.88
639;643;2.944
639;1089;2.879
640;25;3.244
640;605;3.481
640;608;3.796
640;643;3.459
640;644;2.945
641;644;3.202
641;645;2.999
641;1089;3.664
641;1092;3.868
641;1093;3.596
641;1096;3.964
642;635;4.037
642;636;4.008
642;637;3.719
642;639;2.88
642;645;3.311
642;646;2.991
642;1092;3.037
643;608;3.997
643;639;2.944
643;640;3.459
643;647;2.964
644;604;3.465
644;608;3.99
644;640;2.945
644;641;3.202
644;647;3.478
644;648;2.974
645;636;3.932
645;641;2.999
645;642;3.311
645;648;3.305
645;649;3.04
645;1077;3.985
645;1096;3.623
646;636;3.944
646;637;3.638
646;642;2.991
646;649;3.167
646;650;3.03
646;656;3.855
647;604;3.801
647;607;3.799
647;643;2.964
647;644;3.478
647;650;3.262
647;651;2.96
648;644;2.974
648;645;3.305
648;651;3.103
648;652;3.22
648;1069;5.761
648;1072;3.48
648;1096;3.743
648;1103;3.912
649;645;3.04
649;646;3.167
649;655;2.883
649;1073;3.501
650;646;3.03
650;647;3.262
650;653;3.016
650;656;3.755
650;675;3.537
650;678;3.594
650;679;4.03
651;600;3.918
651;647;2.96
651;648;3.103
651;682;3.803
652;648;3.22
652;1069;3.501
653;650;3.016
653;679;4.019
654;216;3.764
654;1069;3.819
654;1070;2.741
654;1071;2.883
655;211;3.612
655;216;3.425
655;217;5.693
655;649;2.883
655;1074;3.882
656;646;3.855
656;650;3.755
656;659;3.51
656;675;3.319
657;632;3.902
657;1074;3.533
658;631;2.866
658;1029;3.814
659;619;3.81
659;631;3.552
659;633;3.602
659;637;4.041
659;656;3.51
659;668;3.313
659;671;3.488
660;619;3.347
660;620;3.536
660;622;4.102
660;664;3.368
660;668;3.034
661;620;2.921
661;622;2.76
661;668;3.702
662;1030;3.396
663;622;3.615
664;660;3.368
664;667;2.776
664;668;3.066
665;669;2.953
666;669;3.357
666;670;2.986
667;619;2.802
667;664;2.776
667;670;3.188
667;671;3.045
668;659;3.313
668;660;3.034
668;661;3.702
668;664;3.066
668;671;3.364
668;672;2.919
669;665;2.953
669;666;3.357
669;672;3.159
669;673;3.023
670;666;2.986
670;667;3.188
671;615;3.362
671;619;3.58
671;659;3.488
671;667;3.045
671;668;3.364
671;674;2.997
671;675;2.929
672;207;3.828
672;668;2.919
672;669;3.159
672;675;3.375
672;676;2.963
673;669;3.023
673;676;3.441
673;677;3.004
674;671;2.997
674;677;3.354
674;678;2.965
675;650;3.537
675;656;3.319
675;671;2.929
675;672;3.375
675;678;3.361
675;679;2.99
676;210;3.463
676;672;2.963
676;673;3.441
676;679;3.436
676;680;3.002
677;607;4.015
677;673;3.004
677;674;3.354
677;680;3.415
677;681;2.98
678;607;3.553
678;650;3.594
678;674;2.965
678;675;3.361
678;682;2.952
679;210;4.065
679;214;3.677
679;650;4.03
679;653;4.019
679;675;2.99
679;676;3.436
679;683;2.927
680;210;3.884
680;676;3.002
680;677;3.415
680;683;3.409
680;684;3.03
681;603;3.714
681;607;3.896
681;677;2.98
681;684;3.48
681;685;2.991
682;651;3.803
682;678;2.952
682;685;3.164
682;686;2.927
683;679;2.927
683;680;3.409
683;686;3.374
683;687;2.993
684;114;3.838
684;680;3.03
684;681;3.48
684;688;3.023
685;681;2.991
685;682;3.164
685;688;3.365
685;689;2.92
686;682;2.927
686;683;3.374
686;689;3.134
686;690;3.082
687;250;3.627
687;251;3.767
687;683;2.993
687;690;3.467
687;691;3.02
688;596;3.511
688;684;3.023
688;685;3.365
688;692;2.908
689;593;3.568
689;596;3.818
689;685;2.92
689;686;3.134
689;692;3.392
689;693;3.131
689;1111;3.368
690;251;3.673
690;255;3.696
690;686;3.082
690;687;3.467
690;693;3.436
690;694;2.944
690;1111;3.567
690;1114;3.752
690;1397;6.388
691;254;3.809
691;255;3.99
691;258;3.672
691;687;3.02
691;694;3.411
691;695;2.946
692;688;2.908
692;689;3.392
692;696;3.069
693;589;3.771
693;592;3.922
693;689;3.131
693;690;3.436
693;696;3.307
693;697;3.009
693;1111;3.625
693;1112;3.729
693;1115;3.547
694;255;3.429
694;690;2.944
694;691;3.411
694;697;3.424
694;698;2.972
694;1118;3.439
695;259;3.907
695;691;2.946
695;698;3.327
695;699;3.048
696;692;3.069
696;693;3.307
696;699;3.091
696;700;3.101
697;693;3.009
697;694;3.424
697;700;2.974
697;701;2.992
697;1115;3.521
697;1119;3.521
698;259;3.731
698;694;2.972
698;695;3.327
698;1119;3.645
698;1122;3.237
699;695;3.048
699;696;3.091
700;696;3.101
700;697;2.974
701;296;2.828
701;697;2.992
701;1119;3.772
702;295;3.466
702;296;3.5
703;1122;3.777
703;1126;2.894
704;276;3.559
705;295;3.816
706;280;3.835
707;710;3.969
707;1127;3.957
707;1128;2.665
708;280;3.724
708;295;2.745
709;310;2.718
709;315;3.612
710;707;3.969
710;719;3.793
711;301;2.839
711;309;2.732
711;310;2.756
711;720;3.418
712;720;3.863
712;725;3.212
713;725;3.476
714;716;2.989
714;719;3.689
715;726;3.75
716;714;2.989
716;725;3.55
717;720;2.983
717;721;3.13
717;722;3.662
717;725;3.714
717;726;3.641
718;722;3.916
719;710;3.793
719;714;3.689
720;711;3.418
720;712;3.863
720;717;2.983
720;723;3.951
720;725;3.562
721;301;2.843
721;302;2.733
721;314;3.967
721;717;3.13
721;723;3.069
722;314;2.835
722;326;2.88
722;717;3.662
722;718;3.916
723;720;3.951
723;721;3.069
724;728;3.489
725;712;3.212
725;713;3.476
725;716;3.55
725;717;3.714
725;720;3.562
726;715;3.75
726;717;3.641
726;728;3.137
727;854;2.845
728;724;3.489
728;726;3.137
729;737;3.969
730;731;3.122
730;732;3.901
730;737;4.031
731;730;3.122
732;730;3.901
732;739;3.796
733;927;2.787
734;862;2.816
735;862;3.732
735;923;3.387
736;742;3.775
736;840;2.797
736;841;2.847
737;729;3.969
737;730;4.031
737;741;2.743
737;742;3.73
737;747;2.686
738;740;3.078
739;732;3.796
740;738;3.078
741;737;2.743
742;736;3.775
742;737;3.73
742;745;3.046
743;760;3.482
743;761;3.797
743;762;3.822
744;752;3.437
744;755;3.433
745;742;3.046
745;748;3.003
746;751;3.918
746;850;2.698
747;737;2.686
748;745;3.003
749;758;3.85
750;754;3.835
751;746;3.918
752;744;3.437
752;848;3.168
753;845;2.829
754;750;3.835
755;744;3.433
755;763;2.876
756;769;2.865
757;763;3.515
757;764;3.355
757;777;3.678
758;749;3.85
758;760;3.026
759;779;3.548
759;807;3.526
760;743;3.482
760;758;3.026
761;743;3.797
761;779;3.713
761;810;2.812
761;811;2.757
762;743;3.822
763;755;2.876
763;757;3.515
763;770;3.932
764;757;3.355
765;768;2.807
765;769;3.48
766;768;2.779
767;768;3.136
768;765;2.807
768;766;2.779
768;767;3.136
768;771;2.965
769;756;2.865
769;765;3.48
770;763;3.932
771;768;2.965
772;773;3.005
773;772;3.005
773;774;2.797
773;776;3.093
774;773;2.797
774;780;2.909
775;778;2.928
775;780;3.548
776;773;3.093
777;757;3.678
777;780;2.972
778;775;2.928
778;781;3.048
779;759;3.548
779;761;3.713
780;774;2.909
780;775;3.548
780;777;2.972
781;778;3.048
782;785;3.924
782;792;3.932
783;786;3.716
783;792;3.76
784;785;2.937
784;786;3.012
785;782;3.924
785;784;2.937
786;783;3.716
786;784;3.012
787;788;3.637
787;791;3.974
788;787;3.637
788;791;3.799
789;790;3.053
790;789;3.053
791;787;3.974
791;788;3.799
792;782;3.932
792;783;3.76
793;806;3.502
793;807;3.387
794;806;3.304
795;818;2.873
796;800;3.156
797;798;2.821
798;797;2.821
799;802;2.741
799;804;2.822
800;796;3.156
800;813;2.883
801;813;2.884
802;799;2.741
803;809;2.88
804;799;2.822
805;808;3.207
806;793;3.502
806;794;3.304
807;759;3.526
807;793;3.387
808;805;3.207
809;803;2.88
810;761;2.812
811;761;2.757
812;829;2.749
813;800;2.883
813;801;2.884
814;828;3.856
815;828;3.954
816;818;2.946
817;819;2.888
818;795;2.873
818;816;2.946
819;817;2.888
820;822;3.024
820;823;2.935
820;824;4.039
821;825;3.852
822;820;3.024
822;825;3.794
823;820;2.935
823;826;3.085
823;827;2.802
824;820;4.039
825;821;3.852
825;822;3.794
826;823;3.085
826;920;3.613
827;823;2.802
828;814;3.856
828;815;3.954
829;812;2.749
830;833;3.78
830;838;3.741
831;918;3.636
832;837;3.111
832;863;3.689
832;918;4.139
833;830;3.78
833;837;3.589
834;837;3.383
835;839;3.475
836;839;3.15
836;868;3.785
836;869;3.773
837;832;3.111
837;833;3.589
837;834;3.383
838;830;3.741
838;842;3.383
839;835;3.475
839;836;3.15
839;842;3.099
839;866;4.004
839;868;3.937
840;736;2.797
840;862;3.887
841;736;2.847
842;838;3.383
842;839;3.099
843;845;3.233
843;846;3.249
843;848;3.895
844;846;3.982
845;753;2.829
845;843;3.233
846;843;3.249
846;844;3.982
847;850;3.125
847;851;2.945
848;752;3.168
848;843;3.895
849;852;2.937
850;746;2.698
850;847;3.125
851;847;2.945
852;849;2.937
852;854;2.818
852;859;3.873
852;861;2.995
853;859;3.647
854;727;2.845
854;852;2.818
854;859;3.962
854;860;3.531
855;858;2.981
856;923;3.56
857;860;3.008
857;865;2.724
858;855;2.981
858;980;2.74
859;852;3.873
859;853;3.647
859;854;3.962
860;854;3.531
860;857;3.008
861;852;2.995
861;865;3.788
861;866;3.868
862;734;2.816
862;735;3.732
862;840;3.887
862;921;2.736
863;832;3.689
863;866;3.02
863;869;4.001
864;869;3.824
864;915;3.914
864;918;3.446
864;919;3.518
865;857;2.724
865;861;3.788
866;839;4.004
866;861;3.868
866;863;3.02
866;869;2.769
866;870;2.964
867;871;3.051
868;836;3.785
868;839;3.937
868;872;2.922
869;836;3.773
869;863;4.001
869;864;3.824
869;866;2.769
869;872;3.265
869;873;2.985
870;866;2.964
870;873;3.384
870;874;3.149
870;978;2.743
871;867;3.051
871;874;3.462
871;875;3.016
872;868;2.922
872;869;3.265
872;875;3.321
872;876;2.923
873;869;2.985
873;870;3.384
873;876;3.461
873;877;2.975
873;912;3.845
873;915;3.69
874;870;3.149
874;871;3.462
874;877;3.307
874;878;2.939
874;978;3.581
875;871;3.016
875;872;3.321
875;878;3.225
875;879;2.984
876;872;2.923
876;873;3.461
876;880;2.959
876;912;3.929
877;873;2.975
877;874;3.307
877;881;2.899
877;908;3.925
877;912;3.44
877;971;3.673
877;975;3.775
878;874;2.939
878;875;3.225
878;881;3.177
878;882;2.988
879;875;2.984
879;882;3.097
879;883;3.011
880;876;2.959
880;883;3.422
880;884;2.953
880;971;3.59
881;877;2.899
881;878;3.177
881;885;2.992
882;878;2.988
882;879;3.097
882;885;3.394
882;886;2.957
883;879;3.011
883;880;3.422
883;886;2.994
883;887;3.249
884;880;2.953
884;969;3.843
884;972;4.004
885;881;2.992
885;882;3.394
885;889;3.665
885;1305;3.855
886;882;2.957
886;883;2.994
886;889;3.073
886;890;3.023
886;893;3.489
886;897;3.844
886;901;3.992
887;883;3.249
887;894;2.768
887;962;2.703
888;891;3.292
888;894;2.67
888;1308;3.363
888;1362;3.077
889;885;3.665
889;886;3.073
889;1328;3.778
890;886;3.023
890;893;2.965
890;894;3.023
891;888;3.292
891;894;3.208
891;895;3.004
891;1363;4.015
892;895;2.638
893;886;3.489
893;890;2.965
893;896;3.249
893;897;2.96
894;887;2.768
894;888;2.67
894;890;3.023
894;891;3.208
894;897;3.025
894;898;3.017
894;1361;3.858
895;891;3.004
895;892;2.638
895;1363;3.498
896;893;3.249
897;886;3.844
897;893;2.96
897;894;3.025
897;900;3.105
897;901;3.028
898;894;3.017
898;901;3.462
898;902;2.702
899;903;3.022
900;897;3.105
900;903;3.373
900;904;2.992
901;886;3.992
901;897;3.028
901;898;3.462
901;904;2.993
901;905;3.28
902;898;2.702
902;905;2.995
902;906;3.024
902;962;2.843
902;965;3.797
903;899;3.022
903;900;3.373
903;906;2.902
903;907;2.952
904;900;2.992
904;901;2.993
904;908;2.925
905;901;3.28
905;902;2.995
905;909;3.016
905;968;3.857
906;902;3.024
906;903;2.902
906;909;3.395
906;910;3.024
907;903;2.952
907;910;3.497
907;911;2.959
908;877;3.925
908;904;2.925
908;911;3.251
908;912;2.949
908;968;4.02
908;971;3.548
909;905;3.016
909;906;3.395
909;913;2.968
909;968;3.761
910;906;3.024
910;907;3.497
910;914;3.009
911;907;2.959
911;908;3.251
911;915;2.934
912;873;3.845
912;876;3.929
912;877;3.44
912;908;2.949
912;916;3.005
912;974;3.739
913;909;2.968
913;916;3.178
913;917;2.953
913;941;3.907
913;945;3.774
914;910;3.009
914;917;3.266
914;918;2.9
915;864;3.914
915;873;3.69
915;911;2.934
915;919;2.757
915;974;3.623
916;912;3.005
916;913;3.178
916;920;2.966
916;928;2.837
916;938;3.569
916;941;4.081
916;942;3.984
917;913;2.953
917;914;3.266
917;920;3.309
917;921;2.946
918;831;3.636
918;832;4.139
918;864;3.446
918;914;2.9
918;922;2.987
919;864;3.518
919;915;2.757
919;923;3.033
919;928;3.689
919;937;2.726
920;826;3.613
920;916;2.966
920;917;3.309
920;923;3.008
920;924;2.876
920;928;3.89
920;929;3.44
921;862;2.736
921;917;2.946
922;918;2.987
923;735;3.387
923;856;3.56
923;919;3.033
923;920;3.008
923;927;2.935
923;928;4.032
923;931;3.999
923;934;3.678
924;920;2.876
924;927;2.996
924;928;3.002
925;929;2.997
926;929;2.78
926;930;2.826
927;733;2.787
927;923;2.935
927;924;2.996
928;916;2.837
928;919;3.689
928;920;3.89
928;923;4.032
928;924;3.002
928;931;3.043
928;938;3.852
929;920;3.44
929;925;2.997
929;926;2.78
929;935;3.353
929;938;3.674
930;926;2.826
931;923;3.999
931;928;3.043
931;934;3.098
931;935;2.953
932;935;3.442
932;936;2.962
933;936;3.295
933;937;3.04
933;976;3.851
934;923;3.678
934;931;3.098
934;938;3.021
935;929;3.353
935;931;2.953
935;932;3.442
935;939;2.974
936;932;2.962
936;933;3.295
936;939;3.206
936;940;3.434
937;919;2.726
937;933;3.04
937;974;3.059
937;977;2.802
938;916;3.569
938;928;3.852
938;929;3.674
938;934;3.021
938;941;3.147
938;942;2.946
939;935;2.974
939;936;3.206
939;943;3.037
940;936;3.434
940;944;3.127
940;967;4.039
940;974;3.659
941;913;3.907
941;916;4.081
941;938;3.147
941;944;3.266
941;945;3.092
942;916;3.984
942;938;2.946
942;945;2.971
942;946;2.911
943;939;3.037
943;946;3.492
943;947;2.981
943;967;3.669
944;940;3.127
944;941;3.266
944;947;4.004
944;948;3.05
944;968;2.902
945;913;3.774
945;941;3.092
945;942;2.971
945;948;3.323
945;949;2.978
946;942;2.911
946;943;3.492
946;949;3.196
946;950;2.998
947;943;2.981
947;944;4.004
947;950;3.458
947;951;2.994
948;944;3.05
948;945;3.323
948;951;3.311
948;952;2.997
948;961;3.793
949;945;2.978
949;946;3.196
949;952;3.319
949;953;2.962
950;946;2.998
950;947;3.458
950;953;3.28
950;954;2.993
951;947;2.994
951;948;3.311
951;956;3.041
951;960;3.317
951;961;3.294
951;964;3.663
952;948;2.997
952;949;3.319
952;955;3.0
953;949;2.962
953;950;3.28
954;950;2.993
955;952;3.0
956;951;3.041
957;960;3.839
958;961;3.441
958;962;3.007
959;962;2.747
959;963;3.247
960;951;3.317
960;957;3.839
960;964;2.965
961;948;3.793
961;951;3.294
961;958;3.441
961;965;2.919
962;887;2.703
