source;destination;distance
0;3;2.782
1;46;3.608
2;7;3.617
2;47;3.699
3;0;2.782
4;7;3.257
4;8;2.97
5;9;2.971
6;10;2.973
7;2;3.617
7;4;3.257
7;10;3.113
7;11;2.967
7;42;6.235
7;46;3.728
8;4;2.97
8;11;3.461
8;12;2.978
9;5;2.971
9;13;2.931
10;6;2.973
10;7;3.113
10;14;2.947
11;7;2.967
11;8;3.461
11;14;3.434
11;15;3.014
11;43;3.606
12;8;2.978
12;16;2.975
12;103;4.003
13;9;2.931
13;16;3.373
13;17;2.939
14;10;2.947
14;11;3.434
14;18;3.015
14;36;3.632
15;11;3.014
15;19;2.981
15;36;3.76
15;98;3.966
15;99;3.571
16;12;2.975
16;13;3.373
16;19;3.139
16;20;3.083
17;13;2.939
17;20;3.297
17;21;2.972
18;14;3.015
18;22;2.97
18;36;3.162
18;95;3.617
19;15;2.981
19;16;3.139
19;22;3.153
19;96;3.505
19;599;3.518
20;16;3.083
20;17;3.297
21;17;2.972
21;24;2.98
21;29;3.631
21;32;3.407
22;18;2.97
22;19;3.153
22;92;4.007
23;599;3.719
24;21;2.98
25;29;3.868
26;29;2.843
27;30;2.724
27;31;3.038
28;31;3.299
28;32;2.974
29;21;3.631
29;25;3.868
29;26;2.843
29;32;3.407
29;33;2.995
30;27;2.724
30;33;3.452
30;34;2.999
31;27;3.038
31;28;3.299
31;35;2.984
32;21;3.407
32;28;2.974
32;29;3.407
32;35;3.241
32;36;2.935
33;29;2.995
33;30;3.452
33;36;3.354
33;37;2.935
33;92;2.809
33;95;3.114
34;30;2.999
34;37;3.379
34;38;2.972
34;80;3.432
35;31;2.984
35;32;3.241
35;38;3.338
35;39;3.006
36;14;3.632
36;15;3.76
36;18;3.162
36;32;2.935
36;33;3.354
36;39;2.994
36;40;2.858
36;95;3.45
37;33;2.935
37;34;3.379
37;40;4.002
37;41;2.984
37;79;2.762
38;34;2.972
38;35;3.338
38;41;3.203
38;42;2.983
39;35;3.006
39;36;2.994
39;42;3.459
39;43;2.902
40;36;2.858
40;37;4.002
40;44;2.954
40;72;3.457
40;98;3.515
41;37;2.984
41;38;3.203
41;44;3.243
41;45;2.962
42;7;6.235
42;38;2.983
42;39;3.459
42;45;3.387
42;46;3.056
43;11;3.606
43;39;2.902
43;46;3.294
43;47;2.824
43;98;2.648
44;40;2.954
44;41;3.243
44;48;2.98
44;55;4.0
44;72;3.924
45;41;2.962
45;42;3.387
45;49;3.075
45;50;3.89
46;1;3.608
46;7;3.728
46;42;3.056
46;43;3.294
47;2;3.699
47;43;2.824
47;65;3.206
47;68;2.672
48;44;2.98
48;55;3.994
48;58;3.855
48;65;3.675
49;45;3.075
49;52;3.351
49;54;3.737
50;45;3.89
51;54;3.528
51;57;3.562
52;49;3.351
52;55;2.996
53;56;2.979
54;49;3.737
54;51;3.528
54;57;2.996
55;44;4.0
55;48;3.994
55;52;2.996
55;58;3.04
55;69;3.935
56;53;2.979
56;59;3.014
57;51;3.562
57;54;2.996
57;60;3.056
58;48;3.855
58;55;3.04
58;61;2.97
58;62;3.824
58;65;3.519
58;66;3.973
58;69;3.715
59;56;3.014
60;57;3.056
61;58;2.97
62;58;3.824
62;65;3.436
62;66;2.926
63;66;3.446
63;67;3.041
64;67;3.019
64;68;3.054
64;101;3.386
64;107;3.244
64;110;3.787
65;47;3.206
65;48;3.675
65;58;3.519
65;62;3.436
65;68;3.814
65;69;2.981
66;58;3.973
66;62;2.926
66;63;3.446
66;69;3.423
66;70;2.945
67;63;3.041
67;64;3.019
67;71;3.004
67;100;3.91
68;47;2.672
68;64;3.054
68;65;3.814
68;71;3.46
68;72;2.934
68;98;3.16
68;101;2.742
69;55;3.935
69;58;3.715
69;65;2.981
69;66;3.423
69;72;3.226
69;73;2.983
70;66;2.945
70;73;3.416
70;74;2.986
71;67;3.004
71;68;3.46
71;75;2.923
71;94;3.525
72;40;3.457
72;44;3.924
72;68;2.934
72;69;3.226
72;75;3.456
72;76;2.906
73;69;2.983
73;70;3.416
73;76;3.301
73;77;2.999
74;70;2.986
74;78;2.988
74;88;3.552
74;91;3.285
75;71;2.923
75;72;3.456
75;78;2.995
75;79;2.867
76;72;2.906
76;73;3.301
76;80;2.98
77;73;2.999
77;81;2.996
78;74;2.988
78;75;2.995
78;82;3.977
78;88;2.748
79;37;2.762
79;75;2.867
79;95;3.587
80;34;3.432
80;76;2.98
81;77;2.996
81;83;2.985
82;78;3.977
82;89;2.909
82;92;3.563
83;81;2.985
84;88;3.699
85;88;3.121
86;89;2.879
86;90;3.179
86;608;3.926
87;90;3.15
88;74;3.552
88;78;2.748
88;84;3.699
88;85;3.121
88;91;2.997
89;82;2.909
89;86;2.879
90;86;3.179
90;87;3.15
90;93;3.015
90;607;3.451
90;608;3.866
91;74;3.285
91;88;2.997
91;94;2.869
92;22;4.007
92;33;2.809
92;82;3.563
92;95;2.926
93;90;3.015
93;96;2.874
93;600;3.959
93;603;3.637
93;604;3.683
94;71;3.525
94;91;2.869
94;97;3.838
94;98;3.009
95;18;3.617
95;33;3.114
95;36;3.45
95;79;3.587
95;92;2.926
95;98;3.212
96;19;3.505
96;93;2.874
96;99;3.014
97;94;3.838
97;100;2.906
97;600;3.947
98;15;3.966
98;40;3.515
98;43;2.648
98;68;3.16
98;94;3.009
98;95;3.212
98;101;2.948
99;15;3.571
99;96;3.014
99;102;2.995
99;103;3.005
99;106;3.617
99;596;3.541
100;67;3.91
100;97;2.906
100;110;3.891
101;64;3.386
101;68;2.742
101;98;2.948
101;107;2.817
102;99;2.995
103;12;4.003
103;99;3.005
103;106;3.088
103;107;2.988
104;107;3.412
104;108;2.951
105;109;3.137
105;589;3.446
106;99;3.617
106;103;3.088
106;109;3.426
106;110;3.004
106;593;3.711
107;64;3.244
107;101;2.817
107;103;2.988
107;104;3.412
107;110;3.462
107;111;2.978
108;104;2.951
108;111;3.146
108;112;3.02
109;105;3.137
109;106;3.426
109;112;3.093
109;113;3.0
109;589;3.337
109;590;4.005
110;64;3.787
110;100;3.891
110;106;3.004
110;107;3.462
110;113;3.243
110;114;3.045
111;107;2.978
111;108;3.146
111;114;3.455
111;115;3.004
112;108;3.02
112;109;3.093
112;115;3.223
112;116;3.057
113;109;3.0
113;110;3.243
113;116;3.015
113;117;3.232
113;678;3.784
114;110;3.045
114;111;3.455
114;117;2.982
115;111;3.004
115;112;3.223
115;118;2.773
115;254;3.963
116;112;3.057
116;113;3.015
116;119;3.066
116;120;3.014
116;254;3.939
117;113;3.232
117;114;2.982
117;121;3.001
118;115;2.773
118;258;2.749
119;116;3.066
119;122;3.386
119;254;3.46
119;257;2.639
119;258;2.858
120;116;3.014
120;123;3.363
120;124;2.933
120;251;3.948
121;117;3.001
121;125;2.983
122;119;3.386
122;125;3.181
122;126;3.1
122;1265;3.45
122;1266;2.926
123;120;3.363
123;126;3.44
123;127;3.169
123;243;3.603
123;1269;4.002
124;120;2.933
124;127;3.388
124;128;2.921
125;121;2.983
125;122;3.181
125;128;3.339
125;129;2.982
126;122;3.1
126;123;3.44
126;130;2.962
126;1260;3.979
126;1266;3.983
126;1269;3.827
127;123;3.169
127;124;3.388
127;130;3.317
127;131;2.886
127;243;3.456
128;124;2.921
128;125;3.339
128;132;3.009
129;125;2.982
129;132;3.418
129;133;2.934
129;1256;3.679
129;1259;3.41
129;1260;3.796
130;126;2.962
130;127;3.317
130;133;3.453
130;134;2.872
131;127;2.886
131;135;2.967
131;203;3.695
131;206;3.952
132;128;3.009
132;129;3.418
132;135;3.212
132;136;3.006
133;129;2.934
133;130;3.453
133;136;3.266
133;137;2.968
133;1167;3.77
133;1256;3.755
134;130;2.872
134;138;2.943
134;206;3.578
134;236;4.023
134;239;3.792
135;131;2.967
135;132;3.212
135;139;2.945
135;199;3.65
135;203;3.908
136;132;3.006
136;133;3.266
136;139;3.233
136;140;3.125
136;1253;3.892
137;133;2.968
137;140;3.155
137;141;3.462
137;232;3.642
137;1250;3.679
137;1253;3.884
138;134;2.943
138;141;3.479
138;142;2.964
138;196;3.679
139;135;2.945
139;136;3.233
139;143;3.721
139;197;3.854
139;198;3.638
139;199;3.942
140;136;3.125
140;137;3.155
140;1250;3.64
140;1253;3.406
141;137;3.462
141;138;3.479
141;1246;3.686
141;1250;3.48
142;138;2.964
142;219;3.062
142;229;3.428
142;232;3.684
142;233;5.768
143;139;3.721
143;197;3.954
144;149;2.724
145;186;3.019
145;190;3.772
145;191;3.839
145;192;3.977
146;149;2.935
146;150;3.758
146;190;2.786
147;190;2.828
147;193;3.867
147;197;2.689
148;152;2.845
148;153;3.227
149;144;2.724
149;146;2.935
149;187;2.861
150;146;3.758
150;184;3.843
150;187;3.864
151;184;3.621
152;148;2.845
152;182;2.738
153;148;3.227
154;157;3.721
155;157;3.194
156;159;3.897
156;180;3.823
157;154;3.721
157;155;3.194
158;170;3.484
158;179;2.748
159;156;3.897
160;169;3.083
160;170;3.686
161;164;4.02
162;165;3.957
162;167;3.263
162;168;3.966
163;165;2.911
164;161;4.02
164;169;6.435
165;162;3.957
165;163;2.911
166;169;2.908
166;176;2.78
167;162;3.263
168;162;3.966
169;160;3.083
169;164;6.435
169;166;2.908
169;171;2.843
169;180;2.877
170;158;3.484
170;160;3.686
171;169;2.843
171;176;3.68
171;178;2.832
172;173;2.933
172;174;3.07
173;172;2.933
174;172;3.07
175;177;3.085
176;166;2.78
176;171;3.68
177;175;3.085
177;181;3.359
178;171;2.832
179;158;2.748
180;156;3.823
180;169;2.877
181;177;3.359
182;152;2.738
183;1018;4.15
183;1020;3.74
184;150;3.843
184;151;3.621
185;187;3.433
186;145;3.019
187;149;2.861
187;150;3.864
187;185;3.433
188;191;3.097
189;1019;3.381
190;145;3.772
190;146;2.786
190;147;2.828
190;193;2.889
191;145;3.839
191;188;3.097
191;222;3.481
191;223;4.015
192;145;3.977
193;147;3.867
193;190;2.889
193;196;3.003
193;197;3.026
193;201;3.548
194;201;3.243
195;201;3.341
195;219;3.482
196;138;3.679
196;193;3.003
196;202;3.541
196;205;3.476
196;219;3.091
196;233;4.008
197;139;3.854
197;143;3.954
197;147;2.689
197;193;3.026
198;139;3.638
198;201;2.783
198;202;2.976
199;135;3.65
199;139;3.942
199;203;2.947
200;204;2.993
201;193;3.548
201;194;3.243
201;195;3.341
201;198;2.783
201;204;3.306
201;205;2.956
202;196;3.541
202;198;2.976
202;205;3.242
202;206;2.948
203;131;3.695
203;135;3.908
203;199;2.947
203;207;2.943
204;200;2.993
204;201;3.306
204;207;3.041
204;208;2.958
204;666;3.81
205;196;3.476
205;201;2.956
205;202;3.242
205;208;3.334
205;209;2.938
206;131;3.952
206;134;3.578
206;202;2.948
206;209;3.909
206;210;2.957
207;203;2.943
207;204;3.041
207;210;3.226
207;211;2.948
207;670;3.488
207;674;3.889
208;204;2.958
208;205;3.334
208;212;2.967
208;213;2.849
208;214;3.933
208;649;3.717
209;205;2.938
209;206;3.909
209;212;3.017
209;215;3.537
209;233;3.687
209;236;3.725
209;237;3.656
210;206;2.957
210;207;3.226
211;207;2.948
211;673;3.625
212;208;2.967
212;209;3.017
212;1331;3.128
212;1333;2.982
213;208;2.849
213;648;3.779
213;649;3.409
214;208;3.933
214;217;3.291
214;218;2.995
214;649;5.987
214;1328;3.745
214;1338;3.638
215;209;3.537
215;219;3.056
215;220;3.161
215;233;3.746
215;237;3.351
215;1324;3.415
215;1328;3.435
216;220;3.135
216;221;3.01
216;1324;3.685
216;1328;3.596
216;1363;3.619
216;1364;2.79
216;1365;3.166
217;214;3.291
217;1338;3.425
217;1365;3.273
218;214;2.995
218;221;3.063
219;142;3.062
219;195;3.482
219;196;3.091
219;215;3.056
219;229;2.825
219;233;6.118
220;215;3.161
220;216;3.135
220;223;2.961
220;230;3.352
220;1324;3.169
220;1363;3.477
221;216;3.01
221;218;3.063
221;1314;3.815
221;1363;3.44
222;191;3.481
223;191;4.015
223;220;2.961
223;225;2.935
223;226;3.127
223;229;3.63
224;226;3.048
224;1321;3.686
224;1359;2.848
224;1362;3.489
225;223;2.935
225;229;3.014
226;223;3.127
226;224;3.048
226;229;2.975
226;230;2.946
226;1360;3.797
226;1361;3.729
227;230;3.607
227;231;2.923
227;1358;2.814
227;1360;2.773
228;1243;3.729
228;1246;3.823
228;1247;3.302
228;1360;2.979
229;142;3.428
229;219;2.825
229;223;3.63
229;225;3.014
229;226;2.975
229;232;3.034
229;233;3.427
230;220;3.352
230;226;2.946
230;227;3.607
230;233;3.317
230;234;2.946
230;1324;3.508
230;1361;3.98
231;227;2.923
231;235;2.973
232;137;3.642
232;142;3.684
232;229;3.034
232;235;3.166
232;236;2.967
233;142;5.768
233;196;4.008
233;209;3.687
233;215;3.746
233;219;6.118
233;229;3.427
233;230;3.317
233;236;3.199
233;237;2.969
234;230;2.946
234;237;3.201
234;238;2.966
234;1327;4.033
235;231;2.973
235;232;3.166
235;239;2.946
236;134;4.023
236;209;3.725
236;232;2.967
236;233;3.199
236;240;2.903
237;209;3.656
237;215;3.351
237;233;2.969
237;234;3.201
237;240;3.498
237;241;2.937
237;1327;3.55
238;234;2.966
238;241;3.415
238;242;2.926
239;134;3.792
239;235;2.946
239;243;2.925
240;236;2.903
240;237;3.498
240;244;2.941
241;237;2.937
241;238;3.415
241;244;3.488
241;245;2.986
242;238;2.926
242;245;3.441
242;246;2.938
242;1273;3.648
242;1280;3.596
243;123;3.603
243;127;3.456
243;239;2.925
243;246;3.176
243;247;2.877
244;240;2.941
244;241;3.488
244;247;3.338
244;248;2.964
245;241;2.986
245;242;3.441
245;248;3.829
245;249;2.996
245;1391;3.754
246;242;2.938
246;243;3.176
246;249;3.62
246;250;2.902
246;1269;3.152
246;1272;3.778
247;243;2.877
247;244;3.338
247;250;3.154
247;251;2.952
247;681;3.623
248;244;2.964
248;245;3.829
248;252;3.079
248;681;3.709
248;684;3.676
248;1388;3.538
249;245;2.996
249;246;3.62
249;253;2.924
249;1391;3.983
249;1392;3.938
249;1395;3.521
250;246;2.902
250;247;3.154
250;254;2.929
251;120;3.948
251;247;2.952
251;254;3.353
251;255;3.098
251;685;3.82
252;248;3.079
252;255;3.192
252;256;3.081
252;684;3.7
252;685;4.016
252;688;3.428
252;1392;3.482
253;249;2.924
253;257;2.889
253;1396;3.814
254;115;3.963
254;116;3.939
254;119;3.46
254;250;2.929
254;251;3.353
254;258;2.978
255;251;3.098
255;252;3.192
255;259;3.102
255;685;3.66
256;252;3.081
256;259;3.106
256;260;2.871
256;692;3.86
256;1108;6.314
256;1396;6.297
257;119;2.639
257;253;2.889
257;260;3.027
257;261;3.622
258;118;2.749
258;119;2.858
258;254;2.978
258;268;2.904
259;255;3.102
259;256;3.106
259;267;3.998
259;268;3.325
259;269;3.03
260;256;2.871
260;257;3.027
260;267;3.527
260;269;3.732
260;271;3.068
261;257;3.622
261;266;2.752
261;267;2.814
262;271;3.735
262;699;3.729
263;265;3.676
264;271;3.532
264;273;3.904
264;703;3.792
265;263;3.676
265;267;3.808
266;261;2.752
267;259;3.998
267;260;3.527
267;261;2.814
267;265;3.808
268;258;2.904
268;259;3.325
269;259;3.03
269;260;3.732
269;271;3.926
270;272;3.326
271;260;3.068
271;262;3.735
271;264;3.532
271;269;3.926
271;273;3.013
272;270;3.326
272;275;3.034
272;280;3.815
273;264;3.904
273;271;3.013
273;698;3.793
273;704;3.467
274;277;2.913
274;279;3.39
274;280;3.473
274;283;3.549
275;272;3.034
276;294;4.039
277;274;2.913
277;280;3.098
277;294;3.684
278;281;3.057
278;289;2.791
278;290;2.82
278;291;3.235
278;293;3.948
278;707;3.113
279;274;3.39
279;282;3.006
279;283;2.725
279;704;2.639
279;705;3.241
280;272;3.815
280;274;3.473
280;277;3.098
280;283;3.044
281;278;3.057
282;279;3.006
282;287;3.707
282;288;3.998
282;289;3.813
282;290;2.762
282;291;2.785
283;274;3.549
283;279;2.725
283;280;3.044
283;705;2.839
284;287;3.198
285;723;4.038
286;732;2.782
287;282;3.707
287;284;3.198
287;732;3.164
288;282;3.998
289;278;2.791
289;282;3.813
289;705;3.775
289;707;3.618
289;708;2.963
290;278;2.82
290;282;2.762
291;278;3.235
291;282;2.785
292;307;2.826
292;315;3.696
293;278;3.948
294;276;4.039
294;277;3.684
295;695;2.83
295;1109;3.739
296;1106;3.197
296;1109;3.509
296;1110;3.791
297;306;3.19
298;306;3.984
299;302;2.841
299;304;2.806
300;981;3.727
301;977;3.356
302;299;2.841
302;304;3.507
303;304;2.912
304;299;2.806
304;302;3.507
304;303;2.912
305;310;4.015
306;297;3.19
306;298;3.984
306;308;3.191
307;292;2.826
308;306;3.191
308;315;2.867
309;311;3.005
310;305;4.015
311;309;3.005
311;315;3.86
311;322;3.924
312;317;3.856
312;321;3.041
312;322;2.802
312;323;4.04
313;317;3.13
314;316;2.981
315;292;3.696
315;308;2.867
315;311;3.86
316;314;2.981
317;312;3.856
317;313;3.13
317;321;2.811
317;323;2.877
317;324;2.853
317;326;2.712
318;321;2.977
319;326;3.743
320;323;2.952
320;325;2.797
320;327;2.694
321;312;3.041
321;317;2.811
321;318;2.977
322;311;3.924
322;312;2.802
323;312;4.04
323;317;2.877
323;320;2.952
324;317;2.853
325;320;2.797
326;317;2.712
326;319;3.743
326;328;3.028
327;320;2.694
328;326;3.028
329;442;3.633
329;443;2.863
329;444;3.862
330;436;3.094
330;438;3.987
330;439;4.029
330;440;3.793
331;436;2.898
331;437;2.79
332;436;2.937
333;436;2.674
334;337;3.866
335;341;2.799
336;338;4.008
336;339;2.943
336;340;3.827
337;334;3.866
338;336;4.008
339;336;2.943
340;336;3.827
340;346;3.848
341;335;2.799
341;346;3.702
342;346;4.016
343;345;3.065
343;346;3.982
344;432;3.943
345;343;3.065
345;433;3.64
345;434;2.765
345;435;2.937
345;437;2.779
346;340;3.848
346;341;3.702
346;342;4.016
346;343;3.982
347;353;3.746
348;353;3.487
348;354;2.884
349;352;3.091
349;354;3.033
350;355;2.956
351;364;3.689
352;349;3.091
353;347;3.746
353;348;3.487
354;348;2.884
354;349;3.033
355;350;2.956
355;357;3.091
356;360;3.879
357;355;3.091
357;360;2.996
357;364;3.964
358;361;3.003
359;362;3.031
359;363;3.049
359;364;3.656
360;356;3.879
360;357;2.996
360;363;3.37
361;358;3.003
362;359;3.031
362;366;2.848
363;359;3.049
363;360;3.37
363;365;3.528
363;366;4.019
364;351;3.689
364;357;3.964
364;359;3.656
365;363;3.528
366;362;2.848
366;363;4.019
367;369;3.927
367;370;3.883
368;372;2.843
368;376;3.614
369;367;3.927
370;367;3.883
371;390;3.418
372;368;2.843
372;390;3.019
373;389;3.846
373;391;3.743
374;389;3.504
375;378;3.499
375;379;2.936
376;368;3.614
376;381;3.996
377;380;2.993
377;381;3.042
377;382;2.78
378;375;3.499
379;375;2.936
380;377;2.993
381;376;3.996
381;377;3.042
382;377;2.78
382;385;3.76
382;386;2.792
383;385;2.887
384;387;2.986
385;382;3.76
385;383;2.887
386;382;2.792
387;384;2.986
388;392;2.807
388;393;3.526
389;373;3.846
389;374;3.504
389;392;2.815
390;371;3.418
390;372;3.019
391;373;3.743
391;394;2.967
391;395;3.036
392;388;2.807
392;389;2.815
393;388;3.526
394;391;2.967
395;391;3.036
396;397;3.914
397;396;3.914
398;399;2.797
399;398;2.797
400;401;2.815
400;407;3.658
401;400;2.815
401;406;3.046
402;405;2.794
402;406;3.834
403;406;3.771
404;406;2.982
405;402;2.794
406;401;3.046
406;402;3.834
406;403;3.771
406;404;2.982
407;400;3.658
407;408;3.112
408;407;3.112
409;411;3.23
410;412;2.955
411;409;3.23
412;410;2.955
412;413;3.037
413;412;3.037
414;416;3.854
415;440;2.911
416;414;3.854
417;418;3.209
418;417;3.209
419;420;2.961
419;424;3.673
420;419;2.961
421;422;3.294
422;421;3.294
423;431;3.702
424;419;3.673
424;427;2.857
425;427;3.116
426;429;2.905
427;424;2.857
427;425;3.116
427;430;2.995
427;431;3.081
428;431;2.937
429;426;2.905
429;432;3.691
430;427;2.995
431;423;3.702
431;427;3.081
431;428;2.937
432;344;3.943
432;429;3.691
433;345;3.64
433;437;3.912
433;438;3.999
434;345;2.765
435;345;2.937
436;330;3.094
436;331;2.898
436;332;2.937
436;333;2.674
437;331;2.79
437;345;2.779
437;433;3.912
438;330;3.987
438;433;3.999
439;330;4.029
439;442;3.844
440;330;3.793
440;415;2.911
440;442;3.069
441;449;2.825
442;329;3.633
442;439;3.844
442;440;3.069
443;329;2.863
443;449;3.538
444;329;3.862
445;448;2.986
446;449;2.979
446;450;3.143
446;451;4.002
447;452;3.898
447;453;2.889
447;454;3.65
448;445;2.986
449;441;2.825
449;443;3.538
449;446;2.979
450;446;3.143
451;446;4.002
452;447;3.898
453;447;2.889
454;447;3.65
455;456;3.593
456;455;3.593
457;459;2.778
458;460;3.236
459;457;2.778
460;458;3.236
460;462;3.007
460;464;3.459
460;465;3.867
460;467;3.017
460;468;2.75
461;463;3.94
461;464;3.813
461;520;3.441
461;521;2.765
462;460;3.007
463;461;3.94
463;520;3.647
463;521;3.961
464;460;3.459
464;461;3.813
464;467;2.974
464;468;3.128
465;460;3.867
465;468;2.99
466;517;3.638
467;460;3.017
467;464;2.974
467;522;3.94
468;460;2.75
468;464;3.128
468;465;2.99
468;471;2.959
468;472;3.158
469;473;2.94
470;474;2.968
471;468;2.959
471;474;3.215
471;475;3.011
472;468;3.158
472;475;3.439
472;476;2.928
472;569;2.689
472;570;4.028
473;469;2.94
473;476;3.202
473;477;2.976
474;470;2.968
474;471;3.215
474;478;3.053
475;471;3.011
475;472;3.439
475;478;3.305
475;479;2.979
475;510;4.003
475;514;3.822
475;566;3.946
476;472;2.928
476;473;3.202
476;479;2.999
476;480;3.088
476;570;2.741
476;571;3.602
477;473;2.976
477;480;3.476
477;481;3.009
478;474;3.053
478;475;3.305
478;482;2.979
478;507;3.674
479;475;2.979
479;476;2.999
479;482;3.081
479;483;3.074
479;511;3.322
479;564;3.891
479;566;3.87
479;567;3.842
480;476;3.088
480;477;3.476
480;483;3.136
480;484;3.437
480;567;3.793
481;477;3.009
481;484;3.315
481;485;3.01
482;478;2.979
482;479;3.081
482;485;3.275
482;486;2.981
482;507;3.224
482;563;3.165
483;479;3.074
483;480;3.136
483;487;3.06
483;564;3.64
483;995;3.941
484;480;3.437
484;481;3.315
484;487;3.329
484;488;2.987
485;481;3.01
485;482;3.275
485;488;2.986
485;489;2.933
485;500;3.463
486;482;2.981
486;489;3.024
486;561;3.996
486;563;3.773
486;564;3.646
487;483;3.06
487;484;3.329
488;484;2.987
488;485;2.986
488;492;3.629
489;485;2.933
489;486;3.024
489;493;2.946
489;504;3.401
490;493;2.976
490;1040;3.157
490;1041;3.064
491;494;2.973
491;495;3.023
492;488;3.629
492;495;3.167
492;496;2.999
492;500;3.973
493;489;2.946
493;490;2.976
493;497;2.783
494;491;2.973
494;497;2.756
495;491;3.023
495;492;3.167
496;492;2.999
496;499;3.054
496;500;2.947
497;493;2.783
497;494;2.756
497;501;2.977
498;501;3.374
498;502;3.053
499;496;3.054
499;502;3.945
499;503;2.962
500;485;3.463
500;492;3.973
500;496;2.947
500;503;3.351
500;504;2.93
501;497;2.977
501;498;3.374
501;504;3.36
501;505;3.036
502;498;3.053
502;499;3.945
502;506;2.961
503;499;2.962
503;500;3.351
503;507;2.97
504;489;3.401
504;500;2.93
504;501;3.36
504;507;3.363
504;508;3.082
504;563;3.269
505;501;3.036
505;508;3.343
505;509;3.009
505;547;3.814
505;548;3.427
506;502;2.961
506;509;3.007
506;510;3.093
507;478;3.674
507;482;3.224
507;503;2.97
507;504;3.363
507;510;3.071
507;511;3.381
508;504;3.082
508;505;3.343
508;511;2.976
508;543;2.827
508;544;3.772
508;547;3.848
508;548;4.021
509;505;3.009
509;506;3.007
509;512;2.866
510;475;4.003
510;506;3.093
510;507;3.071
510;513;3.052
510;514;3.261
511;479;3.322
511;507;3.381
511;508;2.976
511;515;2.987
511;540;3.677
511;544;3.937
511;566;3.439
512;509;2.866
512;515;3.41
512;516;3.028
512;544;3.489
513;510;3.052
513;517;3.061
514;475;3.822
514;510;3.261
514;517;3.456
514;518;2.95
514;566;2.75
514;569;2.718
515;511;2.987
515;512;3.41
515;518;3.49
515;519;2.988
515;540;3.709
516;512;3.028
516;519;3.236
516;520;3.089
517;466;3.638
517;513;3.061
517;514;3.456
517;521;2.982
518;514;2.95
518;515;3.49
518;521;3.03
518;522;3.024
518;526;2.673
518;527;3.626
518;533;2.775
519;515;2.988
519;516;3.236
519;527;3.708
519;528;3.926
520;461;3.441
520;463;3.647
520;516;3.089
521;461;2.765
521;463;3.961
521;517;2.982
521;518;3.03
522;467;3.94
522;518;3.024
522;526;3.705
523;526;2.907
523;527;2.925
524;528;2.974
525;529;3.069
526;518;2.673
526;522;3.705
526;523;2.907
526;529;3.067
526;530;2.928
527;518;3.626
527;519;3.708
527;523;2.925
527;533;3.199
527;537;2.941
528;519;3.926
528;524;2.974
529;525;3.069
529;526;3.067
530;526;2.928
530;533;2.95
530;534;3.033
531;534;3.964
531;535;3.008
532;536;2.991
532;574;2.948
532;577;3.873
533;518;2.775
533;527;3.199
533;530;2.95
533;537;2.954
534;530;3.033
534;531;3.964
534;537;3.397
534;538;2.99
535;531;3.008
535;538;3.42
535;539;3.024
535;565;3.997
536;532;2.991
536;539;3.214
536;540;2.895
536;566;2.65
536;569;3.861
537;527;2.941
537;533;2.954
537;534;3.397
537;541;3.009
538;534;2.99
538;535;3.42
538;541;3.209
538;542;3.09
539;535;3.024
539;536;3.214
539;543;3.013
540;511;3.677
540;515;3.709
540;536;2.895
540;544;2.947
540;566;3.749
541;537;3.009
541;538;3.209
541;545;2.973
542;538;3.09
542;546;3.323
542;559;3.612
543;508;2.827
543;539;3.013
543;547;3.431
543;563;3.084
544;508;3.772
544;511;3.937
544;512;3.489
544;540;2.947
544;547;3.098
544;548;2.908
545;541;2.973
545;548;3.303
545;549;3.026
546;542;3.323
546;550;3.0
546;551;3.03
546;560;3.87
547;505;3.814
547;508;3.848
547;543;3.431
547;544;3.098
547;551;3.641
547;560;3.987
548;505;3.427
548;508;4.021
548;544;2.908
548;545;3.303
549;545;3.026
550;546;3.0
550;552;2.965
551;546;3.03
551;547;3.641
551;557;2.828
552;550;2.965
552;557;3.235
553;556;2.797
554;557;3.271
554;558;2.933
555;558;3.322
555;559;2.958
555;1080;3.787
556;553;2.797
556;559;3.084
556;560;3.103
557;551;2.828
557;552;3.235
557;554;3.271
557;560;2.94
558;554;2.933
558;555;3.322
558;561;2.98
558;1003;3.138
559;542;3.612
559;555;2.958
559;556;3.084
559;562;2.979
560;546;3.87
560;547;3.987
560;556;3.103
560;557;2.94
560;563;3.021
561;486;3.996
561;558;2.98
561;564;3.183
561;999;3.718
561;1000;3.89
562;559;2.979
562;565;2.89
562;996;3.633
563;482;3.165
563;486;3.773
563;504;3.269
563;543;3.084
563;560;3.021
563;566;2.962
564;479;3.891
564;483;3.64
564;486;3.646
564;561;3.183
564;567;2.95
564;992;3.807
564;996;3.498
565;535;3.997
565;562;2.89
565;568;2.769
565;993;3.44
565;996;3.47
566;475;3.946
566;479;3.87
566;511;3.439
566;514;2.75
566;536;2.65
566;540;3.749
566;563;2.962
566;569;2.995
567;479;3.842
567;480;3.793
567;564;2.95
567;570;2.973
567;571;2.942
567;573;3.865
567;992;3.542
568;565;2.769
569;472;2.689
569;514;2.718
569;536;3.861
569;566;2.995
570;472;4.028
570;476;2.741
570;567;2.973
571;476;3.602
571;567;2.942
571;573;3.973
571;574;3.02
572;575;3.057
572;576;2.927
572;985;3.261
573;567;3.865
573;571;3.973
573;576;3.207
573;577;3.014
573;989;3.51
574;532;2.948
574;571;3.02
574;577;3.847
574;578;3.054
575;572;3.057
575;578;3.409
575;579;2.963
576;572;2.927
576;573;3.207
576;579;3.279
576;580;2.956
576;989;3.657
577;532;3.873
577;573;3.014
577;574;3.847
577;581;3.06
578;574;3.054
578;575;3.409
578;581;3.399
578;582;2.765
579;575;2.963
579;576;3.279
579;582;3.367
579;583;2.939
580;576;2.956
580;583;3.217
580;584;3.08
580;1094;3.605
581;577;3.06
581;578;3.399
581;584;3.0
582;578;2.765
582;579;3.367
582;585;2.96
583;579;2.939
583;580;3.217
583;586;3.074
583;587;3.084
583;687;3.761
583;1094;3.497
583;1098;3.481
584;580;3.08
584;581;3.0
584;588;2.978
584;1094;3.842
585;582;2.96
585;588;3.024
586;583;3.074
586;687;3.911
587;583;3.084
587;590;3.259
587;591;2.869
587;683;3.577
587;1094;3.856
588;584;2.978
588;585;3.024
588;592;3.059
589;105;3.446
589;109;3.337
589;592;3.206
589;593;3.302
590;109;4.005
590;587;3.259
590;593;3.05
590;594;3.021
590;682;3.509
590;683;3.813
591;587;2.869
591;595;2.929
592;588;3.059
592;589;3.206
592;595;3.328
592;596;3.056
593;106;3.711
593;589;3.302
593;590;3.05
593;596;3.46
593;597;3.03
594;590;3.021
594;597;3.488
594;598;2.966
594;645;3.92
594;679;4.023
595;591;2.929
595;592;3.328
595;599;2.974
596;99;3.541
596;592;3.056
596;593;3.46
596;599;3.273
596;600;2.992
597;593;3.03
597;594;3.488
597;600;3.343
597;601;2.959
597;675;3.718
598;594;2.966
598;601;3.464
598;602;2.929
598;638;3.544
598;641;3.826
599;19;3.518
599;23;3.719
599;595;2.974
599;596;3.273
599;602;3.277
599;603;2.99
599;634;3.443
600;93;3.959
600;97;3.947
600;596;2.992
600;597;3.343
600;603;3.272
600;604;3.001
601;597;2.959
601;598;3.464
601;605;2.968
601;641;3.88
601;668;4.002
601;671;3.909
601;672;3.423
602;598;2.929
602;599;3.277
602;605;3.33
602;606;2.995
602;634;3.704
602;637;3.966
603;93;3.637
603;599;2.99
603;600;3.272
603;607;3.32
604;93;3.683
604;600;3.001
604;607;3.388
604;608;3.022
605;601;2.968
605;602;3.33
605;609;3.005
605;610;2.809
605;631;3.854
606;602;2.995
606;610;3.071
606;611;3.157
606;633;3.703
607;90;3.451
607;603;3.32
607;604;3.388
608;86;3.926
608;90;3.866
608;604;3.022
608;611;2.799
609;605;3.005
609;612;3.013
609;613;3.581
609;627;3.521
609;631;4.094
609;665;3.406
609;668;3.996
610;605;2.809
610;606;3.071
610;627;3.76
611;606;3.157
611;608;2.799
612;609;3.013
612;624;4.13
612;627;2.951
613;609;3.581
613;625;3.086
613;627;2.981
613;653;3.823
613;654;3.44
613;661;2.809
613;665;3.551
614;618;3.839
614;623;2.665
614;624;3.34
614;654;3.759
614;655;2.926
615;618;3.013
615;619;2.87
615;620;2.832
615;621;2.751
616;655;2.814
616;657;3.9
617;620;3.848
618;614;3.839
618;615;3.013
619;615;2.87
620;615;2.832
620;617;3.848
620;1028;3.908
621;615;2.751
622;628;3.573
622;629;3.173
623;614;2.665
624;612;4.13
624;614;3.34
624;628;3.488
625;613;3.086
625;628;3.196
625;629;3.147
625;652;2.866
625;653;3.557
626;629;3.021
626;630;2.841
626;651;3.901
627;609;3.521
627;610;3.76
627;612;2.951
627;613;2.981
627;631;3.688
627;653;3.61
628;622;3.573
628;624;3.488
628;625;3.196
628;632;3.451
629;622;3.173
629;625;3.147
629;626;3.021
629;1068;3.871
630;626;2.841
630;636;4.03
630;639;3.916
630;640;3.783
630;1059;3.438
630;1063;3.78
631;605;3.854
631;609;4.094
631;627;3.688
631;636;3.243
631;640;3.662
631;653;4.021
632;628;3.451
632;636;3.445
632;1072;2.744
633;606;3.703
633;636;2.87
633;637;2.937
633;1075;2.892
634;599;3.443
634;602;3.704
634;637;3.395
634;638;2.921
635;638;3.244
635;639;2.992
635;1075;3.664
635;1078;3.842
635;1079;3.662
635;1082;3.967
636;630;4.03
636;631;3.243
636;632;3.445
636;633;2.87
636;639;3.265
636;640;2.979
636;1078;3.109
637;602;3.966
637;633;2.937
637;634;3.395
637;640;4.025
637;641;2.958
638;598;3.544
638;634;2.921
638;635;3.244
638;641;3.489
638;642;2.969
639;630;3.916
639;635;2.992
639;636;3.265
639;642;3.268
639;643;3.035
639;1063;3.927
639;1082;3.635
640;630;3.783
640;631;3.662
640;636;2.979
640;637;4.025
640;643;3.142
640;644;3.01
640;650;3.781
641;598;3.826
641;601;3.88
641;637;2.958
641;638;3.489
641;644;3.427
641;645;2.998
642;638;2.969
642;639;3.268
642;645;3.065
642;646;3.217
642;1055;3.945
642;1058;3.519
642;1082;3.714
642;1089;3.896
643;639;3.035
643;640;3.142
643;649;2.855
643;1059;3.54
644;640;3.01
644;641;3.427
644;647;2.969
644;669;3.425
644;672;3.567
644;673;3.974
645;594;3.92
645;641;2.998
645;642;3.065
645;676;3.768
646;642;3.217
646;1055;3.485
647;644;2.969
647;669;2.89
647;673;4.001
648;213;3.779
648;1055;3.817
648;1056;2.75
648;1057;2.825
649;208;3.717
649;213;3.409
649;214;5.987
649;643;2.855
649;669;3.885
649;1060;3.9
650;640;3.781
650;653;3.506
650;669;3.281
651;626;3.901
651;1060;3.5
652;625;2.866
652;1016;3.821
653;613;3.823
653;625;3.557
653;627;3.61
653;631;4.021
653;650;3.506
653;662;3.311
653;665;3.449
654;613;3.44
654;614;3.759
654;658;3.382
654;662;2.923
655;614;2.926
655;616;2.814
655;662;3.673
656;1017;3.495
657;616;3.9
658;654;3.382
658;661;2.778
658;662;3.083
659;663;2.955
660;663;3.303
660;664;3.007
661;613;2.809
661;658;2.778
661;664;3.242
661;665;3.089
662;653;3.311
662;654;2.923
662;655;3.673
662;658;3.083
662;665;3.368
662;666;2.916
663;659;2.955
663;660;3.303
663;666;3.301
663;667;3.014
664;660;3.007
664;661;3.242
664;667;3.479
664;668;3.358
665;609;3.406
665;613;3.551
665;653;3.449
665;661;3.089
665;662;3.368
665;668;3.444
665;669;2.942
666;204;3.81
666;662;2.916
666;663;3.301
666;669;3.279
666;670;2.966
667;663;3.014
667;664;3.479
667;670;3.431
667;671;3.02
668;601;4.002
668;609;3.996
668;664;3.358
668;665;3.444
668;671;3.289
668;672;2.986
669;644;3.425
669;647;2.89
669;649;3.885
669;650;3.281
669;665;2.942
669;666;3.279
669;672;3.295
669;673;2.982
670;207;3.488
670;666;2.966
670;667;3.431
670;673;3.416
670;674;3.0
671;601;3.909
671;667;3.02
671;668;3.289
671;675;3.008
672;601;3.423
672;644;3.567
672;668;2.986
672;669;3.295
672;676;2.955
673;211;3.625
673;644;3.974
673;647;4.001
673;669;2.982
673;670;3.416
673;677;2.93
674;207;3.889
674;670;3.0
674;677;3.433
674;678;3.037
675;597;3.718
675;671;3.008
675;678;3.386
675;679;2.993
676;645;3.768
676;672;2.955
676;679;3.184
676;680;2.932
677;673;2.93
677;674;3.433
677;680;3.269
677;681;2.986
678;113;3.784
678;674;3.037
678;675;3.386
678;682;3.025
679;594;4.023
679;675;2.993
679;676;3.184
679;682;3.396
679;683;2.929
680;676;2.932
680;677;3.269
680;683;3.124
680;684;3.087
681;247;3.623
681;248;3.709
681;677;2.986
681;684;3.472
681;685;3.019
682;590;3.509
682;678;3.025
682;679;3.396
682;686;2.907
683;587;3.577
683;590;3.813
683;679;2.929
683;680;3.124
683;686;3.399
683;687;3.143
683;1097;3.378
684;248;3.676
684;252;3.7
684;680;3.087
684;681;3.472
684;687;3.467
684;688;2.946
684;1097;3.582
684;1100;3.753
684;1388;6.361
685;251;3.82
685;252;4.016
685;255;3.66
685;681;3.019
685;688;3.351
685;689;2.954
686;682;2.907
686;683;3.399
686;690;3.082
687;583;3.761
687;586;3.911
687;683;3.143
687;684;3.467
687;690;3.336
687;691;3.003
687;1097;3.636
687;1098;3.822
687;1101;3.517
688;252;3.428
688;684;2.946
688;685;3.351
688;692;2.989
688;1104;3.578
689;685;2.954
689;692;3.215
689;693;3.031
690;686;3.082
690;687;3.336
690;693;3.133
690;694;3.139
691;687;3.003
691;694;2.963
691;695;3.008
691;1101;3.458
691;1105;3.535
692;256;3.86
692;688;2.989
692;689;3.215
692;1104;4.031
692;1105;3.586
692;1108;3.235
693;689;3.031
693;690;3.133
694;690;3.139
694;691;2.963
695;295;2.83
695;691;3.008
695;1105;3.639
696;1108;3.684
697;706;3.792
697;1112;2.804
697;1113;2.798
698;273;3.793
698;706;3.334
698;1112;3.314
699;262;3.729
699;702;3.216
699;1112;3.584
699;1115;3.864
700;706;3.337
700;707;3.513
700;720;3.068
700;1115;3.793
701;720;2.697
701;1123;2.949
702;699;3.216
703;264;3.792
704;273;3.467
704;279;2.639
705;279;3.241
705;283;2.839
705;289;3.775
706;697;3.792
706;698;3.334
706;700;3.337
707;278;3.113
707;289;3.618
707;700;3.513
708;289;2.963
709;722;3.099
710;720;3.723
710;721;3.92
710;1121;3.704
711;714;3.892
712;1117;3.759
712;1118;3.717
712;1119;2.819
712;1121;4.032
713;716;3.743
713;1119;3.446
714;711;3.892
714;830;2.959
714;831;3.65
715;830;3.889
715;833;2.776
715;834;2.776
716;713;3.743
716;719;3.577
716;1119;2.73
716;1120;3.803
717;801;3.114
717;808;3.638
718;1122;3.644
719;716;3.577
719;1122;3.512
720;700;3.068
720;701;2.697
720;710;3.723
720;1121;3.627
720;1122;3.45
721;710;3.92
721;724;3.405
721;807;3.479
722;709;3.099
723;285;4.038
723;732;2.79
724;721;3.405
724;732;3.939
725;732;3.892
725;733;2.87
726;810;3.85
726;811;3.887
726;813;4.011
726;815;3.748
727;730;2.931
728;810;3.908
729;813;2.727
730;727;2.931
731;733;2.999
731;735;3.911
732;286;2.782
732;287;3.164
732;723;2.79
732;724;3.939
732;725;3.892
733;725;2.87
733;731;2.999
733;815;2.669
734;737;2.916
734;738;2.96
734;751;2.871
734;752;2.915
734;753;2.873
735;731;3.911
736;753;2.918
737;734;2.916
737;740;3.708
738;734;2.96
739;741;3.171
740;737;3.708
740;749;3.922
740;751;2.996
741;739;3.171
742;747;3.669
743;745;2.839
744;746;2.824
744;748;3.787
745;743;2.839
746;744;2.824
747;742;3.669
748;744;3.787
749;740;3.922
749;752;2.97
750;763;2.825
751;734;2.871
751;740;2.996
751;763;3.728
752;734;2.915
752;749;2.97
753;734;2.873
753;736;2.918
753;758;3.192
753;759;3.415
754;758;3.37
754;765;3.955
754;767;3.853
755;775;2.747
756;772;3.405
757;772;4.001
757;774;2.767
758;753;3.192
758;754;3.37
759;753;3.415
759;762;3.507
760;762;3.014
761;769;2.78
762;759;3.507
762;760;3.014
763;750;2.825
763;751;3.728
763;768;3.863
763;769;3.796
764;770;4.025
764;772;3.009
765;754;3.955
766;771;2.889
767;754;3.853
768;763;3.863
769;761;2.78
769;763;3.796
770;764;4.025
771;766;2.889
771;773;3.009
772;756;3.405
772;757;4.001
772;764;3.009
772;774;2.85
773;771;3.009
774;757;2.767
774;772;2.85
775;755;2.747
776;780;3.831
777;780;3.43
777;781;3.428
777;782;3.493
778;779;2.915
779;778;2.915
780;776;3.831
780;777;3.43
781;777;3.428
782;777;3.493
783;789;3.814
784;789;3.584
785;788;3.945
785;789;3.142
786;793;2.752
787;792;2.86
788;785;3.945
788;791;3.138
789;783;3.814
789;784;3.584
789;785;3.142
790;795;2.881
791;788;3.138
791;794;2.951
792;787;2.86
792;798;2.793
792;1128;2.65
793;786;2.752
794;791;2.951
795;790;2.881
796;802;3.922
796;803;3.42
797;1128;3.357
797;1129;3.286
798;792;2.793
798;1128;2.872
799;800;2.774
800;799;2.774
801;717;3.114
801;808;3.903
801;809;3.626
802;796;3.922
802;804;3.309
802;805;3.193
802;806;3.729
803;796;3.42
804;802;3.309
805;802;3.193
806;802;3.729
806;810;3.2
807;721;3.479
808;717;3.638
808;801;3.903
808;811;3.044
809;801;3.626
810;726;3.85
810;728;3.908
810;806;3.2
811;726;3.887
811;808;3.044
812;815;3.696
813;726;4.011
813;729;2.727
813;815;3.508
814;816;3.065
815;726;3.748
815;733;2.669
815;812;3.696
815;813;3.508
816;814;3.065
816;817;2.874
817;816;2.874
818;820;3.077
819;821;3.789
819;826;3.435
820;818;3.077
821;819;3.789
821;825;4.04
821;826;3.094
822;825;3.78
823;825;2.982
824;827;3.035
825;821;4.04
825;822;3.78
825;823;2.982
826;819;3.435
826;821;3.094
826;829;3.787
827;824;3.035
827;828;2.836
827;829;2.809
828;827;2.836
829;826;3.787
829;827;2.809
830;714;2.959
830;715;3.889
831;714;3.65
831;833;3.048
832;839;4.126
832;842;3.944
833;715;2.776
833;831;3.048
833;835;3.743
834;715;2.776
835;833;3.743
836;838;2.963
837;840;2.718
837;913;2.701
838;836;2.963
839;832;4.126
839;841;2.953
839;843;2.811
839;844;2.864
840;837;2.718
841;839;2.953
841;843;3.856
842;832;3.944
843;839;2.811
843;841;3.856
844;839;2.864
845;847;3.54
845;848;3.859
846;849;2.786
847;845;3.54
848;845;3.859
848;852;3.795
849;846;2.786
849;852;2.69
849;908;2.869
849;909;2.812
850;853;3.046
851;856;3.802
851;902;3.935
851;905;3.406
851;906;3.567
852;848;3.795
852;849;2.69
852;909;3.951
853;850;3.046
853;856;2.877
853;857;2.943
854;858;3.043
855;858;3.457
855;859;2.891
856;851;3.802
856;853;2.877
856;859;3.242
856;860;2.967
857;853;2.943
857;860;3.411
857;861;3.19
857;965;3.148
858;854;3.043
858;855;3.457
858;861;3.452
858;862;3.024
859;855;2.891
859;856;3.242
859;862;3.283
859;863;2.924
860;856;2.967
860;857;3.411
860;863;3.378
860;864;2.961
860;899;3.763
860;902;3.753
861;857;3.19
861;858;3.452
861;864;3.356
861;865;2.951
861;965;3.425
862;858;3.024
862;859;3.283
862;865;3.243
862;866;2.976
863;859;2.924
863;860;3.378
863;867;2.956
863;899;4.004
864;860;2.961
864;861;3.356
864;868;2.892
864;895;3.936
864;899;3.438
864;958;3.693
864;962;3.778
865;861;2.951
865;862;3.243
865;868;3.153
865;869;2.978
866;862;2.976
866;869;3.079
866;870;3.003
867;863;2.956
867;870;3.426
867;871;2.954
867;958;3.652
868;864;2.892
868;865;3.153
868;872;2.982
869;865;2.978
869;866;3.079
869;872;3.42
869;873;2.948
870;866;3.003
870;867;3.426
870;873;2.972
870;874;3.245
871;867;2.954
871;956;3.929
872;868;2.982
872;869;3.42
872;876;3.699
872;1296;3.866
873;869;2.948
873;870;2.972
873;876;3.068
873;877;3.024
873;880;3.545
873;884;3.814
873;888;3.953
874;870;3.245
874;881;2.735
874;949;2.64
875;878;3.351
875;881;2.669
875;1299;3.382
875;1353;3.05
876;872;3.699
876;873;3.068
876;1319;3.777
877;873;3.024
877;880;2.959
877;881;3.03
878;875;3.351
878;881;3.158
878;882;3.005
879;882;2.641
880;873;3.545
880;877;2.959
880;883;3.273
880;884;2.961
881;874;2.735
881;875;2.669
881;877;3.03
881;878;3.158
881;884;3.032
881;885;3.011
881;1352;3.951
881;1353;3.418
882;878;3.005
882;879;2.641
882;1354;3.451
883;880;3.273
884;873;3.814
884;880;2.961
884;881;3.032
884;887;3.102
884;888;3.037
885;881;3.011
885;888;3.423
885;889;2.759
886;890;3.023
887;884;3.102
887;890;3.37
887;891;2.985
888;873;3.953
888;884;3.037
888;885;3.423
888;891;3.017
888;892;3.233
889;885;2.759
889;892;3.026
889;893;3.044
889;949;2.756
890;886;3.023
890;887;3.37
890;893;2.903
890;894;2.934
891;887;2.985
891;888;3.017
891;895;2.966
892;888;3.233
892;889;3.026
892;896;2.971
892;952;4.024
892;955;3.814
893;889;3.044
893;890;2.903
893;896;3.411
893;897;3.045
894;890;2.934
894;897;3.488
894;898;2.988
895;864;3.936
895;891;2.966
895;898;3.236
895;899;2.939
895;955;4.012
895;958;3.631
896;892;2.971
896;893;3.411
896;900;2.982
896;955;3.687
897;893;3.045
897;894;3.488
897;901;3.019
898;894;2.988
898;895;3.236
898;901;4.01
898;902;2.942
899;860;3.763
899;863;4.004
899;864;3.438
899;895;2.939
899;903;3.014
899;961;3.673
900;896;2.982
900;903;3.367
900;904;2.961
900;928;3.902
900;932;3.727
901;897;3.019
901;898;4.01
901;904;3.379
901;905;2.94
902;851;3.935
902;860;3.753
902;898;2.942
902;906;2.74
902;961;3.6
903;899;3.014
903;900;3.367
903;906;3.381
903;907;2.925
903;925;3.815
904;900;2.961
904;901;3.379
904;907;3.373
904;908;3.009
905;851;3.406
905;901;2.94
905;908;3.982
905;909;2.967
906;851;3.567
906;902;2.74
906;903;3.381
906;909;3.43
906;910;3.053
906;915;3.659
906;921;4.041
906;924;2.672
907;903;2.925
907;904;3.373
907;910;3.032
907;911;2.92
907;912;3.74
907;915;3.855
908;849;2.869
908;904;3.009
908;905;3.982
909;849;2.812
909;852;3.951
909;905;2.967
909;906;3.43
910;906;3.053
910;907;3.032
910;914;2.931
910;915;4.024
910;918;3.74
910;921;3.606
911;907;2.92
911;914;2.963
911;915;2.992
912;907;3.74
912;915;3.286
912;916;2.986
913;837;2.701
913;916;3.051
913;917;2.899
914;910;2.931
914;911;2.963
915;906;3.659
915;907;3.855
915;910;4.024
915;911;2.992
915;912;3.286
915;918;3.043
915;921;3.76
915;925;3.827
916;912;2.986
916;913;3.051
916;922;3.578
917;913;2.899
918;910;3.74
918;915;3.043
918;921;3.072
918;922;2.912
919;923;2.979
920;923;3.373
920;924;2.994
920;970;4.02
920;973;3.975
921;906;4.041
921;910;3.606
921;915;3.76
921;918;3.072
921;924;3.217
921;925;2.991
922;916;3.578
922;918;2.912
922;925;5.608
922;926;2.96
923;919;2.979
923;920;3.373
923;926;3.314
924;906;2.672
924;920;2.994
924;921;3.217
924;961;2.953
924;964;2.796
925;903;3.815
925;915;3.827
925;921;2.991
925;922;5.608
925;928;3.037
925;929;2.972
926;922;2.96
926;923;3.314
926;930;3.024
927;961;3.738
928;900;3.902
928;925;3.037
928;931;3.294
928;932;3.093
929;925;2.972
929;932;2.825
929;933;2.909
930;926;3.024
930;934;2.962
930;954;3.729
931;928;3.294
931;934;3.907
931;935;3.058
931;955;2.803
932;900;3.727
932;928;3.093
932;929;2.825
932;935;3.322
932;936;2.987
933;929;2.909
933;936;3.187
933;937;2.988
934;930;2.962
934;931;3.907
934;937;3.459
934;938;2.99
935;931;3.058
935;932;3.322
935;938;3.256
935;939;2.979
935;948;3.678
936;932;2.987
936;933;3.187
936;939;3.299
936;940;2.943
937;933;2.988
937;934;3.459
937;940;3.148
937;941;2.973
938;934;2.99
938;935;3.256
938;943;3.033
938;947;3.432
938;948;3.53
938;951;3.61
939;935;2.979
939;936;3.299
939;942;2.993
940;936;2.943
940;937;3.148
941;937;2.973
942;939;2.993
943;938;3.033
944;947;3.832
944;948;3.166
945;948;3.99
945;949;3.017
946;949;2.711
946;950;3.215
947;938;3.432
947;944;3.832
947;951;3.013
948;935;3.678
948;938;3.53
948;944;3.166
948;945;3.99
948;952;2.979
949;874;2.64
949;889;2.756
949;945;3.017
