source;destination;distance
0;3;2.781
1;47;3.595
2;7;3.564
2;48;3.666
3;0;2.781
4;7;3.247
4;8;2.971
5;9;2.974
6;10;2.972
7;2;3.564
7;4;3.247
7;10;3.118
7;11;2.968
7;43;3.98
7;47;3.748
8;4;2.971
8;11;3.443
8;12;2.977
9;5;2.974
9;13;2.932
10;6;2.972
10;7;3.118
10;14;2.945
11;7;2.968
11;8;3.443
11;14;3.427
11;15;3.011
11;44;3.617
12;8;2.977
12;16;2.978
12;104;4.004
13;9;2.932
13;16;3.366
13;17;2.938
14;10;2.945
14;11;3.427
14;18;3.015
14;37;3.623
14;40;4.014
15;11;3.011
15;19;2.979
15;37;3.747
15;99;3.954
15;100;3.554
16;12;2.978
16;13;3.366
16;19;3.138
16;20;3.088
17;13;2.938
17;20;3.29
17;21;2.978
18;14;3.015
18;22;2.967
18;37;3.16
18;96;3.62
19;15;2.979
19;16;3.138
19;22;3.167
19;97;3.499
19;595;3.503
20;16;3.088
20;17;3.29
21;17;2.978
21;24;2.982
21;30;3.598
21;33;3.411
22;18;2.967
22;19;3.167
22;93;4.025
23;595;3.706
24;21;2.982
24;27;4.029
25;602;3.255
25;629;3.699
25;630;3.249
26;30;3.827
27;24;4.029
27;30;2.854
28;31;2.732
28;32;3.015
29;32;3.294
29;33;2.974
30;21;3.598
30;26;3.827
30;27;2.854
30;33;3.393
30;34;2.995
31;28;2.732
31;34;3.47
31;35;3.001
32;28;3.015
32;29;3.294
32;36;2.986
33;21;3.411
33;29;2.974
33;30;3.393
33;36;3.256
33;37;2.941
34;30;2.995
34;31;3.47
34;37;3.366
34;38;2.938
34;93;2.8
34;96;3.181
35;31;3.001
35;38;3.381
35;39;2.969
35;81;3.728
36;32;2.986
36;33;3.256
36;39;3.336
36;40;3.005
37;14;3.623
37;15;3.747
37;18;3.16
37;33;2.941
37;34;3.366
37;40;2.989
37;41;2.866
37;96;3.441
38;34;2.938
38;35;3.381
38;41;3.996
38;42;2.986
38;80;2.771
39;35;2.969
39;36;3.336
39;42;3.167
39;43;2.983
40;14;4.014
40;36;3.005
40;37;2.989
40;43;3.494
40;44;2.912
41;37;2.866
41;38;3.996
41;45;2.95
41;73;3.46
41;99;3.506
42;38;2.986
42;39;3.167
42;45;3.277
42;46;2.971
43;7;3.98
43;39;2.983
43;40;3.494
43;46;3.415
43;47;3.056
44;11;3.617
44;40;2.912
44;47;3.262
44;48;2.811
44;99;2.647
45;41;2.95
45;42;3.277
45;49;2.989
45;56;3.954
45;73;3.915
46;42;2.971
46;43;3.415
46;50;3.075
46;51;3.942
47;1;3.595
47;7;3.748
47;43;3.056
47;44;3.262
48;2;3.666
48;44;2.811
48;66;3.201
48;69;2.668
49;45;2.989
49;56;3.98
49;59;3.842
49;66;3.667
50;46;3.075
50;55;3.682
51;46;3.942
52;55;3.1
52;58;3.465
53;56;2.979
54;57;2.995
55;50;3.682
55;52;3.1
55;58;2.998
56;45;3.954
56;49;3.98
56;53;2.979
56;59;3.047
56;70;3.919
57;54;2.995
57;60;3.022
58;52;3.465
58;55;2.998
58;61;3.031
59;49;3.842
59;56;3.047
59;62;2.982
59;63;3.791
59;66;3.509
59;67;3.974
59;70;3.737
60;57;3.022
61;58;3.031
62;59;2.982
63;59;3.791
63;66;3.44
63;67;2.928
64;67;3.43
64;68;3.039
65;68;3.019
65;69;3.054
65;102;3.414
65;108;3.231
65;111;3.772
66;48;3.201
66;49;3.667
66;59;3.509
66;63;3.44
66;69;3.814
66;70;2.984
67;59;3.974
67;63;2.928
67;64;3.43
67;70;3.393
67;71;2.942
68;64;3.039
68;65;3.019
68;72;3.002
68;101;3.967
69;48;2.668
69;65;3.054
69;66;3.814
69;72;3.464
69;73;2.937
69;99;3.162
69;102;2.732
70;56;3.919
70;59;3.737
70;66;2.984
70;67;3.393
70;73;3.18
70;74;2.98
71;67;2.942
71;74;3.401
71;75;2.985
72;68;3.002
72;69;3.464
72;76;2.935
72;95;3.523
73;41;3.46
73;45;3.915
73;69;2.937
73;70;3.18
73;76;3.453
73;77;2.901
74;70;2.98
74;71;3.401
74;77;3.372
74;78;3.009
75;71;2.985
75;78;3.461
75;79;2.982
75;89;3.518
75;92;3.316
76;72;2.935
76;73;3.453
76;79;3.0
76;80;2.865
77;73;2.901
77;74;3.372
77;81;2.958
78;74;3.009
78;75;3.461
78;82;3.008
79;75;2.982
79;76;3.0
79;83;3.976
79;89;2.739
80;38;2.771
80;76;2.865
80;83;3.195
80;96;3.599
81;35;3.728
81;77;2.958
82;78;3.008
82;84;2.991
83;79;3.976
83;80;3.195
83;90;2.905
83;93;3.552
84;82;2.991
85;89;3.769
86;89;3.149
87;90;2.893
87;91;3.178
87;604;3.898
88;91;3.123
89;75;3.518
89;79;2.739
89;85;3.769
89;86;3.149
89;92;2.999
90;83;2.905
90;87;2.893
91;87;3.178
91;88;3.123
91;94;3.017
91;603;3.455
91;604;3.876
92;75;3.316
92;89;2.999
92;95;2.863
93;22;4.025
93;34;2.8
93;83;3.552
93;96;2.913
94;91;3.017
94;97;2.872
94;98;3.491
94;596;3.95
94;599;3.628
94;600;3.675
95;72;3.523
95;92;2.863
95;98;3.852
95;99;3.005
95;596;4.032
96;18;3.62
96;34;3.181
96;37;3.441
96;80;3.599
96;93;2.913
96;99;3.212
97;19;3.499
97;94;2.872
97;100;3.011
98;94;3.491
98;95;3.852
98;101;2.905
98;596;3.95
99;15;3.954
99;41;3.506
99;44;2.647
99;69;3.162
99;95;3.005
99;96;3.212
99;102;2.945
100;15;3.554
100;97;3.011
100;103;2.993
100;104;3.007
100;107;3.592
100;592;3.523
101;68;3.967
101;98;2.905
101;111;3.886
102;65;3.414
102;69;2.732
102;99;2.945
102;108;2.813
103;100;2.993
104;12;4.004
104;100;3.007
104;107;3.091
104;108;2.982
105;108;3.363
105;109;2.949
106;110;3.125
106;585;3.43
107;100;3.592
107;104;3.091
107;110;3.409
107;111;3.0
107;589;3.703
108;65;3.231
108;102;2.813
108;104;2.982
108;105;3.363
108;111;3.441
108;112;2.979
109;105;2.949
109;112;3.253
109;113;3.033
110;106;3.125
110;107;3.409
110;113;3.133
110;114;3.004
110;585;3.335
111;65;3.772
111;101;3.886
111;107;3.0
111;108;3.441
111;114;3.254
111;115;3.027
112;108;2.979
112;109;3.253
112;115;3.383
112;116;3.006
113;109;3.033
113;110;3.133
113;116;3.27
113;117;3.043
114;110;3.004
114;111;3.254
114;117;3.01
114;118;3.225
114;674;3.776
115;111;3.027
115;112;3.383
115;118;2.959
116;112;3.006
116;113;3.27
116;119;3.117
116;260;3.815
117;113;3.043
117;114;3.01
117;120;3.136
117;121;3.009
118;114;3.225
118;115;2.959
118;122;3.004
119;116;3.117
119;122;3.401
119;264;2.75
120;117;3.136
120;260;3.814
120;263;2.659
120;264;2.802
121;117;3.009
121;124;3.276
121;125;2.933
121;257;4.015
122;118;3.004
122;119;3.401
122;126;2.986
123;126;3.174
123;127;3.092
123;1225;3.481
123;1226;2.971
124;121;3.276
124;127;3.458
124;128;3.165
124;249;3.562
124;253;3.891
124;1229;3.794
125;121;2.933
125;128;3.316
125;129;2.926
126;122;2.986
126;123;3.174
126;129;3.339
126;130;2.984
127;123;3.092
127;124;3.458
127;131;2.965
127;1226;3.958
127;1229;3.864
128;124;3.165
128;125;3.316
128;131;3.299
128;132;2.889
128;249;3.264
129;125;2.926
129;126;3.339
129;132;3.48
129;133;3.009
130;126;2.984
130;133;3.455
130;134;2.94
130;1127;4.141
130;1216;3.675
130;1219;3.417
130;1220;3.792
131;127;2.965
131;128;3.299
131;134;3.496
131;135;2.875
132;128;2.889
132;129;3.48
132;136;2.971
132;209;3.744
132;212;4.025
133;129;3.009
133;130;3.455
133;136;3.162
133;137;3.003
134;130;2.94
134;131;3.496
134;137;3.247
134;138;2.974
134;1127;3.74
134;1216;3.757
135;131;2.875
135;139;2.946
135;212;3.579
135;238;3.696
135;242;3.845
135;245;3.633
136;132;2.971
136;133;3.162
136;140;2.943
136;205;3.785
136;209;3.907
137;133;3.003
137;134;3.247
137;140;3.237
137;141;3.124
137;205;3.827
137;1213;3.868
138;134;2.974
138;141;3.16
138;142;3.468
138;238;3.58
138;1210;3.672
138;1213;3.891
139;135;2.946
139;142;3.394
139;143;2.951
139;202;3.617
140;136;2.943
140;137;3.237
140;144;3.845
140;203;3.836
140;204;3.618
140;205;3.912
141;137;3.124
141;138;3.16
141;1210;3.607
141;1213;3.374
142;138;3.468
142;139;3.394
142;1206;3.701
142;1210;3.474
143;139;2.951
143;225;2.908
143;235;3.448
143;238;3.637
143;239;3.852
144;140;3.845
144;203;3.982
145;150;2.737
146;192;3.045
146;196;3.762
146;197;3.713
146;198;3.86
147;150;2.943
147;151;3.85
147;193;3.913
147;196;2.885
148;196;2.788
148;199;3.654
148;203;2.648
149;153;4.019
149;154;2.854
149;155;3.588
150;145;2.737
150;147;2.943
150;193;2.864
151;147;3.85
151;188;3.693
151;191;2.865
152;188;3.785
152;191;3.134
153;149;4.019
153;186;2.721
154;149;2.854
155;149;3.588
156;160;3.894
157;160;3.966
158;160;3.606
159;162;3.756
159;182;3.708
160;156;3.894
160;157;3.966
160;158;3.606
161;172;3.72
161;181;3.277
161;182;2.774
162;159;3.756
162;171;4.039
163;171;3.038
164;166;3.623
164;171;3.952
165;169;2.835
166;164;3.623
166;171;2.883
167;171;3.327
168;174;2.699
169;165;2.835
169;174;3.576
170;173;3.156
170;174;2.876
170;180;3.39
170;182;3.764
171;162;4.039
171;163;3.038
171;164;3.952
171;166;2.883
171;167;3.327
172;161;3.72
173;170;3.156
174;168;2.699
174;169;3.576
174;170;2.876
174;176;3.078
174;178;3.269
175;176;3.714
176;174;3.078
176;175;3.714
177;179;2.999
178;174;3.269
178;180;3.044
179;177;2.999
179;184;3.769
179;185;3.878
180;170;3.39
180;178;3.044
180;183;3.278
181;161;3.277
182;159;3.708
182;161;2.774
182;170;3.764
183;180;3.278
184;179;3.769
185;179;3.878
186;153;2.721
187;985;4.034
187;987;3.666
188;151;3.693
188;152;3.785
189;989;4.152
190;193;3.876
190;986;3.857
191;151;2.865
191;152;3.134
191;193;2.989
192;146;3.045
193;147;3.913
193;150;2.864
193;190;3.876
193;191;2.989
194;197;3.328
195;984;2.836
195;986;3.484
196;146;3.762
196;147;2.885
196;148;2.788
196;199;3.175
197;146;3.713
197;194;3.328
197;228;3.316
197;229;3.939
198;146;3.86
199;148;3.654
199;196;3.175
199;202;3.014
199;203;3.021
199;207;3.577
200;207;3.45
201;207;3.383
201;225;3.478
202;139;3.617
202;199;3.014
202;208;3.452
202;211;3.544
202;225;3.102
202;239;3.97
203;140;3.836
203;144;3.982
203;148;2.648
203;199;3.021
204;140;3.618
204;207;2.763
204;208;2.994
205;136;3.785
205;137;3.827
205;140;3.912
205;208;3.433
205;209;2.951
206;210;2.99
207;199;3.577
207;200;3.45
207;201;3.383
207;204;2.763
207;210;3.284
207;211;2.955
208;202;3.452
208;204;2.994
208;205;3.433
208;211;3.281
208;212;2.953
209;132;3.744
209;136;3.907
209;205;2.951
209;213;2.937
210;206;2.99
210;207;3.284
210;213;3.086
210;214;2.969
210;662;3.729
211;202;3.544
211;207;2.955
211;208;3.281
211;214;3.281
211;215;2.934
212;132;4.025
212;135;3.579
212;208;2.953
212;215;3.443
212;216;2.95
213;209;2.937
213;210;3.086
213;216;3.193
213;217;2.949
213;666;3.502
213;669;4.078
213;670;3.932
214;210;2.969
214;211;3.281
214;218;2.971
214;219;2.813
214;220;3.797
214;645;3.738
215;211;2.934
215;212;3.443
215;218;3.094
215;221;3.766
215;239;3.846
215;242;3.719
215;243;3.711
216;212;2.95
216;213;3.193
217;213;2.949
217;669;3.634
218;214;2.971
218;215;3.094
218;1291;3.155
218;1293;3.037
219;214;2.813
219;644;3.786
219;645;3.424
220;214;3.797
220;223;2.98
220;224;3.043
220;645;5.641
220;1288;3.648
220;1298;3.945
221;215;3.766
221;225;3.083
221;226;3.12
221;239;3.648
221;240;3.862
221;243;3.315
221;1284;3.387
221;1287;6.275
221;1288;3.361
222;226;3.139
222;227;2.896
222;1284;3.693
222;1288;3.584
222;1323;3.409
222;1324;2.793
222;1325;3.276
223;220;2.98
223;227;3.742
223;1298;3.6
223;1325;3.324
224;220;3.043
224;227;3.182
225;143;2.908
225;201;3.478
225;202;3.102
225;221;3.083
225;235;3.05
225;239;3.949
226;221;3.12
226;222;3.139
226;229;2.923
226;236;3.312
226;1284;3.168
226;1323;3.423
227;222;2.896
227;223;3.742
227;224;3.182
227;1274;3.606
227;1322;3.709
227;1323;3.337
227;1325;3.921
228;197;3.316
229;197;3.939
229;226;2.923
229;231;2.961
229;232;3.143
229;235;3.455
230;232;3.079
230;1281;3.713
230;1319;2.815
230;1322;3.58
231;229;2.961
231;235;3.018
232;229;3.143
232;230;3.079
232;235;2.979
232;236;2.945
232;1320;3.793
232;1321;3.732
233;236;3.399
233;237;2.947
233;1318;2.894
233;1320;2.705
234;1203;3.774
234;1206;3.772
234;1207;3.273
234;1320;2.975
235;143;3.448
235;225;3.05
235;229;3.455
235;231;3.018
235;232;2.979
235;238;3.043
235;239;3.439
236;226;3.312
236;232;2.945
236;233;3.399
236;239;3.347
236;240;2.942
236;1284;3.406
236;1321;3.976
236;1322;3.892
237;233;2.947
237;241;2.978
238;135;3.696
238;138;3.58
238;143;3.637
238;235;3.043
238;241;3.123
238;242;2.972
239;143;3.852
239;202;3.97
239;215;3.846
239;221;3.648
239;225;3.949
239;235;3.439
239;236;3.347
239;242;3.223
239;243;2.999
240;221;3.862
240;236;2.942
240;243;3.122
240;244;2.972
240;1287;4.016
241;237;2.978
241;238;3.123
241;245;2.936
242;135;3.845
242;215;3.719
242;238;2.972
242;239;3.223
242;246;2.909
243;215;3.711
243;221;3.315
243;239;2.999
243;240;3.122
243;247;2.963
243;1287;3.412
244;240;2.972
244;248;2.946
244;1287;3.386
245;135;3.633
245;241;2.936
245;249;2.906
246;242;2.909
246;250;2.944
247;243;2.963
247;250;3.371
247;251;2.962
248;244;2.946
248;251;3.331
248;252;2.953
248;1233;3.45
248;1240;3.48
249;124;3.562
249;128;3.264
249;245;2.906
249;252;3.224
249;253;2.907
250;246;2.944
250;247;3.371
250;253;3.198
250;254;2.929
251;247;2.962
251;248;3.331
251;254;3.792
251;255;3.0
251;1351;3.794
252;248;2.953
252;249;3.224
252;255;3.585
252;256;2.964
252;1232;2.985
252;1233;3.509
252;1236;2.7
252;1351;3.986
252;1355;2.883
253;124;3.891
253;249;2.907
253;250;3.198
253;256;3.104
253;257;2.947
253;677;3.801
254;250;2.929
254;251;3.792
254;258;3.062
254;677;3.737
254;680;3.683
254;1348;3.566
255;251;3.0
255;252;3.585
255;258;3.394
255;259;2.897
255;1351;3.999
255;1352;3.855
255;1355;3.447
256;252;2.964
256;253;3.104
256;260;2.957
257;121;4.015
257;253;2.947
257;260;3.325
257;261;3.063
257;681;3.775
258;254;3.062
258;255;3.394
258;261;3.199
258;262;3.072
258;680;3.678
258;681;3.963
258;684;3.414
258;1352;3.468
259;255;2.897
259;263;2.887
259;1356;3.879
260;116;3.815
260;120;3.814
260;256;2.957
260;257;3.325
260;264;2.972
261;257;3.063
261;258;3.199
261;265;3.081
261;681;3.652
262;258;3.072
262;265;2.932
262;266;2.914
262;688;6.242
262;1356;3.873
263;120;2.659
263;259;2.887
263;267;3.639
264;119;2.75
264;120;2.802
264;260;2.972
264;274;2.84
265;261;3.081
265;262;2.932
265;274;2.75
265;275;3.085
266;262;2.914
266;273;3.582
266;277;3.673
266;279;3.911
267;263;3.639
267;272;3.375
267;273;2.785
268;697;3.898
269;271;3.387
269;697;3.723
270;277;3.688
271;269;3.387
271;273;3.462
272;267;3.375
273;266;3.582
273;267;2.785
273;271;3.462
273;277;3.182
274;264;2.84
274;265;2.75
275;265;3.085
275;277;3.512
276;278;3.846
277;266;3.673
277;270;3.688
277;273;3.182
277;275;3.512
277;279;3.017
278;276;3.846
278;281;3.049
278;285;3.486
279;266;3.911
279;277;3.017
280;282;2.91
280;284;3.559
280;285;3.423
280;695;3.488
281;278;3.049
282;280;2.91
282;285;2.889
282;695;3.639
283;286;3.035
283;295;2.767
283;296;2.76
283;297;2.827
284;280;3.559
284;287;2.931
284;288;2.601
284;709;2.874
285;278;3.486
285;280;3.423
285;282;2.889
286;283;3.035
286;298;2.881
287;284;2.931
287;291;3.526
287;293;3.264
287;294;2.795
287;295;2.777
288;284;2.601
289;291;3.07
290;707;2.673
291;287;3.526
291;289;3.07
292;711;4.018
293;287;3.264
294;287;2.795
295;283;2.767
295;287;2.777
296;283;2.76
297;283;2.827
297;299;3.537
297;310;2.771
298;286;2.881
299;297;3.537
300;691;2.903
300;692;3.393
300;1073;3.623
300;1077;3.743
301;1074;3.243
301;1077;3.676
301;1078;3.834
302;309;3.165
302;310;4.027
303;305;3.685
303;309;3.654
304;308;2.686
305;303;3.685
305;947;3.746
306;943;3.404
307;308;2.752
308;304;2.686
308;307;2.752
309;302;3.165
309;303;3.654
309;311;3.077
310;297;2.771
310;302;4.027
310;317;3.102
311;309;3.077
311;317;3.215
312;314;2.911
312;317;3.985
313;720;2.693
314;312;2.911
314;317;3.799
315;323;2.962
315;324;2.87
316;318;3.016
317;310;3.102
317;311;3.215
317;312;3.985
317;314;3.799
318;316;3.016
318;327;2.652
319;323;3.901
319;725;2.778
320;328;3.487
321;723;2.685
322;325;3.03
322;326;2.746
322;328;2.679
323;315;2.962
323;319;3.901
323;723;2.842
323;725;2.692
324;315;2.87
325;322;3.03
326;322;2.746
326;331;3.264
327;318;2.652
327;330;2.953
327;331;2.963
328;320;3.487
328;322;2.679
329;332;2.865
330;327;2.953
331;326;3.264
331;327;2.963
332;329;2.865
333;438;3.972
333;439;2.824
333;440;2.913
334;438;3.399
335;434;3.809
336;434;3.076
336;435;3.897
337;434;2.812
338;434;2.6
339;349;3.721
339;432;3.669
339;434;3.873
340;343;2.958
340;344;3.734
341;386;3.985
342;346;3.368
343;340;2.958
344;340;3.734
345;348;2.788
345;431;3.92
346;342;3.368
347;350;3.588
348;345;2.788
348;431;2.987
349;339;3.721
349;432;2.96
349;433;3.291
349;435;2.681
350;347;3.588
351;356;3.748
351;357;3.885
352;355;2.927
352;357;3.066
353;358;2.975
354;366;3.616
354;367;3.626
355;352;2.927
356;351;3.748
357;351;3.885
357;352;3.066
358;353;2.975
358;359;2.996
359;358;2.996
359;362;2.981
359;367;3.948
360;363;2.981
361;364;3.036
361;365;3.043
361;367;3.691
361;369;4.016
362;359;2.981
362;365;3.118
363;360;2.981
364;361;3.036
364;370;2.841
365;361;3.043
365;362;3.118
365;368;3.589
366;354;3.616
367;354;3.626
367;359;3.948
367;361;3.691
368;365;3.589
369;361;4.016
370;364;2.841
371;375;3.564
372;389;2.853
373;390;2.825
373;395;3.481
374;377;2.976
375;371;3.564
375;379;3.928
376;378;2.994
376;379;3.264
376;380;2.767
376;383;2.88
377;374;2.976
378;376;2.994
379;375;3.928
379;376;3.264
380;376;2.767
380;383;3.513
380;384;2.784
381;383;2.955
381;385;3.341
382;385;3.249
383;376;2.88
383;380;3.513
383;381;2.955
384;380;2.784
385;381;3.341
385;382;3.249
386;341;3.985
387;391;2.831
387;392;3.217
388;391;2.959
389;372;2.853
390;373;2.825
390;393;2.971
390;394;3.031
391;387;2.831
391;388;2.959
392;387;3.217
393;390;2.971
394;390;3.031
395;373;3.481
396;397;3.018
397;396;3.018
398;399;2.822
399;398;2.822
400;402;2.85
401;402;2.802
401;407;3.632
401;408;3.838
402;400;2.85
402;401;2.802
402;407;2.822
403;406;2.814
404;407;4.024
405;407;2.981
406;403;2.814
407;401;3.632
407;402;2.822
407;404;4.024
407;405;2.981
408;401;3.838
408;409;2.998
409;408;2.998
410;412;2.937
411;413;2.95
412;410;2.937
413;411;2.95
413;414;3.024
414;413;3.024
415;416;3.779
415;418;3.62
416;415;3.779
417;429;3.569
418;415;3.62
419;420;3.678
419;424;3.391
420;419;3.678
420;424;3.675
421;422;3.032
422;421;3.032
423;426;2.904
423;429;3.501
424;419;3.391
424;420;3.675
425;427;3.06
426;423;2.904
426;428;3.004
426;429;3.006
427;425;3.06
427;430;3.71
428;426;3.004
429;417;3.569
429;423;3.501
429;426;3.006
430;427;3.71
431;345;3.92
431;348;2.987
431;435;3.635
431;436;3.262
432;339;3.669
432;349;2.96
433;349;3.291
434;335;3.809
434;336;3.076
434;337;2.812
434;338;2.6
434;339;3.873
435;336;3.897
435;349;2.681
435;431;3.635
436;431;3.262
437;438;3.089
438;333;3.972
438;334;3.399
438;437;3.089
439;333;2.824
439;444;3.283
439;445;3.567
440;333;2.913
441;444;2.992
442;445;3.021
442;446;3.289
443;447;4.039
443;448;2.779
443;449;2.893
444;439;3.283
444;441;2.992
445;439;3.567
445;442;3.021
446;442;3.289
447;443;4.039
448;443;2.779
449;443;2.893
450;451;2.904
451;450;2.904
452;455;2.741
453;456;3.884
454;457;3.13
455;452;2.741
456;453;3.884
457;454;3.13
457;460;3.042
457;463;3.12
457;464;2.746
458;459;3.962
458;460;3.585
458;516;3.287
458;517;2.749
459;458;3.962
459;516;3.654
460;457;3.042
460;458;3.585
460;463;2.958
460;464;3.103
461;464;2.997
462;513;3.65
463;457;3.12
463;460;2.958
464;457;2.746
464;460;3.103
464;461;2.997
464;467;2.955
464;468;3.155
465;469;2.963
466;470;2.963
467;464;2.955
467;470;3.213
467;471;3.015
468;464;3.155
468;471;3.419
468;472;2.931
468;565;2.681
468;566;4.022
469;465;2.963
469;472;3.207
469;473;2.979
470;466;2.963
470;467;3.213
470;474;3.052
471;467;3.015
471;468;3.419
471;474;3.324
471;475;2.979
471;506;3.985
471;510;3.828
471;562;3.921
472;468;2.931
472;469;3.207
472;475;3.013
472;476;3.086
472;566;2.728
472;567;3.595
473;469;2.979
473;476;3.46
473;477;3.006
474;470;3.052
474;471;3.324
474;478;2.986
474;503;3.671
475;471;2.979
475;472;3.013
475;478;3.086
475;479;3.066
475;507;3.305
475;560;3.865
475;562;3.863
475;563;3.836
476;472;3.086
476;473;3.46
476;479;3.123
476;480;3.424
476;563;3.797
477;473;3.006
477;480;3.318
477;481;3.014
478;474;2.986
478;475;3.086
478;481;3.279
478;482;2.993
478;503;3.189
478;559;3.079
479;475;3.066
479;476;3.123
479;483;3.041
479;560;3.636
479;961;3.91
480;476;3.424
480;477;3.318
480;483;3.29
480;484;2.988
481;477;3.014
481;478;3.279
481;484;3.048
481;485;2.946
481;496;3.538
482;478;2.993
482;485;3.039
482;559;3.776
482;560;3.604
482;965;3.994
483;479;3.041
483;480;3.29
484;480;2.988
484;481;3.048
484;488;3.546
485;481;2.946
485;482;3.039
485;489;2.92
485;496;3.994
485;500;3.512
486;489;2.971
486;1008;3.02
486;1009;3.011
487;490;2.967
487;491;3.044
488;484;3.546
488;492;3.01
489;485;2.92
489;486;2.971
489;493;2.819
490;487;2.967
490;493;2.743
491;487;3.044
492;488;3.01
492;495;3.038
492;496;2.934
493;489;2.819
493;490;2.743
493;497;2.976
494;497;3.279
494;498;3.032
495;492;3.038
495;498;3.922
495;499;2.963
496;481;3.538
496;485;3.994
496;492;2.934
496;499;3.332
496;500;2.924
497;493;2.976
497;494;3.279
497;500;3.377
497;501;3.033
498;494;3.032
498;495;3.922
498;502;2.964
499;495;2.963
499;496;3.332
499;502;3.489
499;503;2.97
500;485;3.512
500;496;2.924
500;497;3.377
500;503;3.374
500;504;3.088
500;559;3.254
501;497;3.033
501;504;3.351
501;505;3.011
501;543;3.785
501;544;3.37
502;498;2.964
502;499;3.489
502;505;3.016
502;506;3.085
503;474;3.671
503;478;3.189
503;499;2.97
503;500;3.374
503;506;3.07
503;507;3.366
504;500;3.088
504;501;3.351
504;507;2.932
504;539;2.836
504;540;3.76
504;543;3.82
505;501;3.011
505;502;3.016
505;508;2.868
506;471;3.985
506;502;3.085
506;503;3.07
506;509;3.057
506;510;3.246
507;475;3.305
507;503;3.366
507;504;2.932
507;511;2.988
507;536;3.682
507;540;3.908
507;562;3.419
508;505;2.868
508;511;3.415
508;512;3.032
508;540;3.487
509;506;3.057
509;513;3.06
510;471;3.828
510;506;3.246
510;513;3.404
510;514;2.947
510;562;2.743
510;565;2.724
511;507;2.988
511;508;3.415
511;515;3.002
511;536;3.691
512;508;3.032
512;515;3.134
512;516;3.078
513;462;3.65
513;509;3.06
513;510;3.404
513;517;2.989
514;510;2.947
514;517;3.034
514;518;3.031
514;522;2.683
514;523;3.61
514;529;2.776
515;511;3.002
515;512;3.134
515;523;3.716
515;524;3.976
516;458;3.287
516;459;3.654
516;512;3.078
517;458;2.749
517;513;2.989
517;514;3.034
518;514;3.031
518;522;3.781
519;522;2.911
519;523;2.922
520;524;2.986
521;525;2.845
522;514;2.683
522;518;3.781
522;519;2.911
522;525;3.075
522;526;2.917
523;514;3.61
523;515;3.716
523;519;2.922
523;529;3.211
523;533;2.959
524;515;3.976
524;520;2.986
525;521;2.845
525;522;3.075
526;522;2.917
526;529;2.967
526;530;3.043
527;530;3.966
527;531;3.015
528;532;2.999
528;570;2.932
528;573;3.855
529;514;2.776
529;523;3.211
529;526;2.967
529;533;2.96
530;526;3.043
530;527;3.966
530;533;3.406
530;534;2.989
531;527;3.015
531;534;3.438
531;535;3.017
532;528;2.999
532;535;3.213
532;536;2.907
532;562;2.644
532;565;3.862
533;523;2.959
533;529;2.96
533;530;3.406
533;537;3.002
534;530;2.989
534;531;3.438
534;537;3.191
534;538;3.086
535;531;3.017
535;532;3.213
535;539;3.008
536;507;3.682
536;511;3.691
536;532;2.907
536;540;2.939
536;562;3.751
537;533;3.002
537;534;3.191
537;541;2.989
538;534;3.086
538;542;3.2
538;555;3.566
539;504;2.836
539;535;3.008
539;543;3.407
539;559;3.088
540;504;3.76
540;507;3.908
540;508;3.487
540;536;2.939
540;543;3.152
540;544;2.91
541;537;2.989
541;544;3.301
541;545;3.04
542;538;3.2
542;546;3.0
542;547;3.068
542;556;3.844
543;501;3.785
543;504;3.82
543;539;3.407
543;540;3.152
543;547;3.73
543;556;3.933
544;501;3.37
544;540;2.91
544;541;3.301
545;541;3.04
546;542;3.0
546;548;2.944
547;542;3.068
547;543;3.73
547;553;2.839
548;546;2.944
548;553;3.299
549;552;2.796
550;553;3.256
550;554;2.935
551;554;3.239
551;555;2.964
551;1048;3.8
552;549;2.796
552;555;3.115
552;556;3.079
553;547;2.839
553;548;3.299
553;550;3.256
553;556;2.965
554;550;2.935
554;551;3.239
554;557;2.88
554;969;3.125
555;538;3.566
555;551;2.964
555;552;3.115
555;558;2.981
556;542;3.844
556;543;3.933
556;552;3.079
556;553;2.965
556;559;3.055
557;554;2.88
557;560;3.197
557;962;3.748
557;965;3.848
558;555;2.981
558;561;2.906
558;962;3.854
559;478;3.079
559;482;3.776
559;500;3.254
559;539;3.088
559;556;3.055
559;562;2.977
560;475;3.865
560;479;3.636
560;482;3.604
560;557;3.197
560;563;2.93
560;958;3.781
560;962;3.531
561;558;2.906
561;564;2.781
561;959;3.368
561;962;3.47
562;471;3.921
562;475;3.863
562;507;3.419
562;510;2.743
562;532;2.644
562;536;3.751
562;559;2.977
562;565;2.971
563;475;3.836
563;476;3.797
563;560;2.93
563;566;2.974
563;567;2.948
563;569;3.883
563;958;3.555
564;561;2.781
565;468;2.681
565;510;2.724
565;532;3.862
565;562;2.971
566;468;4.022
566;472;2.728
566;563;2.974
567;472;3.595
567;563;2.948
567;569;3.937
567;570;3.024
568;571;3.049
568;572;2.923
568;951;3.178
569;563;3.883
569;567;3.937
569;572;3.189
569;573;3.012
569;955;3.499
570;528;2.932
570;567;3.024
570;573;3.812
570;574;3.054
571;568;3.049
571;574;3.5
571;575;2.977
572;568;2.923
572;569;3.189
572;575;3.292
572;576;2.952
572;952;4.018
572;955;3.628
573;528;3.855
573;569;3.012
573;570;3.812
573;577;3.058
574;570;3.054
574;571;3.5
574;577;3.35
574;578;2.816
575;571;2.977
575;572;3.292
575;578;3.311
575;579;2.934
576;572;2.952
576;579;3.203
576;580;3.078
576;1062;3.592
577;573;3.058
577;574;3.35
577;580;3.004
578;574;2.816
578;575;3.311
578;581;3.003
579;575;2.934
579;576;3.203
579;582;3.085
579;583;3.084
579;683;3.769
579;1062;3.49
579;1066;3.586
580;576;3.078
580;577;3.004
580;584;2.97
580;1062;3.891
581;578;3.003
581;584;3.038
582;579;3.085
582;683;3.906
583;579;3.084
583;586;3.277
583;587;2.875
583;679;3.557
583;1062;3.81
584;580;2.97
584;581;3.038
584;588;3.055
585;106;3.43
585;110;3.335
585;588;3.201
585;589;3.286
586;583;3.277
586;589;3.081
586;590;3.027
586;678;3.445
586;679;3.872
587;583;2.875
587;591;2.924
588;584;3.055
588;585;3.201
588;591;3.308
588;592;3.054
589;107;3.703
589;585;3.286
589;586;3.081
589;592;3.46
589;593;3.031
590;586;3.027
590;593;3.474
590;594;2.963
590;641;3.891
590;675;4.032
591;587;2.924
591;588;3.308
591;595;2.979
592;100;3.523
592;588;3.054
592;589;3.46
592;595;3.263
592;596;2.999
593;589;3.031
593;590;3.474
593;596;3.306
593;597;2.949
593;671;3.722
594;590;2.963
594;597;3.489
594;598;2.928
594;634;3.495
594;637;3.786
595;19;3.503
595;23;3.706
595;591;2.979
595;592;3.263
595;598;3.266
595;599;3.001
595;630;3.452
596;94;3.95
596;95;4.032
596;98;3.95
596;592;2.999
596;593;3.306
596;599;3.267
596;600;2.995
597;593;2.949
597;594;3.489
597;601;2.96
597;637;3.778
597;667;4.073
597;668;3.539
597;671;3.877
598;594;2.928
598;595;3.266
598;601;3.254
598;602;2.991
598;630;3.798
598;633;3.968
598;634;3.991
599;94;3.628
599;595;3.001
599;596;3.267
599;603;3.315
600;94;3.675
600;596;2.995
600;603;3.334
600;604;3.023
601;597;2.96
601;598;3.254
601;605;3.005
601;606;2.815
601;627;3.796
602;25;3.255
602;598;2.991
602;606;3.049
602;607;3.154
602;629;3.964
603;91;3.455
603;599;3.315
603;600;3.334
604;87;3.898
604;91;3.876
604;600;3.023
604;607;2.81
605;601;3.005
605;608;3.012
605;609;3.564
605;623;3.503
605;627;4.11
605;661;3.395
605;664;3.99
606;601;2.815
606;602;3.049
606;623;3.755
607;602;3.154
607;604;2.81
608;605;3.012
608;620;4.134
608;623;2.972
609;605;3.564
609;621;3.089
609;623;2.963
609;649;3.82
609;650;3.424
609;657;2.792
609;661;3.509
610;619;2.641
610;620;3.328
610;650;3.741
610;651;2.936
611;614;3.009
611;615;2.849
611;616;2.813
611;617;2.749
612;650;4.079
612;651;2.777
612;653;3.807
613;616;3.819
614;611;3.009
614;619;4.02
615;611;2.849
616;611;2.813
616;613;3.819
617;611;2.749
618;624;3.569
618;625;3.146
619;610;2.641
619;614;4.02
620;608;4.134
620;610;3.328
620;624;3.499
621;609;3.089
621;624;3.156
621;625;3.125
621;648;2.855
621;649;3.563
622;625;3.034
622;626;2.843
622;647;3.922
623;605;3.503
623;606;3.755
623;608;2.972
623;609;2.963
623;627;3.684
623;649;3.59
624;618;3.569
624;620;3.499
624;621;3.156
624;628;3.513
625;618;3.146
625;621;3.125
625;622;3.034
625;1036;3.879
626;622;2.843
626;632;4.027
626;635;3.857
626;636;3.776
626;1031;3.73
627;601;3.796
627;605;4.11
627;623;3.684
627;632;3.631
627;636;3.645
627;649;4.046
628;624;3.513
628;1040;2.736
629;25;3.699
629;602;3.964
629;632;2.891
629;633;2.939
629;1043;2.868
630;25;3.249
630;595;3.452
630;598;3.798
630;633;3.416
630;634;2.943
631;634;3.221
631;635;2.996
631;1043;3.632
631;1046;3.853
631;1047;3.608
631;1050;3.958
632;626;4.027
632;627;3.631
632;629;2.891
632;635;3.257
632;636;2.981
632;1046;3.152
633;598;3.968
633;629;2.939
633;630;3.416
633;636;4.013
633;637;2.973
634;594;3.495
634;598;3.991
634;630;2.943
634;631;3.221
634;637;3.478
634;638;2.974
635;626;3.857
635;631;2.996
635;632;3.257
635;638;3.268
635;639;3.04
635;1031;4.036
635;1050;3.62
636;626;3.776
636;627;3.645
636;632;2.981
636;633;4.013
636;639;3.126
636;640;3.015
636;646;3.806
637;594;3.786
637;597;3.778
637;633;2.973
637;634;3.478
637;640;3.386
637;641;2.992
637;668;4.04
638;634;2.974
638;635;3.268
638;641;3.066
638;642;3.211
638;1023;3.941
638;1026;3.482
638;1050;3.689
638;1057;3.9
639;635;3.04
639;636;3.126
639;645;2.86
639;1027;3.512
640;636;3.015
640;637;3.386
640;643;2.973
640;665;3.405
640;668;3.572
640;669;3.957
641;590;3.891
641;637;2.992
641;638;3.066
641;672;3.818
642;638;3.211
642;1023;3.471
643;640;2.973
643;665;2.893
643;669;3.991
644;219;3.786
644;1023;3.808
644;1024;2.744
644;1025;2.838
645;214;3.738
645;219;3.424
645;220;5.641
645;639;2.86
645;665;3.867
645;1028;3.87
646;636;3.806
646;649;3.508
646;665;3.272
647;622;3.922
647;1028;3.525
648;621;2.855
649;609;3.82
649;621;3.563
649;623;3.59
649;627;4.046
649;646;3.508
649;658;3.249
649;661;3.437
650;609;3.424
650;610;3.741
650;612;4.079
650;654;3.36
650;658;2.945
651;610;2.936
651;612;2.777
651;658;3.615
652;983;3.379
653;612;3.807
654;650;3.36
654;657;2.774
654;658;3.076
655;659;2.949
656;659;3.272
656;660;3.007
657;609;2.792
657;654;2.774
657;660;3.234
657;661;3.094
658;649;3.249
658;650;2.945
658;651;3.615
658;654;3.076
658;661;3.409
658;662;2.913
659;655;2.949
659;656;3.272
659;662;3.313
659;663;3.012
660;656;3.007
660;657;3.234
660;663;3.462
660;664;3.352
661;605;3.395
661;609;3.509
661;649;3.437
661;657;3.094
661;658;3.409
661;664;3.427
661;665;2.936
662;210;3.729
662;658;2.913
662;659;3.313
662;665;3.223
662;666;2.962
663;659;3.012
663;660;3.462
663;666;3.409
663;667;3.019
664;605;3.99
664;660;3.352
664;661;3.427
664;667;3.311
664;668;2.989
665;640;3.405
665;643;2.893
665;645;3.867
665;646;3.272
665;661;2.936
665;662;3.223
665;668;3.302
665;669;2.985
666;213;3.502
666;662;2.962
666;663;3.409
666;669;3.429
666;670;2.997
667;597;4.073
667;663;3.019
667;664;3.311
667;670;3.497
667;671;3.007
668;597;3.539
668;637;4.04
668;640;3.572
668;664;2.989
668;665;3.302
668;672;2.952
669;213;4.078
669;217;3.634
669;640;3.957
669;643;3.991
669;665;2.985
669;666;3.429
669;673;2.933
670;213;3.932
670;666;2.997
670;667;3.497
670;673;3.4
670;674;3.024
671;593;3.722
671;597;3.877
671;667;3.007
671;674;3.411
671;675;2.991
672;641;3.818
672;668;2.952
672;675;3.176
672;676;2.932
673;669;2.933
673;670;3.4
673;676;3.282
673;677;2.981
674;114;3.776
674;670;3.024
674;671;3.411
674;678;3.018
675;590;4.032
675;671;2.991
675;672;3.176
675;678;3.39
675;679;2.927
676;672;2.932
676;673;3.282
676;679;3.141
676;680;3.07
677;253;3.801
677;254;3.737
677;673;2.981
677;680;3.465
677;681;3.011
678;586;3.445
678;674;3.018
678;675;3.39
678;682;2.922
679;583;3.557
679;586;3.872
679;675;2.927
679;676;3.141
679;682;3.377
679;683;3.125
679;1065;3.352
680;254;3.683
680;258;3.678
680;676;3.07
680;677;3.465
680;683;3.439
680;684;2.937
680;1065;3.563
680;1068;3.768
680;1348;6.379
681;257;3.775
681;258;3.963
681;261;3.652
681;677;3.011
681;684;3.484
681;685;2.967
682;678;2.922
682;679;3.377
682;686;3.068
683;579;3.769
683;582;3.906
683;679;3.125
683;680;3.439
683;686;3.316
683;687;3.009
683;1065;3.62
683;1066;3.685
683;1069;3.515
684;258;3.414
684;680;2.937
684;681;3.484
684;687;3.335
684;688;2.959
684;1072;3.458
685;681;2.967
685;688;3.297
685;689;3.035
686;682;3.068
686;683;3.316
686;689;3.054
686;690;3.033
687;683;3.009
687;684;3.335
687;690;2.975
687;1069;3.513
687;1073;3.55
688;262;6.242
688;684;2.959
688;685;3.297
688;693;3.559
688;1073;3.572
688;1076;3.447
689;685;3.035
689;686;3.054
689;693;3.766
690;686;3.033
690;687;2.975
691;300;2.903
691;1073;4.038
692;300;3.393
693;688;3.559
693;689;3.766
693;1081;2.917
694;1076;3.462
694;1080;3.253
694;1081;2.893
695;280;3.488
695;282;3.639
696;710;3.638
696;1083;3.416
697;268;3.898
697;269;3.723
697;709;2.756
697;1080;2.789
698;1080;2.705
698;1085;3.916
699;708;3.471
699;1083;3.99
700;704;3.601
701;1087;3.662
702;706;3.524
702;1090;3.792
703;1361;3.9
704;700;3.601
704;1087;3.731
704;1361;3.638
705;706;2.901
706;702;3.524
706;705;2.901
707;290;2.673
708;699;3.471
708;711;2.868
708;712;3.879
709;284;2.874
709;697;2.756
710;696;3.638
710;714;2.782
710;1083;3.997
711;292;4.018
711;708;2.868
712;708;3.879
712;1083;3.644
712;1084;3.018
713;717;3.547
714;710;2.782
715;717;3.215
715;722;2.632
716;724;3.625
717;713;3.547
717;715;3.215
718;728;2.791
719;721;3.766
720;313;2.693
721;719;3.766
722;715;2.632
723;321;2.685
723;323;2.842
724;716;3.625
725;319;2.778
725;323;2.692
726;727;2.872
727;726;2.872
728;718;2.791
729;732;2.875
730;732;3.943
731;733;3.03
732;729;2.875
732;730;3.943
733;731;3.03
734;736;2.976
735;737;2.825
736;734;2.976
737;735;2.825
738;741;3.352
739;740;2.974
739;741;2.844
740;739;2.974
740;742;2.705
740;743;3.146
741;738;3.352
741;739;2.844
742;740;2.705
743;740;3.146
744;747;2.988
744;748;2.956
745;749;2.681
746;749;2.785
746;750;2.92
747;744;2.988
748;744;2.956
749;745;2.681
749;746;2.785
750;746;2.92
750;751;3.009
750;752;3.52
751;750;3.009
752;750;3.52
752;756;3.458
753;755;3.072
754;756;2.987
755;753;3.072
756;752;3.458
756;754;2.987
756;757;3.048
757;756;3.048
757;760;3.925
758;759;2.96
759;758;2.96
760;757;3.925
761;762;3.755
762;761;3.755
763;765;2.764
764;778;3.569
764;779;2.713
764;781;3.898
764;782;3.824
765;763;2.764
766;771;3.003
766;780;3.324
767;769;2.969
767;770;2.959
767;780;3.906
768;772;2.911
769;767;2.969
769;772;3.25
770;767;2.959
770;772;2.881
771;766;3.003
771;773;3.417
772;768;2.911
772;769;3.25
772;770;2.881
773;771;3.417
773;775;3.732
773;776;3.784
774;775;2.936
775;773;3.732
775;774;2.936
775;777;3.766
776;773;3.784
777;775;3.766
778;764;3.569
779;764;2.713
779;782;2.775
780;766;3.324
780;767;3.906
781;764;3.898
782;764;3.824
782;779;2.775
783;784;3.253
784;783;3.253
785;787;3.824
785;790;3.764
785;791;3.088
786;789;2.917
786;790;3.4
787;785;3.824
788;791;2.946
789;786;2.917
789;792;3.241
790;785;3.764
790;786;3.4
791;785;3.088
791;788;2.946
792;789;3.241
793;797;3.447
794;796;3.011
794;797;2.933
795;801;3.863
796;794;3.011
796;800;4.028
796;801;3.677
797;793;3.447
797;794;2.933
797;802;3.972
798;802;3.978
798;804;3.819
799;802;3.039
800;796;4.028
800;803;3.041
800;805;3.129
801;795;3.863
801;796;3.677
802;797;3.972
802;798;3.978
802;799;3.039
802;804;2.936
803;800;3.041
803;805;3.324
803;808;3.615
804;798;3.819
804;802;2.936
805;800;3.129
805;803;3.324
805;808;2.877
806;807;3.252
807;806;3.252
807;809;2.882
807;810;2.916
808;803;3.615
808;805;2.877
809;807;2.882
810;807;2.916
810;812;3.048
810;813;3.039
811;815;3.818
812;810;3.048
813;810;3.039
814;818;3.975
815;811;3.818
815;818;2.734
815;874;2.763
815;875;3.972
816;819;3.061
816;822;3.857
816;871;3.968
817;822;3.904
817;868;3.78
817;871;3.39
817;872;3.694
818;814;3.975
818;815;2.734
819;816;3.061
819;822;2.848
819;823;2.935
820;824;3.058
821;825;2.904
822;816;3.857
822;817;3.904
822;819;2.848
822;825;3.211
822;826;2.947
823;819;2.935
823;826;3.426
823;827;3.196
823;931;3.174
824;820;3.058
824;827;3.414
824;828;3.013
825;821;2.904
825;822;3.211
825;828;3.27
825;829;2.914
826;822;2.947
826;823;3.426
826;829;3.38
826;830;2.958
826;865;3.852
826;868;3.743
827;823;3.196
827;824;3.414
827;830;3.403
827;831;2.95
827;931;3.424
828;824;3.013
828;825;3.27
828;831;3.251
828;832;2.973
829;825;2.914
829;826;3.38
829;833;2.956
829;865;3.993
830;826;2.958
830;827;3.403
830;834;2.896
830;861;3.983
830;865;3.43
830;924;3.684
830;928;3.782
831;827;2.95
831;828;3.251
831;834;3.164
831;835;2.98
832;828;2.973
832;835;3.109
832;836;3.01
833;829;2.956
833;836;3.433
833;837;2.959
833;924;3.621
834;830;2.896
834;831;3.164
834;837;4.037
834;838;2.998
835;831;2.98
835;832;3.109
835;838;3.396
835;839;2.956
836;832;3.01
836;833;3.433
836;839;2.977
836;840;3.232
837;833;2.959
837;834;4.037
837;922;3.922
837;925;4.032
838;834;2.998
838;835;3.396
838;842;3.682
838;1256;3.868
839;835;2.956
839;836;2.977
839;842;3.073
839;843;3.026
839;846;3.489
839;850;3.833
839;854;4.016
840;836;3.232
840;847;2.776
840;915;2.712
841;844;3.294
841;847;2.666
841;1259;3.355
841;1313;3.077
842;838;3.682
842;839;3.073
842;1279;3.759
843;839;3.026
843;846;2.971
843;847;3.023
844;841;3.294
844;847;3.203
844;848;3.014
844;1314;3.99
845;848;2.639
846;839;3.489
846;843;2.971
846;849;3.276
846;850;2.959
847;840;2.776
847;841;2.666
847;843;3.023
847;844;3.203
847;851;3.029
847;1312;3.864
848;844;3.014
848;845;2.639
848;1314;3.48
849;846;3.276
850;839;3.833
850;846;2.959
850;853;3.108
850;854;3.026
851;847;3.029
851;854;3.49
851;855;2.749
852;856;3.023
853;850;3.108
853;856;3.377
853;857;2.989
854;839;4.016
854;850;3.026
854;851;3.49
854;857;2.999
854;858;3.262
855;851;2.749
855;858;2.997
855;859;3.029
855;915;2.866
855;918;3.768
856;852;3.023
856;853;3.377
856;859;2.91
856;860;2.947
857;853;2.989
857;854;2.999
857;860;3.494
857;861;2.923
858;854;3.262
858;855;2.997
858;862;3.011
858;918;4.028
858;921;3.804
859;855;3.029
859;856;2.91
859;862;3.332
859;863;3.039
860;856;2.947
860;857;3.494
860;864;2.985
861;830;3.983
861;857;2.923
861;864;3.262
861;865;2.937
861;921;4.017
861;924;3.603
862;858;3.011
862;859;3.332
862;866;2.97
862;921;3.864
863;859;3.039
863;867;3.021
864;860;2.985
864;861;3.262
864;867;4.039
864;868;2.945
865;826;3.852
865;829;3.993
865;830;3.43
865;861;2.937
865;869;3.006
865;927;3.649
866;862;2.97
866;869;3.332
866;870;2.962
866;894;3.849
866;898;3.629
867;863;3.021
867;864;4.039
867;870;3.372
867;871;2.959
868;817;3.78
868;826;3.743
868;864;2.945
868;871;3.47
868;872;2.677
868;927;3.588
869;865;3.006
869;866;3.332
869;872;3.462
869;873;2.959
869;891;3.811
870;866;2.962
870;867;3.372
870;873;4.037
870;874;3.008
871;816;3.968
871;817;3.39
871;867;2.959
871;868;3.47
871;874;3.389
871;875;2.999
872;817;3.694
872;868;2.677
872;869;3.462
872;875;3.274
872;876;3.084
872;881;3.797
872;887;3.94
872;890;2.687
873;869;2.959
873;870;4.037
873;876;3.002
873;877;2.938
873;878;3.754
873;881;6.435
873;882;3.671
874;815;2.763
874;870;3.008
874;871;3.389
875;815;3.972
875;871;2.999
875;872;3.274
876;872;3.084
876;873;3.002
876;880;2.83
876;881;4.011
876;884;3.842
876;887;3.631
877;873;2.938
877;881;2.989
878;873;3.754
878;881;3.463
878;882;2.997
879;882;2.833
879;883;2.844
880;876;2.83
881;872;3.797
881;873;6.435
881;876;4.011
881;877;2.989
881;878;3.463
881;884;3.048
881;887;3.632
881;891;3.733
882;873;3.671
882;878;2.997
882;879;2.833
882;888;3.611
882;891;3.698
883;879;2.844
884;876;3.842
884;881;3.048
884;887;3.069
884;888;2.952
885;888;3.448
885;889;2.963
886;889;3.359
886;890;3.005
886;939;3.934
887;872;3.94
887;876;3.631
887;881;3.632
887;884;3.069
887;890;3.119
887;891;2.982
888;882;3.611
888;884;2.952
888;885;3.448
888;891;4.017
888;892;2.985
889;885;2.963
889;886;3.359
889;892;3.156
890;872;2.687
890;886;3.005
890;887;3.119
890;927;2.93
890;930;2.769
891;869;3.811
891;881;3.733
891;882;3.698
891;887;2.982
891;888;4.017
891;894;3.03
891;895;2.956
892;888;2.985
892;889;3.156
892;896;3.037
893;923;3.996
893;927;3.751
894;866;3.849
894;891;3.03
894;897;3.054
894;898;3.088
895;891;2.956
895;898;2.966
895;899;2.913
896;892;3.037
896;900;2.971
896;920;3.691
897;894;3.054
897;900;3.874
897;901;3.048
897;921;2.855
898;866;3.629
898;894;3.088
898;895;2.966
898;901;3.347
898;902;2.98
899;895;2.913
899;902;3.215
899;903;3.008
900;896;2.971
900;897;3.874
900;903;3.28
900;904;2.953
901;897;3.048
901;898;3.347
901;904;3.316
901;905;2.995
901;914;3.741
902;898;2.98
902;899;3.215
902;905;3.19
902;906;2.928
903;899;3.008
903;900;3.28
903;906;3.283
903;907;2.987
904;900;2.953
904;901;3.316
904;909;3.036
904;913;3.313
904;914;3.283
904;917;3.628
905;901;2.995
905;902;3.19
905;908;2.996
906;902;2.928
906;903;3.283
907;903;2.987
908;905;2.996
909;904;3.036
910;913;3.835
911;914;3.477
911;915;3.011
912;915;2.744
912;916;3.228
913;904;3.313
913;910;3.835
913;917;2.96
914;901;3.741
914;904;3.283
914;911;3.477
914;918;2.952
915;840;2.712
915;855;2.866
915;911;3.011
915;912;2.744
915;1311;3.793
915;1312;3.961
916;912;3.228
916;919;3.046
916;1261;3.905
916;1308;3.002
916;1309;3.601
916;1310;3.153
917;904;3.628
917;913;2.96
918;855;3.768
918;858;4.028
918;914;2.952
918;921;2.75
919;916;3.046
919;922;2.764
919;923;3.335
919;1257;3.589
920;896;3.691
920;923;2.979
921;858;3.804
921;861;4.017
921;862;3.864
921;897;2.855
921;918;2.75
921;924;2.854
922;837;3.922
922;919;2.764
923;893;3.996
923;919;3.335
923;920;2.979
923;926;2.935
923;927;3.008
923;1253;3.812
924;830;3.684
924;833;3.621
924;861;3.603
924;921;2.854
924;927;2.974
924;928;3.169
925;837;4.032
925;928;2.986
925;1253;3.628
926;923;2.935
926;929;2.771
926;1253;3.791
927;865;3.649
927;868;3.588
927;890;2.93
927;893;3.751
927;923;3.008
927;924;2.974
927;930;2.911
928;830;3.782
928;924;3.169
928;925;2.986
928;931;2.983
928;932;2.946
929;926;2.771
929;932;3.164
929;935;3.513
929;939;3.688
930;890;2.769
930;927;2.911
930;936;2.877
931;823;3.174
931;827;3.424
