source;destination;distance
0;3;2.799
1;47;3.593
2;7;3.695
2;48;3.686
3;0;2.799
4;7;3.292
4;8;2.982
5;9;2.982
6;10;2.967
7;2;3.695
7;4;3.292
7;10;3.125
7;11;2.969
7;43;3.917
7;47;3.741
8;4;2.982
8;11;3.289
8;12;2.961
9;5;2.982
9;13;2.961
9;292;3.743
10;6;2.967
10;7;3.125
10;13;3.324
10;14;2.947
11;7;2.969
11;8;3.289
11;14;3.34
11;15;3.02
11;44;3.611
12;8;2.961
12;16;2.987
13;9;2.961
13;10;3.324
13;17;2.97
13;292;4.091
14;10;2.947
14;11;3.34
14;18;3.009
14;37;3.749
15;11;3.02
15;19;2.985
15;37;3.813
15;98;3.974
15;99;3.594
16;12;2.987
16;19;3.168
16;20;3.084
17;13;2.97
17;20;3.354
17;21;2.985
18;14;3.009
18;21;3.581
18;22;3.045
18;37;3.414
18;95;3.737
19;15;2.985
19;16;3.168
19;22;3.087
19;23;3.495
19;96;3.504
19;602;3.535
20;16;3.084
20;17;3.354
21;17;2.985
21;18;3.581
21;24;2.977
21;30;3.614
21;33;3.43
22;18;3.045
22;19;3.087
22;92;4.004
22;95;3.98
23;19;3.495
23;602;3.757
24;21;2.977
24;27;3.937
25;609;3.251
25;636;3.705
25;637;3.262
26;30;3.848
27;24;3.937
27;30;2.839
28;31;2.715
28;32;3.039
29;32;3.33
29;33;2.977
30;21;3.614
30;26;3.848
30;27;2.839
30;33;3.44
30;34;3.007
31;28;2.715
31;34;3.465
31;35;3.004
32;28;3.039
32;29;3.33
32;36;3.011
33;21;3.43
33;29;2.977
33;30;3.44
33;36;3.2
33;37;2.94
34;30;3.007
34;31;3.465
34;37;3.371
34;38;2.937
34;92;2.825
34;95;3.137
35;31;3.004
35;38;3.334
35;39;2.96
35;80;3.91
36;32;3.011
36;33;3.2
36;39;3.366
36;40;2.997
37;14;3.749
37;15;3.813
37;18;3.414
37;33;2.94
37;34;3.371
37;40;3.069
37;41;2.876
37;95;3.52
38;34;2.937
38;35;3.334
38;41;4.008
38;42;2.991
38;79;2.728
39;35;2.96
39;36;3.366
39;42;3.189
39;43;2.987
40;36;2.997
40;37;3.069
40;43;3.464
40;44;2.912
41;37;2.876
41;38;4.008
41;45;2.95
41;72;3.478
41;98;3.501
42;38;2.991
42;39;3.189
42;45;3.306
42;46;2.967
43;7;3.917
43;39;2.987
43;40;3.464
43;46;3.378
43;47;3.055
44;11;3.611
44;40;2.912
44;47;3.284
44;48;2.806
44;98;2.649
45;41;2.95
45;42;3.306
45;49;2.991
45;55;3.98
45;72;3.943
46;42;2.967
46;43;3.378
46;50;3.072
47;1;3.593
47;7;3.741
47;43;3.055
47;44;3.284
48;2;3.686
48;44;2.806
48;65;3.188
48;68;2.662
49;45;2.991
49;55;4.014
49;58;3.846
49;65;3.625
50;46;3.072
50;52;3.074
50;54;3.59
51;54;3.644
51;57;3.448
52;50;3.074
52;55;2.994
53;56;2.987
54;50;3.59
54;51;3.644
54;57;2.989
55;45;3.98
55;49;4.014
55;52;2.994
55;58;3.045
56;53;2.987
56;59;3.011
57;51;3.448
57;54;2.989
57;60;3.056
58;49;3.846
58;55;3.045
58;61;2.967
58;62;3.859
58;65;3.51
58;66;3.796
58;69;3.697
59;56;3.011
59;66;3.827
59;69;3.972
60;57;3.056
61;58;2.967
62;58;3.859
62;65;3.488
62;66;2.914
63;66;3.379
63;67;3.036
64;67;3.027
64;68;3.05
64;101;3.446
64;107;3.195
64;110;3.777
65;48;3.188
65;49;3.625
65;58;3.51
65;62;3.488
65;68;3.832
65;69;2.988
66;58;3.796
66;59;3.827
66;62;2.914
66;63;3.379
66;69;3.967
66;70;2.968
67;63;3.036
67;64;3.027
67;71;2.992
67;100;3.856
68;48;2.662
68;64;3.05
68;65;3.832
68;71;3.429
68;72;2.925
68;98;3.157
68;101;2.764
69;58;3.697
69;59;3.972
69;65;2.988
69;66;3.967
69;72;3.249
69;73;3.001
70;66;2.968
70;73;3.453
70;74;2.981
71;67;2.992
71;68;3.429
71;75;2.932
71;94;3.539
72;41;3.478
72;45;3.943
72;68;2.925
72;69;3.249
72;75;3.394
72;76;2.896
73;69;3.001
73;70;3.453
73;76;3.395
73;77;3.014
74;70;2.981
74;77;3.492
74;78;2.999
74;91;3.4
75;71;2.932
75;72;3.394
75;78;3.003
75;79;2.87
76;72;2.896
76;73;3.395
76;80;2.977
77;73;3.014
77;74;3.492
77;81;2.995
78;74;2.999
78;75;3.003
78;82;3.932
78;88;2.738
79;38;2.728
79;75;2.87
79;95;3.706
80;35;3.91
80;76;2.977
81;77;2.995
81;83;2.979
82;78;3.932
82;89;2.901
82;92;3.659
83;81;2.979
84;88;3.735
85;88;3.139
86;89;2.88
86;90;3.223
86;611;3.951
87;90;3.099
88;78;2.738
88;84;3.735
88;85;3.139
88;91;3.008
89;82;2.901
89;86;2.88
90;86;3.223
90;87;3.099
90;93;3.007
90;610;3.383
90;611;3.848
91;74;3.4
91;88;3.008
91;94;2.874
92;22;4.004
92;34;2.825
92;82;3.659
92;95;2.904
93;90;3.007
93;96;2.852
93;603;3.941
93;606;3.644
93;607;3.698
94;71;3.539
94;91;2.874
94;97;3.151
94;98;3.006
95;18;3.737
95;22;3.98
95;34;3.137
95;37;3.52
95;79;3.706
95;92;2.904
95;98;3.19
96;19;3.504
96;93;2.852
96;99;2.984
97;94;3.151
97;100;2.743
97;603;3.974
98;15;3.974
98;41;3.501
98;44;2.649
98;68;3.157
98;94;3.006
98;95;3.19
98;101;2.932
99;15;3.594
99;96;2.984
99;102;2.982
99;103;3.027
99;106;3.575
99;599;3.554
100;67;3.856
100;97;2.743
100;110;3.821
101;64;3.446
101;68;2.764
101;98;2.932
101;107;2.816
102;99;2.982
103;99;3.027
103;106;3.095
103;107;3.0
104;107;3.424
104;108;2.962
105;109;3.125
105;592;3.485
106;99;3.575
106;103;3.095
106;109;3.445
106;110;3.012
106;596;3.728
107;64;3.195
107;101;2.816
107;103;3.0
107;104;3.424
107;110;3.445
107;111;2.979
108;104;2.962
108;111;3.297
108;112;3.056
109;105;3.125
109;106;3.445
109;112;3.075
109;113;2.996
109;592;3.322
110;64;3.777
110;100;3.821
110;106;3.012
110;107;3.445
110;113;3.2
110;114;3.021
111;107;2.979
111;108;3.297
111;114;3.452
111;115;3.013
112;108;3.056
112;109;3.075
112;115;3.24
112;116;3.043
113;109;2.996
113;110;3.2
113;116;3.076
113;117;3.282
113;681;3.786
114;110;3.021
114;111;3.452
114;117;2.963
115;111;3.013
115;112;3.24
115;118;2.796
115;259;3.819
116;112;3.043
116;113;3.076
116;119;3.14
116;120;3.011
117;113;3.282
117;114;2.963
117;121;3.012
118;115;2.796
118;121;3.497
118;263;2.717
119;116;3.14
119;259;3.823
119;262;2.666
119;263;2.792
120;116;3.011
120;123;3.293
120;124;2.94
120;256;3.984
121;117;3.012
121;118;3.497
121;125;2.995
122;125;3.143
122;126;3.091
122;1230;3.451
122;1231;2.917
123;120;3.293
123;126;3.417
123;127;3.175
123;248;3.596
123;252;3.955
123;1234;3.916
124;120;2.94
124;127;3.376
124;128;2.933
125;121;2.995
125;122;3.143
125;128;3.305
125;129;2.989
126;122;3.091
126;123;3.417
126;129;3.875
126;130;2.964
126;1225;3.999
126;1231;3.93
126;1234;3.79
127;123;3.175
127;124;3.376
127;130;3.296
127;131;2.891
127;248;3.334
128;124;2.933
128;125;3.305
128;131;3.478
128;132;3.019
129;125;2.989
129;126;3.875
129;132;3.44
129;133;2.935
129;1221;3.695
129;1224;3.431
129;1225;3.593
130;126;2.964
130;127;3.296
130;133;3.48
130;134;2.864
131;127;2.891
131;128;3.478
131;135;2.973
131;208;3.758
131;211;4.014
131;215;4.013
132;128;3.019
132;129;3.44
132;135;3.211
132;136;3.007
133;129;2.935
133;130;3.48
133;136;3.281
133;137;2.977
133;1132;3.744
133;1221;3.875
134;130;2.864
134;138;2.946
134;211;3.584
134;237;3.727
134;241;3.774
134;244;3.668
135;131;2.973
135;132;3.211
135;139;2.929
135;204;3.833
135;208;3.94
136;132;3.007
136;133;3.281
136;139;3.204
136;140;3.116
136;204;3.838
136;1218;3.934
137;133;2.977
137;140;3.122
137;141;3.452
137;237;3.583
137;1215;3.655
137;1218;3.964
138;134;2.946
138;141;3.373
138;142;2.954
138;201;3.539
139;135;2.929
139;136;3.204
139;143;3.553
139;203;3.499
139;204;3.875
139;207;4.039
140;136;3.116
140;137;3.122
140;1215;3.673
140;1218;3.38
141;137;3.452
141;138;3.373
141;1211;3.682
141;1215;3.496
142;138;2.954
142;224;2.958
142;234;3.461
142;237;3.639
142;238;3.689
143;139;3.553
143;202;3.996
144;149;2.798
145;191;3.043
145;195;3.747
145;196;3.929
145;197;3.722
146;149;2.98
146;150;3.763
146;192;3.873
146;195;2.862
147;195;2.901
147;198;3.417
147;202;2.648
148;152;3.766
148;153;3.273
149;144;2.798
149;146;2.98
149;192;2.801
149;202;2.933
150;146;3.763
150;188;3.554
150;190;2.896
151;188;3.819
152;148;3.766
152;186;2.946
153;148;3.273
154;157;3.852
155;157;3.797
156;159;3.837
156;182;3.726
157;154;3.852
157;155;3.797
158;181;3.133
158;182;2.831
159;156;3.837
159;169;3.97
160;169;3.019
160;170;3.868
161;163;2.904
162;165;2.777
162;167;3.683
163;161;2.904
164;169;2.902
165;162;2.777
166;172;2.657
167;162;3.683
167;172;3.905
168;171;3.486
168;172;3.001
168;180;3.299
168;182;3.704
169;159;3.97
169;160;3.019
169;164;2.902
170;160;3.868
171;168;3.486
171;174;3.056
172;166;2.657
172;167;3.905
172;168;3.001
172;178;3.175
173;175;2.953
173;176;3.299
174;171;3.056
174;176;3.878
175;173;2.953
176;173;3.299
176;174;3.878
177;179;3.115
178;172;3.175
179;177;3.115
179;184;3.815
179;185;3.844
180;168;3.299
180;183;3.406
181;158;3.133
182;156;3.726
182;158;2.831
182;168;3.704
183;180;3.406
184;179;3.815
185;179;3.844
186;152;2.946
187;992;3.483
188;150;3.554
188;151;3.819
189;192;3.858
190;150;2.896
190;192;2.999
191;145;3.043
192;146;3.873
192;149;2.801
192;189;3.858
192;190;2.999
193;196;3.233
194;989;2.743
194;991;3.801
195;145;3.747
195;146;2.862
195;147;2.901
195;198;3.121
196;145;3.929
196;193;3.233
196;227;3.324
196;228;3.861
197;145;3.722
198;147;3.417
198;195;3.121
198;201;2.982
198;202;2.978
198;206;3.782
199;206;3.249
200;206;3.435
200;224;3.534
201;138;3.539
201;198;2.982
201;207;3.338
201;210;3.647
201;224;3.158
201;238;6.218
202;143;3.996
202;147;2.648
202;149;2.933
202;198;2.978
203;139;3.499
203;206;2.821
203;207;2.978
204;135;3.833
204;136;3.838
204;139;3.875
204;208;2.966
205;209;2.994
206;198;3.782
206;199;3.249
206;200;3.435
206;203;2.821
206;209;3.311
206;210;2.96
207;139;4.039
207;201;3.338
207;203;2.978
207;210;3.232
207;211;2.965
208;131;3.758
208;135;3.94
208;204;2.966
208;212;2.925
209;205;2.994
209;206;3.311
209;212;3.138
209;213;2.981
209;669;3.799
210;201;3.647
210;206;2.96
210;207;3.232
210;213;3.278
210;214;2.936
211;131;4.014
211;134;3.584
211;207;2.965
211;214;3.484
211;215;2.952
212;208;2.925
212;209;3.138
212;215;3.249
212;216;2.949
212;673;3.824
212;677;3.873
213;209;2.981
213;210;3.278
213;217;2.975
213;218;2.85
213;219;3.74
213;652;3.674
214;210;2.936
214;211;3.484
214;217;3.11
214;220;3.596
214;238;3.91
214;241;3.785
214;242;3.751
215;131;4.013
215;211;2.952
215;212;3.249
216;212;2.949
216;676;3.639
217;213;2.975
217;214;3.11
217;1296;3.119
217;1298;3.018
218;213;2.85
218;651;3.775
218;652;3.435
219;213;3.74
219;222;3.692
219;223;3.031
219;652;3.738
219;1293;3.657
219;1303;3.866
220;214;3.596
220;224;3.077
220;225;3.14
220;239;3.929
220;242;3.297
220;1289;3.749
220;1292;3.595
220;1293;3.316
221;225;3.147
221;226;2.886
221;1289;3.715
221;1293;3.567
221;1327;3.446
221;1328;2.81
221;1329;3.209
222;219;3.692
222;226;3.7
222;1303;3.336
222;1329;3.366
223;219;3.031
223;226;3.172
224;142;2.958
224;200;3.534
224;201;3.158
224;220;3.077
224;234;3.184
224;238;6.156
225;220;3.14
225;221;3.147
225;228;2.948
225;235;3.383
225;1289;3.138
225;1327;3.472
226;221;2.886
226;222;3.7
226;223;3.172
226;1279;3.765
226;1326;3.913
226;1327;3.451
227;196;3.324
228;196;3.861
228;225;2.948
228;230;2.952
228;231;3.141
228;234;3.481
229;231;3.044
229;1286;3.703
229;1323;2.844
229;1326;3.495
230;228;2.952
230;234;3.027
231;228;3.141
231;229;3.044
231;234;2.978
231;235;2.94
231;1324;3.779
231;1325;3.752
232;235;3.615
232;236;2.92
232;1322;2.84
232;1324;2.766
233;1208;3.735
233;1211;3.802
233;1212;3.299
233;1324;2.953
234;142;3.461
234;224;3.184
234;228;3.481
234;230;3.027
234;231;2.978
234;237;3.028
234;238;3.394
235;225;3.383
235;231;2.94
235;232;3.615
235;238;3.35
235;239;2.948
235;1289;3.503
235;1325;3.947
235;1326;3.997
236;232;2.92
236;240;2.973
237;134;3.727
237;137;3.583
237;142;3.639
237;234;3.028
237;240;3.156
237;241;2.972
238;142;3.689
238;201;6.218
238;214;3.91
238;224;6.156
238;234;3.394
238;235;3.35
238;241;3.171
238;242;2.97
239;220;3.929
239;235;2.948
239;242;3.188
239;243;2.976
239;1292;4.015
240;236;2.973
240;237;3.156
240;244;2.936
241;134;3.774
241;214;3.785
241;237;2.972
241;238;3.171
241;245;2.9
242;214;3.751
242;220;3.297
242;238;2.97
242;239;3.188
242;246;2.942
242;1292;3.397
243;239;2.976
243;247;2.96
243;1292;3.369
244;134;3.668
244;240;2.936
244;248;2.905
245;241;2.9
245;249;2.926
246;242;2.942
246;249;3.49
246;250;2.985
247;243;2.96
247;250;3.406
247;251;2.935
247;1238;3.672
247;1245;3.608
248;123;3.596
248;127;3.334
248;244;2.905
248;251;3.2
248;252;2.885
249;245;2.926
249;246;3.49
249;252;3.325
249;253;2.963
250;246;2.985
250;247;3.406
250;253;3.803
250;254;2.992
250;1355;3.751
251;247;2.935
251;248;3.2
251;254;3.601
251;255;2.897
251;1234;3.171
251;1237;3.79
252;123;3.955
252;248;2.885
252;249;3.325
252;255;3.172
252;256;2.955
252;684;3.886
253;249;2.963
253;250;3.803
253;257;3.071
253;684;3.773
253;687;3.651
253;1352;3.483
254;250;2.992
254;251;3.601
254;258;2.929
254;1355;4.006
254;1356;3.968
254;1359;3.55
255;251;2.897
255;252;3.172
255;259;2.932
256;120;3.984
256;252;2.955
256;259;3.32
256;260;3.065
256;688;3.8
257;253;3.071
257;260;3.209
257;261;3.063
257;687;3.697
257;688;3.962
257;691;3.459
257;1356;3.465
258;254;2.929
258;262;2.879
258;1360;3.765
259;115;3.819
259;119;3.823
259;255;2.932
259;256;3.32
259;263;2.959
260;256;3.065
260;257;3.209
260;264;3.032
260;688;3.661
260;692;3.974
261;257;3.063
261;264;3.457
261;265;2.9
261;695;6.308
261;1080;6.417
261;1360;3.743
262;119;2.666
262;258;2.879
262;265;3.016
262;266;3.329
263;118;2.717
263;119;2.792
263;259;2.959
263;271;2.983
264;260;3.032
264;261;3.457
264;270;3.933
264;271;2.765
264;272;2.925
265;261;2.9
265;262;3.016
265;272;3.53
266;262;3.329
266;269;2.925
267;268;3.281
268;267;3.281
268;270;3.276
269;266;2.925
270;264;3.933
270;268;3.276
270;273;3.034
271;263;2.983
271;264;2.765
272;264;2.925
272;265;3.53
273;270;3.034
273;275;3.046
273;276;3.757
274;276;3.71
274;277;3.886
275;273;3.046
276;273;3.757
276;274;3.71
277;274;3.886
278;288;2.753
278;290;2.827
279;283;3.948
279;284;3.813
279;288;3.795
280;286;3.927
280;287;3.678
281;286;2.885
282;581;2.671
282;585;3.86
283;279;3.948
284;279;3.813
285;288;3.051
286;280;3.927
286;281;2.885
287;280;3.678
288;278;2.753
288;279;3.795
288;285;3.051
289;291;3.882
290;278;2.827
291;289;3.882
291;292;2.947
292;9;3.743
292;13;4.091
292;291;2.947
293;294;3.412
294;293;3.412
295;300;2.951
296;314;2.641
297;313;3.894
298;301;2.86
299;311;3.93
300;295;2.951
301;298;2.86
302;303;2.983
303;302;2.983
303;308;2.863
304;306;2.961
304;307;2.994
304;308;3.803
305;308;3.618
305;309;3.334
306;304;2.961
307;304;2.994
307;310;3.733
308;303;2.863
308;304;3.803
308;305;3.618
309;305;3.334
310;307;3.733
310;313;2.779
311;299;3.93
312;313;2.805
313;297;3.894
313;310;2.779
313;312;2.805
314;296;2.641
315;317;3.125
315;326;2.773
315;327;2.893
316;322;2.665
316;323;2.943
317;315;3.125
317;320;3.267
317;323;3.036
318;328;2.865
318;341;3.6
319;338;2.753
319;341;3.817
320;317;3.267
320;323;3.349
321;324;3.039
321;346;3.651
322;316;2.665
322;325;3.051
323;316;2.943
323;317;3.036
323;320;3.349
323;326;3.023
324;321;3.039
324;331;3.519
324;341;2.797
325;322;3.051
325;331;3.634
326;315;2.773
326;323;3.023
326;331;2.795
327;315;2.893
327;332;2.686
327;527;3.533
328;318;2.865
328;331;2.989
328;332;2.967
329;332;3.024
329;333;2.975
330;337;3.71
331;324;3.519
331;325;3.634
331;326;2.795
331;328;2.989
331;334;3.029
332;327;2.686
332;328;2.967
332;329;3.024
332;526;2.723
333;329;2.975
334;331;3.029
335;337;3.373
336;339;3.126
336;340;3.988
337;330;3.71
337;335;3.373
338;319;2.753
338;341;3.678
339;336;3.126
340;336;3.988
341;318;3.6
341;319;3.817
341;324;2.797
341;338;3.678
342;362;3.694
342;364;3.703
343;354;3.328
343;360;3.201
344;356;3.855
344;386;3.694
345;351;2.773
345;352;2.789
345;356;3.806
346;321;3.651
346;348;3.057
346;352;3.16
347;353;3.767
348;346;3.057
348;352;2.965
349;352;2.935
349;353;3.884
350;353;3.892
351;345;2.773
352;345;2.789
352;346;3.16
352;348;2.965
352;349;2.935
353;347;3.767
353;349;3.884
353;350;3.892
354;343;3.328
355;359;3.357
355;360;2.824
356;344;3.855
356;345;3.806
357;359;3.894
358;359;3.55
359;355;3.357
359;357;3.894
359;358;3.55
360;343;3.201
360;355;2.824
361;365;3.738
361;367;3.645
362;342;3.694
362;365;3.006
362;367;3.056
363;366;3.005
364;342;3.703
365;361;3.738
365;362;3.006
366;363;3.005
367;361;3.645
367;362;3.056
368;370;3.64
369;372;2.861
370;368;3.64
370;373;3.027
370;374;2.905
371;377;2.895
372;369;2.861
373;370;3.027
374;370;2.905
374;377;3.178
374;378;3.221
375;378;3.051
376;379;3.638
377;371;2.895
377;374;3.178
378;374;3.221
378;375;3.051
378;380;2.874
379;376;3.638
380;378;2.874
381;382;2.835
382;381;2.835
383;385;3.733
384;390;3.78
385;383;3.733
385;390;3.789
386;344;3.694
387;389;2.734
388;391;3.143
389;387;2.734
390;384;3.78
390;385;3.789
391;388;3.143
392;398;4.004
393;395;3.802
394;396;3.005
395;393;3.802
395;397;3.0
395;398;2.867
395;399;3.642
396;394;3.005
396;470;3.455
396;525;3.214
396;529;2.685
397;395;3.0
398;392;4.004
398;395;2.867
399;395;3.642
399;402;3.745
400;403;2.886
401;405;3.727
402;399;3.745
402;405;2.974
403;400;2.886
404;405;3.137
404;710;3.627
405;401;3.727
405;402;2.974
405;404;3.137
406;712;4.001
407;413;4.015
408;411;3.975
409;411;3.037
410;414;3.281
411;408;3.975
411;409;3.037
411;414;3.917
411;712;3.37
412;712;3.379
413;407;4.015
414;410;3.281
414;411;3.917
414;417;3.467
415;425;3.66
416;419;3.002
416;425;3.838
416;427;3.812
417;414;3.467
418;427;3.548
419;416;3.002
419;425;2.813
420;424;3.028
421;426;2.751
422;426;2.777
422;430;3.151
422;431;3.676
423;426;3.264
424;420;3.028
425;415;3.66
425;416;3.838
425;419;2.813
426;421;2.751
426;422;2.777
426;423;3.264
427;416;3.812
427;418;3.548
428;429;3.897
429;428;3.897
429;432;2.951
430;422;3.151
431;422;3.676
432;429;2.951
432;434;4.034
433;439;3.391
433;440;3.117
434;432;4.034
435;436;3.115
435;437;2.761
436;435;3.115
437;435;2.761
438;456;3.61
438;457;3.031
439;433;3.391
440;433;3.117
441;444;3.746
442;446;3.451
443;445;2.891
443;446;2.878
444;441;3.746
444;446;3.012
445;443;2.891
446;442;3.451
446;443;2.878
446;444;3.012
446;447;4.02
447;446;4.02
448;450;3.719
448;451;3.188
449;452;3.02
450;448;3.719
450;452;3.273
451;448;3.188
452;449;3.02
452;450;3.273
453;455;2.818
453;457;2.779
453;458;3.497
454;456;2.923
455;453;2.818
456;438;3.61
456;454;2.923
457;438;3.031
457;453;2.779
458;453;3.497
458;460;2.864
459;461;3.672
460;458;2.864
461;459;3.672
462;467;3.169
462;468;3.983
463;468;3.373
463;471;2.683
464;520;3.74
465;523;3.632
466;469;3.425
466;524;3.817
467;462;3.169
467;470;3.027
467;471;3.198
468;462;3.983
468;463;3.373
468;471;3.085
469;466;3.425
469;520;3.442
469;521;3.995
470;396;3.455
470;467;3.027
470;525;3.676
471;463;2.683
471;467;3.198
471;468;3.085
471;474;2.909
471;475;3.167
472;476;2.944
473;477;3.004
474;471;2.909
474;477;3.249
474;478;3.017
475;471;3.167
475;478;3.397
475;479;2.924
475;572;2.676
476;472;2.944
476;479;3.2
476;480;2.978
477;473;3.004
477;474;3.249
477;481;3.055
478;474;3.017
478;475;3.397
478;481;3.332
478;482;2.979
478;513;3.969
478;517;3.769
478;569;3.98
479;475;2.924
479;476;3.2
479;482;3.004
479;483;3.093
479;573;2.745
479;574;3.665
480;476;2.978
480;483;3.462
480;484;3.011
481;477;3.055
481;478;3.332
481;485;2.981
481;510;3.654
482;478;2.979
482;479;3.004
482;485;3.087
482;486;3.075
482;514;3.32
482;567;3.872
482;569;3.884
482;570;3.84
483;479;3.093
483;480;3.462
483;486;3.11
483;487;3.449
483;570;3.866
484;480;3.011
484;487;3.319
484;488;3.021
485;481;2.981
485;482;3.087
485;488;3.274
485;489;2.995
485;510;3.191
485;566;3.087
486;482;3.075
486;483;3.11
486;490;3.051
486;567;3.635
486;967;3.892
487;483;3.449
487;484;3.319
487;490;3.288
487;491;2.982
488;484;3.021
488;485;3.274
488;491;3.078
488;492;2.951
488;503;3.529
489;485;2.995
489;492;3.028
489;566;3.801
489;567;3.634
489;971;4.01
490;486;3.051
490;487;3.288
491;487;2.982
491;488;3.078
491;495;3.544
492;488;2.951
492;489;3.028
492;496;2.89
492;503;3.998
492;507;3.518
493;496;2.967
493;1012;3.017
493;1013;3.028
494;497;2.959
494;498;3.056
495;491;3.544
495;499;3.01
496;492;2.89
496;493;2.967
496;500;2.816
497;494;2.959
497;500;2.755
498;494;3.056
499;495;3.01
499;502;3.04
499;503;2.937
500;496;2.816
500;497;2.755
500;504;2.97
501;504;3.274
501;505;3.029
502;499;3.04
502;505;3.921
502;506;2.964
503;488;3.529
503;492;3.998
503;499;2.937
503;506;3.33
503;507;2.918
504;500;2.97
504;501;3.274
504;507;3.391
504;508;3.031
505;501;3.029
505;502;3.921
505;509;2.954
506;502;2.964
506;503;3.33
506;510;2.955
507;492;3.518
507;503;2.918
507;504;3.391
507;510;3.392
507;511;3.09
507;566;3.263
508;504;3.031
508;511;3.317
508;512;2.998
508;550;3.788
508;551;3.401
509;505;2.954
509;512;3.024
509;513;3.071
510;481;3.654
510;485;3.191
510;506;2.955
510;507;3.392
510;513;3.03
510;514;3.379
511;507;3.09
511;508;3.317
511;514;2.928
511;546;2.817
511;547;3.801
511;550;3.834
512;508;2.998
512;509;3.024
512;515;2.843
513;478;3.969
513;509;3.071
513;510;3.03
513;516;3.108
513;517;3.139
514;482;3.32
514;510;3.379
514;511;2.928
514;518;2.987
514;543;3.634
514;547;3.858
514;569;3.44
515;512;2.843
515;519;3.069
515;547;3.394
516;513;3.108
516;519;3.461
516;520;2.987
517;478;3.769
517;513;3.139
517;520;3.421
517;521;3.022
517;569;2.736
517;572;2.756
518;514;2.987
518;522;3.037
518;543;3.717
519;515;3.069
519;516;3.461
519;522;3.029
520;464;3.74
520;469;3.442
520;516;2.987
520;517;3.421
520;524;3.126
521;469;3.995
521;517;3.022
521;524;3.217
521;525;3.011
521;529;2.711
521;530;3.622
521;536;2.763
522;518;3.037
522;519;3.029
522;530;3.736
522;531;4.035
523;465;3.632
524;466;3.817
524;520;3.126
524;521;3.217
525;396;3.214
525;470;3.676
525;521;3.011
526;332;2.723
526;529;2.806
526;530;2.898
527;327;3.533
527;531;3.036
528;532;2.865
529;396;2.685
529;521;2.711
529;526;2.806
529;532;3.094
529;533;2.929
530;521;3.622
530;522;3.736
530;526;2.898
530;536;3.36
530;540;3.072
531;522;4.035
531;527;3.036
532;528;2.865
532;529;3.094
533;529;2.929
533;536;2.964
533;537;3.059
534;537;3.971
534;538;3.01
535;538;3.999
535;539;2.993
535;577;2.961
535;580;3.757
536;521;2.763
536;530;3.36
536;533;2.964
536;540;2.966
537;533;3.059
537;534;3.971
537;540;3.393
537;541;2.973
538;534;3.01
538;535;3.999
538;541;3.412
538;542;3.016
538;568;3.92
539;535;2.993
539;542;3.233
539;543;2.909
539;569;2.639
539;572;3.902
540;530;3.072
540;536;2.966
540;537;3.393
540;544;3.012
541;537;2.973
541;538;3.412
541;544;3.217
541;545;3.082
542;538;3.016
542;539;3.233
542;546;3.019
543;514;3.634
543;518;3.717
543;539;2.909
543;547;2.935
543;569;3.749
544;540;3.012
544;541;3.217
544;548;2.992
545;541;3.082
545;549;3.209
545;562;3.576
546;511;2.817
546;542;3.019
546;550;3.467
546;566;3.029
547;511;3.801
547;514;3.858
547;515;3.394
547;543;2.935
547;550;3.109
547;551;2.908
548;544;2.992
548;551;3.309
548;552;3.03
549;545;3.209
549;553;2.996
549;554;3.034
549;563;3.862
550;508;3.788
550;511;3.834
550;546;3.467
550;547;3.109
550;554;3.715
550;563;3.941
551;508;3.401
551;547;2.908
551;548;3.309
552;548;3.03
553;549;2.996
553;555;2.948
554;549;3.034
554;550;3.715
554;560;2.843
555;553;2.948
555;560;3.274
556;559;2.794
557;560;3.245
557;561;2.929
558;561;3.265
558;562;2.953
558;1052;3.889
559;556;2.794
559;562;3.08
559;563;3.081
560;554;2.843
560;555;3.274
560;557;3.245
560;563;2.957
561;557;2.929
561;558;3.265
561;564;2.956
561;975;3.113
562;545;3.576
562;558;2.953
562;559;3.08
562;565;2.974
563;549;3.862
563;550;3.941
563;559;3.081
563;560;2.957
563;566;3.061
564;561;2.956
564;567;3.176
564;971;3.709
564;972;3.9
565;562;2.974
565;568;2.908
565;968;3.873
566;485;3.087
566;489;3.801
566;507;3.263
566;546;3.029
566;563;3.061
566;569;2.949
567;482;3.872
567;486;3.635
567;489;3.634
567;564;3.176
567;570;2.934
567;964;3.841
567;968;3.522
568;538;3.92
568;565;2.908
568;571;2.789
568;965;3.388
568;968;3.472
569;478;3.98
569;482;3.884
569;514;3.44
569;517;2.736
569;539;2.639
569;543;3.749
569;566;2.949
569;572;2.951
570;482;3.84
570;483;3.866
570;567;2.934
570;573;2.977
570;574;2.952
570;576;3.91
570;964;3.598
571;568;2.789
572;475;2.676
572;517;2.756
572;539;3.902
572;569;2.951
573;479;2.745
573;570;2.977
574;479;3.665
574;570;2.952
574;576;3.876
574;577;3.023
575;578;3.191
575;579;2.949
575;957;3.176
576;570;3.91
576;574;3.876
576;579;3.192
576;580;3.021
576;961;3.471
577;535;2.961
577;574;3.023
577;580;3.863
577;581;3.07
578;575;3.191
578;581;3.306
578;582;2.955
579;575;2.949
579;576;3.192
579;582;3.358
579;583;2.971
579;958;4.026
579;961;3.606
580;535;3.757
580;576;3.021
580;577;3.863
580;584;3.064
581;282;2.671
581;577;3.07
581;578;3.306
581;584;3.369
581;585;2.721
582;578;2.955
582;579;3.358
582;585;3.358
582;586;2.936
583;579;2.971
583;586;3.333
583;587;3.1
583;1066;3.609
584;580;3.064
584;581;3.369
584;587;2.971
585;282;3.86
585;581;2.721
585;582;3.358
585;588;2.878
586;582;2.936
586;583;3.333
586;589;3.091
586;590;3.084
586;690;3.752
586;1066;3.515
586;1070;3.465
587;583;3.1
587;584;2.971
587;591;2.985
587;1066;3.885
588;585;2.878
588;591;3.068
589;586;3.091
589;690;3.974
590;586;3.084
590;593;3.234
590;594;2.883
590;686;3.577
590;1066;3.847
591;587;2.985
591;588;3.068
591;595;3.06
592;105;3.485
592;109;3.322
592;595;3.213
592;596;3.289
593;590;3.234
593;596;3.101
593;597;3.03
593;685;3.456
593;686;3.899
594;590;2.883
594;598;2.931
595;591;3.06
595;592;3.213
595;598;3.286
595;599;3.054
596;106;3.728
596;592;3.289
596;593;3.101
596;599;3.463
596;600;3.03
597;593;3.03
597;600;3.477
597;601;2.96
597;648;3.919
598;594;2.931
598;595;3.286
598;602;2.975
599;99;3.554
599;595;3.054
599;596;3.463
599;602;3.311
599;603;3.007
600;596;3.03
600;597;3.477
600;603;3.304
600;604;2.95
600;678;3.691
601;597;2.96
601;604;3.496
601;605;2.924
601;641;3.483
601;644;3.808
602;19;3.535
602;23;3.757
602;598;2.975
602;599;3.311
602;605;3.284
602;606;3.003
602;637;3.483
603;93;3.941
603;97;3.974
603;599;3.007
603;600;3.304
603;606;3.247
603;607;3.0
604;600;2.95
604;601;3.496
604;608;2.954
604;644;3.784
604;674;4.069
604;675;3.55
604;678;3.901
605;601;2.924
605;602;3.284
605;608;3.248
605;609;3.0
605;637;3.774
605;640;3.979
605;641;4.001
606;93;3.644
606;602;3.003
606;603;3.247
606;610;3.329
607;93;3.698
607;603;3.0
607;610;3.344
607;611;3.025
608;604;2.954
608;605;3.248
608;612;3.004
608;613;2.81
608;634;3.81
609;25;3.251
609;605;3.0
609;613;3.048
609;614;3.136
609;636;3.943
610;90;3.383
610;606;3.329
610;607;3.344
611;86;3.951
611;90;3.848
611;607;3.025
611;614;2.801
612;608;3.004
612;615;3.009
612;616;3.55
612;630;3.516
612;634;4.121
612;668;3.412
612;671;4.033
613;608;2.81
613;609;3.048
613;630;3.749
614;609;3.136
614;611;2.801
615;612;3.009
615;627;4.157
615;630;2.977
616;612;3.55
616;628;3.083
616;630;2.964
616;656;3.805
616;657;3.365
616;664;2.787
616;668;3.574
617;626;2.654
617;627;3.327
617;657;3.685
617;658;2.922
618;621;3.008
618;622;2.86
618;623;2.839
618;624;2.757
619;657;4.131
619;658;2.773
619;660;3.659
620;623;3.833
621;618;3.008
621;626;3.975
622;618;2.86
623;618;2.839
623;620;3.833
624;618;2.757
625;631;3.579
625;632;3.165
626;617;2.654
626;621;3.975
627;615;4.157
627;617;3.327
627;631;3.508
628;616;3.083
628;631;3.185
628;632;3.13
628;655;2.854
628;656;3.582
629;632;3.022
629;633;2.849
629;654;3.932
630;612;3.516
630;613;3.749
630;615;2.977
630;616;2.964
630;634;3.68
630;656;3.621
631;625;3.579
631;627;3.508
631;628;3.185
631;635;3.519
632;625;3.165
632;628;3.13
632;629;3.022
632;1040;3.865
633;629;2.849
633;639;4.028
633;642;3.868
633;643;3.654
633;646;3.975
633;1035;3.853
634;608;3.81
634;612;4.121
634;630;3.68
634;639;3.652
634;643;3.658
634;656;4.048
635;631;3.519
635;1044;2.721
636;25;3.705
636;609;3.943
636;639;2.894
636;640;2.944
636;1047;2.871
637;25;3.262
637;602;3.483
637;605;3.774
637;640;3.428
637;641;2.937
638;641;3.204
638;642;3.0
638;1047;3.647
638;1050;3.875
638;1051;3.591
638;1054;4.033
639;633;4.028
639;634;3.652
639;636;2.894
639;642;3.257
639;643;2.977
639;1050;3.072
640;605;3.979
640;636;2.944
640;637;3.428
640;643;3.994
640;644;2.97
641;601;3.483
641;605;4.001
641;637;2.937
641;638;3.204
641;644;3.478
641;645;2.972
642;633;3.868
642;638;3.0
642;639;3.257
642;645;3.317
642;646;3.037
642;1035;3.936
642;1054;3.634
643;633;3.654
643;634;3.658
643;639;2.977
643;640;3.994
643;646;3.135
643;647;3.021
643;653;3.859
644;601;3.808
644;604;3.784
644;640;2.97
644;641;3.478
644;647;3.321
644;648;2.976
645;641;2.972
645;642;3.317
645;648;3.068
645;649;3.216
645;1027;5.821
645;1030;3.476
645;1054;3.752
645;1061;3.912
646;633;3.975
646;642;3.037
646;643;3.135
646;652;2.909
646;1031;3.655
647;643;3.021
647;644;3.321
647;650;3.017
647;653;3.748
647;672;3.528
647;675;3.596
647;676;4.03
648;597;3.919
648;644;2.976
648;645;3.068
648;679;3.792
649;645;3.216
649;1027;3.541
650;647;3.017
650;676;4.027
651;218;3.775
651;1027;3.804
651;1028;2.746
651;1029;2.881
652;213;3.674
652;218;3.435
652;219;3.738
652;646;2.909
652;1032;3.864
653;643;3.859
653;647;3.748
653;656;3.497
653;672;3.316
654;629;3.932
654;1032;3.506
655;628;2.854
656;616;3.805
656;628;3.582
656;630;3.621
656;634;4.048
656;653;3.497
656;665;3.251
656;668;3.471
657;616;3.365
657;617;3.685
657;619;4.131
657;661;3.382
657;665;3.012
658;617;2.922
658;619;2.773
658;665;3.631
659;988;3.352
660;619;3.659
661;657;3.382
661;664;2.778
661;665;3.058
662;666;2.949
663;666;3.388
663;667;2.99
664;616;2.787
664;661;2.778
664;667;3.181
664;668;3.048
665;656;3.251
665;657;3.012
665;658;3.631
665;661;3.058
665;668;3.345
665;669;2.921
666;662;2.949
666;663;3.388
666;669;3.144
666;670;3.025
667;663;2.99
667;664;3.181
668;612;3.412
668;616;3.574
668;656;3.471
668;664;3.048
668;665;3.345
668;671;3.003
668;672;2.931
669;209;3.799
669;665;2.921
669;666;3.144
669;672;3.403
669;673;2.971
670;666;3.025
670;673;3.42
670;674;2.997
671;612;4.033
671;668;3.003
671;674;3.347
671;675;2.965
672;647;3.528
672;653;3.316
672;668;2.931
672;669;3.403
672;675;3.359
672;676;2.992
673;212;3.824
673;669;2.971
673;670;3.42
673;676;3.459
673;677;3.0
674;604;4.069
674;670;2.997
674;671;3.347
674;677;3.427
674;678;2.986
675;604;3.55
675;647;3.596
675;671;2.965
675;672;3.359
675;679;2.956
676;216;3.639
676;647;4.03
676;650;4.027
676;672;2.992
676;673;3.459
676;680;2.932
677;212;3.873
677;673;3.0
677;674;3.427
677;680;3.394
677;681;3.03
678;600;3.691
678;604;3.901
678;674;2.986
678;681;3.449
678;682;2.981
679;648;3.792
679;675;2.956
679;682;3.195
679;683;2.929
680;676;2.932
680;677;3.394
680;683;3.377
680;684;2.988
681;113;3.786
681;677;3.03
681;678;3.449
681;685;3.027
682;678;2.981
682;679;3.195
682;685;3.384
682;686;2.929
683;679;2.929
683;680;3.377
683;686;3.109
683;687;3.07
684;252;3.886
684;253;3.773
684;680;2.988
684;688;3.01
685;593;3.456
685;681;3.027
685;682;3.384
685;689;2.915
686;590;3.577
686;593;3.899
686;682;2.929
686;683;3.109
686;689;3.396
686;690;3.12
686;1069;3.378
687;253;3.651
687;257;3.697
687;683;3.07
687;690;3.422
687;691;2.931
687;1069;3.602
687;1072;3.762
687;1352;6.363
688;256;3.8
688;257;3.962
688;260;3.661
688;684;3.01
688;692;2.956
689;685;2.915
689;686;3.396
689;693;3.033
690;586;3.752
690;589;3.974
690;686;3.12
690;687;3.422
690;693;3.296
690;694;3.001
690;1069;3.614
690;1070;3.719
690;1073;3.562
691;257;3.459
691;687;2.931
691;694;3.404
691;695;2.979
691;1076;3.511
692;260;3.974
692;688;2.956
692;695;3.294
692;696;3.051
693;689;3.033
693;690;3.296
693;696;3.106
693;697;3.038
694;690;3.001
694;691;3.404
694;697;2.994
694;698;3.028
694;1073;3.492
694;1077;3.731
695;261;6.308
695;691;2.979
695;692;3.294
695;700;3.457
695;1077;3.613
695;1080;3.528
696;692;3.051
696;693;3.106
697;693;3.038
697;694;2.994
698;694;3.028
698;1077;3.95
699;702;3.424
699;703;3.403
700;695;3.457
700;1084;2.738
701;1084;3.466
702;699;3.424
702;1085;4.005
703;699;3.403
703;1081;3.426
704;1085;2.801
705;1085;2.707
706;713;2.774
707;711;2.835
708;715;3.449
708;717;3.744
708;724;3.588
709;711;2.945
709;712;2.991
710;404;3.627
711;707;2.835
711;709;2.945
711;713;4.003
712;406;4.001
712;411;3.37
712;412;3.379
712;709;2.991
712;724;3.863
713;706;2.774
713;711;4.003
714;723;2.727
715;708;3.449
716;719;2.832
717;708;3.744
718;720;2.922
718;721;3.87
719;716;2.832
720;718;2.922
721;718;3.87
722;727;3.505
723;714;2.727
723;727;3.965
724;708;3.588
724;712;3.863
725;727;2.958
726;733;2.651
727;722;3.505
727;723;3.965
727;725;2.958
728;732;3.666
728;733;3.814
729;731;3.929
730;736;2.866
730;737;2.833
730;738;3.032
731;729;3.929
731;734;2.96
732;728;3.666
733;726;2.651
733;728;3.814
734;731;2.96
735;743;3.336
736;730;2.866
736;739;3.883
736;740;3.732
736;741;2.766
736;742;3.628
737;730;2.833
738;730;3.032
738;742;3.447
739;736;3.883
740;736;3.732
740;741;2.882
740;742;3.317
741;736;2.766
741;740;2.882
742;736;3.628
742;738;3.447
742;740;3.317
743;735;3.336
744;747;2.979
745;748;3.028
746;749;3.175
746;750;3.393
747;744;2.979
748;745;3.028
749;746;3.175
750;746;3.393
750;754;3.549
751;754;2.841
752;754;2.704
753;762;2.745
754;750;3.549
754;751;2.841
754;752;2.704
755;762;2.846
756;758;3.022
757;759;2.714
758;756;3.022
758;760;3.964
759;757;2.714
759;763;3.968
760;758;3.964
760;763;3.119
761;767;2.742
762;753;2.745
762;755;2.846
763;759;3.968
763;760;3.119
763;766;3.378
764;771;3.811
765;768;2.802
766;763;3.378
767;761;2.742
767;771;3.168
768;765;2.802
769;772;3.696
770;772;3.018
771;764;3.811
771;767;3.168
772;769;3.696
772;770;3.018
773;774;2.823
774;773;2.823
775;779;4.009
776;778;3.888
777;778;3.063
778;776;3.888
778;777;3.063
779;775;4.009
780;782;3.015
780;783;3.557
781;785;3.843
782;780;3.015
783;780;3.557
784;792;2.933
785;781;3.843
785;792;2.807
786;790;3.931
786;791;4.016
786;792;2.785
787;789;2.882
787;790;3.404
788;791;2.858
789;787;2.882
790;786;3.931
790;787;3.404
791;786;4.016
791;788;2.858
791;793;3.221
792;784;2.933
792;785;2.807
792;786;2.785
793;791;3.221
794;795;3.023
795;794;3.023
796;797;3.512
797;796;3.512
798;800;2.953
799;801;3.502
800;798;2.953
801;799;3.502
802;803;4.003
802;804;3.666
803;802;4.003
804;802;3.666
805;807;3.584
805;808;3.685
806;807;3.092
807;805;3.584
807;806;3.092
808;805;3.685
808;809;2.947
809;808;2.947
810;811;2.991
811;810;2.991
812;814;2.679
813;815;3.051
814;812;2.679
814;816;2.999
814;817;3.758
815;813;3.051
816;814;2.999
817;814;3.758
817;818;2.891
818;817;2.891
818;820;2.941
818;821;3.701
819;821;3.085
819;822;2.797
819;825;2.931
820;818;2.941
821;818;3.701
821;819;3.085
822;819;2.797
822;824;2.645
822;881;2.735
823;828;3.742
823;877;3.59
823;878;3.482
824;822;2.645
825;819;2.931
825;828;2.839
825;829;2.977
826;830;3.037
827;831;2.933
828;823;3.742
828;825;2.839
828;831;3.13
828;832;2.954
828;874;3.907
829;825;2.977
829;832;3.44
829;833;3.192
829;937;3.173
830;826;3.037
830;833;3.429
830;834;3.026
831;827;2.933
831;828;3.13
831;834;3.268
831;835;2.923
832;828;2.954
832;829;3.44
832;835;3.392
832;836;2.96
832;871;3.723
832;874;3.774
833;829;3.192
833;830;3.429
833;836;3.354
833;837;2.948
833;937;3.445
834;830;3.026
834;831;3.268
834;837;3.254
834;838;2.975
835;831;2.923
835;832;3.392
835;839;2.96
835;871;4.018
836;832;2.96
836;833;3.354
836;840;2.894
836;867;4.007
836;871;3.407
836;930;3.713
836;934;3.781
837;833;2.948
837;834;3.254
837;840;3.112
837;841;2.982
838;834;2.975
838;841;3.123
838;842;3.01
839;835;2.96
839;842;3.444
839;843;2.946
839;930;3.671
840;836;2.894
840;837;3.112
840;844;3.01
841;837;2.982
841;838;3.123
841;844;3.377
841;845;2.952
842;838;3.01
842;839;3.444
842;845;3.043
842;846;3.285
843;839;2.946
843;928;3.929
844;840;3.01
844;841;3.377
844;848;3.498
844;1261;3.933
845;841;2.952
845;842;3.043
845;848;3.067
845;849;3.024
845;852;3.593
845;856;3.733
845;860;3.843
846;842;3.285
846;853;2.765
846;921;2.693
847;850;3.332
847;853;2.662
847;1264;3.342
847;1317;3.006
848;844;3.498
848;845;3.067
848;1284;3.797
849;845;3.024
849;852;2.956
849;853;3.022
850;847;3.332
850;853;3.18
850;854;3.0
850;1318;3.973
851;854;2.645
852;845;3.593
852;849;2.956
852;855;3.33
852;856;2.969
853;846;2.765
853;847;2.662
853;849;3.022
853;850;3.18
853;857;3.012
854;850;3.0
854;851;2.645
854;1318;3.441
855;852;3.33
856;845;3.733
856;852;2.969
856;859;3.098
856;860;3.029
857;853;3.012
857;861;2.755
858;862;3.026
859;856;3.098
859;862;3.388
859;863;2.997
860;845;3.843
860;856;3.029
860;863;2.991
860;864;3.278
861;857;2.755
861;864;2.99
861;865;3.029
861;921;2.855
861;924;3.814
862;858;3.026
862;859;3.388
862;865;2.916
862;866;2.958
863;859;2.997
863;860;2.991
863;866;3.493
863;867;2.917
864;860;3.278
864;861;2.99
864;868;2.997
864;927;3.79
865;861;3.029
865;862;2.916
865;868;3.372
865;869;3.047
866;862;2.958
866;863;3.493
866;869;3.497
866;870;2.983
867;836;4.007
867;863;2.917
867;870;3.272
867;871;2.933
867;930;3.621
868;864;2.997
868;865;3.372
868;872;2.985
868;927;3.695
869;865;3.047
869;866;3.497
869;873;3.038
870;866;2.983
870;867;3.272
870;874;2.937
871;832;3.723
871;835;4.018
871;836;3.407
871;867;2.933
871;875;3.007
871;933;3.683
872;868;2.985
872;875;3.382
872;876;2.971
872;900;3.892
872;904;3.654
873;869;3.038
873;876;3.363
873;877;2.959
874;828;3.907
874;832;3.774
874;870;2.937
874;877;3.47
874;878;2.763
874;933;3.599
875;871;3.007
875;872;3.382
875;879;2.943
875;897;3.88
876;872;2.971
876;873;3.363
876;879;4.019
876;880;3.006
877;823;3.59
877;873;2.959
877;874;3.47
877;880;3.488
877;881;3.021
878;823;3.482
878;874;2.763
878;881;3.494
878;882;3.085
878;887;3.714
878;893;3.952
878;896;2.679
879;875;2.943
879;876;4.019
879;882;3.01
879;883;2.932
879;884;3.814
879;887;6.34
879;888;3.663
880;876;3.006
880;877;3.488
881;822;2.735
881;877;3.021
881;878;3.494
882;878;3.085
882;879;3.01
882;886;2.807
882;887;3.999
882;890;3.792
882;893;3.626
883;879;2.932
883;887;2.987
884;879;3.814
884;887;3.453
884;888;3.004
885;888;2.856
885;889;2.93
886;882;2.807
887;878;3.714
887;879;6.34
887;882;3.999
887;883;2.987
887;884;3.453
887;890;3.043
887;893;3.695
887;897;3.848
888;879;3.663
888;884;3.004
888;885;2.856
888;894;3.857
888;897;3.675
889;885;2.93
890;882;3.792
890;887;3.043
890;893;3.197
890;894;2.943
891;894;3.478
891;895;2.973
892;895;3.395
892;896;2.998
892;942;4.035
892;945;3.825
893;878;3.952
893;882;3.626
893;887;3.695
893;890;3.197
893;896;3.137
893;897;2.986
894;888;3.857
894;890;2.943
894;891;3.478
894;897;5.945
894;898;2.983
895;891;2.973
895;892;3.395
895;898;3.279
896;878;2.679
896;892;2.998
896;893;3.137
896;933;2.93
896;936;2.779
897;875;3.88
897;887;3.848
897;888;3.675
897;893;2.986
897;894;5.945
897;900;3.023
897;901;2.953
898;894;2.983
898;895;3.279
898;902;3.042
899;929;4.04
899;933;3.689
900;872;3.892
900;897;3.023
900;903;3.053
900;904;3.089
901;897;2.953
901;904;2.957
901;905;2.919
902;898;3.042
902;906;2.973
902;926;3.716
903;900;3.053
903;906;3.9
903;907;3.057
903;927;2.867
904;872;3.654
904;900;3.089
904;901;2.957
904;907;3.357
904;908;2.981
905;901;2.919
905;908;3.215
905;909;3.006
906;902;2.973
906;903;3.9
906;909;3.281
906;910;2.946
907;903;3.057
907;904;3.357
907;910;3.336
907;911;2.984
907;920;3.738
908;904;2.981
908;905;3.215
908;911;3.234
908;912;2.945
909;905;3.006
909;906;3.281
909;912;3.153
909;913;2.973
910;906;2.946
910;907;3.336
910;915;3.029
910;919;3.318
910;920;3.361
910;923;3.636
911;907;2.984
911;908;3.234
911;914;2.996
912;908;2.945
912;909;3.153
913;909;2.973
914;911;2.996
915;910;3.029
916;919;3.808
916;920;3.182
917;920;3.455
917;921;3.006
918;921;2.738
918;922;3.253
919;910;3.318
919;916;3.808
919;923;2.999
920;907;3.738
920;910;3.361
920;916;3.182
920;917;3.455
920;924;2.958
921;846;2.693
921;861;2.855
921;917;3.006
921;918;2.738
921;1316;3.801
922;918;3.253
922;925;3.044
922;1266;3.925
922;1313;3.034
922;1314;3.661
922;1315;3.139
923;910;3.636
923;919;2.999
924;861;3.814
924;920;2.958
924;927;2.753
925;922;3.044
925;928;2.747
925;929;3.356
925;1262;3.599
926;902;3.716
926;929;2.975
927;864;3.79
927;868;3.695
927;903;2.867
927;924;2.753
927;930;2.846
928;843;3.929
928;925;2.747
929;899;4.04
929;925;3.356
929;926;2.975
929;932;2.938
929;933;2.998
929;1258;3.816
930;836;3.713
930;839;3.671
930;867;3.621
930;927;2.846
930;933;2.979
930;934;3.178
931;934;3.034
931;1258;3.626
932;929;2.938
932;935;2.764
932;1258;3.816
933;871;3.683
933;874;3.599
933;896;2.93
933;899;3.689
933;929;2.998
933;930;2.979
933;936;2.911
934;836;3.781
934;930;3.178
934;931;3.034
934;937;2.98
934;938;2.93
935;932;2.764
935;938;3.307
935;941;3.526
935;945;3.665
936;896;2.779
936;933;2.911
936;942;2.89
937;829;3.173
937;833;3.445
937;934;2.98
938;934;2.93
938;935;3.307
938;941;3.455
938;942;3.006
939;942;3.717
940;943;3.051
940;944;2.941
941;935;3.526
941;938;3.455
941;944;3.282
941;945;2.975
941;1250;3.785
941;1251;4.0
942;892;4.035
942;936;2.89
942;938;3.006
942;939;3.717
942;946;2.995
943;940;3.051
943;946;3.371
943;947;2.958
944;940;2.941
944;941;3.282
944;947;3.155
944;948;2.994
944;1251;3.891
945;892;3.825
945;935;3.665
945;941;2.975
945;948;3.379
945;949;3.007
946;942;2.995
946;943;3.371
946;949;3.341
946;950;3.007
947;943;2.958
947;944;3.155
947;950;3.199
947;951;3.046
948;944;2.994
948;945;3.379
948;951;3.179
948;952;3.13
948;1350;3.367
949;945;3.007
949;946;3.341
949;952;2.945
950;946;3.007
950;947;3.199
951;947;3.046
951;948;3.179
951;954;3.246
951;955;3.14
952;948;3.13
952;949;2.945
952;956;2.936
953;956;3.421
953;957;3.084
954;951;3.246
