source;destination;distance
0;3;2.791
1;47;3.589
2;7;3.634
2;48;3.679
3;0;2.791
4;7;3.286
4;8;2.969
5;9;2.973
6;10;2.967
7;2;3.634
7;4;3.286
7;10;3.138
7;11;2.968
7;43;3.914
7;47;3.732
8;4;2.969
8;11;3.364
8;12;2.957
9;5;2.973
9;13;2.94
10;6;2.967
10;7;3.138
10;13;3.473
10;14;2.949
11;7;2.968
11;8;3.364
11;14;3.425
11;15;3.011
11;44;3.608
12;8;2.957
12;16;2.972
12;104;4.013
13;9;2.94
13;10;3.473
13;16;3.414
13;17;2.946
14;10;2.949
14;11;3.425
14;18;3.011
14;37;3.631
14;40;3.995
15;11;3.011
15;19;3.007
15;37;3.794
15;99;3.944
15;100;3.628
16;12;2.972
16;13;3.414
16;19;3.179
16;20;3.084
17;13;2.946
17;20;3.282
17;21;2.973
18;14;3.011
18;21;3.439
18;22;3.038
18;37;3.559
18;96;3.569
19;15;3.007
19;16;3.179
19;22;3.09
19;23;3.48
19;97;3.504
19;596;3.494
20;16;3.084
20;17;3.282
21;17;2.973
21;18;3.439
21;24;2.981
21;30;3.618
21;33;3.415
22;18;3.038
22;19;3.09
22;93;3.99
23;19;3.48
23;596;3.752
24;21;2.981
24;27;4.0
25;603;3.216
25;630;3.667
25;631;3.293
26;30;3.829
27;24;4.0
27;30;2.847
28;31;2.725
28;32;3.035
29;32;3.288
29;33;2.972
30;21;3.618
30;26;3.829
30;27;2.847
30;33;3.443
30;34;3.006
31;28;2.725
31;34;3.464
31;35;2.996
32;28;3.035
32;29;3.288
32;36;2.994
33;21;3.415
33;29;2.972
33;30;3.443
33;36;3.192
33;37;2.939
34;30;3.006
34;31;3.464
34;37;3.367
34;38;2.936
34;93;2.802
34;96;3.099
35;31;2.996
35;38;3.303
35;39;2.955
35;81;3.981
36;32;2.994
36;33;3.192
36;39;3.366
36;40;2.999
37;14;3.631
37;15;3.794
37;18;3.559
37;33;2.939
37;34;3.367
37;40;3.028
37;41;2.877
37;96;3.402
38;34;2.936
38;35;3.303
38;41;3.99
38;42;2.982
38;80;2.767
39;35;2.955
39;36;3.366
39;42;3.187
39;43;2.985
40;14;3.995
40;36;2.999
40;37;3.028
40;43;3.492
40;44;2.916
41;37;2.877
41;38;3.99
41;45;2.95
41;73;3.459
41;99;3.513
42;38;2.982
42;39;3.187
42;45;3.282
42;46;2.973
43;7;3.914
43;39;2.985
43;40;3.492
43;46;3.42
43;47;3.057
44;11;3.608
44;40;2.916
44;47;3.266
44;48;2.832
44;99;2.659
45;41;2.95
45;42;3.282
45;49;2.986
45;56;3.964
45;73;3.928
46;42;2.973
46;43;3.42
46;50;3.072
46;51;3.945
47;1;3.589
47;7;3.732
47;43;3.057
47;44;3.266
48;2;3.679
48;44;2.832
48;66;3.217
48;69;2.657
49;45;2.986
49;56;3.994
49;59;3.838
49;66;3.681
50;46;3.072
50;55;3.655
51;46;3.945
52;55;3.103
52;58;3.44
53;56;2.981
54;57;2.994
55;50;3.655
55;52;3.103
55;58;2.998
56;45;3.964
56;49;3.994
56;53;2.981
56;59;3.042
56;70;3.917
57;54;2.994
57;60;3.018
58;52;3.44
58;55;2.998
58;61;3.028
59;49;3.838
59;56;3.042
59;62;2.988
59;63;3.736
59;66;3.496
59;70;3.81
60;57;3.018
61;58;3.028
62;59;2.988
63;59;3.736
63;66;3.467
63;67;2.923
64;67;3.452
64;68;3.036
65;68;3.031
65;69;3.053
65;102;3.403
65;108;3.212
65;111;3.819
66;48;3.217
66;49;3.681
66;59;3.496
66;63;3.467
66;69;3.784
66;70;2.987
67;63;2.923
67;64;3.452
67;70;3.399
67;71;2.946
68;64;3.036
68;65;3.031
68;72;3.0
68;101;3.882
69;48;2.657
69;65;3.053
69;66;3.784
69;72;3.43
69;73;2.938
69;99;3.193
69;102;2.729
70;56;3.917
70;59;3.81
70;66;2.987
70;67;3.399
70;73;3.153
70;74;2.977
71;67;2.946
71;74;3.424
71;75;2.985
72;68;3.0
72;69;3.43
72;76;2.929
72;95;3.534
73;41;3.459
73;45;3.928
73;69;2.938
73;70;3.153
73;76;3.464
73;77;2.899
74;70;2.977
74;71;3.424
74;77;3.372
74;78;3.012
75;71;2.985
75;78;3.446
75;79;2.982
75;89;3.58
75;92;3.335
76;72;2.929
76;73;3.464
76;79;2.993
76;80;2.866
77;73;2.899
77;74;3.372
77;81;2.97
78;74;3.012
78;75;3.446
78;82;3.007
79;75;2.982
79;76;2.993
79;83;3.946
79;89;2.743
80;38;2.767
80;76;2.866
80;96;3.572
81;35;3.981
81;77;2.97
82;78;3.007
82;84;2.989
83;79;3.946
83;90;2.936
83;93;3.598
84;82;2.989
85;89;3.483
86;89;3.122
87;90;2.918
87;91;3.18
87;605;3.899
88;91;3.095
89;75;3.58
89;79;2.743
89;85;3.483
89;86;3.122
89;92;3.008
90;83;2.936
90;87;2.918
91;87;3.18
91;88;3.095
91;94;3.009
91;604;3.436
91;605;3.883
92;75;3.335
92;89;3.008
92;95;2.86
93;22;3.99
93;34;2.802
93;83;3.598
93;96;2.911
94;91;3.009
94;97;2.874
94;597;3.947
94;600;3.644
94;601;3.684
95;72;3.534
95;92;2.86
95;98;3.121
95;99;3.027
96;18;3.569
96;34;3.099
96;37;3.402
96;80;3.572
96;93;2.911
96;99;3.167
97;19;3.504
97;94;2.874
97;100;2.988
98;95;3.121
98;101;2.723
98;597;3.963
99;15;3.944
99;41;3.513
99;44;2.659
99;69;3.193
99;95;3.027
99;96;3.167
99;102;2.79
99;103;3.372
100;15;3.628
100;97;2.988
100;103;2.981
100;104;2.95
100;107;3.797
100;593;3.791
101;68;3.882
101;98;2.723
101;107;4.031
101;111;3.786
102;65;3.403
102;69;2.729
102;99;2.79
102;108;2.79
103;99;3.372
103;100;2.981
104;12;4.013
104;100;2.95
104;107;3.091
104;108;2.974
105;108;3.407
105;109;2.945
106;110;3.14
106;586;3.451
107;100;3.797
107;101;4.031
107;104;3.091
107;110;3.391
107;111;3.01
107;590;3.678
108;65;3.212
108;102;2.79
108;104;2.974
108;105;3.407
108;111;3.481
108;112;2.971
109;105;2.945
109;112;3.13
109;113;3.019
110;106;3.14
110;107;3.391
110;113;3.077
110;114;3.0
110;586;3.33
110;587;3.991
111;65;3.819
111;101;3.786
111;107;3.01
111;108;3.481
111;114;3.28
111;115;3.051
112;108;2.971
112;109;3.13
112;115;3.418
112;116;3.002
113;109;3.019
113;110;3.077
113;116;3.229
113;117;3.046
114;110;3.0
114;111;3.28
114;117;3.04
114;118;3.253
114;675;3.794
115;111;3.051
115;112;3.418
115;118;2.972
116;112;3.002
116;113;3.229
116;119;2.815
116;254;3.83
117;113;3.046
117;114;3.04
117;120;3.078
117;121;3.018
118;114;3.253
118;115;2.972
118;122;3.004
119;116;2.815
119;258;2.72
120;117;3.078
120;123;3.387
120;254;3.481
120;257;2.628
120;258;2.8
121;117;3.018
121;125;2.931
121;251;3.982
122;118;3.004
122;126;2.979
123;120;3.387
123;126;3.185
123;127;3.095
123;1252;3.449
123;1253;2.944
124;127;3.434
124;128;3.158
124;243;3.624
124;1256;3.997
125;121;2.931
125;128;3.378
125;129;2.92
126;122;2.979
126;123;3.185
126;129;3.332
126;130;2.983
127;123;3.095
127;124;3.434
127;130;3.911
127;131;2.959
127;1247;3.97
127;1253;3.963
127;1256;3.81
128;124;3.158
128;125;3.378
128;131;3.3
128;132;2.889
128;243;3.424
129;125;2.92
129;126;3.332
129;132;3.478
129;133;3.01
130;126;2.983
130;127;3.911
130;133;3.456
130;134;2.935
130;1243;3.664
130;1246;3.378
130;1247;3.605
131;127;2.959
131;128;3.3
131;134;3.468
131;135;2.863
132;128;2.889
132;129;3.478
132;136;2.976
132;203;3.742
132;206;4.009
133;129;3.01
133;130;3.456
133;136;3.167
133;137;3.0
134;130;2.935
134;131;3.468
134;137;3.317
134;138;2.981
134;1155;3.772
134;1243;3.865
135;131;2.863
135;139;2.941
135;206;3.575
135;232;3.691
135;236;3.737
135;239;3.641
136;132;2.976
136;133;3.167
136;140;2.925
136;199;3.799
136;203;3.917
137;133;3.0
137;134;3.317
137;140;3.173
137;141;3.118
137;199;3.823
137;1240;3.9
138;134;2.981
138;141;3.162
138;142;3.461
138;232;3.548
138;1237;3.665
138;1240;3.85
139;135;2.941
139;142;3.418
139;143;2.953
139;196;3.614
140;136;2.925
140;137;3.173
140;144;3.713
140;197;3.931
140;198;3.525
140;199;3.891
141;137;3.118
141;138;3.162
141;1237;3.584
141;1240;3.39
142;138;3.461
142;139;3.418
142;1233;3.673
142;1237;3.478
143;139;2.953
143;219;3.035
143;229;3.408
143;232;3.588
143;233;3.84
144;140;3.713
144;197;3.845
145;150;2.742
146;187;2.942
146;191;3.768
146;192;3.893
147;150;2.956
147;151;3.793
147;191;2.881
148;191;2.838
148;197;2.649
149;153;3.885
149;155;3.311
150;145;2.742
150;147;2.956
150;154;3.652
150;188;2.877
151;147;3.793
151;185;3.79
151;188;3.939
152;184;4.028
152;185;3.589
153;149;3.885
153;183;2.734
154;150;3.652
155;149;3.311
156;159;3.802
157;159;3.571
158;161;3.902
158;182;3.828
159;156;3.802
159;157;3.571
160;171;3.311
160;181;2.813
161;158;3.902
162;170;3.052
162;171;3.878
163;165;3.842
164;166;3.712
165;163;3.842
165;170;6.418
166;164;3.712
167;170;2.948
167;178;3.06
168;174;2.798
169;172;3.642
169;173;3.476
170;162;3.052
170;165;6.418
170;167;2.948
170;172;2.782
170;182;2.975
171;160;3.311
171;162;3.878
172;169;3.642
172;170;2.782
172;178;3.598
172;180;2.814
173;169;3.476
173;176;2.943
174;168;2.798
175;178;3.582
176;173;2.943
177;179;3.066
178;167;3.06
178;172;3.598
178;175;3.582
179;177;3.066
180;172;2.814
181;160;2.813
182;158;3.828
182;170;2.975
183;153;2.734
184;152;4.028
184;1010;4.278
184;1012;3.687
185;151;3.79
185;152;3.589
186;188;3.489
187;146;2.942
188;150;2.877
188;151;3.939
188;186;3.489
189;192;3.154
189;1011;3.734
190;1011;3.311
191;146;3.768
191;147;2.881
191;148;2.838
191;193;2.903
192;146;3.893
192;189;3.154
192;222;3.393
193;191;2.903
193;196;3.01
193;197;3.015
193;201;3.858
194;201;3.199
195;201;3.34
195;219;3.478
196;139;3.614
196;193;3.01
196;202;3.496
196;205;3.48
196;219;3.115
196;233;3.913
197;140;3.931
197;144;3.845
197;148;2.649
197;193;3.015
198;140;3.525
198;201;2.808
198;202;2.976
199;136;3.799
199;137;3.823
199;140;3.891
199;203;2.955
200;204;2.999
201;193;3.858
201;194;3.199
201;195;3.34
201;198;2.808
201;204;3.241
201;205;2.951
202;196;3.496
202;198;2.976
202;205;3.283
202;206;2.955
203;132;3.742
203;136;3.917
203;199;2.955
203;207;2.936
204;200;2.999
204;201;3.241
204;207;3.064
204;208;2.957
204;663;3.809
205;196;3.48
205;201;2.951
205;202;3.283
205;208;3.317
205;209;2.94
206;132;4.009
206;135;3.575
206;202;2.955
206;209;3.477
206;210;2.955
207;203;2.936
207;204;3.064
207;210;3.249
207;211;2.944
207;667;3.491
207;670;4.069
207;671;3.851
208;204;2.957
208;205;3.317
208;212;2.977
208;213;2.81
208;214;3.841
208;646;3.631
209;205;2.94
209;206;3.477
209;212;3.078
209;215;3.656
209;233;3.871
209;236;3.729
209;237;3.704
210;206;2.955
210;207;3.249
211;207;2.944
211;645;3.499
211;670;3.615
212;208;2.977
212;209;3.078
212;1318;3.143
212;1320;3.0
213;208;2.81
213;645;3.769
213;646;3.417
214;208;3.841
214;217;3.338
214;218;3.004
214;646;5.627
214;1315;3.739
215;209;3.656
215;219;3.05
215;220;3.168
215;234;3.9
215;237;3.285
215;1311;3.753
215;1314;3.577
215;1315;3.339
216;220;3.128
216;221;3.015
216;1311;3.684
216;1315;3.615
216;1350;3.625
216;1351;2.797
216;1352;3.136
217;214;3.338
217;1325;3.476
217;1352;3.155
218;214;3.004
218;221;3.049
219;143;3.035
219;195;3.478
219;196;3.115
219;215;3.05
219;229;2.81
219;233;6.477
220;215;3.168
220;216;3.128
220;223;2.975
220;230;3.39
220;1311;3.168
220;1350;3.483
221;216;3.015
221;218;3.049
221;1301;3.743
221;1350;3.383
222;192;3.393
223;220;2.975
223;225;2.934
223;226;3.121
223;229;3.597
224;226;3.077
224;1308;3.68
224;1346;2.845
224;1349;3.507
225;223;2.934
225;229;3.019
226;223;3.121
226;224;3.077
226;229;2.966
226;230;2.943
226;1347;3.792
226;1348;3.499
227;230;3.695
227;231;2.926
227;1345;2.848
227;1347;2.77
228;1230;3.688
228;1233;3.851
228;1234;3.241
228;1347;2.948
229;143;3.408
229;219;2.81
229;223;3.597
229;225;3.019
229;226;2.966
229;232;3.04
229;233;3.345
230;220;3.39
230;226;2.943
230;227;3.695
230;233;3.378
230;234;2.945
230;1311;3.455
230;1348;3.937
230;1349;3.907
231;227;2.926
231;235;2.981
232;135;3.691
232;138;3.548
232;143;3.588
232;229;3.04
232;235;3.119
232;236;2.969
233;143;3.84
233;196;3.913
233;209;3.871
233;219;6.477
233;229;3.345
233;230;3.378
233;236;3.258
233;237;2.987
234;215;3.9
234;230;2.945
234;237;3.143
234;238;2.967
234;1314;3.979
235;231;2.981
235;232;3.119
235;239;2.931
236;135;3.737
236;209;3.729
236;232;2.969
236;233;3.258
236;240;2.904
237;209;3.704
237;215;3.285
237;233;2.987
237;234;3.143
237;240;3.474
237;241;2.943
237;1314;3.381
238;234;2.967
238;242;2.959
238;1314;3.36
239;135;3.641
239;235;2.931
239;243;2.906
240;236;2.904
240;237;3.474
240;244;2.94
241;237;2.943
241;244;3.346
241;245;2.964
242;238;2.959
242;245;3.391
242;246;2.929
242;1260;3.666
242;1267;3.623
243;124;3.624
243;128;3.424
243;239;2.906
243;246;3.164
243;247;2.877
244;240;2.94
244;241;3.346
244;247;3.336
244;248;2.96
245;241;2.964
245;242;3.391
245;248;3.923
245;249;2.987
245;1378;3.742
246;242;2.929
246;243;3.164
246;249;3.63
246;250;2.898
246;1256;3.152
246;1259;3.8
247;243;2.877
247;244;3.336
247;250;3.096
247;251;2.933
247;678;3.603
248;244;2.96
248;245;3.923
248;252;3.126
248;678;3.669
248;681;3.699
248;1375;3.519
249;245;2.987
249;246;3.63
249;252;3.489
249;253;2.92
249;1378;3.917
249;1379;3.924
249;1382;3.533
250;246;2.898
250;247;3.096
250;254;2.931
251;121;3.982
251;247;2.933
251;254;3.307
251;255;3.1
251;682;3.792
252;248;3.126
252;249;3.489
252;255;3.222
252;256;3.076
252;681;3.584
252;682;3.979
252;685;3.426
252;1379;3.467
253;249;2.92
253;257;2.891
253;1383;3.753
254;116;3.83
254;120;3.481
254;250;2.931
254;251;3.307
254;257;4.026
254;258;2.982
255;251;3.1
255;252;3.222
255;259;3.083
255;682;3.673
256;252;3.076
256;259;2.984
256;260;2.907
256;686;3.954
256;689;3.835
256;1383;6.386
257;120;2.628
257;253;2.891
257;254;4.026
257;260;2.962
257;261;3.536
258;119;2.72
258;120;2.8
258;254;2.982
258;268;2.851
259;255;3.083
259;256;2.984
259;267;4.01
259;268;2.733
259;269;3.019
260;256;2.907
260;257;2.962
260;267;3.544
260;269;3.898
260;270;3.054
261;257;3.536
261;266;2.69
261;267;2.829
262;270;3.79
263;265;3.707
264;270;3.526
264;271;3.944
264;273;3.828
264;701;3.719
265;263;3.707
265;267;3.774
266;261;2.69
267;259;4.01
267;260;3.544
267;261;2.829
267;265;3.774
268;258;2.851
268;259;2.733
269;259;3.019
269;260;3.898
270;260;3.054
270;262;3.79
270;264;3.526
270;273;2.978
271;264;3.944
272;275;3.018
273;264;3.828
273;270;2.978
273;696;3.523
273;700;3.741
273;702;3.672
274;277;2.925
275;272;3.018
275;280;3.987
276;280;3.84
277;274;2.925
277;280;2.945
277;293;3.974
278;281;3.154
278;288;2.834
278;289;2.784
278;290;2.931
278;705;3.437
279;282;2.993
279;283;3.018
279;704;2.691
280;275;3.987
280;276;3.84
280;277;2.945
280;283;3.03
281;278;3.154
282;279;2.993
282;290;2.888
283;279;3.018
283;280;3.03
283;703;2.889
284;287;3.137
285;721;3.883
286;729;2.771
287;284;3.137
287;729;3.136
288;278;2.834
288;703;3.822
288;705;3.486
288;706;2.968
289;278;2.784
290;278;2.931
290;282;2.888
291;294;2.983
291;307;2.724
292;294;3.76
293;277;3.974
294;291;2.983
294;292;3.76
295;692;2.896
295;693;3.918
295;1098;3.465
295;1101;3.787
296;1101;3.693
296;1102;3.668
297;305;3.315
298;305;3.902
299;303;2.616
300;973;3.685
301;969;3.542
302;303;3.822
303;299;2.616
303;302;3.822
304;310;3.846
305;297;3.315
305;298;3.902
305;308;3.143
306;311;3.934
307;291;2.724
308;305;3.143
308;315;2.739
309;312;2.981
310;304;3.846
311;306;3.934
312;309;2.981
312;315;3.919
313;321;3.059
313;322;2.85
313;323;3.86
314;316;3.052
315;308;2.739
315;312;3.919
316;314;3.052
316;326;2.948
317;321;2.798
317;323;2.709
317;324;2.999
317;326;2.731
318;321;2.839
319;327;3.527
320;323;2.974
320;325;2.738
320;327;2.705
321;313;3.059
321;317;2.798
321;318;2.839
322;313;2.85
323;313;3.86
323;317;2.709
323;320;2.974
324;317;2.999
325;320;2.738
326;316;2.948
326;317;2.731
326;329;3.077
327;319;3.527
327;320;2.705
328;330;3.954
328;332;3.686
329;326;3.077
330;328;3.954
331;333;3.898
332;328;3.686
333;331;3.898
334;440;3.235
334;441;2.881
334;442;2.753
335;436;3.093
335;439;3.595
336;436;2.963
337;436;2.801
338;436;2.609
339;344;2.845
340;342;2.963
340;343;3.604
340;344;3.975
341;345;3.386
342;340;2.963
343;340;3.604
343;350;3.489
344;339;2.845
344;340;3.975
344;348;3.618
344;349;3.648
345;341;3.386
346;348;3.022
347;432;3.888
348;344;3.618
348;346;3.022
348;433;3.666
348;434;2.838
348;435;2.877
348;437;2.776
349;344;3.648
350;343;3.489
351;356;3.573
351;357;2.875
352;355;3.049
352;357;3.024
353;358;2.961
354;367;3.688
355;352;3.049
356;351;3.573
357;351;2.875
357;352;3.024
358;353;2.961
358;360;3.041
359;363;3.772
360;358;3.041
360;363;2.993
360;367;3.893
361;364;2.992
362;365;3.021
362;366;2.992
362;367;3.62
363;359;3.772
363;360;2.993
364;361;2.992
365;362;3.021
365;369;2.802
366;362;2.992
366;368;3.686
367;354;3.688
367;360;3.893
367;362;3.62
368;366;3.686
369;365;2.802
370;372;2.784
371;374;3.514
371;378;3.212
371;389;3.868
372;370;2.784
373;390;2.952
374;371;3.514
374;389;3.802
374;390;2.993
375;391;3.785
376;390;3.921
377;380;2.951
378;371;3.212
379;381;3.003
379;382;3.278
379;383;2.775
380;377;2.951
381;379;3.003
382;379;3.278
383;379;2.775
383;386;2.821
384;386;2.933
385;387;3.034
386;383;2.821
386;384;2.933
387;385;3.034
388;392;2.798
388;393;3.728
389;371;3.868
389;374;3.802
389;392;2.976
389;393;3.807
390;373;2.952
390;374;2.993
390;376;3.921
390;393;3.682
391;375;3.785
391;394;2.946
391;395;3.076
392;388;2.798
392;389;2.976
393;388;3.728
393;389;3.807
393;390;3.682
394;391;2.946
395;391;3.076
396;397;3.288
397;396;3.288
398;399;2.726
399;398;2.726
400;401;2.837
400;407;3.686
401;400;2.837
401;406;3.041
402;405;2.802
402;406;3.835
403;406;3.799
404;406;2.977
405;402;2.802
406;401;3.041
406;402;3.835
406;403;3.799
406;404;2.977
407;400;3.686
407;408;3.098
408;407;3.098
409;411;2.992
410;412;2.938
411;409;2.992
412;410;2.938
412;413;3.042
413;412;3.042
414;416;3.811
415;439;2.687
416;414;3.811
417;418;3.369
418;417;3.369
419;421;2.976
420;422;3.359
420;426;3.581
421;419;2.976
422;420;3.359
422;426;3.639
423;424;3.215
424;423;3.215
425;431;3.852
426;420;3.581
426;422;3.639
426;427;2.937
427;426;2.937
427;430;3.001
427;431;3.075
428;431;2.899
429;432;3.797
430;427;3.001
431;425;3.852
431;427;3.075
431;428;2.899
432;347;3.888
432;429;3.797
433;348;3.666
433;437;3.903
434;348;2.838
435;348;2.877
436;335;3.093
436;336;2.963
436;337;2.801
436;338;2.609
437;348;2.776
437;433;3.903
438;440;4.017
439;335;3.595
439;415;2.687
440;334;3.235
440;438;4.017
441;334;2.881
441;447;3.142
442;334;2.753
443;446;3.005
444;447;2.978
444;448;3.244
444;449;3.96
445;450;2.784
445;451;2.847
446;443;3.005
446;451;4.901
447;441;3.142
447;444;2.978
448;444;3.244
449;444;3.96
450;445;2.784
451;445;2.847
451;446;4.901
452;453;2.838
453;452;2.838
454;456;2.73
455;457;3.121
456;454;2.73
457;455;3.121
457;459;2.968
457;461;3.333
457;462;3.993
457;465;2.672
458;460;3.866
458;461;3.743
458;518;2.767
459;457;2.968
460;458;3.866
460;517;3.619
460;518;3.864
461;457;3.333
461;458;3.743
461;464;2.964
461;465;3.142
462;457;3.993
462;465;3.005
463;514;3.615
464;461;2.964
464;519;3.367
465;457;2.672
465;461;3.142
465;462;3.005
465;468;2.943
465;469;3.177
466;470;2.96
467;471;2.958
468;465;2.943
468;471;3.207
468;472;3.013
469;465;3.177
469;472;3.435
469;473;2.932
469;566;2.667
470;466;2.96
470;473;3.207
470;474;2.975
471;467;2.958
471;468;3.207
471;475;3.047
472;468;3.013
472;469;3.435
472;475;3.323
472;476;2.978
472;507;3.97
472;511;3.803
472;563;3.94
473;469;2.932
473;470;3.207
473;476;3.007
473;477;3.089
473;567;2.732
473;568;3.566
474;470;2.975
474;477;3.47
474;478;3.002
475;471;3.047
475;472;3.323
475;479;2.984
475;504;3.664
476;472;2.978
476;473;3.007
476;479;3.08
476;480;3.075
476;508;3.309
476;561;3.881
476;563;3.876
476;564;3.83
477;473;3.089
477;474;3.47
477;480;3.154
477;481;3.434
477;564;3.809
478;474;3.002
478;481;3.319
478;482;3.018
479;475;2.984
479;476;3.08
479;482;3.255
479;483;2.988
479;504;3.227
479;560;3.144
480;476;3.075
480;477;3.154
480;484;3.05
480;561;3.644
480;987;4.026
481;477;3.434
481;478;3.319
481;484;3.328
481;485;2.98
482;478;3.018
482;479;3.255
482;485;3.129
482;486;2.96
482;497;3.498
483;479;2.988
483;486;3.025
483;560;3.793
483;561;3.688
483;991;3.997
484;480;3.05
484;481;3.328
485;481;2.98
485;482;3.129
485;489;3.837
485;497;3.803
486;482;2.96
486;483;3.025
486;490;2.916
486;497;3.987
486;501;3.414
487;490;2.959
487;1032;2.992
487;1033;3.058
488;491;2.979
488;492;3.063
489;485;3.837
489;493;3.006
490;486;2.916
490;487;2.959
490;494;3.685
491;488;2.979
491;494;2.629
492;488;3.063
493;489;3.006
493;496;3.044
493;497;2.936
494;490;3.685
494;491;2.629
494;498;2.967
495;498;3.318
495;499;3.038
496;493;3.044
496;499;3.919
496;500;2.966
497;482;3.498
497;485;3.803
497;486;3.987
497;493;2.936
497;500;3.284
497;501;2.916
498;494;2.967
498;495;3.318
498;501;3.348
498;502;3.037
499;495;3.038
499;496;3.919
499;503;2.963
500;496;2.966
500;497;3.284
500;504;2.974
501;486;3.414
501;497;2.916
501;498;3.348
501;504;3.397
501;505;3.086
501;560;3.262
502;498;3.037
502;505;3.335
502;506;3.01
502;544;3.785
502;545;3.381
503;499;2.963
503;506;3.012
503;507;3.092
504;475;3.664
504;479;3.227
504;500;2.974
504;501;3.397
504;507;3.079
504;508;3.371
505;501;3.086
505;502;3.335
505;508;2.941
505;540;2.853
505;541;3.754
505;544;3.828
506;502;3.01
506;503;3.012
506;509;2.874
507;472;3.97
507;503;3.092
507;504;3.079
507;510;3.057
507;511;3.232
508;476;3.309
508;504;3.371
508;505;2.941
508;512;2.987
508;537;3.675
508;541;3.891
508;563;3.414
509;506;2.874
509;512;3.384
509;513;3.029
509;541;3.491
510;507;3.057
510;514;3.061
511;472;3.803
511;507;3.232
511;514;3.41
511;515;2.952
511;563;2.741
511;566;2.727
512;508;2.987
512;509;3.384
512;516;2.989
512;537;3.642
513;509;3.029
513;516;3.3
513;517;3.084
514;463;3.615
514;510;3.061
514;511;3.41
514;518;2.994
515;511;2.952
515;518;3.01
515;519;3.037
515;523;2.668
515;524;3.56
515;530;2.773
516;512;2.989
516;513;3.3
516;524;3.735
516;525;4.003
517;460;3.619
517;513;3.084
518;458;2.767
518;460;3.864
518;514;2.994
518;515;3.01
519;464;3.367
519;515;3.037
519;523;3.613
520;523;2.91
520;524;2.926
521;525;2.975
522;526;3.07
523;515;2.668
523;519;3.613
523;520;2.91
523;526;3.071
523;527;2.927
524;515;3.56
524;516;3.735
524;520;2.926
524;530;3.202
525;516;4.003
525;521;2.975
526;522;3.07
526;523;3.071
527;523;2.927
527;530;2.963
527;531;3.033
528;531;3.979
528;532;3.02
529;533;2.996
529;571;2.948
529;574;3.873
530;515;2.773
530;524;3.202
530;527;2.963
530;533;3.476
530;534;2.953
531;527;3.033
531;528;3.979
531;534;3.4
531;535;2.993
532;528;3.02
532;535;3.424
532;536;3.025
532;562;3.981
533;529;2.996
533;530;3.476
533;536;3.215
533;537;2.898
533;563;2.643
533;566;3.848
534;530;2.953
534;531;3.4
534;538;2.992
535;531;2.993
535;532;3.424
535;538;3.195
535;539;3.09
536;532;3.025
536;533;3.215
536;540;3.026
537;508;3.675
537;512;3.642
537;533;2.898
537;541;2.936
537;563;3.752
538;534;2.992
538;535;3.195
538;542;2.989
539;535;3.09
539;543;3.232
539;556;3.624
540;505;2.853
540;536;3.026
540;544;3.413
540;560;3.086
541;505;3.754
541;508;3.891
541;509;3.491
541;537;2.936
541;544;3.162
541;545;2.907
542;538;2.989
542;545;3.224
542;546;3.035
543;539;3.232
543;547;3.009
543;548;3.033
543;557;3.897
544;502;3.785
544;505;3.828
544;540;3.413
544;541;3.162
544;548;3.661
544;557;3.918
545;502;3.381
545;541;2.907
545;542;3.224
546;542;3.035
547;543;3.009
547;549;2.935
548;543;3.033
548;544;3.661
548;554;2.82
549;547;2.935
549;554;3.304
550;553;2.814
551;554;3.228
551;555;2.924
552;555;3.357
552;556;2.977
552;1072;3.764
553;550;2.814
553;556;3.089
553;557;3.082
554;548;2.82
554;549;3.304
554;551;3.228
554;557;2.943
555;551;2.924
555;552;3.357
555;558;2.937
556;539;3.624
556;552;2.977
556;553;3.089
556;559;2.982
557;543;3.897
557;544;3.918
557;553;3.082
557;554;2.943
557;560;3.051
558;555;2.937
558;561;3.188
558;988;3.786
558;991;3.852
559;556;2.982
559;562;2.902
559;988;3.599
559;992;4.122
560;479;3.144
560;483;3.793
560;501;3.262
560;540;3.086
560;557;3.051
560;563;2.984
561;476;3.881
561;480;3.644
561;483;3.688
561;558;3.188
561;564;2.937
561;984;3.791
561;988;3.511
562;532;3.981
562;559;2.902
562;565;2.764
562;985;3.459
562;988;3.44
563;472;3.94
563;476;3.876
563;508;3.414
563;511;2.741
563;533;2.643
563;537;3.752
563;560;2.984
563;566;2.991
564;476;3.83
564;477;3.809
564;561;2.937
564;567;2.971
564;568;2.945
564;570;3.926
564;984;3.559
565;562;2.764
566;469;2.667
566;511;2.727
566;533;3.848
566;563;2.991
567;473;2.732
567;564;2.971
568;473;3.566
568;564;2.945
568;570;3.882
568;571;3.013
569;572;3.08
569;573;2.922
569;977;3.199
570;564;3.926
570;568;3.882
570;573;3.195
570;574;3.005
570;981;3.48
571;529;2.948
571;568;3.013
571;574;3.815
571;575;3.059
572;569;3.08
572;575;3.345
572;576;2.968
573;569;2.922
573;570;3.195
573;576;3.295
573;577;2.94
573;981;3.601
574;529;3.873
574;570;3.005
574;571;3.815
574;578;3.051
575;571;3.059
575;572;3.345
575;578;3.405
575;579;2.768
576;572;2.968
576;573;3.295
576;579;3.226
576;580;2.932
576;1090;3.585
577;573;2.94
577;580;3.189
577;581;3.077
577;1086;3.576
578;574;3.051
578;575;3.405
578;581;3.005
579;575;2.768
579;576;3.226
579;582;2.979
580;576;2.932
580;577;3.189
580;583;3.078
580;584;3.082
580;684;3.788
580;1086;3.482
580;1090;3.47
581;577;3.077
581;578;3.005
581;585;2.978
581;1086;3.882
582;579;2.979
582;585;3.014
583;580;3.078
583;684;3.838
584;580;3.082
584;587;3.276
584;588;2.873
584;680;3.554
584;1086;3.836
585;581;2.978
585;582;3.014
585;589;3.05
586;106;3.451
586;110;3.33
586;589;3.219
586;590;3.303
587;110;3.991
587;584;3.276
587;590;3.052
587;591;3.025
587;679;3.507
587;680;3.794
588;584;2.873
588;592;2.923
589;585;3.05
589;586;3.219
589;592;3.295
589;593;3.067
590;107;3.678
590;586;3.303
590;587;3.052
590;593;3.395
590;594;3.025
591;587;3.025
591;595;2.959
591;642;3.959
592;588;2.923
592;589;3.295
592;596;2.969
593;100;3.791
593;589;3.067
593;590;3.395
593;596;3.392
593;597;3.023
594;590;3.025
594;597;3.281
594;598;2.946
594;672;3.699
595;591;2.959
595;598;3.473
595;599;2.921
595;635;3.501
595;638;3.798
596;19;3.494
596;23;3.752
596;592;2.969
596;593;3.392
596;599;3.293
596;600;3.009
596;631;3.477
597;94;3.947
597;98;3.963
597;593;3.023
597;594;3.281
597;600;3.246
597;601;2.997
598;594;2.946
598;595;3.473
598;602;2.957
598;638;3.786
598;668;4.047
598;669;3.552
598;672;3.884
599;595;2.921
599;596;3.293
599;602;3.234
599;603;2.993
599;631;3.734
599;634;3.994
599;635;4.016
600;94;3.644
600;596;3.009
600;597;3.246
600;604;3.319
601;94;3.684
601;597;2.997
601;604;3.359
601;605;3.023
602;598;2.957
602;599;3.234
602;606;2.995
602;607;2.819
602;628;3.849
603;25;3.216
603;599;2.993
603;607;3.04
603;608;3.165
603;630;4.02
604;91;3.436
604;600;3.319
604;601;3.359
605;87;3.899
605;91;3.883
605;601;3.023
605;608;2.81
606;602;2.995
606;609;3.006
606;610;3.579
606;624;3.513
606;628;4.003
606;662;3.349
606;665;3.978
607;602;2.819
607;603;3.04
607;624;3.758
608;603;3.165
608;605;2.81
609;606;3.006
609;621;4.064
609;624;2.974
610;606;3.579
610;622;3.081
610;624;2.97
610;650;3.789
610;651;3.375
610;658;2.782
610;662;3.523
611;620;2.644
611;621;3.335
611;651;3.687
611;652;2.92
612;615;3.0
612;616;2.884
612;617;2.817
612;618;2.74
613;651;4.139
613;652;2.759
613;654;3.66
614;617;3.835
615;612;3.0
615;620;4.001
616;612;2.884
617;612;2.817
617;614;3.835
617;1020;3.882
618;612;2.74
619;625;3.546
620;611;2.644
620;615;4.001
621;609;4.064
621;611;3.335
621;625;3.423
622;610;3.081
622;625;3.169
622;626;3.108
622;649;2.862
622;650;3.546
623;626;3.06
623;627;2.832
623;648;3.892
624;606;3.513
624;607;3.758
624;609;2.974
624;610;2.97
624;628;3.683
624;650;3.602
625;619;3.546
625;621;3.423
625;622;3.169
625;629;3.636
626;622;3.108
626;623;3.06
626;633;3.84
626;1056;3.94
626;1060;3.654
627;623;2.832
627;633;3.308
627;636;4.011
627;637;3.942
627;1051;3.384
627;1055;3.911
628;602;3.849
628;606;4.003
628;624;3.683
628;633;3.787
628;637;3.625
628;650;4.028
629;625;3.636
629;1064;2.729
630;25;3.667
630;603;4.02
630;633;2.841
630;634;2.944
630;1067;2.874
631;25;3.293
631;596;3.477
631;599;3.734
631;634;3.479
631;635;2.94
632;635;3.199
632;636;2.996
632;1067;3.759
632;1070;3.925
632;1071;3.609
632;1074;3.927
633;626;3.84
633;627;3.308
633;628;3.787
633;630;2.841
633;636;3.34
633;637;2.998
633;1055;2.938
634;599;3.994
634;630;2.944
634;631;3.479
634;638;2.965
635;595;3.501
635;599;4.016
635;631;2.94
635;632;3.199
635;638;3.458
635;639;2.979
636;627;4.011
636;632;2.996
636;633;3.34
636;639;3.21
636;640;3.016
636;1055;3.934
636;1074;3.664
637;627;3.942
637;628;3.625
637;633;2.998
637;640;3.169
637;641;3.036
637;647;3.869
638;595;3.798
638;598;3.786
638;634;2.965
638;635;3.458
638;641;3.258
638;642;2.961
638;669;4.036
639;635;2.979
639;636;3.21
639;642;3.091
639;643;3.198
639;1047;3.967
639;1050;3.587
639;1074;3.707
639;1081;3.902
640;636;3.016
640;637;3.169
640;646;2.866
640;1051;3.517
641;637;3.036
641;638;3.258
641;644;3.034
641;647;3.765
641;666;3.495
641;669;3.616
641;670;3.999
642;591;3.959
642;638;2.961
642;639;3.091
642;673;3.76
643;639;3.198
643;1047;3.469
644;641;3.034
644;670;4.015
645;211;3.499
645;213;3.769
645;1047;3.819
645;1048;2.749
645;1049;2.83
646;208;3.631
646;213;3.417
646;214;5.627
646;640;2.866
646;1052;3.881
647;637;3.869
647;641;3.765
647;650;3.513
647;666;3.317
648;623;3.892
648;1052;3.504
649;622;2.862
649;1008;3.835
650;610;3.789
650;622;3.546
650;624;3.602
650;628;4.028
650;647;3.513
650;659;3.304
650;662;3.461
651;610;3.375
651;611;3.687
651;613;4.139
651;655;3.353
651;659;2.964
652;611;2.92
652;613;2.759
652;659;3.683
653;1009;3.399
654;613;3.66
655;651;3.353
655;658;2.777
655;659;3.07
656;660;2.949
657;660;3.301
657;661;3.004
658;610;2.782
658;655;2.777
658;661;3.233
658;662;3.087
659;650;3.304
659;651;2.964
659;652;3.683
659;655;3.07
659;662;3.436
659;663;2.917
660;656;2.949
660;657;3.301
660;663;3.289
660;664;3.018
661;657;3.004
661;658;3.233
661;665;3.399
662;606;3.349
662;610;3.523
662;650;3.461
662;658;3.087
662;659;3.436
662;665;3.228
662;666;2.915
663;204;3.809
663;659;2.917
663;660;3.289
663;666;3.318
663;667;2.966
664;660;3.018
664;667;3.409
664;668;3.023
665;606;3.978
665;661;3.399
665;662;3.228
665;668;3.322
665;669;2.978
666;641;3.495
666;647;3.317
666;662;2.915
666;663;3.318
666;669;3.32
666;670;2.993
667;207;3.491
667;663;2.966
667;664;3.409
667;670;3.417
667;671;3.003
668;598;4.047
668;664;3.023
668;665;3.322
668;671;3.47
668;672;3.004
669;598;3.552
669;638;4.036
669;641;3.616
669;665;2.978
669;666;3.32
669;673;2.952
670;207;4.069
670;211;3.615
670;641;3.999
670;644;4.015
670;666;2.993
670;667;3.417
670;674;2.931
671;207;3.851
671;667;3.003
671;668;3.47
671;674;3.457
671;675;3.042
672;594;3.699
672;598;3.884
672;668;3.004
672;675;3.425
672;676;2.997
673;642;3.76
673;669;2.952
673;676;3.177
673;677;2.933
674;670;2.931
674;671;3.457
674;677;3.246
674;678;2.981
675;114;3.794
675;671;3.042
675;672;3.425
675;679;3.029
676;672;2.997
676;673;3.177
676;679;3.37
676;680;2.922
677;673;2.933
677;674;3.246
677;680;3.119
677;681;3.079
678;247;3.603
678;248;3.669
678;674;2.981
678;681;3.456
678;682;3.023
679;587;3.507
679;675;3.029
679;676;3.37
679;683;2.91
680;584;3.554
680;587;3.794
680;676;2.922
680;677;3.119
680;683;3.386
680;684;3.135
680;1089;3.37
681;248;3.699
681;252;3.584
681;677;3.079
681;678;3.456
681;684;3.461
681;685;2.944
681;1089;3.619
681;1092;3.762
682;251;3.792
682;252;3.979
682;255;3.673
682;678;3.023
682;685;3.392
682;686;2.959
683;679;2.91
683;680;3.386
683;687;3.077
684;580;3.788
684;583;3.838
684;680;3.135
684;681;3.461
684;687;3.366
684;688;2.997
684;1089;3.651
684;1090;3.73
684;1093;3.458
685;252;3.426
685;681;2.944
685;682;3.392
685;688;3.485
685;689;2.971
685;1093;4.018
685;1096;3.472
686;256;3.954
686;682;2.959
686;689;3.268
686;690;3.064
687;683;3.077
687;684;3.366
687;690;3.233
687;691;3.067
688;684;2.997
688;685;3.485
688;691;2.987
688;1093;3.538
688;1097;3.425
689;256;3.835
689;685;2.971
689;686;3.268
689;1097;3.588
689;1100;3.458
690;686;3.064
690;687;3.233
691;687;3.067
691;688;2.987
692;295;2.896
692;1097;3.577
693;295;3.918
693;1101;3.463
694;1100;3.702
695;704;3.563
695;1104;2.799
695;1105;2.859
696;273;3.523
696;704;3.511
696;1104;2.785
697;700;2.83
697;1107;3.721
698;704;3.635
698;705;3.683
698;1107;3.488
698;1108;3.06
699;718;2.635
699;1115;3.137
700;273;3.741
700;697;2.83
701;264;3.719
702;273;3.672
703;283;2.889
703;288;3.822
704;279;2.691
704;695;3.563
704;696;3.511
704;698;3.635
705;278;3.437
705;288;3.486
705;698;3.683
706;288;2.968
707;720;2.83
708;718;3.786
708;719;3.789
708;1113;3.739
709;712;3.667
710;714;2.713
710;1109;3.547
710;1110;3.53
710;1111;3.983
710;1112;2.885
710;1113;3.671
711;714;2.951
711;1110;3.182
711;1111;3.637
712;709;3.667
712;820;3.109
712;821;3.882
713;820;3.729
713;823;2.908
713;824;2.755
714;710;2.713
714;711;2.951
714;717;3.651
714;1111;2.721
715;789;3.1
715;797;3.449
716;1114;3.838
716;1117;3.735
717;714;3.651
717;797;4.109
717;1114;3.77
718;699;2.635
718;708;3.786
718;1113;2.869
719;708;3.789
719;722;3.234
719;796;3.724
720;707;2.83
721;285;3.883
721;729;2.842
722;719;3.234
722;729;3.926
723;729;3.933
723;730;2.828
724;800;3.856
724;801;4.026
724;803;3.979
724;805;3.945
725;727;2.94
726;803;2.71
727;725;2.94
728;730;2.961
728;732;3.731
729;286;2.771
729;287;3.136
729;721;2.842
729;722;3.926
729;723;3.933
730;723;2.828
730;728;2.961
730;805;2.629
731;734;2.936
731;746;2.929
731;747;2.858
731;748;2.904
732;728;3.731
733;748;2.981
734;731;2.936
735;736;3.301
736;735;3.301
737;742;3.906
738;740;2.772
739;741;2.985
739;743;3.292
740;738;2.772
741;739;2.985
742;737;3.906
743;739;3.292
744;747;2.977
745;757;2.986
745;760;3.871
745;761;4.037
746;731;2.929
746;757;2.85
747;731;2.858
747;744;2.977
748;731;2.904
748;733;2.981
748;753;3.511
748;754;3.878
749;753;2.867
749;765;3.976
750;768;2.728
751;764;3.713
752;764;3.083
752;767;2.826
753;748;3.511
753;749;2.867
753;764;3.948
754;748;3.878
755;756;3.074
756;755;3.074
757;745;2.986
757;746;2.85
758;762;3.965
758;764;3.014
759;763;2.953
760;745;3.871
761;745;4.037
762;758;3.965
763;759;2.953
763;766;3.014
764;751;3.713
764;752;3.083
764;753;3.948
764;758;3.014
764;767;2.948
765;749;3.976
765;769;2.832
766;763;3.014
767;752;2.826
767;764;2.948
768;750;2.728
769;765;2.832
769;770;3.66
770;769;3.66
770;773;3.135
771;772;2.947
772;771;2.947
773;770;3.135
774;776;3.854
774;777;3.194
775;780;2.9
776;774;3.854
776;779;3.152
777;774;3.194
778;782;2.942
779;776;3.152
779;781;2.932
780;775;2.9
780;785;2.762
780;1120;2.637
781;779;2.932
782;778;2.942
783;792;3.488
784;787;2.772
784;1120;3.225
784;1121;3.098
785;780;2.762
786;788;2.7
787;784;2.772
787;790;3.825
788;786;2.7
789;715;3.1
789;797;3.995
789;798;3.557
790;787;3.825
791;793;3.384
791;794;3.049
791;795;3.707
792;783;3.488
793;791;3.384
794;791;3.049
795;791;3.707
795;800;3.158
796;719;3.724
797;715;3.449
797;717;4.109
797;789;3.995
797;801;3.225
798;789;3.557
799;802;3.466
800;724;3.856
800;795;3.158
801;724;4.026
801;797;3.225
802;799;3.466
802;805;3.988
803;724;3.979
803;726;2.71
803;805;3.844
804;806;2.891
805;724;3.945
805;730;2.629
805;802;3.988
805;803;3.844
806;804;2.891
806;807;3.712
807;806;3.712
808;815;4.091
809;811;3.702
809;816;3.348
810;815;3.954
811;809;3.702
811;816;3.372
812;815;3.643
813;815;3.022
814;817;3.031
815;808;4.091
815;810;3.954
815;812;3.643
815;813;3.022
816;809;3.348
816;811;3.372
816;819;3.774
817;814;3.031
817;818;2.837
817;819;2.775
818;817;2.837
819;816;3.774
819;817;2.775
820;712;3.109
820;713;3.729
821;712;3.882
821;823;3.038
822;831;4.004
822;834;3.814
823;713;2.908
823;821;3.038
823;826;3.805
824;713;2.755
825;829;3.805
826;823;3.805
827;830;2.941
828;832;2.634
828;905;2.721
829;825;3.805
830;827;2.941
831;822;4.004
831;833;2.99
831;835;2.796
831;836;2.865
832;828;2.634
833;831;2.99
833;835;3.054
834;822;3.814
835;831;2.796
835;833;3.054
836;831;2.865
837;839;3.942
837;840;3.483
838;841;2.8
839;837;3.942
840;837;3.483
840;844;3.413
841;838;2.8
841;844;2.741
841;900;2.87
841;901;2.805
842;845;3.057
843;848;3.809
843;894;3.947
843;897;3.377
843;898;3.555
844;840;3.413
844;841;2.741
845;842;3.057
845;848;3.172
845;849;2.956
846;850;3.063
847;850;3.436
847;851;2.9
848;843;3.809
848;845;3.172
848;851;3.27
848;852;2.995
849;845;2.956
849;852;3.317
849;853;3.128
849;957;3.201
850;846;3.063
850;847;3.436
850;853;3.448
850;854;3.001
851;847;2.9
851;848;3.27
851;854;3.356
851;855;2.925
852;848;2.995
852;849;3.317
852;855;3.396
852;856;2.963
852;891;3.763
852;894;3.765
853;849;3.128
853;850;3.448
853;856;3.359
853;857;2.957
853;957;3.631
854;850;3.001
854;851;3.356
854;857;3.237
854;858;2.981
855;851;2.925
855;852;3.396
855;859;2.957
855;891;3.991
856;852;2.963
856;853;3.359
856;860;2.9
856;887;3.962
856;891;3.437
856;950;3.711
856;954;3.745
857;853;2.957
857;854;3.237
857;860;3.16
857;861;2.982
858;854;2.981
858;861;3.104
858;862;3.014
859;855;2.957
859;862;3.427
859;863;2.949
859;950;3.621
860;856;2.9
860;857;3.16
860;863;4.035
860;864;2.996
861;857;2.982
861;858;3.104
861;864;3.388
861;865;2.959
862;858;3.014
862;859;3.427
862;865;3.057
862;866;3.283
863;859;2.949
863;860;4.035
863;948;3.93
863;951;4.019
864;860;2.996
864;861;3.388
864;868;3.494
864;1283;3.873
865;861;2.959
865;862;3.057
865;868;3.068
865;869;3.023
865;872;3.586
865;876;3.701
865;880;3.843
866;862;3.283
866;873;2.759
866;941;2.702
867;870;3.292
867;873;2.663
867;1286;3.353
867;1340;3.065
868;864;3.494
868;865;3.068
868;1306;3.767
869;865;3.023
869;872;2.965
869;873;3.03
870;867;3.292
870;873;3.197
870;874;3.007
870;1341;4.032
871;874;2.638
872;865;3.586
872;869;2.965
872;875;3.127
872;876;3.011
873;866;2.759
873;867;2.663
873;869;3.03
873;870;3.197
873;876;3.013
873;877;3.011
873;1339;3.84
874;870;3.007
874;871;2.638
874;1341;3.481
875;872;3.127
876;865;3.701
876;872;3.011
876;873;3.013
876;879;3.122
876;880;3.017
877;873;3.011
877;881;2.743
878;882;3.019
879;876;3.122
879;882;3.367
879;883;2.989
880;865;3.843
880;876;3.017
880;883;3.005
880;884;3.276
881;877;2.743
881;884;2.978
881;885;3.022
881;941;2.878
881;944;3.82
882;878;3.019
882;879;3.367
882;885;2.905
882;886;2.948
883;879;2.989
883;880;3.005
883;887;2.922
884;880;3.276
884;881;2.978
884;888;3.01
884;947;3.794
885;881;3.022
885;882;2.905
885;888;3.34
885;889;3.038
886;882;2.948
886;890;2.989
887;856;3.962
887;883;2.922
887;890;3.239
887;891;2.94
887;947;4.032
887;950;3.616
888;884;3.01
888;885;3.34
888;892;2.972
888;947;3.852
889;885;3.038
889;893;3.026
890;886;2.989
890;887;3.239
890;893;4.017
890;894;2.951
891;852;3.763
891;855;3.991
891;856;3.437
891;887;2.94
891;895;3.009
891;953;3.67
892;888;2.972
892;895;3.377
892;896;2.969
892;920;3.862
892;924;3.708
893;889;3.026
893;890;4.017
893;896;3.338
893;897;2.943
894;843;3.947
894;852;3.765
894;890;2.951
894;898;2.733
894;953;3.618
895;891;3.009
895;892;3.377
895;898;3.434
895;899;2.93
895;917;3.866
896;892;2.969
896;893;3.338
896;899;3.495
896;900;3.006
897;843;3.377
897;893;2.943
897;900;4.014
897;901;2.964
898;843;3.555
898;894;2.733
898;895;3.434
898;901;3.489
898;902;3.048
898;907;3.611
898;916;2.682
899;895;2.93
899;896;3.495
899;902;3.02
899;903;2.91
899;907;3.908
900;841;2.87
900;896;3.006
900;897;4.014
901;841;2.805
901;897;2.964
901;898;3.489
902;898;3.048
902;899;3.02
902;906;2.934
903;899;2.91
903;906;2.945
903;907;2.973
904;907;3.275
904;908;2.983
905;828;2.721
905;908;3.025
905;909;2.908
906;902;2.934
906;903;2.945
907;898;3.611
907;899;3.908
907;903;2.973
907;904;3.275
907;910;3.036
907;913;3.868
907;917;3.848
908;904;2.983
908;905;3.025
908;914;3.379
908;917;3.771
909;905;2.908
910;907;3.036
910;913;3.101
910;914;2.915
911;915;2.981
912;915;3.304
912;916;2.983
912;965;3.938
913;907;3.868
913;910;3.101
913;916;3.231
913;917;2.991
914;908;3.379
914;910;2.915
914;917;3.492
914;918;2.966
915;911;2.981
915;912;3.304
915;918;3.237
916;898;2.682
916;912;2.983
916;913;3.231
916;953;2.964
916;956;2.792
917;895;3.866
917;907;3.848
917;908;3.771
917;913;2.991
917;914;3.492
917;920;3.039
917;921;2.956
918;914;2.966
918;915;3.237
918;922;3.027
919;949;4.012
919;953;3.703
920;892;3.862
920;917;3.039
920;923;3.273
920;924;3.096
921;917;2.956
921;924;2.844
921;925;2.908
922;918;3.027
922;926;2.962
922;946;3.698
923;920;3.273
923;926;3.99
923;927;3.045
923;947;2.853
924;892;3.708
924;920;3.096
924;921;2.844
924;927;3.358
924;928;2.982
925;921;2.908
925;928;3.173
925;929;2.993
926;922;2.962
926;923;3.99
926;929;3.451
926;930;2.986
927;923;3.045
927;924;3.358
927;930;3.284
927;931;2.978
927;940;3.718
928;924;2.982
928;925;3.173
928;931;3.169
928;932;2.929
929;925;2.993
929;926;3.451
929;932;3.143
929;933;2.962
930;926;2.986
930;927;3.284
930;935;3.046
930;939;3.311
930;940;3.345
930;943;3.631
931;927;2.978
931;928;3.169
931;934;2.997
932;928;2.929
932;929;3.143
933;929;2.962
934;931;2.997
935;930;3.046
936;939;3.788
936;940;3.164
937;940;3.487
937;941;3.003
938;941;2.74
938;942;3.239
939;930;3.311
939;936;3.788
939;943;2.987
940;927;3.718
940;930;3.345
940;936;3.164
940;937;3.487
940;944;2.968
941;866;2.702
941;881;2.878
941;937;3.003
941;938;2.74
941;1338;3.84
942;938;3.239
942;945;3.048
942;1288;3.911
942;1335;3.031
942;1336;3.597
942;1337;3.158
943;930;3.631
943;939;2.987
944;881;3.82
944;940;2.968
944;947;2.755
945;942;3.048
945;948;2.768
945;949;3.34
945;1284;3.565
946;922;3.698
946;949;2.979
947;884;3.794
947;887;4.032
947;888;3.852
947;923;2.853
947;944;2.755
947;950;2.854
948;863;3.93
948;945;2.768
949;919;4.012
949;945;3.34
949;946;2.979
949;952;2.942
949;953;3.005
949;1280;3.824
950;856;3.711
950;859;3.621
950;887;3.616
950;947;2.854
950;953;2.978
950;954;3.166
951;863;4.019
951;954;2.976
951;1280;3.632
952;949;2.942
952;955;2.772
952;1280;3.798
953;891;3.67
953;894;3.618
953;916;2.964
