source;destination;distance
0;3;2.782
1;47;3.631
2;7;3.587
2;48;3.671
3;0;2.782
4;7;3.231
4;8;2.966
5;9;2.992
6;9;3.787
6;10;2.987
7;2;3.587
7;4;3.231
7;10;3.028
7;11;2.936
7;43;6.235
7;47;3.795
8;4;2.966
8;11;3.48
8;12;2.974
9;5;2.992
9;6;3.787
9;13;2.948
9;289;3.353
10;6;2.987
10;7;3.028
10;13;3.294
10;14;2.949
11;7;2.936
11;8;3.48
11;14;3.289
11;15;3.013
11;44;3.6
12;8;2.974
12;16;2.979
13;9;2.948
13;10;3.294
13;16;3.493
13;17;2.956
13;289;3.444
14;10;2.949
14;11;3.289
14;18;3.002
14;37;3.732
14;40;4.004
15;11;3.013
15;19;2.977
15;37;3.745
15;99;3.96
15;100;3.604
16;12;2.979
16;13;3.493
16;19;3.141
16;20;3.096
17;13;2.956
17;20;3.259
17;21;2.974
18;14;3.002
18;22;2.961
18;37;3.16
18;96;3.573
19;15;2.977
19;16;3.141
19;22;3.204
19;97;3.527
19;603;3.506
20;16;3.096
20;17;3.259
21;17;2.974
21;24;2.981
21;30;3.606
21;33;3.405
22;18;2.961
22;19;3.204
22;93;4.037
23;603;3.799
24;21;2.981
24;27;4.028
25;610;3.267
25;637;3.7
25;638;3.247
26;30;3.82
27;24;4.028
27;30;2.848
28;31;2.728
28;32;3.025
29;32;3.292
29;33;2.974
30;21;3.606
30;26;3.82
30;27;2.848
30;33;3.411
30;34;3.005
31;28;2.728
31;34;3.465
31;35;3.01
32;28;3.025
32;29;3.292
32;36;2.993
33;21;3.405
33;29;2.974
33;30;3.411
33;36;3.248
33;37;2.941
34;30;3.005
34;31;3.465
34;37;3.361
34;38;2.941
34;93;2.804
34;96;3.147
35;31;3.01
35;38;3.347
35;39;2.966
35;81;3.947
36;32;2.993
36;33;3.248
36;39;3.375
36;40;3.004
37;14;3.732
37;15;3.745
37;18;3.16
37;33;2.941
37;34;3.361
37;40;3.032
37;41;2.866
37;96;3.426
38;34;2.941
38;35;3.347
38;41;4.008
38;42;2.975
38;80;2.761
39;35;2.966
39;36;3.375
39;42;3.192
39;43;2.983
40;14;4.004
40;36;3.004
40;37;3.032
40;43;3.485
40;44;2.912
41;37;2.866
41;38;4.008
41;44;3.485
41;45;2.946
41;73;3.466
41;99;3.49
42;38;2.975
42;39;3.192
42;45;3.298
42;46;2.972
43;7;6.235
43;39;2.983
43;40;3.485
43;46;3.429
43;47;3.062
44;11;3.6
44;40;2.912
44;41;3.485
44;47;3.252
44;48;2.799
44;99;2.663
45;41;2.946
45;42;3.298
45;49;2.993
45;56;3.964
45;73;3.918
46;42;2.972
46;43;3.429
46;50;3.075
46;51;3.949
47;1;3.631
47;7;3.795
47;43;3.062
47;44;3.252
48;2;3.671
48;44;2.799
48;66;3.258
48;69;2.658
49;45;2.993
49;56;3.981
49;59;3.849
49;66;3.66
50;46;3.075
50;55;3.648
51;46;3.949
52;55;3.109
52;58;3.481
53;56;2.98
54;57;2.998
55;50;3.648
55;52;3.109
55;58;2.998
56;45;3.964
56;49;3.981
56;53;2.98
56;59;3.05
56;70;3.983
57;54;2.998
57;60;3.025
57;70;4.032
58;52;3.481
58;55;2.998
58;61;3.04
59;49;3.849
59;56;3.05
59;62;2.974
59;63;3.813
59;66;3.512
59;67;3.802
59;70;3.772
60;57;3.025
60;67;3.777
61;58;3.04
62;59;2.974
63;59;3.813
63;67;2.888
64;67;3.416
64;68;3.031
65;68;3.05
65;69;3.05
65;102;3.349
65;108;3.204
65;111;3.802
66;48;3.258
66;49;3.66
66;59;3.512
66;69;3.861
66;70;2.979
67;59;3.802
67;60;3.777
67;63;2.888
67;64;3.416
67;70;3.477
67;71;2.967
68;64;3.031
68;65;3.05
68;72;2.997
68;101;3.803
69;48;2.658
69;65;3.05
69;66;3.861
69;72;3.365
69;73;2.92
69;99;3.175
69;102;2.772
70;56;3.983
70;57;4.032
70;59;3.772
70;66;2.979
70;67;3.477
70;73;3.169
70;74;2.985
71;67;2.967
71;74;3.407
71;75;2.981
72;68;2.997
72;69;3.365
72;76;2.932
72;95;3.554
73;41;3.466
73;45;3.918
73;69;2.92
73;70;3.169
73;76;3.46
73;77;2.9
74;70;2.985
74;71;3.407
74;77;3.392
74;78;3.011
75;71;2.981
75;78;3.452
75;79;2.983
75;89;3.534
75;92;3.323
76;72;2.932
76;73;3.46
76;79;2.996
76;80;2.868
77;73;2.9
77;74;3.392
77;81;2.969
78;74;3.011
78;75;3.452
78;82;3.015
79;75;2.983
79;76;2.996
79;83;3.953
79;89;2.739
80;38;2.761
80;76;2.868
80;83;3.328
80;96;3.587
81;35;3.947
81;77;2.969
82;78;3.015
82;84;2.993
83;79;3.953
83;80;3.328
83;90;2.954
83;93;3.61
84;82;2.993
85;89;3.505
86;89;3.131
87;90;2.912
87;91;3.183
87;612;3.89
88;91;3.103
89;75;3.534
89;79;2.739
89;85;3.505
89;86;3.131
89;92;3.011
90;83;2.954
90;87;2.912
91;87;3.183
91;88;3.103
91;94;3.016
91;611;3.439
91;612;3.847
92;75;3.323
92;89;3.011
92;95;2.87
93;22;4.037
93;34;2.804
93;83;3.61
93;96;2.903
94;91;3.016
94;97;2.87
94;604;3.962
94;607;3.631
94;608;3.69
95;72;3.554
95;92;2.87
95;98;3.11
95;99;3.031
96;18;3.573
96;34;3.147
96;37;3.426
96;80;3.587
96;93;2.903
96;99;3.175
97;19;3.527
97;94;2.87
97;100;3.031
98;95;3.11
98;101;2.725
98;604;3.953
99;15;3.96
99;41;3.49
99;44;2.663
99;69;3.175
99;95;3.031
99;96;3.175
99;102;2.755
99;103;3.454
100;15;3.604
100;97;3.031
100;103;2.978
100;104;2.997
100;107;3.623
100;600;3.537
101;68;3.803
101;98;2.725
101;111;3.812
102;65;3.349
102;69;2.772
102;99;2.755
102;108;2.801
103;99;3.454
103;100;2.978
104;100;2.997
104;107;3.092
104;108;2.972
105;109;2.983
105;286;3.669
106;110;3.132
106;593;3.469
107;100;3.623
107;104;3.092
107;110;3.41
107;111;3.016
107;597;3.685
108;65;3.204
108;102;2.801
108;104;2.972
108;111;3.454
108;112;2.976
109;105;2.983
109;112;3.215
109;113;3.043
110;106;3.132
110;107;3.41
110;113;3.084
110;114;2.997
110;593;3.296
110;594;4.032
111;65;3.802
111;101;3.812
111;107;3.016
111;108;3.454
111;114;3.254
111;115;3.056
112;108;2.976
112;109;3.215
112;115;3.438
112;116;3.012
113;109;3.043
113;110;3.084
113;116;3.203
113;117;3.045
114;110;2.997
114;111;3.254
114;117;3.03
114;118;3.228
114;682;3.791
115;111;3.056
115;112;3.438
115;118;2.965
116;112;3.012
116;113;3.203
116;119;2.781
116;254;3.955
117;113;3.045
117;114;3.03
117;120;3.059
117;121;3.014
117;254;4.068
118;114;3.228
118;115;2.965
118;122;2.999
119;116;2.781
119;258;2.755
120;117;3.059
120;123;3.473
120;254;3.417
120;257;2.643
120;258;2.856
121;117;3.014
121;124;3.311
121;125;2.936
121;251;3.974
122;118;2.999
122;126;2.974
123;120;3.473
123;126;3.183
123;127;3.095
123;1241;3.478
123;1242;2.955
124;121;3.311
124;127;3.429
124;128;3.157
124;243;3.584
124;247;3.914
124;1245;3.912
125;121;2.936
125;128;3.368
125;129;2.923
126;122;2.974
126;123;3.183
126;129;3.347
126;130;2.988
127;123;3.095
127;124;3.429
127;130;3.495
127;131;2.962
127;1236;4.007
127;1242;3.948
127;1245;3.774
128;124;3.157
128;125;3.368
128;131;3.32
128;132;2.894
128;243;3.376
129;125;2.923
129;126;3.347
129;132;3.472
129;133;3.017
130;126;2.988
130;127;3.495
130;133;3.428
130;134;2.935
130;1232;3.669
130;1235;3.409
130;1236;3.781
131;127;2.962
131;128;3.32
131;134;3.458
131;135;2.876
132;128;2.894
132;129;3.472
132;136;2.969
132;203;3.72
132;206;4.018
133;129;3.017
133;130;3.428
133;136;3.21
133;137;3.004
134;130;2.935
134;131;3.458
134;137;3.274
134;138;2.978
134;1143;3.738
134;1232;3.761
135;131;2.876
135;139;2.959
135;206;3.557
135;239;3.622
136;132;2.969
136;133;3.21
136;140;2.93
136;199;3.797
136;203;3.924
137;133;3.004
137;134;3.274
137;140;3.216
137;141;3.119
137;199;3.8
137;1229;3.889
138;134;2.978
138;141;3.134
138;142;3.428
138;232;3.662
138;1226;3.699
138;1229;3.897
139;135;2.959
139;142;3.421
139;143;2.939
139;196;3.529
140;136;2.93
140;137;3.216
140;144;3.711
140;197;3.981
140;198;3.572
140;199;3.869
141;137;3.119
141;138;3.134
141;1226;3.609
141;1229;3.396
142;138;3.428
142;139;3.421
142;1222;3.682
142;1226;3.499
143;139;2.939
143;219;3.107
143;229;3.425
143;232;3.716
143;233;3.634
144;140;3.711
144;197;3.777
145;150;2.751
145;192;2.972
146;186;2.988
146;190;3.714
146;192;3.095
147;150;2.967
147;151;3.785
147;190;2.774
148;190;2.865
148;193;3.424
148;197;2.643
149;153;3.969
149;155;3.227
150;145;2.751
150;147;2.967
150;154;3.721
150;187;2.801
151;147;3.785
151;184;3.789
151;187;3.903
152;184;3.678
153;149;3.969
153;178;3.926
153;182;2.818
154;150;3.721
155;149;3.227
156;159;3.588
157;159;3.587
158;161;3.927
158;179;3.843
159;156;3.588
159;157;3.587
160;170;3.349
160;178;2.893
161;158;3.927
162;169;3.082
162;170;3.812
163;165;3.475
164;167;2.811
164;168;3.728
165;163;3.475
166;169;2.928
166;175;2.787
167;164;2.811
168;164;3.728
169;162;3.082
169;166;2.928
169;171;2.855
169;179;2.815
170;160;3.349
170;162;3.812
171;169;2.855
171;175;3.675
171;177;2.796
172;173;3.844
173;172;3.844
174;176;3.053
175;166;2.787
175;171;3.675
176;174;3.053
176;180;3.752
176;181;3.848
177;171;2.796
178;153;3.926
178;160;2.893
179;158;3.843
179;169;2.815
180;176;3.752
181;176;3.848
182;153;2.818
183;999;3.966
183;1001;3.664
184;151;3.789
184;152;3.678
185;187;3.354
186;146;2.988
187;150;2.801
187;151;3.903
187;185;3.354
188;191;3.094
188;1000;3.929
189;998;2.847
189;1000;3.459
190;146;3.714
190;147;2.774
190;148;2.865
190;193;3.153
191;188;3.094
191;222;3.439
191;223;3.944
192;145;2.972
192;146;3.095
193;148;3.424
193;190;3.153
193;196;3.006
193;197;3.028
193;201;3.601
194;201;3.097
195;201;3.451
195;219;3.507
196;139;3.529
196;193;3.006
196;202;3.373
196;205;3.57
196;219;3.156
196;233;6.213
197;140;3.981
197;144;3.777
197;148;2.643
197;193;3.028
198;140;3.572
198;201;2.787
198;202;2.987
199;136;3.797
199;137;3.8
199;140;3.869
199;203;2.965
200;204;2.988
201;193;3.601
201;194;3.097
201;195;3.451
201;198;2.787
201;204;3.282
201;205;2.963
202;196;3.373
202;198;2.987
202;205;3.27
202;206;2.962
203;132;3.72
203;136;3.924
203;199;2.965
203;207;2.93
204;200;2.988
204;201;3.282
204;207;3.052
204;208;2.964
204;670;3.83
205;196;3.57
205;201;2.963
205;202;3.27
205;208;3.292
205;209;2.939
206;132;4.018
206;135;3.557
206;202;2.962
206;209;3.876
206;210;2.956
207;203;2.93
207;204;3.052
207;210;3.261
207;211;2.942
207;674;3.492
207;677;4.138
207;678;3.87
208;204;2.964
208;205;3.292
208;212;2.965
208;213;2.829
208;214;3.907
208;653;3.622
209;205;2.939
209;206;3.876
209;212;3.074
209;215;3.623
209;233;3.912
209;236;3.791
209;237;3.748
210;206;2.956
210;207;3.261
211;207;2.942
211;677;3.603
212;208;2.965
212;209;3.074
212;1307;3.166
212;1309;2.996
213;208;2.829
213;652;3.777
213;653;3.401
214;208;3.907
214;217;3.252
214;218;3.013
214;653;5.947
214;1304;3.435
214;1314;3.556
215;209;3.623
215;219;3.056
215;220;3.174
215;234;3.865
215;237;3.345
215;1300;3.707
215;1303;3.537
215;1304;3.408
216;220;3.116
216;221;3.021
216;1300;3.841
216;1304;3.784
216;1339;3.436
216;1340;2.793
216;1341;3.28
217;214;3.252
217;1314;3.515
217;1341;3.377
218;214;3.013
218;221;3.065
219;143;3.107
219;195;3.507
219;196;3.156
219;215;3.056
219;229;2.863
220;215;3.174
220;216;3.116
220;223;2.943
220;230;3.384
220;1300;3.136
220;1339;3.51
221;216;3.021
221;218;3.065
221;1290;3.845
221;1339;3.321
222;191;3.439
223;191;3.944
223;220;2.943
223;225;2.937
223;226;3.11
223;229;3.613
224;226;3.067
224;1297;3.627
224;1334;3.477
224;1335;2.902
224;1338;3.465
225;223;2.937
225;229;3.012
226;223;3.11
226;224;3.067
226;229;2.972
226;230;2.941
226;1336;3.793
226;1337;3.499
227;230;3.641
227;231;2.924
227;1334;2.818
227;1336;2.789
228;1219;3.725
228;1222;3.804
228;1223;3.274
228;1336;2.935
229;143;3.425
229;219;2.863
229;223;3.613
229;225;3.012
229;226;2.972
229;232;3.027
229;233;3.298
230;220;3.384
230;226;2.941
230;227;3.641
230;233;3.275
230;234;2.94
230;1300;3.475
230;1337;3.987
230;1338;3.986
231;227;2.924
231;235;2.98
232;138;3.662
232;143;3.716
232;229;3.027
232;235;3.105
232;236;2.964
233;143;3.634
233;196;6.213
233;209;3.912
233;229;3.298
233;230;3.275
233;236;3.135
233;237;2.962
234;215;3.865
234;230;2.94
234;237;3.131
234;238;2.973
234;1303;3.978
235;231;2.98
235;232;3.105
235;239;2.937
236;209;3.791
236;232;2.964
236;233;3.135
236;240;2.908
237;209;3.748
237;215;3.345
237;233;2.962
237;234;3.131
237;240;3.481
237;241;2.94
237;1303;3.375
238;234;2.973
238;242;2.967
238;1303;3.372
239;135;3.622
239;235;2.937
239;243;2.905
240;236;2.908
240;237;3.481
240;244;2.939
241;237;2.94
241;244;3.467
241;245;2.977
242;238;2.967
242;245;3.418
242;246;2.936
242;1249;3.654
242;1256;3.621
243;124;3.584
243;128;3.376
243;239;2.905
243;246;3.183
243;247;2.885
244;240;2.939
244;241;3.467
244;247;3.331
244;248;2.966
245;241;2.977
245;242;3.418
245;248;3.811
245;249;2.993
245;1367;3.79
246;242;2.936
246;243;3.183
246;249;3.634
246;250;2.904
246;1245;3.13
246;1248;3.738
247;124;3.914
247;243;2.885
247;244;3.331
247;250;3.129
247;251;2.956
247;685;3.817
248;244;2.966
248;245;3.811
248;252;3.078
248;685;3.747
248;688;3.643
248;1364;3.524
249;245;2.993
249;246;3.634
249;253;2.925
249;1367;3.927
249;1368;3.945
249;1371;3.527
250;246;2.904
250;247;3.129
250;254;2.945
251;121;3.974
251;247;2.956
251;254;3.372
251;255;3.091
251;689;3.795
252;248;3.078
252;255;3.207
252;256;3.056
252;688;3.671
252;689;4.003
252;692;3.489
252;1368;3.494
253;249;2.925
253;257;2.887
253;1372;3.814
254;116;3.955
254;117;4.068
254;120;3.417
254;250;2.945
254;251;3.372
254;257;3.237
254;258;2.985
255;251;3.091
255;252;3.207
255;259;3.047
255;689;3.706
256;252;3.056
256;260;2.889
256;696;3.79
256;1089;6.177
256;1372;3.743
257;120;2.643
257;253;2.887
257;254;3.237
257;261;3.764
258;119;2.755
258;120;2.856
258;254;2.985
258;266;2.903
259;255;3.047
259;266;3.014
259;267;2.956
260;256;2.889
260;265;3.453
260;267;3.364
261;257;3.764
261;264;2.754
261;265;2.783
262;265;3.915
263;268;3.848
264;261;2.754
265;260;3.453
265;261;2.783
265;262;3.915
265;268;3.085
266;258;2.903
266;259;3.014
266;269;3.586
267;259;2.956
267;260;3.364
268;263;3.848
268;265;3.085
268;269;2.93
269;266;3.586
269;268;2.93
270;283;2.788
270;284;2.885
270;285;3.586
271;278;3.637
271;279;3.847
271;283;3.617
272;277;3.959
273;282;3.92
274;276;3.609
274;280;3.789
274;281;3.81
275;582;2.631
275;586;3.692
276;274;3.609
277;272;3.959
278;271;3.637
279;271;3.847
280;274;3.789
280;283;2.973
281;274;3.81
282;273;3.92
282;288;3.694
282;291;3.009
283;270;2.788
283;271;3.617
283;280;2.973
284;270;2.885
284;288;3.57
285;270;3.586
286;105;3.669
287;289;2.957
288;282;3.694
288;284;3.57
289;9;3.353
289;13;3.444
289;287;2.957
290;294;3.809
290;295;3.461
291;282;3.009
292;334;2.812
293;297;4.022
293;334;3.282
294;290;3.809
295;290;3.461
296;300;2.905
297;293;4.022
297;318;2.641
298;301;2.976
299;314;3.645
300;296;2.905
301;298;2.976
302;304;2.874
303;306;3.0
304;302;2.874
305;311;3.899
306;303;3.0
306;311;3.435
307;309;2.962
307;310;2.945
308;312;2.822
309;307;2.962
310;307;2.945
311;305;3.899
311;306;3.435
312;308;2.822
313;317;2.808
314;299;3.645
315;317;2.817
316;323;2.917
317;313;2.808
317;315;2.817
318;297;2.641
319;321;3.143
319;330;2.777
319;331;2.778
320;326;2.601
320;327;2.775
321;319;3.143
321;324;3.057
321;327;3.703
322;328;3.856
322;332;3.391
322;335;2.819
322;345;3.696
323;316;2.917
323;328;2.739
324;321;3.057
325;328;2.795
325;349;3.686
326;320;2.601
326;329;3.046
327;320;2.775
327;321;3.703
327;330;3.061
328;322;3.856
328;323;2.739
328;325;2.795
328;345;2.723
329;326;3.046
330;319;2.777
330;327;3.061
331;319;2.778
331;336;2.644
331;528;3.531
332;322;3.391
332;335;2.917
332;336;3.185
333;336;2.996
333;337;3.033
333;529;4.018
334;292;2.812
334;293;3.282
334;341;3.645
334;342;3.869
335;322;2.819
335;332;2.917
335;338;3.016
335;342;3.56
336;331;2.644
336;332;3.185
336;333;2.996
336;527;2.695
336;529;3.871
337;333;3.033
338;335;3.016
339;341;3.662
340;343;3.041
340;344;3.734
341;334;3.645
341;339;3.662
342;334;3.869
342;335;3.56
343;340;3.041
344;340;3.734
345;322;3.696
345;328;2.723
346;365;3.512
346;367;3.709
347;356;3.091
347;364;4.014
348;353;3.804
348;358;3.963
349;325;3.686
349;351;3.053
349;353;3.418
350;354;3.766
350;355;4.031
351;349;3.053
352;353;2.958
352;354;3.866
353;348;3.804
353;349;3.418
353;352;2.958
354;350;3.766
354;352;3.866
355;350;4.031
356;347;3.091
356;361;3.543
357;361;3.721
357;363;2.894
358;348;3.963
359;361;2.823
360;362;3.622
361;356;3.543
361;357;3.721
361;359;2.823
362;360;3.622
362;368;3.128
363;357;2.894
364;347;4.014
364;368;2.828
364;370;3.935
365;346;3.512
365;368;2.971
365;370;3.005
366;369;2.992
367;346;3.709
368;362;3.128
368;364;2.828
368;365;2.971
369;366;2.992
370;364;3.935
370;365;3.005
371;374;3.952
372;374;3.902
373;376;2.796
374;371;3.952
374;372;3.902
374;377;2.967
374;378;3.995
375;378;3.271
375;381;3.415
376;373;2.796
377;374;2.967
378;374;3.995
378;375;3.271
378;381;2.965
378;382;3.231
379;382;3.044
380;384;3.975
381;375;3.415
381;378;2.965
382;378;3.231
382;379;3.044
382;385;2.841
383;385;2.851
384;380;3.975
385;382;2.841
385;383;2.851
386;387;2.71
387;386;2.71
388;391;3.772
389;390;2.92
390;389;2.92
391;388;3.772
392;395;3.887
392;399;3.844
393;395;3.732
394;396;2.976
394;398;3.454
395;392;3.887
395;393;3.732
395;397;2.981
395;398;4.039
395;399;2.94
395;400;3.623
396;394;2.976
396;470;3.388
396;526;3.254
397;395;2.981
398;394;3.454
398;395;4.039
399;392;3.844
399;395;2.94
400;395;3.623
401;404;2.917
402;407;3.761
403;406;3.296
403;407;3.112
404;401;2.917
404;407;3.964
405;712;3.619
406;403;3.296
407;402;3.761
407;403;3.112
407;404;3.964
408;415;3.596
409;714;3.989
410;416;4.03
411;414;4.009
412;414;3.015
413;417;3.28
414;411;4.009
414;412;3.015
414;417;3.929
415;408;3.596
416;410;4.03
417;413;3.28
417;414;3.929
417;420;3.281
418;428;3.691
419;422;2.99
419;428;3.956
419;430;3.734
420;417;3.281
421;430;3.179
422;419;2.99
422;428;2.804
423;427;3.11
424;429;2.788
425;429;2.818
425;432;3.386
425;433;3.591
426;429;3.237
427;423;3.11
428;418;3.691
428;419;3.956
428;422;2.804
429;424;2.788
429;425;2.818
429;426;3.237
430;419;3.734
430;421;3.179
431;434;2.937
432;425;3.386
433;425;3.591
434;431;2.937
435;437;4.035
435;439;3.472
435;440;2.927
436;437;3.784
437;435;4.035
437;436;3.784
438;455;3.716
439;435;3.472
440;435;2.927
441;443;3.49
442;444;2.929
442;445;4.024
443;441;3.49
443;445;3.038
444;442;2.929
444;448;3.894
445;442;4.024
445;443;3.038
445;448;3.438
446;449;3.231
446;450;2.766
447;450;3.646
447;451;3.027
448;444;3.894
448;445;3.438
449;446;3.231
449;450;3.626
450;446;2.766
450;447;3.646
450;449;3.626
451;447;3.027
452;460;3.001
453;454;2.802
453;455;2.902
453;456;2.776
453;457;4.094
454;453;2.802
455;438;3.716
455;453;2.902
456;453;2.776
457;453;4.094
457;460;3.695
458;461;3.131
459;462;3.331
460;452;3.001
460;457;3.695
461;458;3.131
462;459;3.331
463;468;3.925
464;468;3.724
464;471;2.63
465;524;3.633
466;469;3.383
466;470;3.393
466;525;3.853
467;470;2.993
467;471;3.205
468;463;3.925
468;464;3.724
468;471;3.016
469;466;3.383
469;521;3.473
470;396;3.388
470;466;3.393
470;467;2.993
470;526;3.801
471;464;2.63
471;467;3.205
471;468;3.016
471;474;2.883
471;475;3.206
472;476;2.95
473;477;2.959
474;471;2.883
474;477;3.262
474;478;3.033
475;471;3.206
475;478;3.436
475;479;2.94
475;573;2.664
476;472;2.95
476;479;3.196
476;480;2.975
477;473;2.959
477;474;3.262
477;481;3.047
478;474;3.033
478;475;3.436
478;481;3.322
478;482;2.975
478;514;3.938
478;518;3.778
478;570;3.913
479;475;2.94
479;476;3.196
479;482;3.004
479;483;3.093
479;574;2.73
479;575;3.568
480;476;2.975
480;483;3.469
480;484;3.009
481;477;3.047
481;478;3.322
481;485;2.983
481;511;3.661
482;478;2.975
482;479;3.004
482;485;3.069
482;486;3.074
482;515;3.297
482;568;3.883
482;570;3.878
482;571;3.808
483;479;3.093
483;480;3.469
483;486;3.137
483;487;3.453
483;571;3.857
484;480;3.009
484;487;3.265
484;488;3.017
485;481;2.983
485;482;3.069
485;488;3.271
485;489;2.995
485;511;3.229
485;567;3.203
486;482;3.074
486;483;3.137
486;490;3.047
486;568;3.633
486;975;3.868
487;483;3.453
487;484;3.265
487;490;3.331
487;491;2.988
488;484;3.017
488;485;3.271
488;491;3.073
488;492;2.965
488;504;3.515
488;508;3.769
489;485;2.995
489;492;3.035
489;565;4.018
489;567;3.792
489;568;3.651
489;979;3.989
490;486;3.047
490;487;3.331
491;487;2.988
491;488;3.073
492;488;2.965
492;489;3.035
492;497;2.932
492;504;4.027
492;508;3.495
493;497;2.983
493;1021;3.229
493;1022;3.082
494;497;3.56
494;498;2.839
495;498;2.992
495;499;3.02
496;499;4.004
496;500;2.995
497;492;2.932
497;493;2.983
497;494;3.56
497;501;2.788
498;494;2.839
498;495;2.992
498;501;2.761
499;495;3.02
499;496;4.004
500;496;2.995
500;503;3.083
500;504;2.941
501;497;2.788
501;498;2.761
501;505;2.968
502;505;3.341
502;506;3.048
503;500;3.083
503;506;3.937
503;507;2.961
504;488;3.515
504;492;4.027
504;500;2.941
504;507;3.35
504;508;2.928
505;501;2.968
505;502;3.341
505;508;3.331
505;509;3.029
506;502;3.048
506;503;3.937
506;510;2.953
507;503;2.961
507;504;3.35
507;511;2.971
508;488;3.769
508;492;3.495
508;504;2.928
508;505;3.331
508;511;3.424
508;512;3.091
508;567;3.27
509;505;3.029
509;512;3.22
509;513;2.995
509;551;3.881
509;552;3.382
510;506;2.953
510;513;3.046
510;514;3.073
511;481;3.661
511;485;3.229
511;507;2.971
511;508;3.424
511;514;3.01
511;515;3.365
512;508;3.091
512;509;3.22
512;515;3.041
512;547;2.81
512;548;3.912
512;551;3.7
512;552;3.925
513;509;2.995
513;510;3.046
513;516;2.9
514;478;3.938
514;510;3.073
514;511;3.01
514;517;3.099
514;518;3.153
515;482;3.297
515;511;3.365
515;512;3.041
515;518;3.385
515;519;2.985
515;544;3.646
515;570;3.456
516;513;2.9
516;520;3.092
516;548;3.863
517;514;3.099
517;520;3.498
517;521;3.01
518;478;3.778
518;514;3.153
518;515;3.385
518;521;3.303
518;522;3.028
518;570;2.744
518;573;2.741
519;515;2.985
519;523;3.042
519;544;3.696
520;516;3.092
520;517;3.498
520;523;2.96
521;469;3.473
521;517;3.01
521;518;3.303
521;525;3.105
522;518;3.028
522;525;3.084
522;526;3.0
522;530;2.651
522;531;3.661
522;537;2.77
523;519;3.042
523;520;2.96
523;531;3.631
523;532;4.005
524;465;3.633
525;466;3.853
525;521;3.105
525;522;3.084
526;396;3.254
526;470;3.801
526;522;3.0
527;336;2.695
527;530;2.788
527;531;2.931
528;331;3.531
528;532;3.026
529;333;4.018
529;336;3.871
529;533;2.806
530;522;2.651
530;527;2.788
530;533;3.061
530;534;2.921
531;522;3.661
531;523;3.631
531;527;2.931
531;537;3.361
531;541;2.822
532;523;4.005
532;528;3.026
533;529;2.806
533;530;3.061
534;530;2.921
534;537;2.962
534;538;3.04
535;538;3.944
535;539;3.006
536;540;2.993
536;578;2.92
536;581;3.764
537;522;2.77
537;531;3.361
537;534;2.962
537;541;2.957
538;534;3.04
538;535;3.944
538;541;3.394
538;542;2.988
539;535;3.006
539;542;3.358
539;543;3.021
539;569;3.948
540;536;2.993
540;543;3.235
540;544;2.89
540;570;2.646
540;573;3.929
541;531;2.822
541;537;2.957
541;538;3.394
541;545;2.974
542;538;2.988
542;539;3.358
542;545;3.231
542;546;3.074
543;539;3.021
543;540;3.235
543;547;3.03
544;515;3.646
544;519;3.696
544;540;2.89
544;548;2.916
544;570;3.768
545;541;2.974
545;542;3.231
545;549;2.987
546;542;3.074
546;550;3.187
546;563;3.578
547;512;2.81
547;543;3.03
547;551;3.401
547;567;2.987
548;512;3.912
548;516;3.863
548;544;2.916
548;551;3.311
548;552;2.944
549;545;2.987
549;552;3.182
549;553;3.03
550;546;3.187
550;554;3.004
550;555;3.055
550;564;3.863
551;509;3.881
551;512;3.7
551;547;3.401
551;548;3.311
551;555;3.786
551;564;3.985
552;509;3.382
552;512;3.925
552;548;2.944
552;549;3.182
553;549;3.03
554;550;3.004
554;556;2.943
555;550;3.055
555;551;3.786
555;561;2.823
556;554;2.943
556;561;3.259
557;560;2.795
558;562;2.934
559;562;3.319
559;563;2.962
559;1061;3.84
560;557;2.795
560;563;3.066
560;564;3.085
561;555;2.823
561;556;3.259
561;564;2.96
562;558;2.934
562;559;3.319
562;565;2.975
562;983;3.128
563;546;3.578
563;559;2.962
563;560;3.066
563;566;2.969
564;550;3.863
564;551;3.985
564;560;3.085
564;561;2.96
564;567;3.131
565;489;4.018
565;562;2.975
565;568;3.174
565;979;3.715
565;980;3.884
566;563;2.969
566;569;2.885
566;976;3.609
566;980;4.123
567;485;3.203
567;489;3.792
567;508;3.27
567;547;2.987
567;564;3.131
567;570;2.976
568;482;3.883
568;486;3.633
568;489;3.651
568;565;3.174
568;571;2.953
568;972;3.813
568;976;3.498
569;539;3.948
569;566;2.885
569;572;2.769
569;973;3.396
569;976;3.431
570;478;3.913
570;482;3.878
570;515;3.456
570;518;2.744
570;540;2.646
570;544;3.768
570;567;2.976
570;573;2.968
571;482;3.808
571;483;3.857
571;568;2.953
571;574;2.972
571;575;2.946
571;577;3.899
571;972;3.602
572;569;2.769
572;577;4.036
573;475;2.664
573;518;2.741
573;540;3.929
573;570;2.968
574;479;2.73
574;571;2.972
575;479;3.568
575;571;2.946
575;577;3.923
575;578;3.006
576;579;3.133
576;580;2.933
576;965;3.228
577;571;3.899
577;572;4.036
577;575;3.923
577;580;3.221
577;581;3.02
577;969;3.471
578;536;2.92
578;575;3.006
578;581;3.485
578;582;3.058
579;576;3.133
579;582;3.332
579;583;2.961
580;576;2.933
580;577;3.221
580;583;3.349
580;584;2.974
580;969;3.597
581;536;3.764
581;577;3.02
581;578;3.485
581;585;3.048
582;275;2.631
582;578;3.058
582;579;3.332
582;585;3.39
582;586;2.708
583;579;2.961
583;580;3.349
583;586;3.389
583;587;2.933
584;580;2.974
584;587;3.335
584;588;3.086
584;1075;3.569
585;581;3.048
585;582;3.39
585;588;2.963
586;275;3.692
586;582;2.708
586;583;3.389
586;589;2.871
587;583;2.933
587;584;3.335
587;590;3.103
587;591;3.078
587;691;3.736
587;1075;3.51
587;1079;3.482
588;584;3.086
588;585;2.963
588;591;3.461
588;592;2.978
588;1075;3.816
589;586;2.871
589;592;3.075
590;587;3.103
590;691;3.892
591;587;3.078
591;588;3.461
591;594;3.257
591;595;2.881
591;687;3.547
591;1075;3.84
592;588;2.978
592;589;3.075
592;596;3.05
593;106;3.469
593;110;3.296
593;596;3.225
593;597;3.288
594;110;4.032
594;591;3.257
594;597;3.054
594;598;3.02
594;686;3.489
594;687;3.845
595;591;2.881
595;599;2.925
596;592;3.05
596;593;3.225
596;599;3.266
596;600;3.052
597;107;3.685
597;593;3.288
597;594;3.054
597;600;3.461
597;601;3.033
598;594;3.02
598;601;3.465
598;602;2.964
598;649;3.966
599;595;2.925
599;596;3.266
599;603;2.973
600;100;3.537
600;596;3.052
600;597;3.461
600;603;3.312
600;604;3.007
601;597;3.033
601;598;3.465
601;604;3.289
601;605;2.945
601;679;3.703
602;598;2.964
602;605;3.497
602;606;2.922
602;642;3.474
602;645;3.816
603;19;3.506
603;23;3.799
603;599;2.973
603;600;3.312
603;606;3.267
603;607;3.004
603;638;3.549
604;94;3.962
604;98;3.953
604;600;3.007
604;601;3.289
604;607;3.269
604;608;2.995
605;601;2.945
605;602;3.497
605;609;2.958
605;645;3.766
605;675;4.059
605;676;3.574
605;679;3.873
606;602;2.922
606;603;3.267
606;609;3.252
606;610;2.992
606;638;3.806
606;641;3.981
606;642;3.984
607;94;3.631
607;603;3.004
607;604;3.269
607;611;3.318
608;94;3.69
608;604;2.995
608;611;3.351
608;612;3.026
609;605;2.958
609;606;3.252
609;613;3.001
609;614;2.822
609;635;3.827
610;25;3.267
610;606;2.992
610;614;3.053
610;615;3.149
610;637;3.854
611;91;3.439
611;607;3.318
611;608;3.351
612;87;3.89
612;91;3.847
612;608;3.026
612;615;2.806
613;609;3.001
613;616;3.013
613;617;3.57
613;631;3.499
613;635;4.097
613;669;3.413
613;672;3.984
614;609;2.822
614;610;3.053
614;631;3.762
615;610;3.149
615;612;2.806
616;613;3.013
616;628;4.124
616;631;2.975
617;613;3.57
617;629;3.086
617;631;2.971
617;657;3.796
617;658;3.36
617;665;2.782
617;669;3.504
618;627;2.655
618;628;3.653
618;658;3.528
618;659;2.928
619;622;3.015
619;623;2.849
619;624;2.808
619;625;2.753
620;658;4.154
620;659;2.768
620;661;3.698
621;624;3.861
622;619;3.015
622;627;4.016
623;619;2.849
624;619;2.808
624;621;3.861
624;1009;3.904
625;619;2.753
626;632;3.572
626;633;3.196
627;618;2.655
627;622;4.016
628;616;4.124
628;618;3.653
628;632;3.498
629;617;3.086
629;632;3.138
629;633;3.134
629;656;2.862
629;657;3.551
630;633;3.035
630;634;2.844
630;655;3.894
631;613;3.499
631;614;3.762
631;616;2.975
631;617;2.971
631;635;3.673
631;657;3.588
632;626;3.572
632;628;3.498
632;629;3.138
632;636;3.52
633;626;3.196
633;629;3.134
633;630;3.035
633;640;4.02
633;1049;3.618
634;630;2.844
634;640;4.006
634;643;3.915
634;644;3.923
634;1040;3.412
634;1044;3.877
635;609;3.827
635;613;4.097
635;631;3.673
635;640;3.674
635;644;3.631
635;657;4.049
636;632;3.52
636;1053;2.723
637;25;3.7
637;610;3.854
637;640;2.898
637;641;2.935
637;1056;2.867
638;25;3.247
638;603;3.549
638;606;3.806
638;641;3.482
638;642;2.957
639;642;3.211
639;643;2.993
639;1056;3.648
639;1059;3.871
639;1060;3.594
639;1063;3.979
640;633;4.02
640;634;4.006
640;635;3.674
640;637;2.898
640;643;3.3
640;644;2.994
640;1059;3.093
641;606;3.981
641;637;2.935
641;638;3.482
641;645;2.965
642;602;3.474
642;606;3.984
642;638;2.957
642;639;3.211
642;645;3.474
642;646;2.979
643;634;3.915
643;639;2.993
643;640;3.3
643;646;3.249
643;647;3.03
643;1044;3.946
643;1063;3.572
644;634;3.923
644;635;3.631
644;640;2.994
644;647;3.179
644;648;3.031
644;654;3.875
645;602;3.816
645;605;3.766
645;641;2.965
645;642;3.474
645;648;3.355
645;649;2.976
646;642;2.979
646;643;3.249
646;649;3.093
646;650;3.203
646;1036;3.93
646;1039;3.518
646;1063;3.687
646;1070;3.905
647;643;3.03
647;644;3.179
647;653;2.854
647;1040;3.535
648;644;3.031
648;645;3.355
648;651;3.021
648;654;3.728
648;673;3.511
648;676;3.599
648;677;4.009
649;598;3.966
649;645;2.976
649;646;3.093
649;680;3.787
650;646;3.203
650;1036;3.451
651;648;3.021
651;677;4.005
652;213;3.777
652;1036;3.767
652;1037;2.745
652;1038;2.854
653;208;3.622
653;213;3.401
653;214;5.947
653;647;2.854
653;1041;3.897
654;644;3.875
654;648;3.728
654;657;3.516
654;673;3.333
655;630;3.894
655;1041;3.53
656;629;2.862
656;996;3.87
657;617;3.796
657;629;3.551
657;631;3.588
657;635;4.049
657;654;3.516
657;666;3.316
657;669;3.446
658;617;3.36
658;618;3.528
658;620;4.154
658;662;3.365
658;666;3.022
659;618;2.928
659;620;2.768
659;666;3.715
660;997;3.376
661;620;3.698
662;658;3.365
662;665;2.776
662;666;3.07
663;667;2.949
664;667;3.286
664;668;3.011
665;617;2.782
665;662;2.776
665;668;3.242
665;669;3.095
666;657;3.316
666;658;3.022
666;659;3.715
666;662;3.07
666;669;3.412
666;670;2.912
667;663;2.949
667;664;3.286
667;670;3.292
667;671;3.016
668;664;3.011
668;665;3.242
668;671;3.473
668;672;3.358
669;613;3.413
669;617;3.504
669;657;3.446
669;665;3.095
669;666;3.412
669;672;3.418
669;673;2.941
670;204;3.83
670;666;2.912
670;667;3.292
670;673;3.257
670;674;2.959
671;667;3.016
671;668;3.473
671;674;3.411
671;675;3.022
672;613;3.984
672;668;3.358
672;669;3.418
672;675;3.306
672;676;2.983
673;648;3.511
673;654;3.333
673;669;2.941
673;670;3.257
673;676;3.334
673;677;2.992
674;207;3.492
674;670;2.959
674;671;3.411
674;677;3.431
674;678;3.005
675;605;4.059
675;671;3.022
675;672;3.306
675;678;3.453
675;679;3.005
676;605;3.574
676;648;3.599
676;672;2.983
676;673;3.334
676;680;2.951
677;207;4.138
677;211;3.603
677;648;4.009
677;651;4.005
677;673;2.992
677;674;3.431
677;681;2.926
678;207;3.87
678;674;3.005
678;675;3.453
678;681;3.441
678;682;3.037
679;601;3.703
679;605;3.873
679;675;3.005
679;682;3.432
679;683;2.995
680;649;3.787
680;676;2.951
680;683;3.163
680;684;2.928
681;677;2.926
681;678;3.441
681;684;3.265
681;685;2.979
682;114;3.791
682;678;3.037
682;679;3.432
682;686;3.029
683;679;2.995
683;680;3.163
683;686;3.358
683;687;2.919
684;680;2.928
684;681;3.265
684;687;3.124
684;688;3.073
685;247;3.817
685;248;3.747
685;681;2.979
685;688;3.463
685;689;3.008
686;594;3.489
686;682;3.029
686;683;3.358
686;690;2.913
687;591;3.547
687;594;3.845
687;683;2.919
687;684;3.124
687;690;3.4
687;691;3.116
687;1078;3.366
688;248;3.643
688;252;3.671
688;684;3.073
688;685;3.463
688;691;3.428
688;692;2.941
688;1078;3.57
688;1081;3.699
688;1364;6.367
689;251;3.795
689;252;4.003
689;255;3.706
689;685;3.008
689;692;3.369
689;693;2.936
690;686;2.913
690;687;3.4
690;694;3.055
691;587;3.736
691;590;3.892
691;687;3.116
691;688;3.428
691;694;3.327
691;695;2.987
691;1078;3.625
691;1079;3.721
691;1082;3.53
692;252;3.489
692;688;2.941
692;689;3.369
692;695;3.434
692;696;2.983
692;1082;4.009
692;1085;3.506
693;689;2.936
693;696;3.282
693;697;3.038
694;690;3.055
694;691;3.327
694;697;3.105
694;698;3.022
695;691;2.987
695;692;3.434
695;698;2.994
695;699;3.005
695;1082;3.463
695;1086;3.818
696;256;3.79
696;692;2.983
696;693;3.282
696;1086;3.691
696;1089;3.254
697;693;3.038
697;694;3.105
698;694;3.022
698;695;2.994
699;695;3.005
699;1086;3.943
700;703;3.198
700;704;3.436
701;1089;3.509
701;1093;2.749
702;1093;3.391
703;700;3.198
704;700;3.436
704;1090;3.366
705;1094;2.771
706;1094;2.829
707;1094;2.654
708;715;2.892
709;713;2.82
710;715;3.141
710;717;3.194
710;726;3.548
711;713;2.933
712;405;3.619
712;714;3.913
713;709;2.82
713;711;2.933
714;409;3.989
714;712;3.913
715;708;2.892
715;710;3.141
716;725;2.612
717;710;3.194
718;721;2.836
719;726;3.78
720;722;2.97
721;718;2.836
721;723;3.877
722;720;2.97
723;721;3.877
724;729;3.507
725;716;2.612
726;710;3.548
726;719;3.78
727;729;2.999
728;735;2.69
729;724;3.507
729;727;2.999
730;734;3.567
730;735;3.929
731;733;3.722
732;737;3.998
732;738;2.863
732;739;2.948
733;731;3.722
733;736;3.005
734;730;3.567
735;728;2.69
735;730;3.929
736;733;3.005
737;732;3.998
737;740;3.776
737;742;3.157
737;743;3.455
737;744;3.579
738;732;2.863
739;732;2.948
740;737;3.776
740;741;3.611
741;740;3.611
742;737;3.157
743;737;3.455
744;737;3.579
745;748;2.964
745;752;3.645
746;749;3.01
747;750;2.998
747;751;3.196
747;752;3.763
748;745;2.964
749;746;3.01
750;747;2.998
751;747;3.196
751;756;3.477
752;745;3.645
752;747;3.763
752;756;2.815
753;756;2.753
754;761;3.419
755;761;3.351
755;763;2.903
756;751;3.477
756;752;2.815
756;753;2.753
756;763;3.138
757;763;2.819
758;759;3.039
759;758;3.039
759;761;3.902
760;764;3.539
761;754;3.419
761;755;3.351
761;759;3.902
761;764;3.098
762;769;2.74
762;772;2.758
763;755;2.903
763;756;3.138
763;757;2.819
764;760;3.539
764;761;3.098
764;767;3.157
764;768;2.984
765;773;3.618
766;770;2.908
767;764;3.157
768;764;2.984
769;762;2.74
770;766;2.908
770;773;3.706
771;774;3.665
772;762;2.758
772;774;3.039
773;765;3.618
773;770;3.706
774;771;3.665
774;772;3.039
775;776;2.837
776;775;2.837
777;782;3.014
778;780;4.012
779;780;3.083
780;778;4.012
780;779;3.083
781;784;3.985
782;777;3.014
783;785;3.099
783;786;3.623
784;781;3.985
785;783;3.099
786;783;3.623
787;795;2.748
788;795;2.753
789;793;3.8
789;794;4.02
789;795;2.715
790;792;3.055
791;794;2.863
791;798;3.616
792;790;3.055
793;789;3.8
793;796;3.839
794;789;4.02
794;791;2.863
795;787;2.748
795;788;2.753
795;789;2.715
796;793;3.839
797;799;2.971
798;791;3.616
799;797;2.971
800;801;3.936
801;800;3.936
802;803;3.687
802;804;3.408
802;805;3.812
803;802;3.687
804;802;3.408
805;802;3.812
806;808;3.002
807;809;3.584
808;806;3.002
809;807;3.584
810;811;3.509
811;810;3.509
812;814;3.964
813;814;3.081
814;812;3.964
814;813;3.081
815;816;2.983
816;815;2.983
817;820;2.653
818;821;3.027
819;823;3.035
820;817;2.653
820;822;3.008
820;823;3.604
821;818;3.027
822;820;3.008
823;819;3.035
823;820;3.604
823;824;2.788
824;823;2.788
824;827;2.967
825;828;3.13
825;829;2.877
825;833;3.003
826;833;3.896
827;824;2.967
827;830;3.99
828;825;3.13
829;825;2.877
829;832;2.715
829;889;2.779
830;827;3.99
830;889;4.023
831;836;3.741
831;885;3.584
831;886;3.597
832;829;2.715
833;825;3.003
833;826;3.896
833;836;2.88
833;837;2.952
834;838;3.035
835;839;2.921
836;831;3.741
836;833;2.88
836;839;3.215
836;840;2.951
836;882;3.939
837;833;2.952
837;840;3.435
837;841;3.176
837;945;3.194
838;834;3.035
838;841;3.376
838;842;3.002
839;835;2.921
839;836;3.215
839;842;3.282
839;843;2.927
840;836;2.951
840;837;3.435
840;843;3.354
840;844;2.955
840;879;3.779
840;882;3.777
841;837;3.176
841;838;3.376
841;844;3.354
841;845;2.949
841;945;3.429
842;838;3.002
842;839;3.282
842;845;3.232
842;846;2.981
843;839;2.927
843;840;3.354
843;847;2.959
843;879;3.988
844;840;2.955
844;841;3.354
844;848;2.897
844;875;3.991
844;879;3.47
844;938;3.684
844;942;3.789
845;841;2.949
845;842;3.232
845;848;3.16
845;849;2.985
846;842;2.981
846;849;3.1
846;850;3.013
847;843;2.959
847;850;3.428
847;851;2.951
847;938;3.604
848;844;2.897
848;845;3.16
848;852;2.99
849;845;2.985
849;846;3.1
849;852;3.387
849;853;2.956
850;846;3.013
850;847;3.428
850;853;3.052
850;854;3.294
851;847;2.951
851;936;3.919
852;848;2.99
852;849;3.387
852;856;3.494
852;1272;3.95
853;849;2.956
853;850;3.052
853;856;3.068
853;857;3.025
853;860;3.577
853;864;3.73
853;868;3.851
854;850;3.294
854;861;2.761
854;929;2.694
855;858;3.338
855;861;2.666
855;1275;3.37
855;1329;3.022
856;852;3.494
856;853;3.068
856;1295;3.766
857;853;3.025
857;860;2.974
857;861;3.034
858;855;3.338
858;861;3.2
858;862;2.999
858;1330;4.004
859;862;2.647
860;853;3.577
860;857;2.974
860;863;3.097
860;864;3.025
861;854;2.761
861;855;2.666
861;857;3.034
861;858;3.2
861;864;3.004
861;865;2.996
861;1328;3.876
862;858;2.999
862;859;2.647
862;1330;3.671
863;860;3.097
864;853;3.73
864;860;3.025
864;861;3.004
864;867;3.13
864;868;3.022
865;861;2.996
865;868;3.442
865;869;2.73
866;870;3.019
867;864;3.13
867;870;3.409
867;871;2.993
868;853;3.851
868;864;3.022
868;865;3.442
868;871;3.016
868;872;3.263
869;865;2.73
869;872;3.001
869;873;3.025
869;929;2.901
869;932;3.891
870;866;3.019
870;867;3.409
870;873;2.901
870;874;2.957
871;867;2.993
871;868;3.016
871;874;3.466
871;875;2.924
872;868;3.263
872;869;3.001
872;876;3.012
872;935;3.779
873;869;3.025
873;870;2.901
873;876;3.333
873;877;3.036
874;870;2.957
874;871;3.466
874;877;3.486
874;878;2.983
875;844;3.991
875;871;2.924
875;878;3.248
875;879;2.936
875;935;4.018
875;938;3.608
876;872;3.012
876;873;3.333
876;880;2.973
876;935;3.877
877;873;3.036
877;874;3.486
877;881;3.049
878;874;2.983
878;875;3.248
878;882;2.937
879;840;3.779
879;843;3.988
879;844;3.47
879;875;2.936
879;883;3.005
879;941;3.653
880;876;2.973
880;883;3.135
880;884;2.96
880;908;3.926
880;912;3.825
881;877;3.049
881;884;3.365
881;885;2.961
882;836;3.939
882;840;3.777
882;878;2.937
882;885;3.43
882;886;2.723
882;941;3.566
883;879;3.005
883;880;3.135
883;887;2.961
883;905;3.854
884;880;2.96
884;881;3.365
884;888;2.989
885;831;3.584
885;881;2.961
885;882;3.43
885;888;3.481
885;889;3.01
886;831;3.597
886;882;2.723
886;889;3.416
886;890;3.11
886;895;3.696
886;901;4.135
886;904;2.657
887;883;2.961
887;890;3.022
887;891;2.921
887;892;6.456
887;895;5.973
887;896;3.597
888;884;2.989
888;885;3.481
889;829;2.779
889;830;4.023
889;885;3.01
889;886;3.416
890;886;3.11
890;887;3.022
890;894;2.808
890;895;3.863
890;898;3.935
890;901;3.655
891;887;2.921
891;895;2.992
892;887;6.456
892;895;3.398
892;896;2.987
893;896;2.771
893;897;2.828
894;890;2.808
895;886;3.696
895;887;5.973
895;890;3.863
895;891;2.992
895;892;3.398
895;898;3.039
895;901;3.501
895;905;3.762
896;887;3.597
896;892;2.987
896;893;2.771
896;902;3.354
896;905;3.778
897;893;2.828
897;902;3.716
898;890;3.935
898;895;3.039
898;901;3.164
898;902;2.944
899;902;3.449
899;903;2.966
900;903;3.323
900;904;3.003
900;950;3.763
900;953;3.849
901;886;4.135
901;890;3.655
901;895;3.501
901;898;3.164
901;904;3.128
901;905;2.979
902;896;3.354
902;897;3.716
902;898;2.944
902;899;3.449
902;906;2.981
903;899;2.966
903;900;3.323
903;906;3.228
904;886;2.657
904;900;3.003
904;901;3.128
904;941;2.945
904;944;2.738
905;883;3.854
905;895;3.762
905;896;3.778
905;901;2.979
905;908;3.033
905;909;2.954
906;902;2.981
906;903;3.228
906;910;3.028
907;934;4.023
907;937;4.025
907;941;3.685
908;880;3.926
908;905;3.033
908;911;3.046
908;912;3.092
909;905;2.954
909;912;2.876
909;913;2.908
910;906;3.028
910;914;2.971
910;934;3.673
911;908;3.046
911;914;3.978
911;915;3.048
911;935;2.873
912;880;3.825
912;908;3.092
912;909;2.876
912;915;3.334
912;916;2.989
913;909;2.908
913;916;3.205
913;917;2.997
914;910;2.971
914;911;3.978
914;917;3.455
914;918;2.988
915;911;3.048
915;912;3.334
915;918;3.304
915;919;2.997
915;928;3.76
916;912;2.989
916;913;3.205
916;919;3.306
916;920;2.965
917;913;2.997
917;914;3.455
917;920;3.247
917;921;2.992
918;914;2.988
918;915;3.304
918;923;3.043
918;927;3.299
918;928;3.292
918;931;3.676
919;915;2.997
919;916;3.306
919;922;2.994
920;916;2.965
920;917;3.247
921;917;2.992
922;919;2.994
923;918;3.043
924;927;3.871
925;928;3.454
925;929;3.008
926;929;2.736
926;930;3.217
927;918;3.299
927;924;3.871
927;931;2.974
928;915;3.76
928;918;3.292
928;925;3.454
928;932;2.935
929;854;2.694
929;869;2.901
929;925;3.008
929;926;2.736
929;1327;3.887
930;926;3.217
930;933;3.059
930;1277;3.915
930;1324;2.979
930;1325;3.647
930;1326;3.141
931;918;3.676
931;927;2.974
932;869;3.891
932;928;2.935
932;935;2.74
933;930;3.059
933;936;2.759
933;937;3.324
933;1273;3.619
934;907;4.023
934;910;3.673
934;937;2.971
935;872;3.779
935;875;4.018
935;876;3.877
935;911;2.873
935;932;2.74
935;938;2.854
936;851;3.919
936;933;2.759
937;907;4.025
937;933;3.324
937;934;2.971
937;940;2.952
937;941;3.006
937;1269;3.773
938;844;3.684
938;847;3.604
938;875;3.608
938;935;2.854
938;941;2.979
938;942;3.167
939;942;2.96
939;1269;3.623
940;937;2.952
940;943;2.768
940;1269;3.775
941;879;3.653
941;882;3.566
941;904;2.945
941;907;3.685
941;937;3.006
941;938;2.979
941;944;2.915
942;844;3.789
942;938;3.167
942;939;2.96
942;945;2.983
942;946;2.944
943;940;2.768
943;946;3.141
943;949;3.501
943;953;3.724
944;904;2.738
944;941;2.915
944;950;2.906
945;837;3.194
945;841;3.429
945;942;2.983
946;942;2.944
946;943;3.141
946;949;3.683
946;950;3.025
947;950;3.64
948;951;3.023
948;952;2.918
949;943;3.501
949;946;3.683
949;952;3.296
949;953;2.98
949;1261;3.931
949;1262;3.975
950;900;3.763
950;944;2.906
950;946;3.025
950;947;3.64
950;954;3.006
951;948;3.023
951;954;3.393
951;955;2.955
952;948;2.918
952;949;3.296
952;955;3.146
952;956;2.982
952;1262;3.839
953;900;3.849
