source;destination;distance
0;3;2.773
1;47;3.597
2;7;3.564
2;48;3.696
3;0;2.773
4;7;3.284
4;8;2.975
5;9;2.976
6;10;2.975
7;2;3.564
7;4;3.284
7;10;3.114
7;11;2.971
7;43;4.037
7;47;3.739
8;4;2.975
8;11;3.341
8;12;2.964
9;5;2.976
9;13;2.922
10;6;2.975
10;7;3.114
10;14;2.945
11;7;2.971
11;8;3.341
11;14;3.434
11;15;3.021
11;44;3.604
12;8;2.964
12;16;2.982
12;103;4.002
13;9;2.922
13;16;3.349
13;17;2.936
14;10;2.945
14;11;3.434
14;18;3.009
14;37;3.717
15;11;3.021
15;19;2.979
15;37;3.821
15;98;3.964
15;99;3.533
16;12;2.982
16;13;3.349
16;19;3.158
16;20;3.086
17;13;2.936
17;20;3.332
17;21;2.986
18;14;3.009
18;21;3.54
18;22;2.961
18;37;2.99
18;95;3.179
19;15;2.979
19;16;3.158
19;22;3.147
19;96;3.49
19;597;3.495
20;16;3.086
20;17;3.332
20;23;3.408
21;17;2.986
21;18;3.54
21;24;2.988
21;30;3.637
21;33;3.418
22;18;2.961
22;19;3.147
22;92;4.069
22;95;3.884
22;96;3.963
23;20;3.408
23;597;3.749
24;21;2.988
24;27;4.038
25;604;3.211
25;631;3.691
25;632;3.284
26;30;3.821
27;24;4.038
27;30;2.84
28;31;2.724
28;32;3.012
29;32;3.341
29;33;2.982
30;21;3.637
30;26;3.821
30;27;2.84
30;33;3.411
30;34;2.996
31;28;2.724
31;34;3.444
31;35;3.01
32;28;3.012
32;29;3.341
32;35;3.459
32;36;2.967
33;21;3.418
33;29;2.982
33;30;3.411
33;36;3.294
33;37;2.967
34;30;2.996
34;31;3.444
34;37;3.278
34;38;2.93
34;79;3.808
34;92;2.837
34;95;3.657
35;31;3.01
35;32;3.459
35;38;3.418
35;39;2.974
35;80;3.711
36;32;2.967
36;33;3.294
36;39;3.352
36;40;2.999
37;14;3.717
37;15;3.821
37;18;2.99
37;33;2.967
37;34;3.278
37;40;3.006
37;41;2.861
37;95;3.864
38;34;2.93
38;35;3.418
38;41;4.039
38;42;2.992
38;79;2.617
39;35;2.974
39;36;3.352
39;42;3.189
39;43;2.988
40;36;2.999
40;37;3.006
40;43;3.469
40;44;2.907
41;37;2.861
41;38;4.039
41;45;2.956
41;72;3.475
41;98;3.517
42;38;2.992
42;39;3.189
42;45;3.299
42;46;2.969
43;7;4.037
43;39;2.988
43;40;3.469
43;46;3.402
43;47;3.053
44;11;3.604
44;40;2.907
44;47;3.247
44;48;2.792
44;98;2.647
45;41;2.956
45;42;3.299
45;49;2.986
45;55;3.954
45;72;3.931
46;42;2.969
46;43;3.402
46;50;3.062
47;1;3.597
47;7;3.739
47;43;3.053
47;44;3.247
48;2;3.696
48;44;2.792
48;65;3.201
48;68;2.662
49;45;2.986
49;55;4.037
49;58;3.841
49;65;3.694
50;46;3.062
50;52;3.066
50;54;3.682
51;54;3.667
51;57;3.418
52;50;3.066
52;55;2.984
53;56;2.99
54;50;3.682
54;51;3.667
54;57;2.996
55;45;3.954
55;49;4.037
55;52;2.984
55;58;3.038
55;69;3.908
56;53;2.99
56;59;3.015
57;51;3.418
57;54;2.996
57;60;3.026
58;49;3.841
58;55;3.038
58;61;2.984
58;62;3.734
58;65;3.502
58;66;4.023
58;69;3.802
59;56;3.015
60;57;3.026
61;58;2.984
62;58;3.734
62;66;2.929
63;66;3.448
63;67;3.039
64;67;3.014
64;68;3.044
64;101;3.48
64;107;3.246
64;110;3.834
65;48;3.201
65;49;3.694
65;58;3.502
65;68;3.716
65;69;2.989
66;58;4.023
66;62;2.929
66;63;3.448
66;69;3.412
66;70;2.945
67;63;3.039
67;64;3.014
67;71;3.008
67;100;3.911
68;48;2.662
68;64;3.044
68;65;3.716
68;71;3.449
68;72;2.942
68;98;3.188
68;101;2.614
69;55;3.908
69;58;3.802
69;65;2.989
69;66;3.412
69;72;3.215
69;73;2.993
70;66;2.945
70;73;3.392
70;74;2.977
71;67;3.008
71;68;3.449
71;75;2.93
71;94;3.519
72;41;3.475
72;45;3.931
72;68;2.942
72;69;3.215
72;75;3.432
72;76;2.894
73;69;2.993
73;70;3.392
73;76;3.4
73;77;3.012
74;70;2.977
74;77;3.431
74;78;2.98
74;88;3.625
74;91;3.339
75;71;2.93
75;72;3.432
75;78;3.013
75;79;2.863
76;72;2.894
76;73;3.4
76;80;2.974
77;73;3.012
77;74;3.431
77;81;3.002
78;74;2.98
78;75;3.013
78;82;3.935
78;88;2.675
79;34;3.808
79;38;2.617
79;75;2.863
79;82;3.233
79;95;3.937
80;35;3.711
80;76;2.974
81;77;3.002
81;83;2.986
82;78;3.935
82;79;3.233
82;89;2.942
82;92;3.628
83;81;2.986
84;88;3.515
85;88;3.127
86;89;2.908
86;90;3.202
86;606;3.927
87;90;3.125
88;74;3.625
88;78;2.675
88;84;3.515
88;85;3.127
88;91;3.007
89;82;2.942
89;86;2.908
90;86;3.202
90;87;3.125
90;93;3.002
90;605;3.361
90;606;3.827
91;74;3.339
91;88;3.007
91;94;2.867
92;22;4.069
92;34;2.837
92;82;3.628
92;95;2.927
93;90;3.002
93;96;2.842
93;598;3.928
93;601;3.653
93;602;3.709
94;71;3.519
94;91;2.867
94;97;3.831
94;98;3.005
95;18;3.179
95;22;3.884
95;34;3.657
95;37;3.864
95;79;3.937
95;92;2.927
95;98;3.134
96;19;3.49
96;22;3.963
96;93;2.842
96;99;3.005
97;94;3.831
97;100;2.908
97;598;3.955
98;15;3.964
98;41;3.517
98;44;2.647
98;68;3.188
98;94;3.005
98;95;3.134
98;101;2.946
99;15;3.533
99;96;3.005
99;102;2.992
99;103;2.999
99;106;3.627
99;594;3.528
100;67;3.911
100;97;2.908
100;110;3.889
101;64;3.48
101;68;2.614
101;98;2.946
101;107;2.802
102;99;2.992
103;12;4.002
103;99;2.999
103;106;3.096
103;107;2.991
104;107;3.363
104;108;2.951
105;109;3.137
105;587;3.422
106;99;3.627
106;103;3.096
106;109;3.425
106;110;3.007
106;591;3.69
107;64;3.246
107;101;2.802
107;103;2.991
107;104;3.363
107;110;3.455
107;111;2.981
108;104;2.951
108;111;3.114
108;112;3.02
109;105;3.137
109;106;3.425
109;112;3.093
109;113;3.003
109;587;3.336
109;588;3.975
110;64;3.834
110;100;3.889
110;106;3.007
110;107;3.455
110;113;3.262
110;114;3.048
111;107;2.981
111;108;3.114
111;114;3.472
111;115;3.006
112;108;3.02
112;109;3.093
112;115;3.258
112;116;3.053
113;109;3.003
113;110;3.262
113;116;2.982
113;117;3.248
113;676;3.82
114;110;3.048
114;111;3.472
114;117;2.994
115;111;3.006
115;112;3.258
115;118;2.755
115;256;4.023
115;260;4.038
116;112;3.053
116;113;2.982
116;119;3.049
116;120;3.016
116;256;3.997
117;113;3.248
117;114;2.994
117;121;3.002
118;115;2.755
118;260;2.717
119;116;3.049
119;122;3.446
119;256;3.445
119;259;2.617
119;260;2.813
120;116;3.016
120;123;3.353
120;124;2.932
120;253;4.001
121;117;3.002
121;125;2.981
122;119;3.446
122;125;3.178
122;126;3.089
122;1266;3.441
122;1267;2.934
123;120;3.353
123;126;3.431
123;127;3.166
123;245;3.609
123;1270;3.993
124;120;2.932
124;127;3.378
124;128;2.918
125;121;2.981
125;122;3.178
125;128;3.346
125;129;2.984
126;122;3.089
126;123;3.431
126;130;2.963
126;1261;4.014
126;1267;3.969
126;1270;3.811
127;123;3.166
127;124;3.378
127;130;3.305
127;131;2.886
127;245;3.425
128;124;2.918
128;125;3.346
128;131;3.477
128;132;3.017
129;125;2.984
129;132;3.417
129;133;2.934
129;1257;3.667
129;1260;3.396
129;1261;3.811
130;126;2.963
130;127;3.305
130;133;3.492
130;134;2.869
131;127;2.886
131;128;3.477
131;135;2.97
131;205;3.714
131;208;4.024
132;128;3.017
132;129;3.417
132;135;3.213
132;136;3.013
133;129;2.934
133;130;3.492
133;136;3.265
133;137;2.978
133;1168;3.787
133;1257;3.763
134;130;2.869
134;138;2.944
134;208;3.591
134;234;3.705
134;238;3.809
134;241;3.661
135;131;2.97
135;132;3.213
135;139;2.927
135;201;3.825
135;205;3.923
136;132;3.013
136;133;3.265
136;139;3.209
136;140;3.123
136;201;3.825
136;1254;3.834
137;133;2.978
137;140;3.14
137;141;3.468
137;234;3.565
137;1251;3.664
137;1254;3.908
138;134;2.944
138;141;3.427
138;142;2.942
138;198;3.527
139;135;2.927
139;136;3.209
139;143;3.722
139;199;3.957
139;200;3.531
139;201;3.881
140;136;3.123
140;137;3.14
140;1251;3.652
140;1254;3.371
141;137;3.468
141;138;3.427
141;1247;3.686
141;1251;3.467
142;138;2.942
142;221;3.065
142;231;3.397
142;234;3.591
142;235;3.655
143;139;3.722
143;199;3.834
144;149;2.732
144;194;2.976
145;188;2.949
145;192;3.734
145;194;3.073
146;149;2.94
146;150;3.789
146;192;2.81
147;192;2.861
147;195;3.599
147;199;2.63
148;152;3.959
148;154;3.466
149;144;2.732
149;146;2.94
149;153;3.151
149;189;2.721
150;146;3.789
150;185;3.745
150;189;3.92
151;185;3.69
152;148;3.959
152;183;2.728
153;149;3.151
154;148;3.466
155;158;3.77
156;158;3.049
157;160;3.879
157;180;3.742
158;155;3.77
158;156;3.049
158;161;4.128
159;169;3.094
159;179;2.693
160;157;3.879
160;168;3.974
161;158;4.128
162;168;3.039
162;169;3.757
163;165;3.464
164;167;3.768
165;163;3.464
166;168;3.721
166;176;2.954
167;164;3.768
168;160;3.974
168;162;3.039
168;166;3.721
168;170;2.788
169;159;3.094
169;162;3.757
170;168;2.788
170;176;3.599
170;178;2.618
171;173;3.254
172;174;3.891
173;171;3.254
174;172;3.891
175;177;3.116
176;166;2.954
176;170;3.599
177;175;3.116
177;181;3.747
177;182;3.813
178;170;2.618
179;159;2.693
180;157;3.742
181;177;3.747
182;177;3.813
183;152;2.728
184;1023;4.165
184;1025;3.698
185;150;3.745
185;151;3.69
186;189;3.395
187;189;3.948
188;145;2.949
189;149;2.721
189;150;3.92
189;186;3.395
189;187;3.948
190;193;3.189
191;1022;2.59
191;1024;3.514
192;145;3.734
192;146;2.81
192;147;2.861
192;195;3.061
193;190;3.189
193;224;3.462
193;225;3.986
194;144;2.976
194;145;3.073
195;147;3.599
195;192;3.061
195;198;2.999
195;199;3.02
195;203;3.532
196;203;3.084
197;203;3.465
197;221;3.472
198;138;3.527
198;195;2.999
198;204;3.352
198;207;3.593
198;221;3.178
198;235;6.221
199;139;3.957
199;143;3.834
199;147;2.63
199;195;3.02
200;139;3.531
200;203;2.794
200;204;2.971
201;135;3.825
201;136;3.825
201;139;3.881
201;205;2.961
202;206;2.989
203;195;3.532
203;196;3.084
203;197;3.465
203;200;2.794
203;206;3.318
203;207;2.962
204;198;3.352
204;200;2.971
204;207;3.249
204;208;2.955
205;131;3.714
205;135;3.923
205;201;2.961
205;209;2.935
206;202;2.989
206;203;3.318
206;209;3.068
206;210;2.97
206;664;3.82
207;198;3.593
207;203;2.962
207;204;3.249
207;210;3.299
207;211;2.939
208;131;4.024
208;134;3.591
208;204;2.955
208;211;3.887
208;212;2.957
209;205;2.935
209;206;3.068
209;212;3.247
209;213;2.951
209;668;3.462
209;672;3.896
210;206;2.97
210;207;3.299
210;214;2.967
210;215;2.783
210;216;3.942
210;647;3.628
211;207;2.939
211;208;3.887
211;214;3.099
211;217;3.627
211;235;3.934
211;238;3.795
211;239;3.745
212;208;2.957
212;209;3.247
213;209;2.951
213;671;3.623
214;210;2.967
214;211;3.099
214;1332;3.139
214;1334;3.023
215;210;2.783
215;646;3.796
215;647;3.372
216;210;3.942
216;219;3.232
216;220;3.015
216;647;5.925
216;1339;3.814
217;211;3.627
217;221;3.051
217;222;3.162
217;236;3.865
217;239;3.337
217;1325;3.747
217;1328;3.558
217;1329;3.51
218;222;3.119
218;223;3.003
218;1325;3.754
218;1329;3.609
218;1363;3.461
218;1364;2.746
218;1365;3.116
219;216;3.232
219;1339;3.599
219;1365;3.166
220;216;3.015
220;223;3.055
221;142;3.065
221;197;3.472
221;198;3.178
221;217;3.051
221;231;2.766
222;217;3.162
222;218;3.119
222;225;2.952
222;232;3.375
222;1325;3.162
222;1363;3.512
223;218;3.003
223;220;3.055
223;1315;3.865
223;1363;3.457
224;193;3.462
225;193;3.986
225;222;2.952
225;227;2.935
225;228;3.109
225;231;3.602
226;228;3.059
226;1322;3.629
226;1359;2.841
226;1362;3.528
227;225;2.935
227;231;3.013
228;225;3.109
228;226;3.059
228;231;2.972
228;232;2.944
228;1360;3.792
228;1361;3.743
229;232;3.665
229;233;2.918
229;1358;2.846
229;1360;2.756
230;1244;3.701
230;1247;3.976
230;1248;3.287
230;1360;2.927
231;142;3.397
231;221;2.766
231;225;3.602
231;227;3.013
231;228;2.972
231;234;3.014
231;235;3.31
232;222;3.375
232;228;2.944
232;229;3.665
232;235;3.313
232;236;2.939
232;1325;3.526
232;1361;3.996
233;229;2.918
233;237;2.977
234;134;3.705
234;137;3.565
234;142;3.591
234;231;3.014
234;237;3.141
234;238;2.97
235;142;3.655
235;198;6.221
235;211;3.934
235;231;3.31
235;232;3.313
235;238;3.252
235;239;2.992
236;217;3.865
236;232;2.939
236;239;3.168
236;240;2.98
236;1328;3.98
237;233;2.977
237;234;3.141
237;241;2.931
238;134;3.809
238;211;3.795
238;234;2.97
238;235;3.252
238;242;2.9
239;211;3.745
239;217;3.337
239;235;2.992
239;236;3.168
239;243;2.956
239;1328;3.395
240;236;2.98
240;244;2.958
240;1328;3.367
241;134;3.661
241;237;2.931
241;245;2.908
242;238;2.9
242;246;2.938
243;239;2.956
243;246;3.325
243;247;2.952
244;240;2.958
244;247;3.417
244;248;2.941
244;1274;3.711
244;1281;3.586
245;123;3.609
245;127;3.425
245;241;2.908
245;248;3.201
245;249;2.882
246;242;2.938
246;243;3.325
246;249;3.339
246;250;2.953
247;243;2.952
247;244;3.417
247;250;3.805
247;251;2.999
247;1391;3.805
248;244;2.941
248;245;3.201
248;251;3.629
248;252;2.9
248;1270;3.168
248;1273;3.737
249;245;2.882
249;246;3.339
249;252;3.135
249;253;2.951
249;679;3.604
250;246;2.953
250;247;3.805
250;254;3.081
250;679;3.74
250;682;3.673
250;1388;3.535
251;247;2.999
251;248;3.629
251;255;2.921
251;1391;3.987
251;1392;3.93
251;1395;3.503
252;248;2.9
252;249;3.135
252;256;2.937
253;120;4.001
253;249;2.951
253;256;3.353
253;257;3.076
253;683;3.808
254;250;3.081
254;257;3.205
254;258;3.075
254;682;3.713
254;683;4.004
254;686;3.417
254;1392;3.462
255;251;2.921
255;259;2.891
255;1396;3.769
256;115;4.023
256;116;3.997
256;119;3.445
256;252;2.937
256;253;3.353
256;260;2.967
257;253;3.076
257;254;3.205
257;261;3.085
257;683;3.67
258;254;3.075
258;261;3.033
258;262;2.831
258;690;3.879
258;1114;6.379
258;1396;6.347
259;119;2.617
259;255;2.891
259;262;3.011
259;263;3.562
260;115;4.038
260;118;2.717
260;119;2.813
260;256;2.967
260;270;2.852
261;257;3.085
261;258;3.033
261;269;4.011
261;270;3.32
261;271;3.015
262;258;2.831
262;259;3.011
262;269;3.481
262;273;3.096
263;259;3.562
263;268;3.059
263;269;2.811
264;273;3.777
265;267;3.388
266;273;3.553
266;274;4.012
266;276;4.0
266;702;3.78
266;703;3.994
267;265;3.388
268;263;3.059
269;261;4.011
269;262;3.481
269;263;2.811
270;260;2.852
270;261;3.32
271;261;3.015
271;273;4.023
272;275;3.025
273;262;3.096
273;264;3.777
273;266;3.553
273;271;4.023
273;276;2.98
274;266;4.012
275;272;3.025
275;278;2.953
276;266;4.0
276;273;2.98
276;697;3.53
276;701;3.978
276;703;3.657
277;280;2.923
277;283;4.038
278;275;2.953
279;283;3.42
280;277;2.923
280;283;2.973
280;297;3.741
281;284;3.296
281;292;2.722
281;293;2.836
281;294;2.831
282;285;3.023
282;286;3.002
282;705;2.631
283;277;4.038
283;279;3.42
283;280;2.973
283;286;3.072
284;281;3.296
284;296;3.652
285;282;3.023
285;293;3.253
286;282;3.002
286;283;3.072
286;704;2.8
287;290;3.1
288;722;3.861
289;731;2.783
290;287;3.1
290;731;3.42
291;704;3.786
291;706;3.488
291;707;3.007
292;281;2.722
292;707;3.034
293;281;2.836
293;285;3.253
294;281;2.831
295;310;2.732
296;284;3.652
297;280;3.741
298;693;2.787
298;694;4.014
298;1111;3.496
298;1115;3.805
299;1112;3.153
299;1115;3.526
299;1116;3.994
300;309;3.332
301;303;2.767
301;309;3.904
302;307;2.599
303;301;2.767
303;985;3.715
304;981;3.656
305;306;3.488
306;305;3.488
307;302;2.599
308;313;3.917
309;300;3.332
309;301;3.904
309;311;3.098
310;295;2.732
311;309;3.098
311;317;2.803
312;314;2.971
312;317;3.946
313;308;3.917
314;312;2.971
314;317;3.755
314;324;3.864
315;319;3.962
315;323;3.25
315;324;3.994
315;325;3.832
316;318;3.133
317;311;2.803
317;312;3.946
317;314;3.755
318;316;3.133
319;315;3.962
319;323;2.792
319;325;2.744
319;326;2.95
319;328;2.659
320;323;2.804
321;329;3.185
322;325;2.969
322;327;2.719
322;329;2.722
323;315;3.25
323;319;2.792
323;320;2.804
324;314;3.864
324;315;3.994
325;315;3.832
325;319;2.744
325;322;2.969
326;319;2.95
327;322;2.719
328;319;2.659
328;331;2.986
329;321;3.185
329;322;2.722
330;332;2.747
330;333;2.797
331;328;2.986
332;330;2.747
333;330;2.797
334;335;3.358
335;334;3.358
336;441;3.737
336;442;2.825
336;443;3.986
337;436;3.092
338;436;2.982
339;436;2.775
340;436;2.657
341;345;2.827
342;343;2.91
342;344;4.763
342;345;4.017
343;342;2.91
344;342;4.763
344;351;3.666
345;341;2.827
345;342;4.017
345;349;3.67
345;350;3.53
346;351;3.807
347;349;3.034
348;432;4.011
349;345;3.67
349;347;3.034
349;433;3.643
349;434;2.82
349;435;2.932
349;437;2.747
350;345;3.53
351;344;3.666
351;346;3.807
352;358;3.771
353;358;3.587
353;359;2.826
354;357;3.031
354;359;3.021
355;359;4.03
355;360;2.955
356;369;3.882
357;354;3.031
358;352;3.771
358;353;3.587
359;353;2.826
359;354;3.021
359;355;4.03
360;355;2.955
360;362;3.154
361;365;3.637
362;360;3.154
362;365;3.002
363;366;2.987
364;367;2.999
364;368;2.992
364;369;4.011
365;361;3.637
365;362;3.002
365;368;3.279
366;363;2.987
367;364;2.999
368;364;2.992
368;365;3.279
368;370;3.471
369;356;3.882
369;364;4.011
370;368;3.471
371;373;2.92
372;376;3.329
372;379;3.647
372;393;3.875
373;371;2.92
374;376;3.609
375;394;3.209
376;372;3.329
376;374;3.609
376;393;3.994
376;394;3.784
377;395;2.828
377;400;3.857
378;381;2.951
379;372;3.647
379;383;3.896
380;382;3.0
380;384;2.834
380;385;2.733
380;386;3.141
381;378;2.951
382;380;3.0
383;379;3.896
384;380;2.834
384;387;3.858
385;380;2.733
386;380;3.141
386;389;2.715
386;390;2.948
387;384;3.858
388;391;2.975
389;386;2.715
390;386;2.948
391;388;2.975
392;396;3.691
392;397;3.483
393;372;3.875
393;376;3.994
393;396;2.939
394;375;3.209
394;376;3.784
395;377;2.828
395;398;2.949
395;399;3.079
396;392;3.691
396;393;2.939
397;392;3.483
398;395;2.949
399;395;3.079
400;377;3.857
401;402;2.716
402;401;2.716
403;404;2.672
403;410;3.625
404;403;2.672
404;409;3.042
405;408;2.7
405;409;3.817
406;409;3.763
407;409;2.977
408;405;2.7
409;404;3.042
409;405;3.817
409;406;3.763
409;407;2.977
410;403;3.625
410;411;3.039
411;410;3.039
412;414;2.969
413;415;2.942
414;412;2.969
415;413;2.942
415;416;3.049
416;415;3.049
417;439;2.901
418;419;3.38
419;418;3.38
419;420;2.974
420;419;2.974
420;422;3.052
421;423;3.396
421;425;3.591
422;420;3.052
423;421;3.396
423;425;3.62
424;431;3.343
425;421;3.591
425;423;3.62
425;427;2.931
426;429;2.813
427;425;2.931
427;430;2.975
427;431;3.074
428;431;2.859
429;426;2.813
429;432;3.598
430;427;2.975
431;424;3.343
431;427;3.074
431;428;2.859
432;348;4.011
432;429;3.598
433;349;3.643
433;437;3.832
434;349;2.82
435;349;2.932
436;337;3.092
436;338;2.982
436;339;2.775
436;340;2.657
437;349;2.747
437;433;3.832
438;441;3.881
439;417;2.901
439;441;3.105
440;450;4.018
441;336;3.737
441;438;3.881
441;439;3.105
442;336;2.825
442;448;3.309
443;336;3.986
444;447;3.031
445;448;2.992
445;449;3.192
445;450;3.971
446;451;3.793
446;452;2.782
446;453;3.721
447;444;3.031
448;442;3.309
448;445;2.992
449;445;3.192
450;440;4.018
450;445;3.971
451;446;3.793
452;446;2.782
453;446;3.721
454;456;2.728
455;457;3.223
456;454;2.728
457;455;3.223
457;459;2.99
457;461;3.222
457;465;2.698
458;460;3.773
458;461;3.616
458;518;3.369
458;519;2.759
459;457;2.99
460;458;3.773
460;515;3.711
460;518;3.53
460;519;4.026
461;457;3.222
461;458;3.616
461;464;2.973
461;465;3.104
462;465;3.002
463;515;3.626
464;461;2.973
464;520;3.429
465;457;2.698
465;461;3.104
465;462;3.002
465;468;2.967
465;469;3.176
466;470;2.959
467;471;2.955
468;465;2.967
468;471;3.232
468;472;3.022
469;465;3.176
469;472;3.415
469;473;2.934
469;567;2.665
469;568;3.994
470;466;2.959
470;473;3.201
470;474;2.964
471;467;2.955
471;468;3.232
471;475;3.053
472;468;3.022
472;469;3.415
472;475;3.348
472;476;2.976
472;508;4.0
472;512;3.791
472;564;3.943
473;469;2.934
473;470;3.201
473;476;2.992
473;477;3.088
473;568;2.639
473;569;3.543
474;470;2.964
474;477;3.473
474;478;3.007
475;471;3.053
475;472;3.348
475;479;2.99
475;505;3.662
476;472;2.976
476;473;2.992
476;479;3.07
476;480;3.067
476;509;3.317
476;562;3.869
476;564;3.876
476;565;3.812
477;473;3.088
477;474;3.473
477;480;3.112
477;481;3.418
477;565;3.922
478;474;3.007
478;481;3.352
478;482;3.021
479;475;2.99
479;476;3.07
479;482;3.251
479;483;2.99
479;505;3.214
479;561;3.153
480;476;3.067
480;477;3.112
480;484;3.057
480;562;3.649
480;999;3.912
481;477;3.418
481;478;3.352
481;484;3.254
481;485;2.995
482;478;3.021
482;479;3.251
482;485;2.995
482;486;2.945
483;479;2.99
483;486;3.035
483;559;4.014
483;561;3.785
483;562;3.674
483;1003;4.012
484;480;3.057
484;481;3.254
485;481;2.995
485;482;2.995
485;490;3.89
486;482;2.945
486;483;3.035
486;491;2.97
486;502;3.419
487;490;3.125
487;491;2.994
487;1046;3.982
487;1047;3.224
488;1046;2.82
489;492;2.948
489;493;3.017
490;485;3.89
490;487;3.125
490;494;3.014
491;486;2.97
491;487;2.994
491;495;2.78
492;489;2.948
492;495;2.714
493;489;3.017
494;490;3.014
494;497;3.047
494;498;2.939
495;491;2.78
495;492;2.714
495;499;2.971
496;499;3.306
496;500;3.045
497;494;3.047
497;500;3.949
497;501;2.947
498;494;2.939
498;501;3.314
498;502;2.933
499;495;2.971
499;496;3.306
499;502;3.371
499;503;3.039
500;496;3.045
500;497;3.949
500;504;2.96
501;497;2.947
501;498;3.314
501;505;2.963
502;486;3.419
502;498;2.933
502;499;3.371
502;505;3.405
502;506;3.101
502;561;3.253
503;499;3.039
503;506;3.307
503;507;3.012
503;545;3.779
503;546;3.429
504;500;2.96
504;507;3.023
504;508;3.086
505;475;3.662
505;479;3.214
505;501;2.963
505;502;3.405
505;508;3.059
505;509;3.366
506;502;3.101
506;503;3.307
506;509;2.969
506;541;2.747
506;542;3.751
506;545;3.788
506;546;4.001
507;503;3.012
507;504;3.023
507;510;2.853
508;472;4.0
508;504;3.086
508;505;3.059
508;511;3.053
508;512;3.223
509;476;3.317
509;505;3.366
509;506;2.969
509;513;2.986
509;538;3.671
509;542;3.932
509;564;3.427
510;507;2.853
510;513;3.419
510;514;3.03
510;542;3.491
511;508;3.053
511;515;3.062
512;472;3.791
512;508;3.223
512;515;3.441
512;516;2.943
512;564;2.729
512;567;2.725
513;509;2.986
513;510;3.419
513;517;2.991
513;538;3.626
514;510;3.03
514;517;3.216
514;518;3.092
515;460;3.711
515;463;3.626
515;511;3.062
515;512;3.441
515;519;2.975
516;512;2.943
516;519;2.996
516;520;3.039
516;524;2.662
516;525;3.644
516;531;2.755
517;513;2.991
517;514;3.216
517;525;3.701
517;526;3.946
518;458;3.369
518;460;3.53
518;514;3.092
519;458;2.759
519;460;4.026
519;515;2.975
519;516;2.996
520;464;3.429
520;516;3.039
520;524;3.583
521;524;2.923
521;525;2.921
522;526;2.985
523;527;2.783
524;516;2.662
524;520;3.583
524;521;2.923
524;527;3.073
524;528;2.912
525;516;3.644
525;517;3.701
525;521;2.921
525;531;3.183
525;535;3.155
526;517;3.946
526;522;2.985
527;523;2.783
527;524;3.073
528;524;2.912
528;531;2.966
528;532;3.041
529;532;3.964
529;533;3.014
530;534;2.998
530;572;2.935
530;575;3.897
531;516;2.755
531;525;3.183
531;528;2.966
531;535;2.955
532;528;3.041
532;529;3.964
532;535;3.393
532;536;2.99
533;529;3.014
533;536;3.449
533;537;3.021
534;530;2.998
534;537;3.195
534;538;2.902
534;564;2.637
534;567;3.88
535;525;3.155
535;531;2.955
535;532;3.393
535;539;3.011
536;532;2.99
536;533;3.449
536;539;3.196
536;540;3.089
537;533;3.021
537;534;3.195
537;541;3.009
538;509;3.671
538;513;3.626
538;534;2.902
538;542;2.935
538;564;3.762
539;535;3.011
539;536;3.196
539;543;2.999
540;536;3.089
540;544;3.192
540;557;3.555
541;506;2.747
541;537;3.009
541;545;3.406
541;561;3.08
542;506;3.751
542;509;3.932
542;510;3.491
542;538;2.935
542;545;3.126
542;546;2.918
543;539;2.999
543;546;3.294
543;547;3.037
544;540;3.192
544;548;2.998
544;549;3.064
544;558;3.79
545;503;3.779
545;506;3.788
545;541;3.406
545;542;3.126
545;549;3.788
545;558;3.988
546;503;3.429
546;506;4.001
546;542;2.918
546;543;3.294
547;543;3.037
548;544;2.998
548;550;2.945
549;544;3.064
549;545;3.788
549;555;2.798
550;548;2.945
550;555;3.285
551;554;2.79
552;555;3.235
552;556;2.931
553;556;3.286
553;557;2.96
553;1086;4.019
554;551;2.79
554;557;3.08
554;558;3.082
555;549;2.798
555;550;3.285
555;552;3.235
555;558;2.934
556;552;2.931
556;553;3.286
556;559;2.983
556;1007;3.126
557;540;3.555
557;553;2.96
557;554;3.08
557;560;2.981
558;544;3.79
558;545;3.988
558;554;3.082
558;555;2.934
558;561;3.054
559;483;4.014
559;556;2.983
559;562;3.18
559;1003;3.711
559;1004;3.916
560;557;2.981
560;563;2.9
560;1000;3.892
561;479;3.153
561;483;3.785
561;502;3.253
561;541;3.08
561;558;3.054
561;564;2.976
562;476;3.869
562;480;3.649
562;483;3.674
562;559;3.18
562;565;2.924
562;996;3.819
562;1000;3.527
563;560;2.9
563;566;2.77
563;997;3.371
563;1000;3.482
564;472;3.943
564;476;3.876
564;509;3.427
564;512;2.729
564;534;2.637
564;538;3.762
564;561;2.976
564;567;2.982
565;476;3.812
565;477;3.922
565;562;2.924
565;568;2.979
565;569;2.941
565;571;3.868
565;996;3.651
566;563;2.77
566;571;4.013
567;469;2.665
567;512;2.725
567;534;3.88
567;564;2.982
568;469;3.994
568;473;2.639
568;565;2.979
569;473;3.543
569;565;2.941
569;571;3.901
569;572;3.027
570;573;3.047
570;574;2.924
570;989;3.17
571;565;3.868
571;566;4.013
571;569;3.901
571;574;3.168
571;575;3.004
571;993;3.492
572;530;2.935
572;569;3.027
572;575;3.82
572;576;3.049
573;570;3.047
573;576;3.496
573;577;2.984
574;570;2.924
574;571;3.168
574;577;3.264
574;578;2.949
574;993;3.693
575;530;3.897
575;571;3.004
575;572;3.82
575;579;3.056
576;572;3.049
576;573;3.496
576;579;3.384
576;580;2.775
577;573;2.984
577;574;3.264
577;580;3.369
577;581;2.937
577;1104;3.751
578;574;2.949
578;581;3.159
578;582;3.074
578;1100;3.586
579;575;3.056
579;576;3.384
579;582;3.003
580;576;2.775
580;577;3.369
580;583;3.005
581;577;2.937
581;578;3.159
581;584;3.093
581;585;3.079
581;685;3.675
581;1100;3.516
581;1104;3.744
582;578;3.074
582;579;3.003
582;586;2.973
582;1100;3.825
583;580;3.005
583;586;3.024
584;581;3.093
584;685;3.959
585;581;3.079
585;588;3.259
585;589;2.867
585;681;3.571
585;1100;3.765
586;582;2.973
586;583;3.024
586;590;3.051
587;105;3.422
587;109;3.336
587;590;3.211
587;591;3.291
588;109;3.975
588;585;3.259
588;591;3.039
588;592;3.022
588;680;3.533
588;681;3.805
589;585;2.867
589;593;2.927
590;586;3.051
590;587;3.211
590;593;3.316
590;594;3.055
591;106;3.69
591;587;3.291
591;588;3.039
591;594;3.473
591;595;3.028
592;588;3.022
592;595;3.471
592;596;2.964
592;643;3.925
593;589;2.927
593;590;3.316
593;597;2.976
594;99;3.528
594;590;3.055
594;591;3.473
594;597;3.275
594;598;2.997
595;591;3.028
595;592;3.471
595;598;3.315
595;599;2.953
595;673;3.708
596;592;2.964
596;600;2.936
596;636;3.537
596;639;3.819
597;19;3.495
597;23;3.749
597;593;2.976
597;594;3.275
597;600;3.299
597;601;3.001
597;632;3.46
598;93;3.928
598;97;3.955
598;594;2.997
598;595;3.315
598;601;3.246
598;602;2.993
599;595;2.953
599;603;2.957
599;639;3.897
599;666;4.002
599;669;3.924
599;670;3.433
600;596;2.936
600;597;3.299
600;603;3.218
600;604;2.994
600;632;3.728
600;635;3.943
601;93;3.653
601;597;3.001
601;598;3.246
601;605;3.359
602;93;3.709
602;598;2.993
602;605;3.292
602;606;3.022
603;599;2.957
603;600;3.218
603;607;3.001
603;608;2.813
603;629;3.807
604;25;3.211
604;600;2.994
604;608;3.046
604;609;3.138
604;631;3.983
605;90;3.361
605;601;3.359
605;602;3.292
606;86;3.927
606;90;3.827
606;602;3.022
606;609;2.794
607;603;3.001
607;610;3.014
607;611;3.567
607;625;3.516
607;629;4.117
607;663;3.414
608;603;2.813
608;604;3.046
608;625;3.744
609;604;3.138
609;606;2.794
610;607;3.014
610;622;4.111
610;625;3.012
611;607;3.567
611;623;3.076
611;625;2.944
611;651;3.768
611;652;3.353
611;659;2.712
611;663;3.582
612;621;2.635
612;622;3.333
612;652;3.72
612;653;2.913
613;616;3.001
613;617;2.83
613;618;2.8
613;619;2.734
614;652;4.104
614;653;2.754
614;655;3.687
615;618;3.863
616;613;3.001
616;621;3.978
617;613;2.83
618;613;2.8
618;615;3.863
618;1034;3.968
619;613;2.734
620;626;3.483
621;612;2.635
621;616;3.978
622;610;4.111
622;612;3.333
622;626;3.443
623;611;3.076
623;626;3.407
623;627;3.105
623;650;2.809
623;651;3.543
624;627;3.063
624;628;2.84
624;649;3.908
625;607;3.516
625;608;3.744
625;610;3.012
625;611;2.944
625;629;3.658
625;651;3.61
626;620;3.483
626;622;3.443
626;623;3.407
626;630;3.648
627;623;3.105
627;624;3.063
627;1074;3.711
627;1080;4.016
628;624;2.84
628;637;3.651
628;638;3.728
628;1065;3.413
628;1069;3.723
629;603;3.807
629;607;4.117
629;625;3.658
629;634;3.653
629;638;3.668
629;651;4.064
630;626;3.648
630;1078;2.715
631;25;3.691
631;604;3.983
631;634;2.815
631;635;2.954
631;1081;2.735
632;25;3.284
632;597;3.46
632;600;3.728
632;635;3.416
632;636;2.94
633;636;3.255
633;637;2.981
633;1081;3.652
633;1084;3.853
633;1085;3.612
633;1088;6.416
634;629;3.653
634;631;2.815
634;637;3.386
634;638;3.002
634;1084;3.083
635;600;3.943
635;631;2.954
635;632;3.416
635;638;4.023
635;639;2.973
636;596;3.537
636;632;2.94
636;633;3.255
636;639;3.466
636;640;2.982
637;628;3.651
637;633;2.981
637;634;3.386
637;640;3.222
637;641;3.095
637;1065;3.556
637;1088;3.318
638;628;3.728
638;629;3.668
638;634;3.002
638;635;4.023
638;641;3.057
638;642;3.03
638;648;3.832
639;596;3.819
639;599;3.897
639;635;2.973
639;636;3.466
639;642;3.372
639;643;3.007
639;670;4.033
640;636;2.982
640;637;3.222
640;643;3.132
640;644;3.227
640;1061;6.316
640;1088;6.353
640;1095;3.949
641;637;3.095
641;638;3.057
641;644;3.443
641;647;2.824
641;1065;4.014
642;638;3.03
642;639;3.372
642;645;2.991
642;667;3.422
642;670;3.531
642;671;4.007
643;592;3.925
643;639;3.007
643;640;3.132
643;674;3.823
644;640;3.227
644;641;3.443
644;1061;3.484
645;642;2.991
645;667;2.894
645;671;3.983
646;215;3.796
646;1061;3.846
646;1062;2.762
646;1063;2.823
647;210;3.628
647;215;3.372
647;216;5.925
647;641;2.824
647;667;3.854
647;1066;3.89
648;638;3.832
648;651;3.501
648;667;3.283
649;624;3.908
649;1066;3.527
650;623;2.809
650;1020;3.86
651;611;3.768
651;623;3.543
651;625;3.61
651;629;4.064
651;648;3.501
651;660;3.294
651;663;3.47
652;611;3.353
652;612;3.72
652;614;4.104
652;656;3.375
652;660;2.967
653;612;2.913
653;614;2.754
653;660;3.669
654;1021;3.371
655;614;3.687
656;652;3.375
656;659;2.752
656;660;3.065
657;661;2.949
658;661;3.375
658;662;2.985
659;611;2.712
659;656;2.752
659;662;3.19
659;663;3.046
660;651;3.294
660;652;2.967
660;653;3.669
660;656;3.065
660;663;3.366
660;664;2.921
661;657;2.949
661;658;3.375
661;664;3.132
661;665;3.019
662;658;2.985
662;659;3.19
663;607;3.414
663;611;3.582
663;651;3.47
663;659;3.046
663;660;3.366
663;666;3.006
663;667;2.929
664;206;3.82
664;660;2.921
664;661;3.132
664;667;3.331
664;668;2.966
665;661;3.019
665;668;3.43
665;669;3.0
666;599;4.002
666;663;3.006
666;669;3.42
666;670;2.98
667;642;3.422
667;645;2.894
667;647;3.854
667;648;3.283
667;663;2.929
667;664;3.331
667;670;3.32
667;671;2.979
668;209;3.462
668;664;2.966
668;665;3.43
668;671;3.427
668;672;2.998
669;599;3.924
669;665;3.0
669;666;3.42
669;672;3.48
669;673;3.0
670;599;3.433
670;639;4.033
670;642;3.531
670;666;2.98
670;667;3.32
670;674;2.958
671;213;3.623
671;642;4.007
671;645;3.983
671;667;2.979
671;668;3.427
671;675;2.926
672;209;3.896
672;668;2.998
672;669;3.48
672;675;3.422
672;676;3.03
673;595;3.708
673;669;3.0
673;676;3.448
673;677;2.99
674;643;3.823
674;670;2.958
674;677;3.163
674;678;2.924
675;671;2.926
675;672;3.422
675;678;3.273
675;679;2.979
676;113;3.82
676;672;3.03
676;673;3.448
676;680;3.027
677;673;2.99
677;674;3.163
677;680;3.353
677;681;2.916
678;674;2.924
678;675;3.273
678;681;3.145
678;682;3.084
679;249;3.604
679;250;3.74
679;675;2.979
679;682;3.458
679;683;3.018
680;588;3.533
680;676;3.027
680;677;3.353
680;684;2.9
681;585;3.571
681;588;3.805
681;677;2.916
681;678;3.145
681;684;3.407
681;685;3.135
681;1103;3.393
682;250;3.673
682;254;3.713
682;678;3.084
682;679;3.458
682;685;3.448
682;686;2.94
682;1103;3.583
682;1106;3.725
682;1388;6.373
683;253;3.808
683;254;4.004
683;257;3.67
683;679;3.018
683;686;3.349
683;687;2.943
684;680;2.9
684;681;3.407
684;688;3.077
685;581;3.675
685;584;3.959
685;681;3.135
685;682;3.448
685;688;3.322
685;689;3.001
685;1103;3.649
685;1107;3.55
686;254;3.417
686;682;2.94
686;683;3.349
686;689;3.459
686;690;2.989
686;1110;3.5
687;683;2.943
687;690;3.22
687;691;3.054
688;684;3.077
688;685;3.322
688;691;3.159
688;692;3.119
689;685;3.001
689;686;3.459
689;692;2.963
689;693;3.012
689;1107;3.45
689;1111;3.485
690;258;3.879
690;686;2.989
690;687;3.22
690;1110;4.015
690;1111;3.572
690;1114;3.427
691;687;3.054
691;688;3.159
692;688;3.119
692;689;2.963
693;298;2.787
693;689;3.012
693;1111;3.557
694;298;4.014
694;1115;3.609
695;1114;3.758
696;1118;2.732
696;1119;2.806
697;276;3.53
697;705;3.637
697;1118;2.81
698;701;2.834
698;705;3.887
698;1121;3.782
699;705;3.283
699;706;3.631
699;1121;3.445
700;719;2.645
700;1129;2.946
701;276;3.978
701;698;2.834
702;266;3.78
703;266;3.994
703;276;3.657
704;286;2.8
704;291;3.786
705;282;2.631
705;697;3.637
705;698;3.887
705;699;3.283
706;291;3.488
706;699;3.631
707;291;3.007
707;292;3.034
708;721;2.726
709;719;3.637
709;720;3.846
709;1127;3.851
710;713;3.707
711;1123;3.65
711;1124;3.717
711;1125;2.776
711;1126;3.417
711;1127;3.962
712;715;2.904
712;1125;3.682
713;710;3.707
713;832;2.81
713;833;3.576
714;832;3.857
714;834;2.901
714;835;2.883
715;712;2.904
715;717;2.794
715;718;3.727
716;800;2.965
717;715;2.794
717;1128;3.998
718;715;3.727
718;1128;3.743
719;700;2.645
719;709;3.637
719;1127;3.354
720;709;3.846
720;723;3.308
720;807;3.569
721;708;2.726
722;288;3.861
722;731;2.774
723;720;3.308
723;731;3.926
723;812;3.945
724;731;3.812
725;732;3.915
725;814;3.495
725;815;3.914
726;729;2.961
727;811;3.936
728;814;2.744
729;726;2.961
730;732;2.975
730;734;3.593
731;289;2.783
731;290;3.42
731;722;2.774
731;723;3.926
731;724;3.812
732;725;3.915
732;730;2.975
732;815;2.615
733;736;2.943
733;737;2.905
733;749;2.815
733;750;3.454
733;751;2.811
734;730;3.593
735;751;2.885
736;733;2.943
737;733;2.905
738;739;2.879
739;738;2.879
740;745;3.847
741;743;2.754
742;744;2.876
742;745;3.439
742;746;3.336
743;741;2.754
744;742;2.876
745;740;3.847
745;742;3.439
745;750;3.858
746;742;3.336
747;750;2.969
748;761;3.803
749;733;2.815
749;761;3.944
750;733;3.454
750;745;3.858
750;747;2.969
751;733;2.811
751;735;2.885
751;756;4.026
751;757;3.437
752;756;4.001
752;763;4.034
752;765;3.797
752;770;4.142
753;773;2.715
754;769;3.817
755;769;3.004
755;772;2.752
756;751;4.026
756;752;4.001
757;751;3.437
757;760;3.353
757;761;3.609
757;763;3.889
758;760;3.025
759;766;3.094
760;757;3.353
760;758;3.025
761;748;3.803
761;749;3.944
761;757;3.609
761;766;3.847
762;767;3.846
762;769;2.964
763;752;4.034
763;757;3.889
764;768;2.927
765;752;3.797
766;759;3.094
766;761;3.847
767;762;3.846
768;764;2.927
768;771;3.011
769;754;3.817
769;755;3.004
769;762;2.964
769;772;2.731
770;752;4.142
771;768;3.011
772;755;2.752
772;769;2.731
773;753;2.715
774;778;3.793
775;778;3.344
775;779;3.46
775;780;3.434
776;777;2.925
777;776;2.925
778;774;3.793
778;775;3.344
779;775;3.46
780;775;3.434
781;785;4.036
781;786;2.767
782;790;2.683
783;789;3.01
784;787;3.802
785;781;4.036
785;788;3.222
786;781;2.767
787;784;3.802
787;792;2.676
788;785;3.222
788;791;2.945
789;783;3.01
789;796;2.611
789;1133;2.696
790;782;2.683
791;788;2.945
792;787;2.676
793;802;3.738
793;803;3.988
794;1133;2.858
795;798;2.611
795;1133;3.425
796;789;2.611
796;1133;2.899
797;799;2.688
798;795;2.611
798;801;3.727
799;797;2.688
800;716;2.965
800;809;3.872
801;798;3.727
802;793;3.738
802;804;3.442
802;805;3.13
802;806;3.5
803;793;3.988
804;802;3.442
805;802;3.13
805;810;2.746
806;802;3.5
807;720;3.569
808;811;3.319
808;812;3.356
809;800;3.872
810;805;2.746
810;813;3.061
811;727;3.936
811;808;3.319
812;723;3.945
812;808;3.356
813;810;3.061
814;725;3.495
814;728;2.744
814;815;3.604
815;725;3.914
815;732;2.615
815;814;3.604
816;818;2.802
817;819;4.015
818;816;2.802
819;817;4.015
820;822;2.952
821;823;3.648
821;828;3.353
822;820;2.952
823;821;3.648
823;827;4.017
823;828;3.407
824;827;3.489
825;827;3.016
826;829;3.021
827;823;4.017
827;824;3.489
827;825;3.016
828;821;3.353
828;823;3.407
828;831;3.862
829;826;3.021
829;830;2.862
829;831;2.84
830;829;2.862
831;828;3.862
831;829;2.84
832;713;2.81
832;714;3.857
833;713;3.576
833;834;3.027
834;714;2.901
834;833;3.027
834;837;3.759
835;714;2.883
836;840;3.849
837;834;3.759
838;841;2.955
839;844;2.624
839;917;2.681
840;836;3.849
841;838;2.955
842;845;3.036
842;847;2.791
842;848;2.874
843;846;2.91
844;839;2.624
845;842;3.036
845;847;3.765
846;843;2.91
847;842;2.791
847;845;3.765
848;842;2.874
849;851;4.008
849;852;3.544
850;853;2.773
851;849;4.008
852;849;3.544
852;856;3.708
853;850;2.773
853;856;2.7
853;912;2.911
853;913;2.788
854;857;3.046
855;860;3.834
855;906;4.013
855;909;3.382
855;910;3.662
856;852;3.708
856;853;2.7
856;913;4.016
857;854;3.046
857;860;2.856
857;861;2.952
858;862;3.061
859;863;2.9
860;855;3.834
860;857;2.856
860;863;3.263
860;864;2.982
861;857;2.952
861;864;3.376
861;865;3.15
861;969;3.218
862;858;3.061
862;865;3.418
862;866;2.997
863;859;2.9
863;860;3.263
863;866;3.339
863;867;2.925
864;860;2.982
864;861;3.376
864;867;3.377
864;868;2.948
864;903;3.717
864;906;3.769
865;861;3.15
865;862;3.418
865;868;3.383
865;869;2.957
865;969;3.654
866;862;2.997
866;863;3.339
866;869;3.204
866;870;2.972
867;863;2.925
867;864;3.377
867;871;2.954
867;903;4.002
868;864;2.948
868;865;3.383
868;872;2.902
868;899;3.985
868;903;3.408
868;962;3.726
868;966;3.742
869;865;2.957
869;866;3.204
869;872;3.183
869;873;2.983
870;866;2.972
870;873;3.105
870;874;3.006
871;867;2.954
871;874;3.431
871;875;2.952
871;962;3.669
872;868;2.902
872;869;3.183
872;876;3.002
873;869;2.983
873;870;3.105
873;876;3.378
873;877;2.957
874;870;3.006
874;871;3.431
874;877;2.987
874;878;3.241
875;871;2.952
875;960;3.899
876;872;3.002
876;873;3.378
876;880;3.429
876;1297;3.83
877;873;2.957
877;874;2.987
877;880;3.068
877;881;3.03
877;884;3.492
877;888;3.897
878;874;3.241
878;885;2.718
878;953;2.692
879;882;3.348
879;885;2.653
879;1300;3.343
879;1353;3.022
880;876;3.429
880;877;3.068
880;1320;3.804
881;877;3.03
881;884;2.963
881;885;3.031
882;879;3.348
882;885;3.183
882;886;3.002
882;1354;3.954
883;886;2.624
884;877;3.492
884;881;2.963
884;887;3.318
884;888;2.965
885;878;2.718
885;879;2.653
885;881;3.031
885;882;3.183
885;889;3.015
886;882;3.002
886;883;2.624
886;1354;3.431
887;884;3.318
888;877;3.897
888;884;2.965
888;891;3.113
888;892;3.034
889;885;3.015
889;893;2.721
890;894;3.023
891;888;3.113
891;894;3.363
891;895;2.987
892;888;3.034
892;895;2.986
892;896;3.272
893;889;2.721
893;896;2.994
893;897;3.03
893;953;2.815
893;956;3.776
894;890;3.023
894;891;3.363
894;897;2.895
894;898;2.954
895;891;2.987
895;892;2.986
895;899;2.917
896;892;3.272
896;893;2.994
896;900;3.003
896;959;3.78
897;893;3.03
897;894;2.895
897;900;3.341
897;901;3.031
898;894;2.954
898;902;2.988
899;868;3.985
899;895;2.917
899;902;3.243
899;903;2.937
899;959;4.024
899;962;3.62
900;896;3.003
900;897;3.341
900;904;2.98
900;959;3.868
901;897;3.031
901;905;3.026
902;898;2.988
902;899;3.243
902;905;4.014
902;906;2.944
903;864;3.717
903;867;4.002
903;868;3.408
903;899;2.937
903;907;3.009
903;965;3.683
904;900;2.98
904;907;3.406
904;908;2.974
904;932;3.866
904;936;3.659
905;901;3.026
905;902;4.014
905;908;3.317
905;909;2.942
906;855;4.013
906;864;3.769
906;902;2.944
906;910;2.718
906;965;3.593
907;903;3.009
907;904;3.406
907;910;3.473
907;911;2.937
907;929;3.813
908;904;2.974
908;905;3.317
908;911;3.487
908;912;3.011
909;855;3.382
909;905;2.942
909;913;2.981
910;855;3.662
910;906;2.718
910;907;3.473
910;913;3.338
910;914;3.042
910;925;4.019
910;928;2.685
911;907;2.937
911;908;3.487
911;914;3.021
911;915;2.917
911;919;3.629
911;920;3.578
912;853;2.911
912;908;3.011
913;853;2.788
913;856;4.016
913;909;2.981
913;910;3.338
914;910;3.042
914;911;3.021
914;918;2.88
914;922;3.904
914;925;3.683
915;911;2.917
915;918;2.898
915;919;2.961
916;919;3.494
916;920;3.049
917;839;2.681
917;920;3.079
917;921;2.901
918;914;2.88
918;915;2.898
919;911;3.629
919;915;2.961
919;916;3.494
919;922;3.049
919;925;3.689
919;929;3.769
920;911;3.578
920;916;3.049
920;917;3.079
920;926;3.539
920;929;5.558
921;917;2.901
922;914;3.904
922;919;3.049
922;925;2.982
922;926;2.933
923;927;2.975
924;927;3.324
924;928;2.978
924;974;4.017
924;977;3.936
925;910;4.019
925;914;3.683
925;919;3.689
925;922;2.982
925;928;3.172
925;929;2.985
926;920;3.539
926;922;2.933
926;929;3.855
926;930;2.972
927;923;2.975
927;924;3.324
927;930;3.304
928;910;2.685
928;924;2.978
928;925;3.172
928;965;2.952
928;968;2.707
929;907;3.813
929;919;3.769
929;920;5.558
929;925;2.985
929;926;3.855
929;932;3.037
929;933;2.958
930;926;2.972
930;927;3.304
930;934;3.022
931;961;4.0
931;965;3.687
932;904;3.866
932;929;3.037
932;935;3.045
932;936;3.089
933;929;2.958
933;936;2.961
933;937;2.914
934;930;3.022
934;938;2.969
934;958;3.675
935;932;3.045
935;938;4.037
935;939;3.053
935;959;2.853
936;904;3.659
936;932;3.089
936;933;2.961
936;939;3.338
936;940;2.977
937;933;2.914
937;940;3.187
937;941;3.0
938;934;2.969
938;935;4.037
938;941;3.454
938;942;2.987
939;935;3.053
939;936;3.338
939;942;3.321
939;943;2.983
939;952;3.675
940;936;2.977
940;937;3.187
940;943;3.226
940;944;2.935
941;937;3.0
941;938;3.454
941;944;3.169
941;945;2.972
942;938;2.987
942;939;3.321
942;947;3.039
942;951;3.305
942;952;3.364
942;955;3.664
943;939;2.983
943;940;3.226
943;946;3.003
944;940;2.935
944;941;3.169
945;941;2.972
946;943;3.003
947;942;3.039
948;951;3.779
948;952;3.18
949;952;3.472
949;953;3.003
950;953;2.732
950;954;3.253
951;942;3.305
951;948;3.779
951;955;2.998
952;939;3.675
952;942;3.364
952;948;3.18
952;949;3.472
952;956;2.986
953;878;2.692
953;893;2.815
953;949;3.003
953;950;2.732
953;1352;3.795
954;950;3.253
954;957;3.045
954;1302;3.864
954;1349;3.015
954;1350;3.65
954;1351;3.148
955;942;3.664
955;951;2.998
956;893;3.776
956;952;2.986
956;959;2.737
957;954;3.045
957;960;2.752
957;961;3.34
957;1298;3.594
958;934;3.675
958;961;2.977
959;896;3.78
959;899;4.024
959;900;3.868
959;935;2.853
959;956;2.737
959;962;2.839
960;875;3.899
960;957;2.752
961;931;4.0
961;957;3.34
961;958;2.977
961;964;2.939
961;965;3.005
