source;destination;distance
0;3;2.802
0;4;3.006
1;47;3.592
2;7;3.686
2;48;3.69
3;0;2.802
4;0;3.006
4;7;3.195
4;8;2.966
5;9;2.966
6;10;2.97
7;2;3.686
7;4;3.195
7;10;3.142
7;11;2.971
7;43;3.892
7;47;3.7
8;4;2.966
8;11;3.355
8;12;2.951
9;5;2.966
9;13;2.941
10;6;2.97
10;7;3.142
10;13;3.5
10;14;2.945
11;7;2.971
11;8;3.355
11;14;3.384
11;15;3.003
11;44;3.604
12;8;2.951
12;16;2.978
12;103;3.961
13;9;2.941
13;10;3.5
13;16;3.365
13;17;2.941
14;10;2.945
14;11;3.384
14;18;3.013
14;37;3.877
14;40;4.039
15;11;3.003
15;19;2.981
15;37;3.715
15;98;3.96
15;99;3.609
16;12;2.978
16;13;3.365
16;19;3.129
16;20;3.086
17;13;2.941
17;20;3.283
17;21;2.984
18;14;3.013
18;22;2.949
18;37;3.171
18;95;3.564
19;15;2.981
19;16;3.129
19;22;3.215
19;96;3.526
19;603;3.494
20;16;3.086
20;17;3.283
21;17;2.984
21;24;2.983
21;30;3.603
21;33;3.407
22;18;2.949
22;19;3.215
22;92;4.052
22;96;4.013
23;603;3.816
24;21;2.983
24;27;4.016
25;610;3.267
25;637;3.685
25;638;3.254
26;30;3.828
27;24;4.016
27;30;2.849
28;31;2.725
28;32;3.029
29;32;3.288
29;33;2.975
30;21;3.603
30;26;3.828
30;27;2.849
30;33;3.4
30;34;2.996
31;28;2.725
31;34;3.482
31;35;3.008
32;28;3.029
32;29;3.288
32;36;2.995
33;21;3.407
33;29;2.975
33;30;3.4
33;36;3.225
33;37;2.943
34;30;2.996
34;31;3.482
34;37;3.377
34;38;2.943
34;92;2.816
34;95;3.226
35;31;3.008
35;38;3.297
35;39;2.957
35;80;3.919
36;32;2.995
36;33;3.225
36;39;3.386
36;40;3.004
37;14;3.877
37;15;3.715
37;18;3.171
37;33;2.943
37;34;3.377
37;40;3.006
37;41;2.858
37;95;3.475
38;34;2.943
38;35;3.297
38;42;2.974
38;79;2.745
39;35;2.957
39;36;3.386
39;42;3.178
39;43;2.982
40;14;4.039
40;36;3.004
40;37;3.006
40;43;3.491
40;44;2.918
41;37;2.858
41;45;2.949
41;72;3.464
41;98;3.461
42;38;2.974
42;39;3.178
42;45;3.281
42;46;2.967
43;7;3.892
43;39;2.982
43;40;3.491
43;46;3.39
43;47;3.058
44;11;3.604
44;40;2.918
44;47;3.255
44;48;2.81
44;98;2.669
45;41;2.949
45;42;3.281
45;49;2.993
45;55;3.973
45;72;3.918
46;42;2.967
46;43;3.39
46;50;3.069
47;1;3.592
47;7;3.7
47;43;3.058
47;44;3.255
48;2;3.69
48;44;2.81
48;65;3.174
48;68;2.665
49;45;2.993
49;55;4.028
49;58;3.833
49;65;3.639
50;46;3.069
50;52;3.074
50;54;3.582
51;54;3.625
51;57;3.448
52;50;3.074
52;55;2.988
53;56;2.986
54;50;3.582
54;51;3.625
54;57;2.988
55;45;3.973
55;49;4.028
55;52;2.988
55;58;3.038
56;53;2.986
56;59;3.012
57;51;3.448
57;54;2.988
57;60;3.05
58;49;3.833
58;55;3.038
58;61;2.966
58;62;3.809
58;65;3.497
58;66;3.813
58;69;3.714
59;56;3.012
59;66;3.801
60;57;3.05
61;58;2.966
62;58;3.809
62;66;2.906
63;66;3.406
63;67;3.035
64;67;3.043
64;68;3.044
64;101;3.381
64;107;3.211
64;110;3.822
65;48;3.174
65;49;3.639
65;58;3.497
65;68;3.819
65;69;2.973
66;58;3.813
66;59;3.801
66;62;2.906
66;63;3.406
66;69;5.264
66;70;2.965
67;63;3.035
67;64;3.043
67;71;2.998
67;100;3.875
68;48;2.665
68;64;3.044
68;65;3.819
68;71;3.31
68;72;2.909
68;98;3.148
68;101;2.784
69;58;3.714
69;65;2.973
69;66;5.264
69;72;3.18
69;73;2.99
70;66;2.965
70;73;3.412
70;74;2.986
71;67;2.998
71;68;3.31
71;75;2.916
71;94;3.629
72;41;3.464
72;45;3.918
72;68;2.909
72;69;3.18
72;75;3.469
72;76;2.895
73;69;2.99
73;70;3.412
73;76;3.374
73;77;3.003
74;70;2.986
74;77;3.49
74;78;2.987
74;88;3.541
74;91;3.296
75;71;2.916
75;72;3.469
75;78;2.997
75;79;2.865
76;72;2.895
76;73;3.374
76;80;2.967
77;73;3.003
77;74;3.49
77;81;3.004
78;74;2.987
78;75;2.997
78;82;3.948
78;88;2.746
79;38;2.745
79;75;2.865
79;95;3.594
80;35;3.919
80;76;2.967
81;77;3.004
81;83;2.985
82;78;3.948
82;89;2.939
82;92;3.612
83;81;2.985
84;88;3.509
85;88;3.132
86;89;2.913
86;90;3.186
86;612;3.89
87;90;3.107
88;74;3.541
88;78;2.746
88;84;3.509
88;85;3.132
88;91;3.007
89;82;2.939
89;86;2.913
90;86;3.186
90;87;3.107
90;93;3.014
90;611;3.417
90;612;3.845
91;74;3.296
91;88;3.007
91;94;2.865
92;22;4.052
92;34;2.816
92;82;3.612
92;95;2.915
93;90;3.014
93;96;2.867
93;604;3.963
93;607;3.634
93;608;3.686
94;71;3.629
94;91;2.865
94;97;3.145
94;98;3.034
94;604;4.038
95;18;3.564
95;34;3.226
95;37;3.475
95;79;3.594
95;92;2.915
95;98;3.153
96;19;3.526
96;22;4.013
96;93;2.867
96;99;3.017
97;94;3.145
97;100;2.725
97;604;3.963
98;15;3.96
98;41;3.461
98;44;2.669
98;68;3.148
98;94;3.034
98;95;3.153
98;101;2.762
98;102;3.379
99;15;3.609
99;96;3.017
99;102;2.991
99;103;2.952
99;106;3.64
99;600;3.519
100;67;3.875
100;97;2.725
100;110;3.796
101;64;3.381
101;68;2.784
101;98;2.762
101;107;2.795
102;98;3.379
102;99;2.991
103;12;3.961
103;99;2.952
103;106;3.089
103;107;2.981
104;107;3.365
104;108;2.948
105;109;3.128
105;593;3.449
106;99;3.64
106;103;3.089
106;109;3.42
106;110;3.012
106;597;3.676
107;64;3.211
107;101;2.795
107;103;2.981
107;104;3.365
107;110;3.48
107;111;2.971
108;104;2.948
108;111;3.229
108;112;3.036
109;105;3.128
109;106;3.42
109;112;3.1
109;113;2.995
109;593;3.339
109;594;3.999
110;64;3.822
110;100;3.796
110;106;3.012
110;107;3.48
110;113;3.243
110;114;3.047
111;107;2.971
111;108;3.229
111;114;3.425
111;115;3.017
112;108;3.036
112;109;3.1
112;115;3.208
112;116;3.051
113;109;2.995
113;110;3.243
113;116;3.031
113;117;3.231
113;681;3.789
114;110;3.047
114;111;3.425
114;117;2.969
115;111;3.017
115;112;3.208
115;118;2.803
115;262;3.965
116;112;3.051
116;113;3.031
116;119;3.072
116;120;3.023
117;113;3.231
117;114;2.969
117;121;3.004
118;115;2.803
118;266;2.77
119;116;3.072
119;122;3.389
119;262;3.462
119;265;2.647
119;266;2.887
120;116;3.023
120;123;3.345
120;124;2.936
120;259;3.977
121;117;3.004
121;125;2.988
122;119;3.389
122;125;3.118
122;126;3.084
122;1241;3.487
122;1242;2.959
123;120;3.345
123;126;3.416
123;127;3.17
123;251;3.528
123;255;3.978
123;1245;3.92
124;120;2.936
124;127;3.387
124;128;2.928
125;121;2.988
125;122;3.118
125;128;3.311
125;129;2.979
126;122;3.084
126;123;3.416
126;129;3.906
126;130;2.958
126;1236;4.008
126;1242;3.94
126;1245;3.759
127;123;3.17
127;124;3.387
127;130;3.307
127;131;2.894
127;251;3.317
128;124;2.928
128;125;3.311
128;131;3.459
128;132;3.008
129;125;2.979
129;126;3.906
129;132;3.472
129;133;2.94
129;1232;3.688
129;1235;3.418
129;1236;3.578
130;126;2.958
130;127;3.307
130;133;3.465
130;134;2.867
131;127;2.894
131;128;3.459
131;135;2.976
131;211;3.718
131;214;4.016
132;128;3.008
132;129;3.472
132;135;3.102
132;136;3.017
133;129;2.94
133;130;3.465
133;136;3.225
133;137;2.968
133;1143;3.729
133;1232;3.872
134;130;2.867
134;138;2.915
134;214;3.526
134;240;3.675
134;244;3.837
134;247;3.666
135;131;2.976
135;132;3.102
135;139;2.96
135;207;3.863
135;211;3.913
136;132;3.017
136;133;3.225
136;140;3.113
136;207;3.816
136;1229;3.806
137;133;2.968
137;140;3.163
137;141;3.353
137;240;3.597
137;1226;3.626
137;1229;3.831
138;134;2.915
138;141;3.215
138;142;2.904
138;204;3.75
139;135;2.96
139;142;3.476
139;205;3.911
140;136;3.113
140;137;3.163
140;1226;3.745
140;1229;3.367
141;137;3.353
141;138;3.215
141;1222;3.807
141;1225;3.802
141;1226;3.509
142;138;2.904
142;139;3.476
142;237;3.703
142;240;3.562
142;241;3.911
143;146;4.034
143;148;3.565
144;148;2.955
144;198;2.863
145;148;3.577
145;164;3.337
145;200;2.941
146;143;4.034
147;150;2.82
147;151;3.222
148;143;3.565
148;144;2.955
148;145;3.577
148;165;3.541
149;152;2.996
149;154;2.737
149;157;2.827
150;147;2.82
151;147;3.222
152;149;2.996
153;157;3.965
154;149;2.737
154;191;2.858
155;181;2.708
156;181;2.794
157;149;2.827
157;153;3.965
157;162;3.488
158;179;3.639
158;181;3.444
159;173;2.893
160;1006;3.353
161;1005;4.01
162;157;3.488
162;165;3.757
162;166;3.248
163;1004;3.7
164;145;3.337
165;148;3.541
165;162;3.757
165;171;3.412
166;162;3.248
166;171;3.988
167;180;3.675
167;194;2.869
168;171;2.924
168;172;2.662
168;193;2.786
169;172;3.061
169;197;3.979
170;173;2.994
170;174;6.296
170;199;6.271
170;232;3.739
170;1215;4.003
171;165;3.412
171;166;3.988
171;168;2.924
172;168;2.662
172;169;3.061
172;175;3.141
172;176;3.308
172;177;3.887
173;159;2.893
173;170;2.994
173;178;4.036
174;170;6.296
175;172;3.141
175;1214;2.931
176;172;3.308
177;172;3.887
177;182;3.825
178;173;4.036
179;158;3.639
180;167;3.675
181;155;2.708
181;156;2.794
181;158;3.444
182;177;3.825
182;185;2.971
182;193;2.88
183;186;3.024
183;188;3.075
184;187;3.03
185;182;2.971
186;183;3.024
187;184;3.03
188;183;3.075
189;190;3.124
190;189;3.124
190;192;3.918
191;154;2.858
192;190;3.918
193;168;2.786
193;182;2.88
193;195;2.773
194;167;2.869
195;193;2.773
196;1225;3.346
197;169;3.979
198;144;2.863
198;227;3.442
198;230;3.732
199;170;6.271
199;232;3.572
200;145;2.941
201;204;3.02
201;205;3.141
201;209;6.422
202;209;3.462
203;209;3.408
203;227;3.338
204;138;3.75
204;201;3.02
204;210;3.499
204;213;3.545
204;214;4.014
204;227;3.586
204;241;3.671
205;139;3.911
205;201;3.141
205;209;3.943
206;209;2.781
206;210;2.974
207;135;3.863
207;136;3.816
207;211;2.964
208;212;2.996
209;201;6.422
209;202;3.462
209;203;3.408
209;205;3.943
209;206;2.781
209;212;3.165
209;213;2.939
210;204;3.499
210;206;2.974
210;213;3.215
210;214;2.95
211;131;3.718
211;135;3.913
211;207;2.964
211;215;2.946
212;208;2.996
212;209;3.165
212;215;3.098
212;216;2.961
212;669;3.7
213;204;3.545
213;209;2.939
213;210;3.215
213;216;3.371
213;217;2.941
214;131;4.016
214;134;3.526
214;204;4.014
214;210;2.95
214;217;3.478
214;218;2.949
215;211;2.946
215;212;3.098
215;218;3.215
215;219;2.94
215;673;3.48
215;676;4.025
215;677;3.873
216;212;2.961
216;213;3.371
216;220;2.971
216;221;2.801
216;222;4.01
216;653;3.47
217;213;2.941
217;214;3.478
217;220;3.079
217;223;3.66
217;241;3.758
217;244;3.736
217;245;3.703
218;214;2.949
218;215;3.215
219;215;2.94
219;676;3.626
220;216;2.971
220;217;3.079
220;1307;3.165
220;1309;2.998
221;216;2.801
221;652;3.804
221;653;3.432
222;216;4.01
222;225;3.676
222;226;3.043
222;653;5.813
222;1314;3.54
223;217;3.66
223;227;3.096
223;228;3.224
223;242;3.867
223;245;3.302
223;1300;3.679
223;1303;3.567
223;1304;3.581
224;228;3.169
224;229;2.989
224;1300;3.76
224;1304;3.629
224;1339;3.337
224;1340;2.808
224;1341;3.179
225;222;3.676
225;229;3.795
225;1314;3.405
225;1341;3.392
226;222;3.043
226;229;3.073
227;198;3.442
227;203;3.338
227;204;3.586
227;223;3.096
227;237;6.402
228;223;3.224
228;224;3.169
228;230;2.92
228;237;3.612
228;238;3.468
228;1300;3.112
228;1339;3.424
229;224;2.989
229;225;3.795
229;226;3.073
229;1290;3.749
229;1338;3.684
229;1339;3.423
230;198;3.732
230;228;2.92
230;233;2.918
230;234;3.161
230;237;3.559
231;234;3.091
231;1290;4.002
231;1297;3.741
231;1335;2.849
231;1338;3.583
232;170;3.739
232;199;3.572
233;230;2.918
233;237;2.997
234;230;3.161
234;231;3.091
234;237;3.006
234;238;2.939
234;1336;3.77
234;1337;3.78
235;238;3.655
235;239;2.922
235;1334;2.831
235;1336;2.781
236;1219;3.799
236;1223;3.343
236;1336;3.004
237;142;3.703
237;227;6.402
237;228;3.612
237;230;3.559
237;233;2.997
237;234;3.006
237;240;3.037
237;241;3.197
238;228;3.468
238;234;2.939
238;235;3.655
238;241;3.406
238;242;2.945
238;1300;3.484
238;1337;3.966
239;235;2.922
239;243;2.968
240;134;3.675
240;137;3.597
240;142;3.562
240;237;3.037
240;243;3.127
240;244;2.958
241;142;3.911
241;204;3.671
241;217;3.758
241;237;3.197
241;238;3.406
241;244;3.145
241;245;2.974
242;223;3.867
242;238;2.945
242;245;3.259
242;246;3.007
242;1303;3.955
243;239;2.968
243;240;3.127
243;247;2.933
244;134;3.837
244;217;3.736
244;240;2.958
244;241;3.145
244;248;2.9
245;217;3.703
245;223;3.302
245;241;2.974
245;242;3.259
245;249;2.953
245;1303;3.389
246;242;3.007
246;250;2.961
246;1303;3.331
247;134;3.666
247;243;2.933
247;251;2.913
248;244;2.9
248;252;2.939
249;245;2.953
249;252;3.365
249;253;2.954
250;246;2.961
250;253;3.437
250;254;2.943
250;1249;3.656
250;1256;3.561
251;123;3.528
251;127;3.317
251;247;2.913
251;254;3.209
251;255;2.897
252;248;2.939
252;249;3.365
252;255;3.306
252;256;2.952
253;249;2.954
253;250;3.437
253;256;3.807
253;257;2.994
253;1367;3.801
254;250;2.943
254;251;3.209
254;257;3.631
254;258;2.906
254;1245;3.131
254;1248;3.758
255;123;3.978
255;251;2.897
255;252;3.306
255;258;3.15
255;259;2.956
255;684;3.801
256;252;2.952
256;253;3.807
256;260;3.078
256;684;3.753
256;687;3.679
256;1364;3.551
257;253;2.994
257;254;3.631
257;261;2.919
257;1367;4.018
257;1368;3.928
257;1371;3.492
258;254;2.906
258;255;3.15
258;262;2.942
259;120;3.977
259;255;2.956
259;262;3.39
259;263;3.077
259;688;3.836
260;256;3.078
260;263;3.231
260;264;3.086
260;687;3.702
260;688;3.978
260;691;3.44
260;1368;3.472
261;257;2.919
261;265;2.892
262;115;3.965
262;119;3.462
262;258;2.942
262;259;3.39
262;265;3.178
262;266;2.968
263;259;3.077
263;260;3.231
263;267;3.069
263;688;3.7
264;260;3.086
264;267;3.322
264;268;2.872
264;692;3.824
264;695;5.817
264;1092;3.911
264;1372;6.236
265;119;2.647
265;261;2.892
265;262;3.178
265;268;3.012
265;269;3.589
266;118;2.77
266;119;2.887
266;262;2.968
266;276;2.862
267;263;3.069
267;264;3.322
267;275;3.972
267;276;3.164
267;277;3.012
268;264;2.872
268;265;3.012
268;275;3.479
268;279;3.179
269;265;3.589
269;274;2.765
269;275;2.862
270;279;3.61
271;273;3.115
272;279;3.584
273;271;3.115
274;269;2.765
275;267;3.972
275;268;3.479
275;269;2.862
276;266;2.862
276;267;3.164
277;267;3.012
278;280;3.043
279;268;3.179
279;270;3.61
279;272;3.584
279;281;2.988
280;278;3.043
280;283;3.018
281;279;2.988
281;701;3.853
282;284;2.864
282;287;3.555
282;290;3.904
283;280;3.018
284;282;2.864
284;287;2.906
284;288;3.738
284;703;3.709
285;288;2.849
285;289;2.624
285;295;3.594
285;297;3.938
286;289;2.937
286;290;3.945
286;293;3.296
286;704;2.827
286;705;2.782
286;1102;3.577
287;282;3.555
287;284;2.906
287;290;3.056
288;284;3.738
288;285;2.849
289;285;2.624
289;286;2.937
289;295;3.216
290;282;3.904
290;286;3.945
290;287;3.056
290;293;3.787
291;292;3.104
292;291;3.104
293;286;3.296
293;290;3.787
294;1103;3.61
295;285;3.594
295;289;3.216
296;299;3.415
296;313;2.682
297;285;3.938
298;299;3.749
298;703;3.999
299;296;3.415
299;298;3.749
299;699;3.384
299;703;3.664
300;698;2.813
300;699;3.476
300;1090;3.453
300;1093;3.658
301;1090;3.35
301;1093;3.621
301;1094;3.597
302;312;3.32
303;312;3.841
304;310;2.705
305;968;3.678
306;964;3.636
307;310;2.993
308;971;4.113
309;968;4.033
310;304;2.705
310;307;2.993
311;316;3.939
312;302;3.32
312;303;3.841
312;314;3.068
313;296;2.682
313;320;3.382
314;312;3.068
314;320;2.952
315;317;2.976
316;311;3.939
317;315;2.976
317;320;3.606
318;327;3.086
318;328;2.975
318;329;3.714
319;322;3.046
320;313;3.382
320;314;2.952
320;317;3.606
321;710;2.832
322;319;3.046
322;332;2.773
323;327;2.891
323;329;2.903
323;330;2.857
323;332;2.747
324;327;2.842
324;332;3.433
324;333;3.694
324;709;3.807
325;333;3.667
325;721;3.608
325;722;3.399
326;329;2.928
326;331;2.798
326;332;2.942
326;333;2.673
327;318;3.086
327;323;2.891
327;324;2.842
327;707;3.083
327;708;3.16
328;318;2.975
329;318;3.714
329;323;2.903
329;326;2.928
330;323;2.857
331;326;2.798
332;322;2.773
332;323;2.747
332;324;3.433
332;326;2.942
332;335;3.014
333;324;3.694
333;325;3.667
333;326;2.673
333;721;3.868
334;336;2.76
335;332;3.014
336;334;2.76
337;449;3.453
337;450;3.008
338;445;3.093
338;447;3.691
339;445;3.006
340;445;2.765
341;421;2.864
341;445;2.721
342;347;2.782
343;345;2.968
343;346;3.529
343;347;3.468
343;352;3.805
344;348;3.48
345;343;2.968
346;343;3.529
346;353;3.63
347;342;2.782
347;343;3.468
347;351;3.641
347;352;3.711
348;344;3.48
348;353;3.944
349;351;3.072
349;353;3.919
350;442;3.906
351;347;3.641
351;349;3.072
351;443;2.686
351;444;2.97
351;446;2.628
352;343;3.805
352;347;3.711
353;346;3.63
353;348;3.944
353;349;3.919
354;360;3.721
355;360;3.595
355;361;2.85
356;359;2.937
356;361;3.008
357;362;2.96
358;371;3.999
358;372;3.649
359;356;2.937
360;354;3.721
360;355;3.595
361;355;2.85
361;356;3.008
362;357;2.96
362;364;2.938
363;367;3.724
364;362;2.938
364;367;2.996
365;368;3.08
366;369;2.919
366;370;2.986
366;372;3.729
366;374;3.782
367;363;3.724
367;364;2.996
368;365;3.08
369;366;2.919
370;366;2.986
370;373;3.857
371;358;3.999
372;358;3.649
372;366;3.729
373;370;3.857
374;366;3.782
375;377;3.791
376;380;3.674
376;383;3.586
377;375;3.791
378;380;3.813
379;399;3.172
380;376;3.674
380;378;3.813
381;400;2.859
381;405;3.578
382;385;2.949
383;376;3.586
384;386;2.991
384;387;3.181
384;389;3.169
384;390;2.724
385;382;2.949
386;384;2.991
387;384;3.181
388;391;3.184
388;392;3.836
389;384;3.169
390;384;2.724
390;394;2.8
390;395;3.267
391;388;3.184
392;388;3.836
392;394;3.221
393;396;3.005
394;390;2.8
394;392;3.221
395;390;3.267
396;393;3.005
397;401;3.318
397;402;3.613
398;401;2.94
399;379;3.172
400;381;2.859
400;403;2.986
400;404;3.039
401;397;3.318
401;398;2.94
402;397;3.613
403;400;2.986
404;400;3.039
405;381;3.578
406;407;3.048
407;406;3.048
408;409;2.833
408;415;3.641
409;408;2.833
409;414;3.035
410;413;2.798
410;414;3.814
411;414;3.747
412;414;2.978
413;410;2.798
414;409;3.035
414;410;3.814
414;411;3.747
414;412;2.978
415;408;3.641
415;416;3.075
416;415;3.075
417;419;2.857
418;420;2.959
419;417;2.857
420;418;2.959
420;422;3.047
421;341;2.864
422;420;3.047
423;447;2.857
424;425;3.919
424;426;3.868
425;424;3.919
426;424;3.868
426;428;2.85
427;430;3.096
428;426;2.85
429;431;3.613
429;435;3.59
430;427;3.096
431;429;3.613
431;435;3.707
432;433;2.952
433;432;2.952
434;437;3.698
434;441;3.42
435;429;3.59
435;431;3.707
435;437;2.907
436;439;2.865
437;434;3.698
437;435;2.907
437;440;2.975
437;441;3.092
438;441;2.896
439;436;2.865
439;442;3.588
440;437;2.975
441;434;3.42
441;437;3.092
441;438;2.896
442;350;3.906
442;439;3.588
443;351;2.686
443;446;3.839
444;351;2.97
445;338;3.093
445;339;3.006
445;340;2.765
445;341;2.721
446;351;2.628
446;443;3.839
447;338;3.691
447;423;2.857
447;449;3.081
448;455;2.818
449;337;3.453
449;447;3.081
450;337;3.008
450;455;3.275
451;454;3.079
452;455;3.06
452;456;3.324
452;457;3.889
453;458;2.861
453;459;2.87
454;451;3.079
455;448;2.818
455;450;3.275
455;452;3.06
456;452;3.324
457;452;3.889
458;453;2.861
459;453;2.87
460;462;2.731
461;463;3.156
462;460;2.731
463;461;3.156
463;465;3.015
463;467;3.209
463;468;3.891
463;470;2.982
463;471;2.805
464;466;3.932
464;467;3.638
464;525;2.75
465;463;3.015
466;464;3.932
466;524;3.628
467;463;3.209
467;464;3.638
467;470;2.985
467;471;3.117
468;463;3.891
468;471;2.993
469;521;3.625
470;463;2.982
470;467;2.985
470;526;3.347
471;463;2.805
471;467;3.117
471;468;2.993
471;474;2.96
471;475;3.153
472;476;2.96
473;477;2.96
474;471;2.96
474;477;3.218
474;478;3.01
475;471;3.153
475;478;3.419
475;479;2.931
475;573;2.682
476;472;2.96
476;479;3.217
476;480;2.974
477;473;2.96
477;474;3.218
477;481;3.05
478;474;3.01
478;475;3.419
478;481;3.31
478;482;2.978
478;514;3.979
478;518;3.82
478;570;3.913
479;475;2.931
479;476;3.217
479;482;2.999
479;483;3.087
479;574;2.744
479;575;3.581
480;476;2.974
480;483;3.471
480;484;3.007
481;477;3.05
481;478;3.31
481;485;2.989
481;511;3.66
482;478;2.978
482;479;2.999
482;485;3.072
482;486;3.078
482;515;3.312
482;568;3.889
482;570;3.879
482;571;3.838
483;479;3.087
483;480;3.471
483;486;3.138
483;487;3.45
483;571;3.78
484;480;3.007
484;487;3.317
484;488;3.012
485;481;2.989
485;482;3.072
485;488;3.273
485;489;2.989
485;511;3.158
485;567;3.061
486;482;3.078
486;483;3.138
486;490;3.04
486;568;3.625
486;982;3.905
487;483;3.45
487;484;3.317
487;490;3.306
487;491;3.001
488;484;3.012
488;485;3.273
488;491;3.056
488;492;2.947
488;504;3.522
489;485;2.989
489;492;3.035
489;567;3.802
489;568;3.623
489;986;4.0
490;486;3.04
490;487;3.306
491;487;3.001
491;488;3.056
491;496;3.859
492;488;2.947
492;489;3.035
492;497;2.924
492;504;3.994
492;508;3.519
493;497;2.975
493;1024;3.258
493;1025;2.999
494;497;3.946
494;498;2.836
495;498;2.963
495;499;3.017
496;491;3.859
496;500;3.011
497;492;2.924
497;493;2.975
497;494;3.946
497;501;2.797
498;494;2.836
498;495;2.963
498;501;2.756
499;495;3.017
500;496;3.011
500;503;3.062
500;504;2.933
501;497;2.797
501;498;2.756
501;505;2.97
502;505;3.261
502;506;3.031
503;500;3.062
503;506;3.93
503;507;2.959
504;488;3.522
504;492;3.994
504;500;2.933
504;507;3.356
504;508;2.925
505;501;2.97
505;502;3.261
505;508;3.386
505;509;3.034
506;502;3.031
506;503;3.93
506;510;2.962
507;503;2.959
507;504;3.356
507;511;2.973
508;492;3.519
508;504;2.925
508;505;3.386
508;511;3.382
508;512;3.094
508;567;3.25
509;505;3.034
509;512;3.319
509;513;3.009
509;551;3.766
509;552;3.362
510;506;2.962
510;513;3.016
510;514;3.084
511;481;3.66
511;485;3.158
511;507;2.973
511;508;3.382
511;514;3.072
511;515;3.358
512;508;3.094
512;509;3.319
512;515;2.943
512;547;2.832
512;548;3.772
512;551;3.81
513;509;3.009
513;510;3.016
513;516;2.865
514;478;3.979
514;510;3.084
514;511;3.072
514;517;3.056
514;518;3.239
515;482;3.312
515;511;3.358
515;512;2.943
515;519;2.981
515;544;3.66
515;548;3.931
515;570;3.445
516;513;2.865
516;519;3.407
516;520;3.032
516;548;3.48
517;514;3.056
517;521;3.06
518;478;3.82
518;514;3.239
518;521;3.421
518;522;2.941
518;570;2.741
518;573;2.724
519;515;2.981
519;516;3.407
519;523;2.981
519;544;3.688
520;516;3.032
520;523;3.234
520;524;3.08
521;469;3.625
521;517;3.06
521;518;3.421
521;525;2.991
522;518;2.941
522;525;2.999
522;526;3.037
522;530;2.67
522;531;3.627
522;537;2.766
523;519;2.981
523;520;3.234
523;531;3.715
523;532;3.993
524;466;3.628
524;520;3.08
525;464;2.75
525;521;2.991
525;522;2.999
526;470;3.347
526;522;3.037
526;530;3.533
527;530;2.924
527;531;2.919
528;532;2.987
529;533;2.846
530;522;2.67
530;526;3.533
530;527;2.924
530;533;3.073
530;534;2.914
531;522;3.627
531;523;3.715
531;527;2.919
531;537;3.194
531;541;2.941
532;523;3.993
532;528;2.987
533;529;2.846
533;530;3.073
534;530;2.914
534;537;2.964
534;538;3.041
535;538;3.933
535;539;3.016
536;540;2.999
536;578;2.952
536;581;3.895
537;522;2.766
537;531;3.194
537;534;2.964
537;541;2.952
538;534;3.041
538;535;3.933
538;541;3.402
538;542;2.991
539;535;3.016
539;542;3.433
539;543;3.019
539;569;3.986
540;536;2.999
540;543;3.2
540;544;2.9
540;570;2.641
540;573;3.871
541;531;2.941
541;537;2.952
541;538;3.402
541;545;3.01
542;538;2.991
542;539;3.433
542;545;3.178
542;546;3.083
543;539;3.019
543;540;3.2
543;547;3.014
544;515;3.66
544;519;3.688
544;540;2.9
544;548;2.93
544;570;3.746
545;541;3.01
545;542;3.178
545;549;2.982
546;542;3.083
546;550;3.192
546;563;3.554
547;512;2.832
547;543;3.014
547;551;3.435
547;567;3.009
548;512;3.772
548;515;3.931
548;516;3.48
548;544;2.93
548;551;3.135
548;552;2.912
549;545;2.982
549;552;3.299
549;553;3.041
550;546;3.192
550;554;2.996
550;555;3.072
550;564;3.854
551;509;3.766
551;512;3.81
551;547;3.435
551;548;3.135
551;555;3.754
551;564;3.929
552;509;3.362
552;548;2.912
552;549;3.299
553;549;3.041
554;550;2.996
554;556;2.946
555;550;3.072
555;551;3.754
555;561;2.839
556;554;2.946
556;561;3.28
557;560;2.786
558;561;3.237
558;562;2.932
559;562;3.25
559;563;2.961
559;1064;3.888
560;557;2.786
560;563;3.092
560;564;3.079
561;555;2.839
561;556;3.28
561;558;3.237
561;564;2.957
562;558;2.932
562;559;3.25
562;565;2.947
562;990;3.132
563;546;3.554
563;559;2.961
563;560;3.092
563;566;2.97
564;550;3.854
564;551;3.929
564;560;3.079
564;561;2.957
564;567;3.077
565;562;2.947
565;568;3.175
565;986;3.711
565;987;3.887
566;563;2.97
566;569;2.896
566;983;3.602
567;485;3.061
567;489;3.802
567;508;3.25
567;547;3.009
567;564;3.077
567;570;2.94
568;482;3.889
568;486;3.625
568;489;3.623
568;565;3.175
568;571;2.946
568;979;3.852
568;983;3.51
569;539;3.986
569;566;2.896
569;572;2.764
569;980;3.438
569;983;3.453
570;478;3.913
570;482;3.879
570;515;3.445
570;518;2.741
570;540;2.641
570;544;3.746
570;567;2.94
570;573;2.983
571;482;3.838
571;483;3.78
571;568;2.946
571;574;2.969
571;575;2.948
571;577;3.905
571;979;3.556
572;569;2.764
573;475;2.682
573;518;2.724
573;540;3.871
573;570;2.983
574;479;2.744
574;571;2.969
575;479;3.581
575;571;2.948
575;577;3.924
575;578;3.021
576;579;3.054
576;580;2.927
576;972;3.105
577;571;3.905
577;575;3.924
577;580;3.184
577;581;3.014
577;976;3.469
578;536;2.952
578;575;3.021
578;581;3.821
578;582;3.047
579;576;3.054
579;583;3.0
580;576;2.927
580;577;3.184
580;583;3.271
580;584;2.953
580;976;3.606
581;536;3.895
581;577;3.014
581;578;3.821
581;585;3.053
582;578;3.047
582;585;3.369
582;586;2.856
583;579;3.0
583;580;3.271
583;586;3.357
583;587;2.937
584;580;2.953
584;587;3.189
584;588;3.072
584;1078;3.578
585;581;3.053
585;582;3.369
585;588;2.991
586;582;2.856
586;583;3.357
586;589;2.997
587;583;2.937
587;584;3.189
587;590;3.076
587;591;3.084
587;690;3.771
587;1078;3.495
587;1082;3.498
588;584;3.072
588;585;2.991
588;592;2.976
588;1078;3.844
589;586;2.997
589;592;3.023
590;587;3.076
590;690;3.919
591;587;3.084
591;594;3.271
591;595;2.872
591;686;3.558
591;1078;3.833
592;588;2.976
592;589;3.023
592;596;3.049
593;105;3.449
593;109;3.339
593;596;3.233
593;597;3.296
594;109;3.999
594;591;3.271
594;597;3.04
594;598;3.021
594;685;3.507
594;686;3.795
595;591;2.872
595;599;2.928
596;592;3.049
596;593;3.233
596;599;3.269
596;600;3.052
597;106;3.676
597;593;3.296
597;594;3.04
597;600;3.448
597;601;3.03
598;594;3.021
598;601;3.476
598;602;2.958
598;649;3.919
599;595;2.928
599;596;3.269
599;603;2.974
600;99;3.519
600;596;3.052
600;597;3.448
600;603;3.319
600;604;3.003
601;597;3.03
601;598;3.476
601;604;3.304
601;605;2.945
601;678;3.695
602;598;2.958
602;606;2.924
602;642;3.476
602;645;3.806
603;19;3.494
603;23;3.816
603;599;2.974
603;600;3.319
603;606;3.257
603;607;3.003
603;638;3.554
604;93;3.963
604;94;4.038
604;97;3.963
604;600;3.003
604;601;3.304
604;607;3.264
604;608;2.994
605;601;2.945
605;609;2.958
605;645;3.777
605;674;4.066
605;675;3.567
605;678;3.87
606;602;2.924
606;603;3.257
606;609;3.255
606;610;2.991
606;638;3.807
606;641;3.974
606;642;4.014
607;93;3.634
607;603;3.003
607;604;3.264
607;611;3.319
608;93;3.686
608;604;2.994
608;611;3.364
608;612;3.024
609;605;2.958
609;606;3.255
609;613;2.997
609;614;2.817
609;635;3.827
610;25;3.267
610;606;2.991
610;614;3.051
610;615;3.145
610;637;3.841
611;90;3.417
611;607;3.319
611;608;3.364
612;86;3.89
612;90;3.845
612;608;3.024
612;615;2.807
613;609;2.997
613;616;3.013
613;617;3.565
613;631;3.507
613;635;4.084
613;668;3.438
613;671;3.995
614;609;2.817
614;610;3.051
614;631;3.759
615;610;3.145
615;612;2.807
616;613;3.013
616;628;4.119
616;631;2.974
617;613;3.565
617;629;3.079
617;631;2.972
617;657;3.813
617;658;3.366
617;664;2.787
617;668;3.498
618;627;2.66
618;628;3.656
618;658;3.53
618;659;2.93
619;622;3.016
619;623;2.875
619;624;2.839
619;625;2.756
620;658;4.139
620;659;2.79
620;660;3.668
621;624;3.834
622;619;3.016
622;627;3.994
623;619;2.875
624;619;2.839
624;621;3.834
625;619;2.756
626;632;3.568
626;633;3.199
627;618;2.66
627;622;3.994
628;616;4.119
628;618;3.656
628;632;3.491
629;617;3.079
629;632;3.138
629;633;3.128
629;656;2.873
629;657;3.544
630;633;3.032
630;634;2.842
630;644;4.039
630;655;3.924
631;613;3.507
631;614;3.759
631;616;2.974
631;617;2.972
631;635;3.655
631;657;3.593
632;626;3.568
632;628;3.491
632;629;3.138
632;636;3.517
633;626;3.199
633;629;3.128
633;630;3.032
633;640;3.983
633;1052;3.597
634;630;2.842
634;640;3.993
634;643;3.881
634;644;3.905
634;1043;3.398
634;1047;3.881
635;609;3.827
635;613;4.084
635;631;3.655
635;640;3.672
635;644;3.647
635;657;4.055
636;632;3.517
636;1056;2.722
637;25;3.685
637;610;3.841
637;640;2.891
637;641;2.936
637;1059;2.878
638;25;3.254
638;603;3.554
638;606;3.807
638;641;3.478
638;642;2.956
639;642;3.227
639;643;2.992
639;1059;3.616
639;1062;3.872
639;1063;3.642
639;1066;3.988
640;633;3.983
640;634;3.993
640;635;3.672
640;637;2.891
640;643;3.291
640;644;2.994
640;1062;3.07
641;606;3.974
641;637;2.936
641;638;3.478
641;645;2.965
642;602;3.476
642;606;4.014
642;638;2.956
642;639;3.227
642;645;3.483
642;646;2.98
643;634;3.881
643;639;2.992
643;640;3.291
643;646;3.252
643;647;3.032
643;1047;3.919
643;1066;3.496
644;630;4.039
644;634;3.905
644;635;3.647
644;640;2.994
644;647;3.163
644;648;3.03
644;654;3.863
645;602;3.806
645;605;3.777
645;641;2.965
645;642;3.483
645;648;3.333
645;649;2.975
646;642;2.98
646;643;3.252
646;649;3.093
646;650;3.199
646;1039;3.948
646;1042;3.566
646;1066;3.694
646;1073;3.926
647;643;3.032
647;644;3.163
647;653;2.84
647;1043;3.542
648;644;3.03
648;645;3.333
648;651;3.025
648;654;3.743
648;672;3.481
648;675;3.608
648;676;4.015
649;598;3.919
649;645;2.975
649;646;3.093
649;679;3.772
650;646;3.199
650;1039;3.472
651;648;3.025
651;676;4.003
652;221;3.804
652;1039;3.772
652;1040;2.754
652;1041;2.85
653;216;3.47
653;221;3.432
653;222;5.813
653;647;2.84
653;1044;3.85
654;644;3.863
654;648;3.743
654;657;3.519
654;672;3.323
655;630;3.924
655;1044;3.545
656;629;2.873
657;617;3.813
657;629;3.544
657;631;3.593
657;635;4.055
657;654;3.519
657;665;3.19
657;668;3.448
658;617;3.366
658;618;3.53
658;620;4.139
658;661;3.364
658;665;2.971
659;618;2.93
659;620;2.79
659;665;3.608
660;620;3.668
661;658;3.364
661;664;2.776
661;665;3.066
662;666;2.938
663;666;3.301
663;667;3.014
664;617;2.787
664;661;2.776
664;667;3.227
664;668;3.084
665;657;3.19
665;658;2.971
665;659;3.608
665;661;3.066
665;668;3.405
665;669;2.905
666;662;2.938
666;663;3.301
666;669;3.306
666;670;3.017
667;663;3.014
667;664;3.227
667;670;3.484
667;671;3.372
668;613;3.438
668;617;3.498
668;657;3.448
668;664;3.084
668;665;3.405
668;671;3.4
668;672;2.939
669;212;3.7
669;665;2.905
669;666;3.306
669;672;3.251
669;673;2.959
670;666;3.017
670;667;3.484
670;673;3.386
670;674;3.021
671;613;3.995
671;667;3.372
671;668;3.4
671;674;3.326
671;675;2.985
672;648;3.481
672;654;3.323
672;668;2.939
672;669;3.251
672;675;3.335
672;676;2.993
673;215;3.48
673;669;2.959
673;670;3.386
673;676;3.437
673;677;3.0
674;605;4.066
674;670;3.021
674;671;3.326
674;677;3.472
674;678;2.999
675;605;3.567
675;648;3.608
675;671;2.985
675;672;3.335
675;679;2.955
676;215;4.025
676;219;3.626
676;648;4.015
676;651;4.003
676;672;2.993
676;673;3.437
676;680;2.924
677;215;3.873
677;673;3.0
677;674;3.472
677;680;3.45
677;681;3.03
678;601;3.695
678;605;3.87
678;674;2.999
678;681;3.458
678;682;2.989
679;649;3.772
679;675;2.955
679;682;3.161
679;683;2.93
680;676;2.924
680;677;3.45
680;683;3.274
680;684;2.981
681;113;3.789
681;677;3.03
681;678;3.458
681;685;3.031
682;678;2.989
682;679;3.161
682;685;3.313
682;686;2.912
683;679;2.93
683;680;3.274
683;686;3.133
683;687;3.076
684;255;3.801
684;256;3.753
684;680;2.981
684;687;3.458
684;688;3.01
685;594;3.507
685;681;3.031
685;682;3.313
685;689;2.915
686;591;3.558
686;594;3.795
686;682;2.912
686;683;3.133
686;689;3.389
686;690;3.129
686;1081;3.381
687;256;3.679
687;260;3.702
687;683;3.076
687;684;3.458
687;690;3.451
687;691;2.945
687;1081;3.556
687;1084;3.774
687;1364;6.381
688;259;3.836
688;260;3.978
688;263;3.7
688;684;3.01
688;691;3.404
688;692;2.955
689;685;2.915
689;686;3.389
689;693;3.073
690;587;3.771
690;590;3.919
690;686;3.129
690;687;3.451
690;693;3.283
690;694;3.008
690;1081;3.622
690;1082;3.75
690;1085;3.564
691;260;3.44
691;687;2.945
691;688;3.404
691;694;3.45
691;695;2.971
691;1085;4.016
691;1088;3.43
692;264;3.824
692;688;2.955
692;695;3.309
692;696;3.058
693;689;3.073
693;690;3.283
693;696;3.062
693;697;3.105
694;690;3.008
694;691;3.45
694;697;2.968
694;698;3.015
694;1085;3.487
694;1089;3.516
695;264;5.817
695;691;2.971
695;692;3.309
695;1089;3.707
695;1092;3.361
696;692;3.058
696;693;3.062
697;693;3.105
697;694;2.968
698;300;2.813
698;694;3.015
698;1089;3.727
699;299;3.384
699;300;3.476
699;703;3.532
700;1092;3.857
700;1096;2.86
701;281;3.853
701;1097;2.781
702;705;3.559
702;1102;4.001
703;284;3.709
703;298;3.999
703;299;3.664
703;699;3.532
704;286;2.827
705;286;2.782
705;702;3.559
705;1102;3.688
706;817;3.728
707;327;3.083
708;327;3.16
709;324;3.807
709;722;3.822
710;321;2.832
711;714;3.001
712;715;2.861
712;716;2.948
713;717;3.003
714;711;3.001
714;717;2.921
714;720;3.713
715;712;2.861
715;722;3.971
715;724;3.789
716;712;2.948
717;713;3.003
717;714;2.921
717;719;3.583
717;723;4.024
718;719;3.104
719;717;3.583
719;718;3.104
720;714;3.713
720;723;3.012
721;325;3.608
721;333;3.868
722;325;3.399
722;709;3.822
722;715;3.971
722;724;3.832
723;717;4.024
723;720;3.012
724;715;3.789
724;722;3.832
724;743;2.881
725;736;3.667
725;740;2.793
725;743;3.267
726;737;3.446
727;731;2.764
727;737;2.98
728;731;3.862
728;732;3.962
729;734;2.817
730;734;2.712
731;727;2.764
731;728;3.862
731;734;3.899
731;735;2.676
732;728;3.962
733;741;3.585
733;742;2.877
733;755;2.824
734;729;2.817
734;730;2.712
734;731;3.899
735;731;2.676
735;738;3.34
735;739;2.712
736;725;3.667
736;740;2.833
736;742;3.475
737;726;3.446
737;727;2.98
737;740;3.717
738;735;3.34
739;735;2.712
740;725;2.793
740;736;2.833
740;737;3.717
740;742;2.979
741;733;3.585
741;755;3.06
742;733;2.877
742;736;3.475
742;740;2.979
743;724;2.881
743;725;3.267
744;746;2.964
744;747;3.011
745;747;2.996
746;744;2.964
746;817;3.744
747;744;3.011
747;745;2.996
748;818;2.75
748;1106;3.697
749;752;3.985
750;1106;3.452
750;1107;2.795
751;1107;3.651
752;749;3.985
752;754;3.143
752;797;3.491
753;756;2.728
754;752;3.143
755;733;2.824
755;741;3.06
756;753;2.728
757;758;3.03
758;757;3.03
759;784;3.479
760;762;2.959
760;763;3.876
761;786;2.7
762;760;2.959
762;765;2.8
763;760;3.876
764;776;3.72
764;779;3.461
764;781;3.475
765;762;2.8
766;768;3.948
766;769;2.796
767;782;3.588
768;766;3.948
768;781;3.575
768;782;3.931
769;766;2.796
769;775;3.603
769;781;3.798
770;773;3.939
770;774;2.978
770;775;3.052
771;776;3.58
771;781;4.016
772;775;2.924
772;777;2.994
773;770;3.939
774;770;2.978
775;769;3.603
775;770;3.052
775;772;2.924
775;781;3.803
776;764;3.72
776;771;3.58
776;781;3.893
777;772;2.994
777;778;3.534
778;777;3.534
779;764;3.461
780;783;2.895
781;764;3.475
781;768;3.575
781;769;3.798
781;771;4.016
781;775;3.803
781;776;3.893
782;767;3.588
782;768;3.931
783;780;2.895
783;785;3.017
784;759;3.479
785;783;3.017
786;761;2.7
787;791;3.771
788;791;2.799
789;796;2.784
790;794;3.94
790;795;2.829
790;796;2.702
791;787;3.771
791;788;2.799
792;793;3.038
793;792;3.038
794;790;3.94
795;790;2.829
796;789;2.784
796;790;2.702
797;752;3.491
798;799;3.138
799;798;3.138
800;805;2.785
801;805;2.984
802;804;2.947
802;805;3.025
803;808;3.73
804;802;2.947
805;800;2.785
805;801;2.984
805;802;3.025
805;807;3.635
806;809;3.759
807;805;3.635
808;803;3.73
809;806;3.759
810;823;3.553
810;824;2.897
810;825;2.876
811;814;2.853
812;814;2.852
812;815;3.105
813;819;4.153
814;811;2.853
814;812;2.852
815;812;3.105
816;818;3.026
816;819;4.082
817;706;3.728
817;746;3.744
818;748;2.75
818;816;3.026
818;1105;3.567
819;813;4.153
819;816;4.082
820;1106;3.357
820;1109;3.911
821;823;3.039
822;1109;3.308
822;1113;3.67
823;810;3.553
823;821;3.039
824;810;2.897
824;826;3.358
825;810;2.876
826;824;3.358
826;828;3.568
827;835;3.277
828;826;3.568
829;832;2.956
829;835;3.547
829;836;3.918
830;833;3.422
830;835;3.767
831;833;3.595
832;829;2.956
833;830;3.422
833;831;3.595
833;835;3.151
834;836;3.027
834;837;3.933
835;827;3.277
835;829;3.547
835;830;3.767
835;833;3.151
836;829;3.918
836;834;3.027
836;839;2.724
837;834;3.933
837;892;3.798
838;843;3.787
838;844;3.492
838;892;3.649
838;893;3.644
839;836;2.724
840;843;2.941
840;844;3.008
841;845;3.078
842;846;2.938
843;838;3.787
843;840;2.941
843;846;3.318
843;847;2.976
844;838;3.492
844;840;3.008
844;847;3.285
844;848;3.152
844;952;2.881
845;841;3.078
845;848;3.491
845;849;3.044
846;842;2.938
846;843;3.318
846;849;3.301
846;850;2.918
847;843;2.976
847;844;3.285
847;850;3.399
847;851;2.948
847;886;3.781
847;889;3.738
848;844;3.152
848;845;3.491
848;851;3.407
848;852;2.96
848;952;3.654
849;845;3.044
849;846;3.301
849;852;3.257
849;853;2.982
850;846;2.918
850;847;3.399
850;854;2.952
850;886;3.954
851;847;2.948
851;848;3.407
851;855;2.899
851;882;3.961
851;886;3.442
851;945;3.708
851;949;3.772
852;848;2.96
852;849;3.257
852;855;3.163
852;856;2.989
853;849;2.982
853;856;3.115
853;857;3.018
854;850;2.952
854;857;3.425
854;858;2.947
854;945;3.632
855;851;2.899
855;852;3.163
855;859;2.998
856;852;2.989
856;853;3.115
856;859;3.378
856;860;2.956
857;853;3.018
857;854;3.425
857;860;3.07
857;861;3.299
858;854;2.947
858;943;3.921
859;855;2.998
859;856;3.378
859;863;3.627
859;1272;3.949
860;856;2.956
860;857;3.07
860;863;3.064
860;864;3.032
860;867;3.584
860;871;3.695
860;875;3.857
861;857;3.299
861;868;2.772
861;936;2.694
862;865;3.327
862;868;2.673
862;1275;3.353
862;1329;3.026
863;859;3.627
863;860;3.064
863;1295;3.752
864;860;3.032
864;867;2.96
864;868;3.029
865;862;3.327
865;868;3.218
865;869;3.013
865;1330;4.017
866;869;2.636
867;860;3.584
867;864;2.96
867;870;3.279
867;871;2.965
868;861;2.772
868;862;2.673
868;864;3.029
868;865;3.218
868;872;3.027
868;1328;3.86
869;865;3.013
869;866;2.636
869;1330;3.486
870;867;3.279
871;860;3.695
871;867;2.965
871;874;3.096
871;875;3.026
872;868;3.027
872;876;2.744
873;877;3.018
874;871;3.096
874;877;3.389
874;878;2.995
875;860;3.857
875;871;3.026
875;878;2.989
875;879;3.265
876;872;2.744
876;879;2.991
876;880;3.028
876;936;2.869
876;939;3.808
877;873;3.018
877;874;3.389
877;880;2.917
877;881;2.939
878;874;2.995
878;875;2.989
878;882;2.923
879;875;3.265
879;876;2.991
879;883;3.001
879;939;4.033
879;942;3.817
880;876;3.028
880;877;2.917
880;883;3.357
880;884;3.033
881;877;2.939
881;885;2.981
882;851;3.961
882;878;2.923
882;885;3.246
882;886;2.932
882;945;3.614
883;879;3.001
883;880;3.357
883;887;2.977
883;942;3.873
884;880;3.033
884;888;3.021
885;881;2.981
885;882;3.246
885;888;4.015
885;889;2.949
886;847;3.781
886;850;3.954
886;851;3.442
886;882;2.932
886;890;3.005
886;948;3.649
887;883;2.977
887;890;3.412
887;891;2.977
887;915;3.838
887;919;3.63
888;884;3.021
888;885;4.015
888;891;3.351
888;892;2.954
889;847;3.738
889;885;2.949
889;892;3.347
889;893;2.679
889;948;3.593
890;886;3.005
890;887;3.412
890;894;2.967
890;912;3.876
891;887;2.977
891;888;3.351
891;894;3.449
891;895;2.987
892;837;3.798
892;838;3.649
892;888;2.954
892;889;3.347
892;895;3.436
892;896;3.002
893;838;3.644
893;889;2.679
893;897;3.073
893;902;3.644
893;908;3.935
893;911;2.688
894;890;2.967
894;891;3.449
894;897;3.033
894;898;2.926
894;899;3.945
894;902;6.002
894;903;3.544
895;891;2.987
895;892;3.436
896;892;3.002
897;893;3.073
897;894;3.033
897;901;2.849
897;905;3.756
897;908;3.627
898;894;2.926
898;901;3.212
898;902;2.943
899;894;3.945
899;902;3.344
899;903;3.002
900;903;3.09
900;904;2.862
901;897;2.849
901;898;3.212
902;893;3.644
902;894;6.002
902;898;2.943
902;899;3.344
902;905;3.037
902;908;3.686
902;912;3.864
903;894;3.544
903;899;3.002
903;900;3.09
903;909;3.818
903;912;5.996
904;900;2.862
905;897;3.756
905;902;3.037
905;908;3.003
905;909;2.938
906;910;2.968
907;910;3.428
907;911;3.012
907;957;4.015
907;960;3.976
908;893;3.935
908;897;3.627
908;902;3.686
908;905;3.003
908;911;3.165
908;912;2.975
909;903;3.818
909;905;2.938
909;912;3.754
909;913;2.973
910;906;2.968
910;907;3.428
910;913;3.192
911;893;2.688
911;907;3.012
911;908;3.165
911;948;2.926
911;951;2.77
912;890;3.876
912;902;3.864
912;903;5.996
912;908;2.975
912;909;3.754
912;915;3.034
912;916;2.953
913;909;2.973
913;910;3.192
913;917;3.036
914;944;3.966
914;948;3.652
915;887;3.838
915;912;3.034
915;918;3.041
915;919;3.089
916;912;2.953
916;919;2.957
916;920;2.914
917;913;3.036
917;921;2.97
917;941;3.581
918;915;3.041
918;921;3.879
918;922;3.054
918;942;2.852
919;887;3.63
919;915;3.089
919;916;2.957
919;922;3.345
919;923;2.99
920;916;2.914
920;923;3.194
920;924;3.003
921;917;2.97
921;918;3.879
921;924;3.317
921;925;2.965
922;918;3.054
922;919;3.345
922;925;3.317
922;926;2.995
922;935;3.791
923;919;2.99
923;920;3.194
923;926;3.201
923;927;2.933
924;920;3.003
924;921;3.317
924;927;3.255
924;928;2.987
925;921;2.965
925;922;3.317
925;930;3.038
925;934;3.292
925;935;3.28
925;938;3.658
926;922;2.995
926;923;3.201
926;929;2.996
927;923;2.933
927;924;3.255
928;924;2.987
929;926;2.996
930;925;3.038
931;934;3.845
932;935;3.461
932;936;3.005
933;936;2.736
933;937;3.214
934;925;3.292
934;931;3.845
934;938;2.975
935;922;3.791
935;925;3.28
935;932;3.461
935;939;2.942
936;861;2.694
936;876;2.869
936;932;3.005
936;933;2.736
936;1327;3.861
937;933;3.214
937;940;3.054
937;1277;3.924
937;1324;2.972
937;1325;3.663
937;1326;3.141
938;925;3.658
938;934;2.975
939;876;3.808
939;879;4.033
939;935;2.942
939;942;2.738
940;937;3.054
940;943;2.757
940;944;3.326
940;1273;3.632
941;917;3.581
941;944;2.974
942;879;3.817
942;883;3.873
942;918;2.852
942;939;2.738
942;945;2.855
943;858;3.921
943;940;2.757
944;914;3.966
944;940;3.326
944;941;2.974
944;947;2.919
944;948;3.003
944;1269;3.837
945;851;3.708
945;854;3.632
945;882;3.614
945;942;2.855
945;948;2.967
945;949;3.17
946;949;3.018
946;1269;3.627
947;944;2.919
947;950;2.754
947;1269;3.797
948;886;3.649
948;889;3.593
948;911;2.926
948;914;3.652
948;944;3.003
