source;destination;distance
0;3;2.797
1;47;3.599
2;7;3.625
2;48;3.661
3;0;2.797
4;7;3.291
4;8;2.969
5;9;2.971
6;10;2.971
7;2;3.625
7;4;3.291
7;10;3.141
7;11;2.969
7;43;3.884
7;47;3.714
8;4;2.969
8;11;3.342
8;12;2.954
9;5;2.971
9;13;2.942
10;6;2.971
10;7;3.141
10;13;3.485
10;14;2.951
11;7;2.969
11;8;3.342
11;14;3.382
11;15;3.011
11;44;3.613
12;8;2.954
12;16;2.977
12;104;4.015
13;9;2.942
13;10;3.485
13;16;3.396
13;17;2.948
14;10;2.951
14;11;3.382
14;18;2.999
14;37;3.695
15;11;3.011
15;19;2.998
15;37;3.882
15;99;3.914
15;100;3.603
16;12;2.977
16;13;3.396
16;19;3.167
16;20;3.085
17;13;2.948
17;20;3.309
17;21;2.98
18;14;2.999
18;21;3.532
18;22;2.965
18;37;3.006
18;96;3.161
19;15;2.998
19;16;3.167
19;22;3.141
19;97;3.513
19;588;3.876
19;591;3.493
20;16;3.085
20;17;3.309
21;17;2.98
21;18;3.532
21;24;2.982
21;30;3.624
21;33;3.42
22;18;2.965
22;19;3.141
22;93;4.078
22;96;3.9
22;97;3.964
23;591;3.738
24;21;2.982
24;27;3.994
25;598;3.244
25;625;3.685
25;626;3.281
26;30;3.832
27;24;3.994
27;30;2.85
28;31;2.727
28;32;3.021
29;32;3.297
29;33;2.986
30;21;3.624
30;26;3.832
30;27;2.85
30;33;3.362
30;34;2.997
31;28;2.727
31;34;3.437
31;35;3.005
32;28;3.021
32;29;3.297
32;36;3.012
33;21;3.42
33;29;2.986
33;30;3.362
33;36;3.229
33;37;2.953
34;30;2.997
34;31;3.437
34;37;3.368
34;38;2.942
34;93;2.828
34;96;3.591
35;31;3.005
35;38;3.316
35;39;2.959
35;81;3.873
36;32;3.012
36;33;3.229
36;39;3.401
36;40;3.002
37;14;3.695
37;15;3.882
37;18;3.006
37;33;2.953
37;34;3.368
37;40;3.001
37;41;2.859
37;96;3.939
38;34;2.942
38;35;3.316
38;42;2.985
38;80;2.733
39;35;2.959
39;36;3.401
39;42;3.155
39;43;2.988
40;36;3.002
40;37;3.001
40;43;3.478
40;44;2.918
41;37;2.859
41;45;2.951
41;73;3.468
41;99;3.497
42;38;2.985
42;39;3.155
42;45;3.285
42;46;2.977
43;7;3.884
43;39;2.988
43;40;3.478
43;46;3.405
43;47;3.059
44;11;3.613
44;40;2.918
44;47;3.242
44;48;2.821
44;99;2.646
45;41;2.951
45;42;3.285
45;49;2.987
45;56;3.965
45;73;3.926
46;42;2.977
46;43;3.405
46;50;3.076
46;51;3.913
47;1;3.599
47;7;3.714
47;43;3.059
47;44;3.242
48;2;3.661
48;44;2.821
48;66;3.184
48;69;2.653
49;45;2.987
49;56;3.992
49;59;3.857
49;66;3.665
50;46;3.076
50;55;3.68
51;46;3.913
52;55;3.112
52;58;3.471
53;56;2.979
54;57;2.994
55;50;3.68
55;52;3.112
55;58;2.996
56;45;3.965
56;49;3.992
56;53;2.979
56;59;3.046
56;70;3.97
57;54;2.994
57;60;3.024
57;70;4.028
58;52;3.471
58;55;2.996
58;61;3.04
59;49;3.857
59;56;3.046
59;62;2.979
59;63;3.798
59;66;3.488
59;67;3.808
59;70;3.763
60;57;3.024
60;67;3.768
61;58;3.04
62;59;2.979
63;59;3.798
63;66;3.489
63;67;2.897
64;67;3.422
64;68;3.04
65;68;3.036
65;69;3.049
65;102;3.445
65;108;3.204
65;111;3.811
66;48;3.184
66;49;3.665
66;59;3.488
66;63;3.489
66;69;3.819
66;70;2.971
67;59;3.808
67;60;3.768
67;63;2.897
67;64;3.422
67;70;3.494
67;71;2.97
68;64;3.04
68;65;3.036
68;72;2.993
68;101;3.885
69;48;2.653
69;65;3.049
69;66;3.819
69;72;3.325
69;73;2.912
69;99;3.181
69;102;2.747
70;56;3.97
70;57;4.028
70;59;3.763
70;66;2.971
70;67;3.494
70;73;3.197
70;74;2.996
71;67;2.97
71;74;3.408
71;75;2.981
72;68;2.993
72;69;3.325
72;76;2.918
72;95;3.625
73;41;3.468
73;45;3.926
73;69;2.912
73;70;3.197
73;76;3.444
73;77;2.898
74;70;2.996
74;71;3.408
74;77;3.399
74;78;3.013
75;71;2.981
75;79;2.993
75;89;3.548
75;92;3.296
76;72;2.918
76;73;3.444
76;79;3.003
76;80;2.862
77;73;2.898
77;74;3.399
77;81;2.976
78;74;3.013
78;82;3.005
79;75;2.993
79;76;3.003
79;83;3.948
79;89;2.737
80;38;2.733
80;76;2.862
81;35;3.873
81;77;2.976
82;78;3.005
82;84;2.987
83;79;3.948
83;90;2.886
83;93;3.607
84;82;2.987
85;89;3.686
86;89;3.137
87;90;2.877
87;91;3.18
87;600;3.885
88;91;3.145
89;75;3.548
89;79;2.737
89;85;3.686
89;86;3.137
89;92;2.995
90;83;2.886
90;87;2.877
91;87;3.18
91;88;3.145
91;94;3.005
91;599;3.386
91;600;3.831
92;75;3.296
92;89;2.995
92;95;2.862
93;22;4.078
93;34;2.828
93;83;3.607
93;96;2.936
94;91;3.005
94;97;2.849
94;592;3.952
94;595;3.632
94;596;3.688
95;72;3.625
95;92;2.862
95;98;3.155
95;99;3.032
96;18;3.161
96;22;3.9
96;34;3.591
96;37;3.939
96;93;2.936
96;99;3.066
97;19;3.513
97;22;3.964
97;94;2.849
97;100;2.993
98;95;3.155
98;101;2.731
98;592;3.969
99;15;3.914
99;41;3.497
99;44;2.646
99;69;3.181
99;95;3.032
99;96;3.066
99;102;2.785
99;103;3.386
100;15;3.603
100;97;2.993
100;103;2.977
100;104;2.955
100;107;3.746
101;68;3.885
101;98;2.731
101;111;3.789
102;65;3.445
102;69;2.747
102;99;2.785
102;108;2.79
103;99;3.386
103;100;2.977
104;12;4.015
104;100;2.955
104;107;3.092
104;108;2.98
105;108;3.375
105;109;2.944
106;110;3.134
106;581;3.443
107;100;3.746
107;104;3.092
107;110;3.387
107;111;3.009
107;585;3.689
108;65;3.204
108;102;2.79
108;104;2.98
108;105;3.375
108;111;3.482
108;112;2.972
109;105;2.944
109;112;3.23
109;113;3.035
110;106;3.134
110;107;3.387
110;113;3.091
110;114;2.994
110;581;3.324
110;582;4.036
111;65;3.811
111;101;3.789
111;107;3.009
111;108;3.482
111;114;3.229
111;115;3.046
112;108;2.972
112;109;3.23
112;115;3.45
112;116;3.008
113;109;3.035
113;110;3.091
113;116;3.229
113;117;3.052
114;110;2.994
114;111;3.229
114;117;3.015
114;118;3.245
114;670;3.816
115;111;3.046
115;112;3.45
115;118;2.995
116;112;3.008
116;113;3.229
116;119;2.809
116;253;3.755
117;113;3.052
117;114;3.015
117;120;3.084
117;121;3.011
117;249;3.956
118;114;3.245
118;115;2.995
118;122;3.002
119;116;2.809
119;253;2.679
120;117;3.084
120;123;3.479
120;249;3.871
120;252;2.609
121;117;3.011
121;124;3.306
121;125;2.918
122;118;3.002
122;126;2.978
123;120;3.479
123;126;3.17
123;127;3.088
123;1239;3.474
123;1240;2.958
124;121;3.306
124;127;3.456
124;128;3.146
124;238;3.602
124;1243;4.03
125;121;2.918
125;128;3.345
125;129;2.919
126;122;2.978
126;123;3.17
126;129;3.334
126;130;2.985
127;123;3.088
127;124;3.456
127;130;3.441
127;131;2.953
127;1234;3.942
127;1240;3.937
127;1243;3.868
128;124;3.146
128;125;3.345
128;131;3.328
128;132;2.881
128;238;3.371
129;125;2.919
129;126;3.334
129;133;2.993
130;126;2.985
130;127;3.441
130;134;2.978
130;1141;3.755
130;1230;3.492
130;1233;3.315
131;127;2.953
131;128;3.328
131;134;3.388
131;135;2.866
132;128;2.881
132;136;3.006
132;199;3.675
132;202;3.944
133;129;2.993
133;136;3.226
133;137;3.079
133;152;2.834
134;130;2.978
134;131;3.388
134;137;3.22
134;138;2.986
134;1141;3.93
134;1230;3.838
135;131;2.866
135;139;2.939
135;202;3.666
135;227;3.707
135;231;3.89
135;234;3.592
136;132;3.006
136;133;3.226
136;140;2.996
136;195;3.228
136;199;4.035
136;202;3.718
137;133;3.079
137;134;3.22
137;140;3.313
137;141;3.172
137;152;3.746
137;1227;3.94
138;134;2.986
138;141;3.431
138;227;3.468
138;1224;3.66
138;1227;3.91
139;135;2.939
139;142;2.999
139;143;2.899
139;192;3.559
140;136;2.996
140;137;3.313
140;193;3.606
141;137;3.172
141;138;3.431
141;1224;3.814
141;1227;3.337
142;139;2.999
142;183;2.857
142;1220;3.786
142;1224;3.427
143;139;2.899
143;183;2.902
143;224;3.316
143;227;3.581
143;228;3.422
144;183;2.855
144;186;3.331
144;187;3.976
144;189;3.747
144;192;3.827
144;193;3.749
145;149;3.049
146;149;3.905
147;168;2.656
148;1157;2.8
149;145;3.049
149;146;3.905
149;193;2.707
149;194;2.838
150;194;3.932
151;155;3.6
151;195;3.957
152;133;2.834
152;137;3.746
152;195;3.187
153;1141;2.763
154;1142;3.728
154;1145;4.041
155;151;3.6
156;159;3.882
157;158;3.515
157;159;3.925
157;161;3.815
158;157;3.515
158;163;3.634
158;164;3.654
159;156;3.882
159;157;3.925
160;162;3.652
160;164;3.042
161;157;3.815
161;162;2.822
161;163;2.945
161;164;3.078
162;160;3.652
162;161;2.822
163;158;3.634
163;161;2.945
163;165;2.608
164;158;3.654
164;160;3.042
164;161;3.078
165;163;2.608
166;172;3.65
167;171;3.45
168;147;2.656
169;1157;2.671
170;173;3.232
171;167;3.45
172;166;3.65
173;170;3.232
173;175;2.964
173;178;3.764
174;176;3.009
174;177;2.973
175;173;2.964
176;174;3.009
177;174;2.973
177;179;3.703
178;173;3.764
179;177;3.703
180;185;3.37
181;185;4.001
182;184;2.976
182;185;2.923
183;142;2.857
183;143;2.902
183;144;2.855
184;182;2.976
185;180;3.37
185;181;4.001
185;182;2.923
186;144;3.331
187;144;3.976
188;993;6.494
188;994;3.763
189;144;3.747
189;193;3.367
190;197;3.174
191;197;3.617
192;139;3.559
192;144;3.827
192;198;3.358
192;201;3.644
192;202;3.869
192;215;3.379
192;228;6.101
193;140;3.606
193;144;3.749
193;149;2.707
193;189;3.367
194;149;2.838
194;150;3.932
194;197;2.902
194;198;3.094
195;136;3.228
195;151;3.957
195;152;3.187
195;198;3.183
195;199;2.953
196;200;2.979
197;190;3.174
197;191;3.617
197;194;2.902
197;200;3.462
197;201;2.983
198;192;3.358
198;194;3.094
198;195;3.183
198;201;3.21
198;202;2.968
199;132;3.675
199;136;4.035
199;195;2.953
199;203;2.943
200;196;2.979
200;197;3.462
200;203;3.049
200;204;2.959
200;658;3.85
201;192;3.644
201;197;2.983
201;198;3.21
201;204;3.371
201;205;2.951
202;132;3.944
202;135;3.666
202;136;3.718
202;192;3.869
202;198;2.968
202;205;3.469
202;206;2.948
203;199;2.943
203;200;3.049
203;206;3.275
203;207;2.945
203;662;3.488
203;665;4.02
203;666;3.85
204;200;2.959
204;201;3.371
204;208;2.967
204;209;2.813
204;210;3.656
204;641;3.706
205;201;2.951
205;202;3.469
205;208;3.065
205;211;3.469
205;228;3.738
205;231;3.788
205;232;3.623
206;202;2.948
206;203;3.275
207;203;2.945
207;665;3.594
208;204;2.967
208;205;3.065
208;1305;3.147
208;1307;3.011
209;204;2.813
209;640;3.793
209;641;3.421
210;204;3.656
210;213;2.978
210;214;3.042
210;641;3.798
210;1312;3.814
211;205;3.469
211;215;3.104
211;216;3.14
211;229;3.96
211;232;3.344
211;1298;3.688
211;1301;3.66
211;1302;3.636
212;216;3.155
212;217;2.974
212;1298;3.744
212;1302;3.638
212;1337;3.379
212;1338;2.811
212;1339;3.22
213;210;2.978
213;217;3.814
213;1312;3.51
213;1339;3.292
214;210;3.042
214;217;3.28
215;192;3.379
215;211;3.104
215;224;3.12
215;228;3.456
216;211;3.14
216;212;3.155
216;218;2.933
216;224;4.032
216;225;3.442
216;1298;3.142
216;1337;3.506
217;212;2.974
217;213;3.814
217;214;3.28
217;1336;3.626
217;1337;3.569
218;216;2.933
218;220;2.938
218;221;3.409
218;224;3.423
219;221;3.026
219;1288;3.811
219;1295;3.707
219;1333;2.812
219;1336;3.548
220;218;2.938
220;224;3.008
221;218;3.409
221;219;3.026
221;224;2.971
221;225;2.967
221;1334;3.791
221;1335;3.769
222;225;3.647
222;226;2.906
222;1332;2.877
222;1334;2.769
223;1217;3.721
223;1220;3.748
223;1221;3.313
223;1334;2.942
224;143;3.316
224;215;3.12
224;216;4.032
224;218;3.423
224;220;3.008
224;221;2.971
224;227;3.056
224;228;3.628
225;216;3.442
225;221;2.967
225;222;3.647
225;228;3.38
225;229;2.932
225;1298;3.478
225;1335;3.946
225;1336;3.965
226;222;2.906
226;230;2.969
227;135;3.707
227;138;3.468
227;143;3.581
227;224;3.056
227;230;3.136
227;231;2.964
228;143;3.422
228;192;6.101
228;205;3.738
228;215;3.456
228;224;3.628
228;225;3.38
228;231;3.358
228;232;3.002
229;211;3.96
229;225;2.932
229;232;3.155
229;233;2.973
229;1301;3.962
230;226;2.969
230;227;3.136
230;234;2.935
231;135;3.89
231;205;3.788
231;227;2.964
231;228;3.358
231;235;2.907
232;205;3.623
232;211;3.344
232;228;3.002
232;229;3.155
232;235;3.46
232;236;2.935
232;1301;3.367
233;229;2.973
233;237;2.967
233;1301;3.359
234;135;3.592
234;230;2.935
234;238;2.905
235;231;2.907
235;232;3.46
235;239;2.94
236;232;2.935
236;239;3.329
236;240;2.947
237;233;2.967
237;240;3.42
237;241;2.935
237;1247;3.659
237;1254;3.598
238;124;3.602
238;128;3.371
238;234;2.905
238;241;3.151
238;242;2.87
239;235;2.94
239;236;3.329
239;242;3.326
239;243;2.955
240;236;2.947
240;237;3.42
240;243;3.9
240;244;2.983
240;1365;3.772
241;237;2.935
241;238;3.151
241;244;3.609
241;245;2.894
241;1243;3.126
241;1246;3.767
242;238;2.87
242;239;3.326
242;245;3.104
242;246;2.923
242;673;3.577
243;239;2.955
243;240;3.9
243;247;3.114
243;673;3.681
243;676;3.677
243;1362;3.491
244;240;2.983
244;241;3.609
244;248;2.916
244;1365;3.98
244;1366;3.946
244;1369;3.518
245;241;2.894
245;242;3.104
245;249;2.925
246;242;2.923
246;249;3.43
246;250;3.051
246;677;3.82
247;243;3.114
247;250;3.249
247;251;3.006
247;676;3.6
247;677;3.984
247;680;3.505
247;1366;3.485
248;244;2.916
248;252;2.957
248;1370;3.735
249;117;3.956
249;120;3.871
249;245;2.925
249;246;3.43
249;253;2.98
250;246;3.051
250;247;3.249
250;254;3.135
250;677;3.652
251;247;3.006
251;254;3.111
251;255;2.881
251;684;3.919
251;1083;6.341
251;1370;3.82
252;120;2.609
252;248;2.957
252;255;3.097
252;256;3.441
253;116;3.755
253;119;2.679
253;249;2.98
253;262;2.772
254;250;3.135
254;251;3.111
254;262;2.761
255;251;2.881
255;252;3.097
255;261;3.575
255;264;3.423
256;252;3.441
256;260;2.831
256;261;2.907
257;264;3.861
258;259;3.87
258;264;4.026
259;258;3.87
259;1102;2.755
260;256;2.831
261;255;3.575
261;256;2.907
262;253;2.772
262;254;2.761
263;266;3.678
264;255;3.423
264;257;3.861
264;258;4.026
264;692;3.941
265;692;3.743
265;698;3.556
266;263;3.678
267;697;3.619
267;698;3.52
268;272;3.77
268;275;3.525
268;697;3.124
269;276;3.914
270;272;2.697
270;273;2.852
270;274;2.746
271;272;2.659
272;268;3.77
272;270;2.697
272;271;2.659
273;270;2.852
274;270;2.746
274;696;2.95
274;697;3.711
275;268;3.525
276;269;3.914
277;281;2.874
277;285;3.514
277;286;4.018
278;281;3.277
278;286;4.018
278;289;3.763
279;288;3.968
279;289;3.0
280;286;3.613
281;277;2.874
281;278;3.277
281;286;3.282
282;284;3.036
283;431;3.635
284;282;3.036
285;277;3.514
286;277;4.018
286;278;4.018
286;280;3.613
286;281;3.282
286;287;3.718
287;286;3.718
288;279;3.968
288;290;2.914
289;278;3.763
289;279;3.0
290;288;2.914
291;294;2.78
292;294;2.758
293;459;2.884
294;291;2.78
294;292;2.758
294;297;3.761
295;297;3.373
296;300;3.623
297;294;3.761
297;295;3.373
298;301;3.106
299;302;2.766
300;296;3.623
300;302;3.14
301;298;3.106
302;299;2.766
302;300;3.14
303;709;2.852
303;711;3.496
304;324;3.52
304;710;3.393
304;711;3.55
305;313;2.698
306;308;2.948
306;312;3.971
306;314;3.531
306;711;3.586
307;707;3.558
308;306;2.948
308;713;3.952
309;312;3.045
310;713;3.097
311;316;2.924
311;346;2.844
312;306;3.971
312;309;3.045
312;316;2.767
313;305;2.698
313;323;2.854
314;306;3.531
315;327;2.917
315;710;2.704
316;311;2.924
316;312;2.767
317;322;4.023
317;323;3.898
318;319;2.743
318;321;3.291
319;318;2.743
320;820;2.776
320;824;3.139
321;318;3.291
322;317;4.023
322;325;2.856
322;326;3.878
323;313;2.854
323;317;3.898
324;304;3.52
325;322;2.856
326;322;3.878
327;315;2.917
327;334;2.751
328;334;3.896
328;335;2.976
329;332;2.965
329;333;3.109
330;332;3.024
330;336;3.701
330;942;3.435
330;946;3.674
331;336;3.133
331;946;3.988
332;329;2.965
332;330;3.024
332;1092;3.412
333;329;3.109
333;336;3.031
333;337;3.502
333;339;3.632
333;715;3.964
334;327;2.751
334;328;3.896
334;337;2.804
335;328;2.976
336;330;3.701
336;331;3.133
336;333;3.031
337;333;3.502
337;334;2.804
338;340;2.833
338;341;2.767
338;342;2.75
339;333;3.632
340;338;2.833
340;343;3.959
341;338;2.767
341;717;3.93
342;338;2.75
342;721;3.77
342;722;3.548
343;340;3.959
344;349;4.027
345;349;3.838
345;352;3.919
346;311;2.844
347;350;3.281
348;717;3.776
349;344;4.027
349;345;3.838
350;347;3.281
350;351;3.236
350;718;3.5
351;350;3.236
351;353;3.002
352;345;3.919
352;361;3.449
353;351;3.002
353;355;3.206
354;357;3.039
355;353;3.206
355;360;2.795
356;361;3.344
357;354;3.039
357;362;4.001
357;363;2.698
357;364;2.763
358;360;3.009
359;364;2.751
359;367;3.671
360;355;2.795
360;358;3.009
361;352;3.449
361;356;3.344
362;357;4.001
363;357;2.698
364;357;2.763
364;359;2.751
364;366;3.774
365;366;2.817
366;364;3.774
366;365;2.817
367;359;3.671
368;371;2.779
369;371;3.044
370;378;3.759
371;368;2.779
371;369;3.044
371;373;2.964
372;380;2.845
373;371;2.964
373;375;3.264
374;384;3.882
375;373;3.264
375;379;3.665
375;380;3.99
375;381;3.43
376;379;3.397
377;379;3.922
378;370;3.759
379;375;3.665
379;376;3.397
379;377;3.922
379;382;2.91
380;372;2.845
380;375;3.99
381;375;3.43
381;384;3.874
382;379;2.91
383;384;3.171
384;374;3.882
384;381;3.874
384;383;3.171
385;396;3.559
386;387;2.855
386;395;3.197
387;386;2.855
387;393;3.588
387;395;3.707
388;393;3.258
389;393;3.942
390;392;2.884
391;398;2.876
392;390;2.884
392;394;3.835
392;398;3.912
393;387;3.588
393;388;3.258
393;389;3.942
393;394;3.553
394;392;3.835
394;393;3.553
394;397;3.336
394;398;3.924
395;386;3.197
395;387;3.707
396;385;3.559
397;394;3.336
398;391;2.876
398;392;3.912
398;394;3.924
399;400;2.933
400;399;2.933
401;403;2.923
402;409;3.894
403;401;2.923
404;407;3.624
405;406;2.873
405;407;3.045
406;405;2.873
407;404;3.624
407;405;3.045
407;409;3.079
407;410;3.302
408;410;2.772
409;402;3.894
409;407;3.079
410;407;3.302
410;408;2.772
411;413;2.82
411;414;3.013
411;415;3.083
411;417;2.702
412;417;2.815
412;418;3.566
413;411;2.82
414;411;3.013
414;417;2.802
415;411;3.083
416;430;3.709
417;411;2.702
417;412;2.815
417;414;2.802
418;412;3.566
419;421;2.831
420;421;2.97
421;419;2.831
421;420;2.97
422;424;3.1
423;425;3.011
424;422;3.1
424;426;2.969
425;423;3.011
426;424;2.969
427;436;3.241
427;437;2.851
428;432;2.937
428;433;3.883
429;432;2.881
430;416;3.709
431;283;3.635
432;428;2.937
432;429;2.881
433;428;3.883
434;435;3.664
435;434;3.664
436;427;3.241
437;427;2.851
438;440;3.272
439;442;2.877
439;444;3.527
440;438;3.272
441;443;3.877
442;439;2.877
442;444;3.416
443;441;3.877
444;439;3.527
444;442;3.416
445;515;2.697
446;449;2.85
447;448;3.788
448;447;3.788
448;450;3.707
449;446;2.85
450;448;3.707
451;453;2.759
451;454;3.909
451;512;2.816
452;456;4.14
452;509;3.574
453;451;2.759
453;509;3.705
453;512;3.614
453;513;3.823
454;451;3.909
454;457;3.06
455;458;2.96
455;459;3.079
456;452;4.14
456;459;3.058
457;454;3.06
457;509;3.694
458;455;2.96
459;293;2.884
459;455;3.079
459;456;3.058
459;462;2.926
459;463;3.213
460;464;2.925
461;465;2.968
462;459;2.926
462;465;3.26
462;466;3.036
463;459;3.213
463;466;3.449
463;467;2.934
463;561;2.661
464;460;2.925
464;467;3.19
464;468;2.969
465;461;2.968
465;462;3.26
465;469;3.054
466;462;3.036
466;463;3.449
466;469;3.299
466;470;2.972
466;502;3.874
466;506;3.771
466;558;4.028
467;463;2.934
467;464;3.19
467;470;3.006
467;471;3.087
467;562;2.749
467;563;3.62
468;464;2.969
468;471;3.48
468;472;3.005
469;465;3.054
469;466;3.299
469;473;2.978
469;499;3.645
470;466;2.972
470;467;3.006
470;473;3.086
470;474;3.08
470;503;3.299
470;556;3.875
470;558;3.94
470;559;3.83
471;467;3.087
471;468;3.48
471;474;3.128
471;475;3.432
471;559;3.891
472;468;3.005
472;475;3.329
472;476;3.012
473;469;2.978
473;470;3.086
473;476;3.266
473;477;2.984
473;499;3.185
473;555;3.057
474;470;3.08
474;471;3.128
474;478;3.062
474;556;3.641
474;970;3.937
475;471;3.432
475;472;3.329
475;478;3.203
475;479;2.987
476;472;3.012
476;473;3.266
476;479;2.982
476;480;2.932
476;492;3.549
477;473;2.984
477;480;3.028
477;553;3.979
477;555;3.783
477;556;3.565
477;974;3.991
478;474;3.062
478;475;3.203
479;475;2.987
479;476;2.982
480;476;2.932
480;477;3.028
480;485;2.942
480;496;3.523
481;485;2.975
481;1015;3.139
481;1016;3.025
482;486;3.562
483;486;2.953
483;487;3.023
484;488;2.997
484;492;3.942
485;480;2.942
485;481;2.975
485;489;2.791
486;482;3.562
486;483;2.953
486;489;2.785
487;483;3.023
488;484;2.997
488;491;3.037
488;492;2.929
489;485;2.791
489;486;2.785
489;493;2.982
490;493;3.333
490;494;3.043
491;488;3.037
491;494;3.922
491;495;2.959
492;476;3.549
492;484;3.942
492;488;2.929
492;495;3.339
492;496;2.92
493;489;2.982
493;490;3.333
493;496;3.377
493;497;3.032
494;490;3.043
494;491;3.922
494;498;2.961
495;491;2.959
495;492;3.339
495;499;2.968
496;480;3.523
496;492;2.92
496;493;3.377
496;499;3.382
496;500;3.081
496;555;3.247
497;493;3.032
497;500;3.326
497;501;3.004
497;539;3.762
497;540;3.392
498;494;2.961
498;501;3.019
498;502;3.084
499;469;3.645
499;473;3.185
499;495;2.968
499;496;3.382
499;502;3.047
499;503;3.384
500;496;3.081
500;497;3.326
500;503;2.912
500;535;2.821
500;536;3.77
500;539;3.831
500;540;4.018
500;555;4.021
501;497;3.004
501;498;3.019
501;504;2.833
502;466;3.874
502;498;3.084
502;499;3.047
502;505;3.145
502;506;3.175
503;470;3.299
503;499;3.384
503;500;2.912
503;507;2.973
503;532;3.6
503;536;3.8
503;558;3.416
504;501;2.833
504;508;3.085
504;536;3.432
505;502;3.145
505;508;3.373
505;509;2.996
506;466;3.771
506;502;3.175
506;510;3.01
506;558;2.729
506;561;2.691
507;503;2.973
507;511;3.049
507;532;3.694
508;504;3.085
508;505;3.373
508;511;3.193
508;512;3.306
509;452;3.574
509;453;3.705
509;457;3.694
509;505;2.996
509;513;3.009
510;506;3.01
510;513;2.973
510;514;3.059
510;518;2.686
510;519;3.697
510;525;2.772
511;507;3.049
511;508;3.193
511;519;3.575
511;520;3.668
512;451;2.816
512;453;3.614
512;508;3.306
513;453;3.823
513;509;3.009
513;510;2.973
514;510;3.059
514;518;3.81
515;445;2.697
515;518;2.857
515;519;2.949
516;520;3.0
517;521;2.838
518;510;2.686
518;514;3.81
518;515;2.857
518;521;3.064
518;522;2.916
519;510;3.697
519;511;3.575
519;515;2.949
519;525;3.15
519;529;3.0
520;511;3.668
520;516;3.0
521;517;2.838
521;518;3.064
522;518;2.916
522;525;2.97
522;526;3.036
523;526;3.931
523;527;3.015
524;528;2.991
524;566;2.938
524;569;3.816
525;510;2.772
525;519;3.15
525;522;2.97
525;529;2.959
526;522;3.036
526;523;3.931
526;529;3.387
526;530;2.994
527;523;3.015
527;530;3.394
527;531;3.016
528;524;2.991
528;531;3.185
528;532;2.9
528;558;2.642
528;561;3.905
529;519;3.0
529;525;2.959
529;526;3.387
529;533;3.009
530;526;2.994
530;527;3.394
530;533;3.231
530;534;3.087
531;527;3.016
531;528;3.185
531;535;3.018
532;503;3.6
532;507;3.694
532;528;2.9
532;536;2.933
532;558;3.72
533;529;3.009
533;530;3.231
533;537;2.985
534;530;3.087
534;538;3.229
534;551;3.557
535;500;2.821
535;531;3.018
535;539;3.453
535;555;3.014
536;500;3.77
536;503;3.8
536;504;3.432
536;532;2.933
536;539;3.127
536;540;2.905
537;533;2.985
537;540;3.348
537;541;3.041
538;534;3.229
538;542;2.99
538;543;3.052
538;552;3.833
539;497;3.762
539;500;3.831
539;535;3.453
539;536;3.127
539;543;3.679
539;552;3.929
540;497;3.392
540;500;4.018
540;536;2.905
540;537;3.348
541;537;3.041
542;538;2.99
542;544;2.949
543;538;3.052
543;539;3.679
543;549;2.844
544;542;2.949
544;549;3.276
545;548;2.788
546;549;3.233
546;550;2.931
547;550;3.266
547;551;2.96
547;1055;3.878
548;545;2.788
548;551;3.08
548;552;3.077
549;543;2.844
549;544;3.276
549;546;3.233
549;552;2.95
550;546;2.931
550;547;3.266
550;553;2.969
550;978;3.155
551;534;3.557
551;547;2.96
551;548;3.08
551;554;2.978
552;538;3.833
552;539;3.929
552;548;3.077
552;549;2.95
552;555;3.044
553;477;3.979
553;550;2.969
553;556;3.18
553;974;3.724
553;975;3.88
554;551;2.978
554;557;2.898
554;971;3.88
555;473;3.057
555;477;3.783
555;496;3.247
555;500;4.021
555;535;3.014
555;552;3.044
555;558;2.969
556;470;3.875
556;474;3.641
556;477;3.565
556;553;3.18
556;559;2.921
556;967;3.789
556;971;3.538
557;554;2.898
557;560;2.785
557;968;3.416
557;971;3.495
558;466;4.028
558;470;3.94
558;503;3.416
558;506;2.729
558;528;2.642
558;532;3.72
558;555;2.969
558;561;2.981
559;470;3.83
559;471;3.891
559;556;2.921
559;562;2.972
559;563;2.941
559;565;3.84
559;967;3.589
560;557;2.785
560;565;4.019
561;463;2.661
561;506;2.691
561;528;3.905
561;558;2.981
562;467;2.749
562;559;2.972
563;467;3.62
563;559;2.941
563;565;3.895
563;566;3.008
564;567;3.129
564;568;2.933
564;960;3.167
565;559;3.84
565;560;4.019
565;563;3.895
565;568;3.159
565;569;3.012
565;964;3.463
566;524;2.938
566;563;3.008
566;569;3.807
566;570;3.037
567;564;3.129
567;570;3.382
567;571;3.01
568;564;2.933
568;565;3.159
568;571;3.244
568;572;2.955
568;964;3.582
569;524;3.816
569;565;3.012
569;566;3.807
569;573;3.065
570;566;3.037
570;567;3.382
570;573;3.357
570;574;2.883
570;687;2.982
571;567;3.01
571;568;3.244
571;575;2.946
571;1073;3.696
572;568;2.955
572;575;3.227
572;576;3.077
572;1069;3.606
573;569;3.065
573;570;3.357
573;576;2.987
574;570;2.883
574;577;2.994
575;571;2.946
575;572;3.227
575;578;3.107
575;579;3.088
575;679;3.718
575;1069;3.5
575;1073;3.668
576;572;3.077
576;573;2.987
576;580;2.975
576;1069;3.872
577;574;2.994
577;580;3.015
578;575;3.107
578;679;3.935
579;575;3.088
579;582;3.276
579;583;2.869
579;675;3.558
579;1069;3.819
580;576;2.975
580;577;3.015
580;584;3.051
581;106;3.443
581;110;3.324
581;584;3.21
581;585;3.29
582;110;4.036
582;579;3.276
582;585;3.076
582;586;3.028
582;674;3.448
582;675;3.851
583;579;2.869
583;587;2.93
584;580;3.051
584;581;3.21
584;587;3.265
584;588;3.056
585;107;3.689
585;581;3.29
585;582;3.076
585;588;3.438
585;589;3.033
586;582;3.028
586;589;3.466
586;590;2.956
586;637;3.9
587;583;2.93
587;584;3.265
587;591;2.973
588;19;3.876
588;584;3.056
588;585;3.438
588;591;3.331
588;592;3.011
589;585;3.033
589;586;3.466
589;592;3.293
589;593;2.945
589;667;3.698
590;586;2.956
590;594;2.927
590;630;3.541
590;633;3.811
591;19;3.493
591;23;3.738
591;587;2.973
591;588;3.331
591;594;3.268
591;595;2.996
591;626;3.452
592;94;3.952
592;98;3.969
592;588;3.011
592;589;3.293
592;595;3.275
592;596;2.997
593;589;2.945
593;597;2.962
593;633;3.762
593;663;4.07
593;664;3.556
593;667;3.882
594;590;2.927
594;591;3.268
594;597;3.25
594;598;2.994
594;626;3.719
594;629;3.969
595;94;3.632
595;591;2.996
595;592;3.275
595;599;3.313
596;94;3.688
596;592;2.997
596;599;3.358
596;600;3.024
597;593;2.962
597;594;3.25
597;601;3.005
597;602;2.817
597;623;3.817
598;25;3.244
598;594;2.994
598;602;3.046
598;603;3.152
598;625;3.948
599;91;3.386
599;595;3.313
599;596;3.358
600;87;3.885
600;91;3.831
600;596;3.024
600;603;2.807
601;597;3.005
601;604;3.011
601;605;3.574
601;619;3.501
601;623;4.079
601;657;3.413
601;660;4.002
602;597;2.817
602;598;3.046
602;619;3.748
603;598;3.152
603;600;2.807
604;601;3.011
604;616;4.118
604;619;2.967
605;601;3.574
605;617;3.086
605;619;2.963
605;645;3.814
605;646;3.381
605;653;2.783
605;657;3.508
606;615;2.648
606;616;3.336
606;646;3.679
606;647;2.923
607;610;3.005
607;611;2.867
607;612;2.815
607;613;2.765
608;646;4.143
608;647;2.759
608;649;3.681
609;612;3.895
610;607;3.005
611;607;2.867
612;607;2.815
612;609;3.895
612;1003;3.931
613;607;2.765
614;620;3.56
614;621;3.175
615;606;2.648
616;604;4.118
616;606;3.336
616;620;3.512
617;605;3.086
617;620;3.192
617;621;3.129
617;644;2.858
617;645;3.545
618;621;3.028
618;622;2.843
618;643;3.938
619;601;3.501
619;602;3.748
619;604;2.967
619;605;2.963
619;623;3.67
619;645;3.602
620;614;3.56
620;616;3.512
620;617;3.192
620;624;3.522
621;614;3.175
621;617;3.129
621;618;3.028
621;1043;3.616
622;618;2.843
622;628;3.972
622;631;3.901
622;632;3.843
622;1034;3.453
622;1038;3.675
623;597;3.817
623;601;4.079
623;619;3.67
623;628;3.67
623;632;3.645
623;645;4.062
624;620;3.522
624;1047;2.723
625;25;3.685
625;598;3.948
625;628;2.894
625;629;2.942
625;1050;2.87
626;25;3.281
626;591;3.452
626;594;3.719
626;629;3.443
626;630;2.946
627;630;3.207
627;631;2.99
627;1050;3.672
627;1053;3.832
627;1054;3.623
627;1057;3.946
628;622;3.972
628;623;3.67
628;625;2.894
628;631;3.284
628;632;2.986
628;1053;3.087
629;594;3.969
629;625;2.942
629;626;3.443
629;632;4.029
629;633;2.973
630;590;3.541
630;626;2.946
630;627;3.207
630;633;3.469
630;634;2.972
631;622;3.901
631;627;2.99
631;628;3.284
631;634;3.284
631;635;3.037
631;1057;3.614
632;622;3.843
632;623;3.645
632;628;2.986
632;629;4.029
632;635;3.137
632;636;3.029
632;642;3.845
633;590;3.811
633;593;3.762
633;629;2.973
633;630;3.469
633;636;3.372
633;637;2.98
634;630;2.972
634;631;3.284
634;637;3.082
634;638;3.211
634;1030;3.922
634;1033;3.48
634;1057;3.7
634;1064;3.882
635;631;3.037
635;632;3.137
635;641;2.838
635;1034;3.537
636;632;3.029
636;633;3.372
636;639;3.025
636;642;3.741
636;661;3.465
636;664;3.608
636;665;4.006
637;586;3.9
637;633;2.98
637;634;3.082
637;668;3.81
638;634;3.211
638;1030;3.471
639;636;3.025
639;665;4.011
640;209;3.793
640;1030;3.804
640;1031;2.752
640;1032;2.832
641;204;3.706
641;209;3.421
641;210;3.798
641;635;2.838
641;1035;3.878
642;632;3.845
642;636;3.741
642;645;3.512
642;661;3.339
643;618;3.938
643;1035;3.543
644;617;2.858
645;605;3.814
645;617;3.545
645;619;3.602
645;623;4.062
645;642;3.512
645;654;3.288
645;657;3.449
646;605;3.381
646;606;3.679
646;608;4.143
646;650;3.352
646;654;2.976
647;606;2.923
647;608;2.759
647;654;3.649
648;991;3.369
649;608;3.681
650;646;3.352
650;653;2.781
650;654;3.074
651;655;2.948
652;655;3.298
652;656;3.011
653;605;2.783
653;650;2.781
653;656;3.23
653;657;3.088
654;645;3.288
654;646;2.976
654;647;3.649
654;650;3.074
654;657;3.421
654;658;2.914
655;651;2.948
655;652;3.298
655;658;3.292
655;659;3.016
656;652;3.011
656;653;3.23
656;660;3.37
657;601;3.413
657;605;3.508
657;645;3.449
657;653;3.088
657;654;3.421
657;660;3.402
657;661;2.939
658;200;3.85
658;654;2.914
658;655;3.292
658;661;3.283
658;662;2.96
659;655;3.016
659;662;3.393
659;663;3.02
660;601;4.002
660;656;3.37
660;657;3.402
660;663;3.33
660;664;2.986
661;636;3.465
661;642;3.339
661;657;2.939
661;658;3.283
661;664;3.32
661;665;2.992
662;203;3.488
662;658;2.96
662;659;3.393
662;665;3.414
662;666;3.001
663;593;4.07
663;659;3.02
663;660;3.33
663;666;3.47
663;667;3.005
664;593;3.556
664;636;3.608
664;660;2.986
664;661;3.32
664;668;2.953
665;203;4.02
665;207;3.594
665;636;4.006
665;639;4.011
665;661;2.992
665;662;3.414
665;669;2.926
666;203;3.85
666;662;3.001
666;663;3.47
666;669;3.437
666;670;3.038
667;589;3.698
667;593;3.882
667;663;3.005
667;670;3.423
667;671;2.992
668;637;3.81
668;664;2.953
668;671;3.194
668;672;2.93
669;665;2.926
669;666;3.437
669;672;3.27
669;673;2.976
670;114;3.816
670;666;3.038
670;667;3.423
670;674;3.025
671;667;2.992
671;668;3.194
671;674;3.295
671;675;2.916
672;668;2.93
672;669;3.27
672;675;3.147
672;676;3.064
673;242;3.577
673;243;3.681
673;669;2.976
673;676;3.47
673;677;3.006
674;582;3.448
674;670;3.025
674;671;3.295
674;678;2.913
675;579;3.558
675;582;3.851
675;671;2.916
675;672;3.147
675;678;3.42
675;679;3.112
675;1072;3.371
676;243;3.677
676;247;3.6
676;672;3.064
676;673;3.47
676;679;3.419
676;680;2.935
676;1072;3.614
676;1075;3.742
677;246;3.82
677;247;3.984
677;250;3.652
677;673;3.006
677;681;2.937
678;674;2.913
678;675;3.42
678;682;3.052
679;575;3.718
679;578;3.935
679;675;3.112
679;676;3.419
679;682;3.223
679;683;3.006
679;1072;3.658
679;1073;3.7
679;1076;3.555
680;247;3.505
680;676;2.935
680;684;2.97
680;1076;4.03
680;1079;3.45
681;677;2.937
681;684;3.294
681;685;3.083
682;678;3.052
682;679;3.223
682;685;2.881
683;679;3.006
683;686;2.965
683;687;2.989
683;1076;3.696
683;1080;3.58
684;251;3.919
684;680;2.97
684;681;3.294
684;689;3.646
684;1079;4.027
684;1080;3.636
684;1083;3.149
685;681;3.083
685;682;2.881
686;683;2.965
687;570;2.982
687;683;2.989
687;693;3.845
688;693;3.242
689;684;3.646
689;692;3.739
689;693;2.84
689;1088;2.783
690;692;2.725
690;1083;3.711
690;1087;3.769
690;1088;3.733
691;694;3.696
692;264;3.941
692;265;3.743
692;689;3.739
692;690;2.725
693;687;3.845
693;688;3.242
693;689;2.84
693;695;2.992
694;691;3.696
695;693;2.992
695;698;2.78
696;274;2.95
697;267;3.619
697;268;3.124
697;274;3.711
698;265;3.556
698;267;3.52
698;695;2.78
699;701;3.244
700;705;2.88
701;699;3.244
701;705;2.835
702;705;3.249
702;708;2.884
703;707;2.967
703;1098;3.544
704;706;3.012
705;700;2.88
705;701;2.835
705;702;3.249
706;704;3.012
707;307;3.558
707;703;2.967
707;711;3.803
708;702;2.884
708;712;3.031
709;303;2.852
710;304;3.393
710;315;2.704
711;303;3.496
711;304;3.55
711;306;3.586
711;707;3.803
712;708;3.031
713;308;3.952
713;310;3.097
714;1094;4.008
715;333;3.964
715;723;2.873
716;720;3.53
716;723;3.144
717;341;3.93
717;348;3.776
718;350;3.5
719;1106;2.801
719;1107;2.875
720;716;3.53
720;723;2.924
721;342;3.77
722;342;3.548
722;728;2.722
722;730;2.735
723;715;2.873
723;716;3.144
723;720;2.924
723;725;3.748
724;729;3.508
724;730;2.668
724;1108;3.122
725;723;3.748
725;727;3.894
725;1108;2.97
726;1375;3.794
727;725;3.894
727;729;3.761
728;722;2.722
728;731;3.521
729;724;3.508
729;727;3.761
730;722;2.735
730;724;2.668
730;737;3.883
731;728;3.521
731;736;3.545
732;738;3.21
733;735;2.962
733;736;2.956
733;738;3.24
733;744;3.05
734;744;3.388
734;745;2.861
734;746;3.568
734;747;3.037
734;749;2.807
735;733;2.962
735;740;2.798
735;741;3.638
735;743;3.279
735;744;3.853
736;731;3.545
736;733;2.956
736;740;3.841
737;730;3.883
737;740;2.858
738;732;3.21
738;733;3.24
739;742;2.97
740;735;2.798
740;736;3.841
740;737;2.858
741;735;3.638
741;744;2.807
742;739;2.97
743;735;3.279
744;733;3.05
744;734;3.388
744;735;3.853
744;741;2.807
745;734;2.861
746;734;3.568
747;734;3.037
748;750;2.682
749;734;2.807
750;748;2.682
751;756;3.589
751;758;3.787
751;759;2.888
752;755;3.139
752;756;2.905
752;760;3.837
752;761;3.174
753;760;3.311
753;761;2.749
754;763;3.004
755;752;3.139
756;751;3.589
756;752;2.905
757;768;2.987
757;769;3.798
757;770;3.875
757;771;2.844
758;751;3.787
759;751;2.888
760;752;3.837
760;753;3.311
761;752;3.174
761;753;2.749
762;766;3.755
763;754;3.004
763;767;3.607
764;765;2.966
764;767;4.028
765;764;2.966
766;762;3.755
767;763;3.607
767;764;4.028
768;757;2.987
769;757;3.798
769;772;3.837
770;757;3.875
771;757;2.844
771;773;3.315
772;769;3.837
773;771;3.315
774;776;2.805
774;778;2.809
775;795;3.789
775;796;3.872
776;774;2.805
776;795;3.988
777;783;2.753
778;774;2.809
779;782;3.004
780;788;3.628
781;784;3.171
782;779;3.004
782;785;2.858
783;777;2.753
783;786;2.908
783;787;2.941
784;781;3.171
785;782;2.858
786;783;2.908
787;783;2.941
787;790;2.956
788;780;3.628
789;791;4.038
790;787;2.956
790;797;3.487
791;789;4.038
792;793;3.583
793;792;3.583
794;796;3.003
795;775;3.789
795;776;3.988
796;775;3.872
796;794;3.003
797;790;3.487
798;799;2.871
798;800;2.77
799;798;2.871
799;801;3.639
800;798;2.77
801;799;3.639
802;811;3.191
803;811;3.536
804;810;3.98
805;807;4.012
805;808;3.102
805;809;3.002
806;810;3.586
807;805;4.012
808;805;3.102
809;805;3.002
810;804;3.98
810;806;3.586
811;802;3.191
811;803;3.536
812;813;3.03
812;814;3.838
813;812;3.03
814;812;3.838
815;817;2.662
815;818;2.963
816;817;2.755
817;815;2.662
817;816;2.755
818;815;2.963
819;821;2.725
820;320;2.776
820;823;3.819
821;819;2.725
822;828;2.88
823;820;3.819
823;828;3.504
824;320;3.139
824;827;3.002
825;827;3.017
825;884;2.796
826;831;3.816
826;877;4.003
826;880;3.522
826;881;3.736
827;824;3.002
827;825;3.017
828;822;2.88
828;823;3.504
828;831;2.877
828;832;2.924
829;833;3.04
830;834;2.922
831;826;3.816
831;828;2.877
831;834;3.278
831;835;2.968
832;828;2.924
832;835;3.39
832;836;3.132
832;940;3.29
833;829;3.04
833;836;3.452
833;837;2.987
834;830;2.922
834;831;3.278
834;837;3.334
834;838;2.913
835;831;2.968
835;832;3.39
835;838;3.353
835;839;2.944
835;874;3.763
835;877;3.682
836;832;3.132
836;833;3.452
836;839;3.411
836;840;2.963
836;940;3.556
837;833;2.987
837;834;3.334
837;840;3.217
837;841;2.975
838;834;2.913
838;835;3.353
838;842;2.945
838;874;3.951
839;835;2.944
839;836;3.411
839;843;2.901
839;870;3.974
839;874;3.455
839;933;3.716
839;937;3.731
840;836;2.963
840;837;3.217
840;843;3.145
840;844;2.983
841;837;2.975
841;844;3.142
841;845;2.992
842;838;2.945
842;845;3.493
842;846;2.933
842;933;3.617
843;839;2.901
843;840;3.145
843;846;3.496
843;847;2.981
844;840;2.983
844;841;3.142
844;847;3.378
844;848;2.979
845;841;2.992
845;842;3.493
845;848;3.036
846;842;2.933
846;843;3.496
846;931;3.888
847;843;2.981
847;844;3.378
847;851;3.681
847;1270;3.822
848;844;2.979
848;845;3.036
848;851;3.074
848;852;3.012
848;855;3.57
848;859;3.712
848;863;3.829
849;856;2.769
849;924;2.779
850;853;3.366
850;856;2.661
850;1273;3.333
850;1327;3.062
851;847;3.681
851;848;3.074
851;1293;3.758
852;848;3.012
852;855;2.961
852;856;3.026
853;850;3.366
853;856;3.225
853;857;3.018
853;1328;4.01
854;857;2.637
855;848;3.57
855;852;2.961
855;858;3.303
855;859;2.965
856;849;2.769
856;850;2.661
856;852;3.026
856;853;3.225
856;860;3.028
856;1326;3.896
857;853;3.018
857;854;2.637
857;1328;3.468
858;855;3.303
859;848;3.712
859;855;2.965
859;862;3.111
859;863;3.03
860;856;3.028
860;864;2.757
861;865;3.023
862;859;3.111
862;865;3.359
862;866;2.983
863;848;3.829
863;859;3.03
863;866;3.025
863;867;3.272
864;860;2.757
864;867;3.018
864;868;3.036
864;924;2.858
864;927;3.768
865;861;3.023
865;862;3.359
865;868;2.913
865;869;2.951
866;862;2.983
866;863;3.025
866;869;3.495
866;870;2.922
867;863;3.272
867;864;3.018
867;871;3.012
867;930;3.853
868;864;3.036
868;865;2.913
868;871;3.345
868;872;3.036
869;865;2.951
869;866;3.495
869;873;2.979
870;839;3.974
870;866;2.922
870;873;3.263
870;874;2.944
870;930;4.024
870;933;3.597
871;867;3.012
871;868;3.345
871;875;2.977
871;930;3.965
872;868;3.036
872;876;3.035
873;869;2.979
873;870;3.263
873;877;2.938
874;835;3.763
874;838;3.951
874;839;3.455
874;870;2.944
874;878;3.005
874;936;3.65
875;871;2.977
875;878;3.175
875;879;2.965
875;903;3.859
875;907;3.662
876;872;3.035
876;879;3.311
876;880;2.965
877;826;4.003
877;835;3.682
877;873;2.938
877;880;3.386
877;881;2.682
877;936;3.608
878;874;3.005
878;875;3.175
878;882;2.962
878;900;3.784
879;875;2.965
879;876;3.311
879;882;3.446
879;883;2.998
880;826;3.522
880;876;2.965
880;877;3.386
880;884;2.997
881;826;3.736
881;877;2.682
881;884;3.481
881;885;3.057
881;890;3.799
881;896;3.919
881;899;2.666
882;878;2.962
882;879;3.446
882;885;3.007
882;886;2.918
882;887;3.76
882;890;6.378
882;891;3.695
883;879;2.998
884;825;2.796
884;880;2.997
884;881;3.481
885;881;3.057
885;882;3.007
885;889;2.849
885;893;3.764
885;896;3.644
886;882;2.918
886;890;2.983
887;882;3.76
887;891;2.997
888;891;2.823
888;892;3.488
889;885;2.849
890;881;3.799
890;882;6.378
890;886;2.983
890;893;3.039
890;896;3.669
890;900;3.78
891;882;3.695
891;887;2.997
891;888;2.823
891;897;3.601
891;900;3.698
892;888;3.488
893;885;3.764
893;890;3.039
893;896;3.086
893;897;2.944
894;897;3.456
894;898;2.971
895;898;3.351
895;899;2.993
895;939;3.086
895;948;3.823
896;881;3.919
896;885;3.644
896;890;3.669
896;893;3.086
896;899;3.142
896;900;2.982
897;891;3.601
897;893;2.944
897;894;3.456
897;901;2.978
898;894;2.971
898;895;3.351
898;901;3.196
899;881;2.666
899;895;2.993
899;896;3.142
899;936;2.923
899;939;2.748
900;878;3.784
900;890;3.78
900;891;3.698
900;896;2.982
900;903;3.021
900;904;2.954
901;897;2.978
901;898;3.196
901;905;3.025
902;932;4.015
902;936;3.736
903;875;3.859
903;900;3.021
903;906;3.045
903;907;3.085
904;900;2.954
904;907;2.885
904;908;2.898
905;901;3.025
905;909;2.971
905;929;3.631
906;903;3.045
906;909;4.025
906;910;3.049
906;930;2.88
907;875;3.662
907;903;3.085
907;904;2.885
907;910;3.361
907;911;2.981
908;904;2.898
908;911;3.192
908;912;2.993
909;905;2.971
909;906;4.025
909;912;3.462
909;913;2.987
910;906;3.049
910;907;3.361
910;913;3.276
910;914;2.981
910;923;3.774
911;907;2.981
911;908;3.192
911;914;3.183
911;915;2.935
912;908;2.993
912;909;3.462
912;915;3.157
912;916;2.966
913;909;2.987
913;910;3.276
913;918;3.04
913;922;3.285
913;923;3.354
913;926;3.653
914;910;2.981
914;911;3.183
914;917;3.002
915;911;2.935
915;912;3.157
916;912;2.966
917;914;3.002
918;913;3.04
919;922;3.77
919;923;3.168
920;923;3.467
920;924;3.006
921;924;2.732
921;925;3.195
922;913;3.285
922;919;3.77
922;925;3.362
922;926;2.992
923;910;3.774
923;913;3.354
923;919;3.168
923;920;3.467
923;927;2.973
924;849;2.779
924;864;2.858
924;920;3.006
924;921;2.732
924;927;3.725
924;1325;3.936
925;921;3.195
925;922;3.362
925;928;3.058
925;1275;3.89
925;1322;3.019
925;1323;3.669
925;1324;3.127
926;913;3.653
926;922;2.992
927;864;3.768
927;923;2.973
927;924;3.725
927;930;2.741
928;925;3.058
928;931;2.751
928;932;3.29
928;1271;3.579
929;905;3.631
929;932;2.987
930;867;3.853
930;870;4.024
930;871;3.965
930;906;2.88
930;927;2.741
930;933;2.848
931;846;3.888
931;928;2.751
932;902;4.015
932;928;3.29
932;929;2.987
932;935;2.933
932;936;3.0
932;1267;3.823
933;839;3.716
933;842;3.617
933;870;3.597
933;930;2.848
933;936;2.976
933;937;3.149
934;937;3.037
934;1267;3.627
935;932;2.933
935;938;2.776
935;1267;3.8
936;874;3.65
936;877;3.608
936;899;2.923
936;902;3.736
936;932;3.0
936;933;2.976
936;939;2.901
937;839;3.731
937;933;3.149
937;934;3.037
937;940;3.007
937;941;2.897
938;935;2.776
938;941;3.129
938;944;3.501
938;948;3.661
939;895;3.086
939;899;2.748
939;936;2.901
939;945;2.892
940;832;3.29
940;836;3.556
940;937;3.007
940;945;3.866
941;937;2.897
941;938;3.129
941;944;3.454
941;945;3.003
942;330;3.435
942;945;3.707
943;946;3.034
943;947;2.925
944;938;3.501
944;941;3.454
944;947;3.362
944;948;3.006
944;1256;3.459
944;1259;3.957
944;1260;3.954
945;939;2.892
945;940;3.866
945;941;3.003
945;942;3.707
945;949;2.99
946;330;3.674
946;331;3.988
946;943;3.034
946;949;3.213
946;950;2.922
947;943;2.925
947;944;3.362
947;950;3.175
947;951;2.988
947;1256;3.855
947;1260;3.908
948;895;3.823
948;938;3.661
948;944;3.006
948;951;3.394
948;952;2.989
949;945;2.99
949;946;3.213
949;953;2.943
950;946;2.922
950;947;3.175
950;953;3.114
950;954;3.027
951;947;2.988
951;948;3.394
951;954;3.029
