source;destination;distance
0;3;2.782
1;47;3.591
2;7;3.594
2;48;3.68
3;0;2.782
4;7;3.232
4;8;2.973
5;9;2.974
6;10;2.975
7;2;3.594
7;4;3.232
7;10;3.114
7;11;2.968
7;43;4.015
7;47;3.746
8;4;2.973
8;11;3.489
8;12;2.987
9;5;2.974
9;13;2.924
10;6;2.975
10;7;3.114
10;14;2.947
11;7;2.968
11;8;3.489
11;14;3.418
11;15;3.017
11;44;3.592
12;8;2.987
12;16;2.981
13;9;2.924
13;16;3.372
13;17;2.938
14;10;2.947
14;11;3.418
14;18;3.014
14;37;3.634
14;40;4.026
15;11;3.017
15;19;2.985
15;37;3.757
15;98;3.871
15;99;3.595
16;12;2.981
16;13;3.372
16;19;3.146
16;20;3.087
17;13;2.938
17;20;3.293
17;21;2.977
18;14;3.014
18;22;2.984
18;37;3.168
18;95;3.576
19;15;2.985
19;16;3.146
19;22;3.143
19;96;3.525
19;593;3.54
20;16;3.087
20;17;3.293
21;17;2.977
21;24;2.983
21;30;3.617
21;33;3.404
22;18;2.984
22;19;3.143
22;92;4.002
23;593;3.752
24;21;2.983
24;27;4.006
25;600;3.217
25;627;3.671
25;628;3.297
26;30;3.836
27;24;4.006
27;30;2.85
28;31;2.729
28;32;3.032
29;32;3.309
29;33;2.973
30;21;3.617
30;26;3.836
30;27;2.85
30;33;3.413
30;34;2.999
31;28;2.729
31;34;3.496
31;35;3.004
32;28;3.032
32;29;3.309
32;36;2.991
33;21;3.404
33;29;2.973
33;30;3.413
33;36;3.228
33;37;2.945
34;30;2.999
34;31;3.496
34;37;3.381
34;38;2.935
34;92;2.807
34;95;2.941
35;31;3.004
35;38;3.325
35;39;2.958
35;80;3.921
36;32;2.991
36;33;3.228
36;39;3.347
36;40;2.998
37;14;3.634
37;15;3.757
37;18;3.168
37;33;2.945
37;34;3.381
37;40;2.995
37;41;2.862
37;95;3.394
38;34;2.935
38;35;3.325
38;41;4.003
38;42;2.987
38;79;2.776
39;35;2.958
39;36;3.347
39;42;3.185
39;43;2.98
40;14;4.026
40;36;2.998
40;37;2.995
40;43;3.491
40;44;2.912
41;37;2.862
41;38;4.003
41;45;2.95
41;72;3.456
41;98;3.51
42;38;2.987
42;39;3.185
42;45;3.308
42;46;2.969
43;7;4.015
43;39;2.98
43;40;3.491
43;46;3.386
43;47;3.055
44;11;3.592
44;40;2.912
44;47;3.263
44;48;2.838
44;98;2.653
45;41;2.95
45;42;3.308
45;49;2.986
45;55;3.972
45;72;3.932
46;42;2.969
46;43;3.386
46;50;3.067
47;1;3.591
47;7;3.746
47;43;3.055
47;44;3.263
48;2;3.68
48;44;2.838
48;65;3.226
48;68;2.671
49;45;2.986
49;55;4.018
49;58;3.834
49;65;3.653
50;46;3.067
50;52;3.076
50;54;3.624
51;54;3.625
51;57;3.452
52;50;3.076
52;55;2.989
53;56;2.987
54;50;3.624
54;51;3.625
54;57;2.989
55;45;3.972
55;49;4.018
55;52;2.989
55;58;3.037
55;69;3.905
56;53;2.987
56;59;3.014
57;51;3.452
57;54;2.989
57;60;3.043
58;49;3.834
58;55;3.037
58;61;2.969
58;62;3.782
58;65;3.515
58;66;4.004
58;69;3.783
59;56;3.014
60;57;3.043
61;58;2.969
62;58;3.782
62;66;2.925
63;66;3.454
63;67;3.031
64;67;3.036
64;68;3.053
64;101;3.366
64;107;3.287
64;110;3.821
65;48;3.226
65;49;3.653
65;58;3.515
65;68;3.867
65;69;2.977
66;58;4.004
66;62;2.925
66;63;3.454
66;69;3.413
66;70;2.947
67;63;3.031
67;64;3.036
67;71;3.001
67;100;3.907
68;48;2.671
68;64;3.053
68;65;3.867
68;71;3.381
68;72;2.92
68;98;3.109
68;101;2.798
69;55;3.905
69;58;3.783
69;65;2.977
69;66;3.413
69;72;3.203
69;73;2.981
70;66;2.947
70;73;3.434
70;74;2.986
71;67;3.001
71;68;3.381
71;75;2.926
71;94;3.558
72;41;3.456
72;45;3.932
72;68;2.92
72;69;3.203
72;75;3.481
72;76;2.912
73;69;2.981
73;70;3.434
73;76;3.336
73;77;3.01
74;70;2.986
74;77;3.453
74;78;2.982
74;88;3.608
74;91;3.334
75;71;2.926
75;72;3.481
75;78;2.993
75;79;2.868
76;72;2.912
76;73;3.336
76;80;2.971
77;73;3.01
77;74;3.453
77;81;3.005
78;74;2.982
78;75;2.993
78;82;3.938
78;88;2.748
79;38;2.776
79;75;2.868
79;95;3.552
80;35;3.921
80;76;2.971
81;77;3.005
81;83;2.985
82;78;3.938
82;89;2.942
82;92;3.619
83;81;2.985
84;88;3.499
85;88;3.122
86;89;2.929
86;90;3.179
86;602;3.907
87;90;3.1
88;74;3.608
88;78;2.748
88;84;3.499
88;85;3.122
88;91;2.999
89;82;2.942
89;86;2.929
90;86;3.179
90;87;3.1
90;93;2.994
90;601;3.43
90;602;3.863
91;74;3.334
91;88;2.999
91;94;2.868
92;22;4.002
92;34;2.807
92;82;3.619
92;95;2.878
93;90;2.994
93;96;2.954
93;594;4.017
93;597;3.587
93;598;3.675
94;71;3.558
94;91;2.868
94;97;3.068
94;98;3.025
95;18;3.576
95;34;2.941
95;37;3.394
95;79;3.552
95;92;2.878
96;19;3.525
96;93;2.954
96;99;3.037
97;94;3.068
97;100;2.925
97;594;3.909
98;15;3.871
98;41;3.51
98;44;2.653
98;68;3.109
98;94;3.025
98;101;2.942
99;15;3.595
99;96;3.037
99;102;2.989
99;103;2.962
99;106;3.592
99;590;3.534
100;67;3.907
100;97;2.925
100;110;3.899
101;64;3.366
101;68;2.798
101;98;2.942
101;107;2.827
102;99;2.989
103;99;2.962
103;106;3.096
103;107;2.998
104;107;3.334
104;108;2.949
105;109;3.135
105;583;3.44
106;99;3.592
106;103;3.096
106;109;3.404
106;110;3.005
106;587;3.724
107;64;3.287
107;101;2.827
107;103;2.998
107;104;3.334
107;110;3.459
107;111;2.978
108;104;2.949
108;111;3.228
108;112;3.039
109;105;3.135
109;106;3.404
109;112;3.089
109;113;3.001
109;583;3.334
110;64;3.821
110;100;3.899
110;106;3.005
110;107;3.459
110;113;3.244
110;114;3.043
111;107;2.978
111;108;3.228
111;114;3.47
111;115;3.01
112;108;3.039
112;109;3.089
112;115;3.221
112;116;3.053
113;109;3.001
113;110;3.244
113;116;2.984
113;117;3.231
113;672;3.778
114;110;3.043
114;111;3.47
114;117;3.002
115;111;3.01
115;112;3.221
115;118;2.77
115;254;3.858
116;112;3.053
116;113;2.984
116;119;3.059
116;120;3.016
116;254;4.044
117;113;3.231
117;114;3.002
117;121;3.015
118;115;2.77
118;121;3.474
118;258;2.719
119;116;3.059
119;122;3.434
119;254;3.837
119;257;2.655
119;258;2.848
120;116;3.016
120;123;3.359
120;124;2.934
120;251;3.979
121;117;3.015
121;118;3.474
121;125;2.982
122;119;3.434
122;125;3.182
122;126;3.09
122;1261;3.443
122;1262;2.926
123;120;3.359
123;126;3.431
123;127;3.163
123;243;3.617
123;1265;3.995
124;120;2.934
124;127;3.387
124;128;2.917
125;121;2.982
125;122;3.182
125;128;3.349
125;129;2.982
126;122;3.09
126;123;3.431
126;130;2.962
126;1256;4.012
126;1262;3.981
126;1265;3.803
127;123;3.163
127;124;3.387
127;130;3.313
127;131;2.89
127;243;3.425
128;124;2.917
128;125;3.349
128;131;3.479
128;132;3.012
129;125;2.982
129;132;3.448
129;133;2.939
129;1163;4.147
129;1252;3.684
129;1255;3.407
129;1256;3.82
130;126;2.962
130;127;3.313
130;133;3.47
130;134;2.87
131;127;2.89
131;128;3.479
131;135;2.971
131;203;3.734
131;206;4.01
132;128;3.012
132;129;3.448
132;135;3.196
132;136;3.005
133;129;2.939
133;130;3.47
133;136;3.204
133;137;2.973
133;1163;3.735
133;1252;3.763
134;130;2.87
134;138;2.942
134;206;3.588
134;232;3.708
134;236;3.791
134;239;3.658
135;131;2.971
135;132;3.196
135;139;2.943
135;199;3.751
135;203;3.913
136;132;3.005
136;133;3.204
136;139;3.19
136;140;3.118
136;1249;3.801
137;133;2.973
137;140;3.169
137;141;3.46
137;232;3.555
137;1246;3.656
137;1249;3.901
138;134;2.942
138;141;3.452
138;142;2.957
138;196;3.525
139;135;2.943
139;136;3.19
139;143;3.703
139;197;3.984
139;198;3.549
139;199;3.9
140;136;3.118
140;137;3.169
140;1246;3.601
140;1249;3.389
141;137;3.46
141;138;3.452
141;1242;3.699
141;1246;3.473
142;138;2.957
142;219;3.077
142;229;3.423
142;232;3.582
142;233;3.674
143;139;3.703
143;197;3.774
144;149;2.727
144;192;2.963
145;186;3.032
145;190;3.617
145;192;3.079
146;149;2.946
146;150;3.751
146;190;2.824
147;190;2.936
147;193;3.442
147;197;2.645
148;153;3.709
149;144;2.727
149;146;2.946
149;187;2.83
150;146;3.751
150;183;3.8
151;183;3.775
152;181;2.824
153;148;3.709
154;157;3.749
155;157;3.575
156;159;3.908
156;178;3.86
157;154;3.749
157;155;3.575
158;168;3.702
158;177;3.482
159;156;3.908
160;167;3.092
160;168;3.616
161;163;3.434
162;164;3.454
162;166;3.898
163;161;3.434
164;162;3.454
165;167;2.979
165;174;3.076
166;162;3.898
166;170;3.879
167;160;3.092
167;165;2.979
167;169;2.724
167;178;3.434
168;158;3.702
168;160;3.616
169;167;2.724
169;174;3.462
169;176;2.742
170;166;3.879
170;172;3.858
171;174;3.509
172;170;3.858
173;175;3.059
174;165;3.076
174;169;3.462
174;171;3.509
175;173;3.059
175;179;3.988
175;180;3.801
176;169;2.742
177;158;3.482
178;156;3.86
178;167;3.434
179;175;3.988
180;175;3.801
181;152;2.824
182;1015;4.112
182;1017;3.701
183;150;3.8
183;151;3.775
184;187;3.717
185;187;2.93
186;145;3.032
187;149;2.83
187;184;3.717
187;185;2.93
188;191;3.134
189;1014;2.668
189;1016;3.441
190;145;3.617
190;146;2.824
190;147;2.936
190;193;3.046
191;188;3.134
191;222;3.498
191;223;3.968
192;144;2.963
192;145;3.079
193;147;3.442
193;190;3.046
193;196;3.01
193;197;3.015
193;201;3.598
194;201;3.186
195;201;3.459
195;219;3.465
196;138;3.525
196;193;3.01
196;202;3.363
196;205;3.592
196;219;3.185
196;233;6.2
197;139;3.984
197;143;3.774
197;147;2.645
197;193;3.015
198;139;3.549
198;201;2.777
198;202;2.985
199;135;3.751
199;139;3.9
199;202;3.495
199;203;2.952
200;204;2.989
201;193;3.598
201;194;3.186
201;195;3.459
201;198;2.777
201;204;3.348
201;205;2.965
202;196;3.363
202;198;2.985
202;199;3.495
202;205;3.231
202;206;2.951
203;131;3.734
203;135;3.913
203;199;2.952
203;207;2.934
204;200;2.989
204;201;3.348
204;207;3.062
204;208;2.971
204;660;3.825
205;196;3.592
205;201;2.965
205;202;3.231
205;208;3.293
205;209;2.935
206;131;4.01
206;134;3.588
206;202;2.951
206;209;3.893
206;210;2.957
207;203;2.934
207;204;3.062
207;210;3.248
207;211;2.953
207;664;3.448
207;668;3.887
208;204;2.971
208;205;3.293
208;212;2.964
208;213;2.848
208;214;3.898
208;643;3.619
209;205;2.935
209;206;3.893
209;212;3.087
209;215;3.595
209;233;3.927
209;236;3.803
209;237;3.763
210;206;2.957
210;207;3.248
211;207;2.953
211;667;3.622
212;208;2.964
212;209;3.087
212;1327;3.14
212;1329;3.021
213;208;2.848
213;642;3.799
213;643;3.415
214;208;3.898
214;217;3.215
214;218;3.013
214;643;5.941
214;1334;3.721
215;209;3.595
215;219;3.059
215;220;3.178
215;234;3.876
215;237;3.353
215;1320;3.688
215;1323;3.615
215;1324;3.478
216;220;3.118
216;221;3.022
216;1320;3.856
216;1324;3.818
216;1359;3.485
216;1360;2.792
216;1361;3.263
217;214;3.215
217;1334;3.7
217;1361;3.341
218;214;3.013
218;221;3.062
219;142;3.077
219;195;3.465
219;196;3.185
219;215;3.059
219;229;2.853
220;215;3.178
220;216;3.118
220;223;2.942
220;230;3.375
220;1320;3.148
220;1359;3.505
221;216;3.022
221;218;3.062
221;1310;3.873
221;1359;3.336
222;191;3.498
223;191;3.968
223;220;2.942
223;225;2.933
223;226;3.111
223;229;3.589
224;226;3.05
224;1317;3.618
224;1354;3.494
224;1355;2.886
224;1358;3.464
225;223;2.933
225;229;3.011
226;223;3.111
226;224;3.05
226;229;2.976
226;230;2.939
226;1356;3.783
226;1357;3.744
227;230;3.647
227;231;2.921
227;1354;2.82
227;1356;2.781
228;1239;3.725
228;1242;3.818
228;1243;3.275
228;1356;2.959
229;142;3.423
229;219;2.853
229;223;3.589
229;225;3.011
229;226;2.976
229;232;3.025
229;233;3.29
230;220;3.375
230;226;2.939
230;227;3.647
230;233;3.273
230;234;2.942
230;1320;3.485
230;1357;3.968
230;1358;3.982
231;227;2.921
231;235;2.979
232;134;3.708
232;137;3.555
232;142;3.582
232;229;3.025
232;235;3.139
232;236;2.971
233;142;3.674
233;196;6.2
233;209;3.927
233;229;3.29
233;230;3.273
233;236;3.257
233;237;2.986
234;215;3.876
234;230;2.942
234;237;3.188
234;238;2.973
234;1323;3.952
235;231;2.979
235;232;3.139
235;239;2.934
236;134;3.791
236;209;3.803
236;232;2.971
236;233;3.257
236;240;2.903
237;209;3.763
237;215;3.353
237;233;2.986
237;234;3.188
237;240;3.489
237;241;2.943
237;1323;3.435
238;234;2.973
238;242;2.96
238;1323;3.438
239;134;3.658
239;235;2.934
239;243;2.907
240;236;2.903
240;237;3.489
240;244;2.935
241;237;2.943
241;244;3.442
241;245;2.979
242;238;2.96
242;245;3.387
242;246;2.933
242;1269;3.69
242;1276;3.625
243;123;3.617
243;127;3.425
243;239;2.907
243;246;3.197
243;247;2.881
244;240;2.935
244;241;3.442
244;247;3.34
244;248;2.961
245;241;2.979
245;242;3.387
245;248;3.819
245;249;2.991
245;1387;3.752
246;242;2.933
246;243;3.197
246;249;3.624
246;250;2.9
246;1265;3.154
246;1268;3.773
247;243;2.881
247;244;3.34
247;250;3.135
247;251;2.948
247;675;3.602
248;244;2.961
248;245;3.819
248;252;3.084
248;675;3.73
248;678;3.666
248;1384;3.524
249;245;2.991
249;246;3.624
249;253;2.931
249;1387;3.969
249;1388;3.943
249;1391;3.494
250;246;2.9
250;247;3.135
250;254;2.931
251;120;3.979
251;247;2.948
251;254;3.274
251;255;3.086
251;679;3.804
252;248;3.084
252;255;3.268
252;256;3.096
252;678;3.694
252;679;3.959
252;682;3.445
252;1388;3.48
253;249;2.931
253;257;2.879
253;1392;3.82
254;115;3.858
254;116;4.044
254;119;3.837
254;250;2.931
254;251;3.274
254;257;4.01
254;258;2.995
255;251;3.086
255;252;3.268
255;258;3.459
255;259;3.056
255;679;3.681
256;252;3.096
256;259;3.446
256;260;2.922
256;686;3.977
256;1106;6.347
256;1392;3.634
257;119;2.655
257;253;2.879
257;254;4.01
257;260;3.023
257;261;3.34
258;118;2.719
258;119;2.848
258;254;2.995
258;255;3.459
258;268;2.916
259;255;3.056
259;256;3.446
259;267;3.997
259;268;3.211
259;269;3.022
260;256;2.922
260;257;3.023
260;267;3.46
260;269;3.457
260;271;3.078
261;257;3.34
261;266;2.859
261;267;2.794
262;694;3.927
263;265;3.359
264;271;3.475
264;273;3.85
264;698;3.846
265;263;3.359
265;267;3.85
266;261;2.859
267;259;3.997
267;260;3.46
267;261;2.794
267;265;3.85
268;258;2.916
268;259;3.211
269;259;3.022
269;260;3.457
269;271;3.788
270;272;3.118
271;260;3.078
271;264;3.475
271;269;3.788
271;273;3.004
272;270;3.118
272;275;3.018
273;264;3.85
273;271;3.004
273;693;3.848
273;697;3.762
273;699;3.507
274;276;2.942
274;278;3.347
274;279;3.452
274;282;3.673
275;272;3.018
276;274;2.942
276;279;2.95
276;293;4.002
277;280;3.162
277;288;2.766
277;289;2.797
277;290;3.649
277;702;2.835
278;274;3.347
278;281;3.004
278;282;2.637
278;699;2.629
278;700;3.489
279;274;3.452
279;276;2.95
279;282;3.013
280;277;3.162
280;292;3.395
281;278;3.004
281;287;3.174
281;288;3.517
281;289;3.123
281;290;2.744
282;274;3.673
282;278;2.637
282;279;3.013
282;700;2.964
283;286;3.421
284;717;3.882
285;725;2.752
286;283;3.421
286;725;3.17
287;281;3.174
288;277;2.766
288;281;3.517
288;700;3.788
288;702;3.379
288;703;2.979
289;277;2.797
289;281;3.123
289;703;3.071
290;277;3.649
290;281;2.744
291;304;2.746
292;280;3.395
293;276;4.002
294;689;2.897
294;1103;3.521
294;1107;3.764
295;1104;3.226
295;1107;3.578
295;1108;3.92
296;303;3.103
297;299;3.669
297;303;3.738
298;302;2.669
299;297;3.669
299;977;3.761
300;973;3.363
301;302;3.652
302;298;2.669
302;301;3.652
303;296;3.103
303;297;3.738
303;305;3.26
304;291;2.746
305;303;3.26
305;310;2.841
306;307;3.009
306;310;4.039
307;306;3.009
307;310;3.884
307;317;3.681
308;318;2.926
309;311;2.975
310;305;2.841
310;306;4.039
310;307;3.884
311;309;2.975
312;315;2.897
312;316;2.68
312;318;2.769
312;320;2.618
313;316;2.79
313;321;3.898
314;321;3.183
315;312;2.897
315;318;3.001
315;319;2.794
315;321;2.735
316;312;2.68
316;313;2.79
317;307;3.681
318;308;2.926
318;312;2.769
318;315;3.001
319;315;2.794
320;312;2.618
320;323;3.028
321;313;3.898
321;314;3.183
321;315;2.735
322;324;3.897
322;325;3.982
323;320;3.028
324;322;3.897
325;322;3.982
325;327;4.036
326;328;2.811
327;325;4.036
328;326;2.811
329;440;3.415
329;441;2.815
329;442;3.823
330;435;3.075
330;438;3.374
331;435;2.935
332;435;2.791
333;435;2.653
334;337;4.021
335;342;2.882
336;340;2.956
336;341;3.374
336;342;3.08
337;334;4.021
338;385;3.959
339;343;3.429
340;336;2.956
341;336;3.374
341;348;3.725
342;335;2.882
342;336;3.08
342;346;3.688
342;347;3.799
343;339;3.429
343;422;3.243
344;346;3.047
344;348;3.735
345;431;3.909
346;342;3.688
346;344;3.047
346;433;3.101
346;434;3.361
346;436;2.634
347;342;3.799
348;341;3.725
348;344;3.735
349;354;3.604
349;355;2.88
350;353;3.072
350;355;3.039
351;355;4.004
351;356;2.966
352;366;4.005
352;367;3.691
353;350;3.072
354;349;3.604
355;349;2.88
355;350;3.039
355;351;4.004
356;351;2.966
356;358;3.024
357;361;3.771
358;356;3.024
358;361;2.993
358;367;3.822
359;362;3.013
360;363;3.024
360;364;3.014
360;367;3.556
361;357;3.771
361;358;2.993
361;364;3.382
361;365;3.414
362;359;3.013
363;360;3.024
363;368;2.99
364;360;3.014
364;361;3.382
365;361;3.414
366;352;4.005
367;352;3.691
367;358;3.822
367;360;3.556
368;363;2.99
369;371;3.843
369;374;3.614
369;387;3.661
370;388;3.305
371;369;3.843
371;387;3.942
371;388;3.83
372;389;2.831
372;394;3.436
373;376;2.959
374;369;3.614
375;377;2.985
375;378;3.31
375;379;2.848
376;373;2.959
377;375;2.985
378;375;3.31
379;375;2.848
379;382;3.918
379;383;2.778
380;382;3.165
381;384;2.976
382;379;3.918
382;380;3.165
383;379;2.778
384;381;2.976
385;338;3.959
386;391;3.536
387;369;3.661
387;371;3.942
387;390;3.0
388;370;3.305
388;371;3.83
389;372;2.831
389;392;2.942
389;393;3.131
389;394;3.914
390;387;3.0
391;386;3.536
392;389;2.942
393;389;3.131
394;372;3.436
394;389;3.914
395;396;2.765
396;395;2.765
397;398;2.824
397;404;3.679
398;397;2.824
398;403;3.056
399;402;2.787
399;403;3.785
400;403;3.732
401;403;3.005
402;399;2.787
403;398;3.056
403;399;3.785
403;400;3.732
403;401;3.005
404;397;3.679
404;405;3.089
405;404;3.089
406;408;2.883
407;409;2.953
408;406;2.883
409;407;2.953
409;410;3.033
410;409;3.033
411;413;3.8
412;438;2.681
413;411;3.8
414;415;3.295
415;414;3.295
415;416;3.075
416;415;3.075
416;418;3.084
417;419;3.0
418;416;3.084
419;417;3.0
420;421;3.828
421;420;3.828
422;343;3.243
423;426;3.513
423;430;3.636
424;426;2.949
425;426;3.462
426;423;3.513
426;424;2.949
426;425;3.462
426;429;3.0
426;430;3.053
427;430;2.924
428;431;3.649
429;426;3.0
430;423;3.636
430;426;3.053
430;427;2.924
431;345;3.909
431;428;3.649
432;436;3.856
433;346;3.101
434;346;3.361
435;330;3.075
435;331;2.935
435;332;2.791
435;333;2.653
436;346;2.634
436;432;3.856
437;440;3.766
438;330;3.374
438;412;2.681
438;440;3.087
439;446;2.849
440;329;3.415
440;437;3.766
440;438;3.087
441;329;2.815
441;446;3.482
442;329;3.823
443;445;3.025
444;446;2.973
444;447;3.243
444;448;3.946
445;443;3.025
446;439;2.849
446;441;3.482
446;444;2.973
447;444;3.243
448;444;3.946
449;450;3.76
450;449;3.76
451;453;2.825
452;454;3.276
453;451;2.825
454;452;3.276
454;456;3.0
454;458;3.432
454;461;3.018
454;462;2.763
455;457;3.949
455;458;3.8
455;514;3.477
455;515;2.77
456;454;3.0
457;455;3.949
457;514;3.683
457;515;3.946
458;454;3.432
458;455;3.8
458;461;2.975
458;462;3.099
459;462;2.989
460;511;3.648
461;454;3.018
461;458;2.975
461;516;3.985
462;454;2.763
462;458;3.099
462;459;2.989
462;465;2.996
462;466;3.173
463;467;2.956
464;468;2.96
465;462;2.996
465;468;3.215
465;469;3.013
466;462;3.173
466;469;3.417
466;470;2.936
466;563;2.687
466;564;4.033
467;463;2.956
467;470;3.201
467;471;2.973
468;464;2.96
468;465;3.215
468;472;3.056
469;465;3.013
469;466;3.417
469;472;3.31
469;473;2.978
469;504;4.04
469;508;3.836
469;560;3.922
470;466;2.936
470;467;3.201
470;473;3.028
470;474;3.086
470;564;2.734
470;565;3.599
471;467;2.973
471;474;3.471
471;475;3.007
472;468;3.056
472;469;3.31
472;476;2.985
472;501;3.664
473;469;2.978
473;470;3.028
473;476;3.088
473;477;3.07
473;505;3.312
473;558;3.875
473;560;3.862
473;561;3.83
474;470;3.086
474;471;3.471
474;477;3.12
474;478;3.437
474;561;3.828
475;471;3.007
475;478;3.29
475;479;3.022
476;472;2.985
476;473;3.088
476;479;3.278
476;480;3.003
476;501;3.157
476;557;3.083
477;473;3.07
477;474;3.12
477;481;3.057
477;558;3.65
477;991;3.914
478;474;3.437
478;475;3.29
478;481;3.288
478;482;2.981
479;475;3.022
479;476;3.278
479;482;3.161
479;483;2.953
479;494;3.554
480;476;3.003
480;483;3.032
480;557;3.794
480;558;3.685
480;995;4.033
481;477;3.057
481;478;3.288
482;478;2.981
482;479;3.161
482;486;3.673
483;479;2.953
483;480;3.032
483;487;2.95
483;494;4.0
483;498;3.414
484;487;2.959
484;1038;3.221
484;1039;3.031
485;488;2.966
485;489;3.024
486;482;3.673
486;490;3.03
487;483;2.95
487;484;2.959
487;491;2.785
488;485;2.966
488;491;2.701
489;485;3.024
490;486;3.03
490;493;3.03
490;494;2.94
491;487;2.785
491;488;2.701
491;495;2.951
492;495;3.439
492;496;3.054
493;490;3.03
493;496;3.974
493;497;2.956
494;479;3.554
494;483;4.0
494;490;2.94
494;497;3.365
494;498;2.925
495;491;2.951
495;492;3.439
495;498;3.339
495;499;3.033
496;492;3.054
496;493;3.974
496;500;2.963
497;493;2.956
497;494;3.365
497;501;2.952
498;483;3.414
498;494;2.925
498;495;3.339
498;501;3.381
498;502;3.108
498;557;3.27
499;495;3.033
499;502;3.198
499;503;3.028
499;541;3.791
499;542;3.395
500;496;2.963
500;503;2.98
500;504;3.068
501;472;3.664
501;476;3.157
501;497;2.952
501;498;3.381
501;504;3.111
501;505;3.368
502;498;3.108
502;499;3.198
502;505;2.917
502;538;3.697
503;499;3.028
503;500;2.98
503;506;2.88
504;469;4.04
504;500;3.068
504;501;3.111
504;507;3.068
504;508;3.25
505;473;3.312
505;501;3.368
505;502;2.917
505;509;2.984
505;534;3.665
505;538;3.959
505;560;3.432
506;503;2.88
506;509;3.427
506;510;3.035
506;538;3.479
507;504;3.068
507;511;3.064
508;469;3.836
508;504;3.25
508;511;3.431
508;512;2.943
508;560;2.748
508;563;2.725
509;505;2.984
509;506;3.427
509;513;2.984
509;534;3.666
510;506;3.035
510;513;3.234
510;514;3.079
511;460;3.648
511;507;3.064
511;508;3.431
511;515;2.988
512;508;2.943
512;515;3.008
512;516;3.032
512;520;2.677
512;521;3.619
512;527;2.774
513;509;2.984
513;510;3.234
513;521;3.729
513;522;3.974
514;455;3.477
514;457;3.683
514;510;3.079
515;455;2.77
515;457;3.946
515;511;2.988
515;512;3.008
516;461;3.985
516;512;3.032
516;520;3.694
517;520;2.915
517;521;2.926
518;522;2.984
519;523;2.846
520;512;2.677
520;516;3.694
520;517;2.915
520;523;3.07
520;524;2.919
521;512;3.619
521;513;3.729
521;517;2.926
521;527;3.189
521;531;2.973
522;513;3.974
522;518;2.984
523;519;2.846
523;520;3.07
524;520;2.919
524;527;2.968
524;528;3.041
525;528;3.96
525;529;3.012
526;530;2.995
526;568;2.921
526;571;4.011
527;512;2.774
527;521;3.189
527;524;2.968
527;530;3.497
527;531;2.964
528;524;3.041
528;525;3.96
528;531;3.384
528;532;2.995
529;525;3.012
529;532;3.443
529;533;3.024
530;526;2.995
530;527;3.497
530;533;3.168
530;534;2.91
530;560;2.643
530;563;3.876
531;521;2.973
531;527;2.964
531;528;3.384
531;535;3.003
532;528;2.995
532;529;3.443
532;535;3.199
532;536;3.08
533;529;3.024
533;530;3.168
533;537;3.024
534;505;3.665
534;509;3.666
534;530;2.91
534;538;2.929
534;560;3.766
535;531;3.003
535;532;3.199
535;539;2.99
536;532;3.08
536;540;3.213
536;553;3.57
537;533;3.024
537;541;3.371
537;557;3.085
538;502;3.697
538;505;3.959
538;506;3.479
538;534;2.929
538;541;3.115
538;542;2.897
539;535;2.99
539;542;3.348
539;543;3.04
540;536;3.213
540;544;2.988
540;545;3.031
540;554;3.793
541;499;3.791
541;537;3.371
541;538;3.115
541;545;3.793
541;554;3.972
542;499;3.395
542;538;2.897
542;539;3.348
543;539;3.04
544;540;2.988
544;546;2.95
545;540;3.031
545;541;3.793
545;551;2.825
546;544;2.95
546;551;3.32
547;550;2.789
548;551;3.221
548;552;2.941
549;552;3.281
549;553;2.962
549;1078;3.956
550;547;2.789
550;553;3.076
550;554;3.086
551;545;2.825
551;546;3.32
551;548;3.221
551;554;2.949
552;548;2.941
552;549;3.281
552;555;2.953
552;999;3.125
553;536;3.57
553;549;2.962
553;550;3.076
553;556;2.985
554;540;3.793
554;541;3.972
554;550;3.086
554;551;2.949
554;557;3.065
555;552;2.953
555;558;3.178
555;995;3.705
555;996;3.944
556;553;2.985
556;559;2.896
556;992;3.888
557;476;3.083
557;480;3.794
557;498;3.27
557;537;3.085
557;554;3.065
557;560;2.974
558;473;3.875
558;477;3.65
558;480;3.685
558;555;3.178
558;561;2.919
558;988;3.783
558;992;3.527
559;556;2.896
559;562;2.789
559;989;3.38
559;992;3.491
560;469;3.922
560;473;3.862
560;505;3.432
560;508;2.748
560;530;2.643
560;534;3.766
560;557;2.974
560;563;2.97
561;473;3.83
561;474;3.828
561;558;2.919
561;564;2.975
561;565;2.952
561;567;3.865
561;988;3.572
562;559;2.789
563;466;2.687
563;508;2.725
563;530;3.876
563;560;2.97
564;466;4.033
564;470;2.734
564;561;2.975
565;470;3.599
565;561;2.952
565;567;3.918
565;568;3.027
566;569;3.023
566;570;2.932
566;981;3.218
567;561;3.865
567;565;3.918
567;570;3.2
567;571;3.01
567;985;3.501
568;526;2.921
568;565;3.027
568;571;3.903
568;572;3.052
569;566;3.023
569;573;3.012
570;566;2.932
570;567;3.2
570;573;3.3
570;574;2.956
570;985;3.62
571;526;4.011
571;567;3.01
571;568;3.903
571;575;3.051
572;568;3.052
572;575;3.346
572;576;2.799
573;569;3.012
573;570;3.3
573;576;3.314
573;577;2.934
574;570;2.956
574;577;3.22
574;578;3.082
574;1092;3.6
575;571;3.051
575;572;3.346
575;578;2.991
576;572;2.799
576;573;3.314
576;579;2.989
577;573;2.934
577;574;3.22
577;580;3.076
577;581;3.086
577;681;3.775
577;1092;3.494
577;1096;3.608
578;574;3.082
578;575;2.991
578;582;2.979
578;1092;3.822
579;576;2.989
579;582;3.011
580;577;3.076
580;681;3.946
581;577;3.086
581;584;3.287
581;585;2.873
581;677;3.465
581;1092;3.821
582;578;2.979
582;579;3.011
582;586;3.06
583;105;3.44
583;109;3.334
583;586;3.203
583;587;3.294
584;581;3.287
584;587;3.078
584;588;3.026
584;676;3.482
584;677;3.824
585;581;2.873
585;589;2.93
586;582;3.06
586;583;3.203
586;589;3.288
586;590;3.052
587;106;3.724
587;583;3.294
587;584;3.078
587;590;3.445
587;591;3.028
588;584;3.026
588;591;3.481
588;592;2.962
588;639;3.964
588;673;4.005
589;585;2.93
589;586;3.288
589;593;2.977
590;99;3.534
590;586;3.052
590;587;3.445
590;593;3.32
590;594;3.009
591;587;3.028
591;588;3.481
591;594;3.265
591;595;2.945
591;669;3.7
592;588;2.962
592;595;3.482
592;596;2.926
592;632;3.495
592;635;3.807
593;19;3.54
593;23;3.752
593;589;2.977
593;590;3.32
593;596;3.309
593;597;3.01
593;628;3.478
594;93;4.017
594;97;3.909
594;590;3.009
594;591;3.265
594;597;3.237
594;598;2.992
595;591;2.945
595;592;3.482
595;599;2.955
595;635;3.77
595;665;4.081
595;666;3.516
595;669;3.899
596;592;2.926
596;593;3.309
596;599;3.242
596;600;2.994
596;628;3.794
596;631;3.996
596;632;4.033
597;93;3.587
597;593;3.01
597;594;3.237
597;601;3.326
598;93;3.675
598;594;2.992
598;601;3.344
598;602;3.024
599;595;2.955
599;596;3.242
599;603;2.994
599;604;2.82
599;625;3.815
600;25;3.217
600;596;2.994
600;604;3.051
600;605;3.142
600;627;4.008
601;90;3.43
601;597;3.326
601;598;3.344
602;86;3.907
602;90;3.863
602;598;3.024
602;605;2.806
603;599;2.994
603;606;3.008
603;607;3.58
603;621;3.503
603;625;4.132
603;659;3.409
603;662;3.992
604;599;2.82
604;600;3.051
604;621;3.761
605;600;3.142
605;602;2.806
606;603;3.008
606;618;4.136
606;621;2.985
607;603;3.58
607;619;3.081
607;621;2.971
607;647;3.8
607;648;3.373
607;655;2.784
607;659;3.512
608;617;2.652
608;618;3.364
608;648;3.675
608;649;2.916
609;612;3.011
609;613;2.864
609;614;2.823
609;615;2.752
610;648;4.14
610;649;2.782
610;651;3.673
611;614;3.861
612;609;3.011
612;617;3.968
613;609;2.864
614;609;2.823
614;611;3.861
614;1026;3.959
615;609;2.752
616;622;3.566
616;623;3.219
617;608;2.652
617;612;3.968
618;606;4.136
618;608;3.364
618;622;3.52
619;607;3.081
619;622;3.165
619;623;3.131
619;646;2.87
619;647;3.554
620;623;3.034
620;624;2.839
620;645;3.875
621;603;3.503
621;604;3.761
621;606;2.985
621;607;2.971
621;625;3.685
621;647;3.596
622;616;3.566
622;618;3.52
622;619;3.165
622;626;3.529
623;616;3.219
623;619;3.131
623;620;3.034
623;630;3.83
623;1066;3.611
624;620;2.839
624;630;3.33
624;634;3.825
624;1057;3.382
624;1061;3.917
625;599;3.815
625;603;4.132
625;621;3.685
625;630;3.786
625;634;3.644
625;647;4.056
626;622;3.529
626;1070;2.723
627;25;3.671
627;600;4.008
627;630;2.853
627;631;2.948
627;1073;2.87
628;25;3.297
628;593;3.478
628;596;3.794
628;631;3.47
628;632;2.941
629;632;3.22
629;633;2.992
629;1073;3.703
629;1076;3.948
629;1077;3.649
629;1080;3.975
630;623;3.83
630;624;3.33
630;625;3.786
630;627;2.853
630;633;3.354
630;634;2.992
630;1061;2.94
631;596;3.996
631;627;2.948
631;628;3.47
631;635;2.965
632;592;3.495
632;596;4.033
632;628;2.941
632;629;3.22
632;635;3.461
632;636;2.98
633;629;2.992
633;630;3.354
633;636;3.176
633;637;3.021
633;1061;3.919
633;1080;3.681
634;624;3.825
634;625;3.644
634;630;2.992
634;637;3.13
634;638;3.016
634;644;3.798
635;592;3.807
635;595;3.77
635;631;2.965
635;632;3.461
635;638;3.382
635;639;2.993
636;632;2.98
636;633;3.176
636;639;3.073
636;640;3.217
636;1053;3.967
636;1056;3.528
636;1080;3.713
636;1087;3.917
637;633;3.021
637;634;3.13
637;643;2.87
637;1057;3.529
638;634;3.016
638;635;3.382
638;641;2.961
638;663;3.407
638;666;3.567
638;667;3.969
639;588;3.964
639;635;2.993
639;636;3.073
639;670;3.771
640;636;3.217
640;1053;3.485
641;638;2.961
641;663;2.87
641;667;3.987
642;213;3.799
642;1053;3.761
642;1054;2.768
642;1055;2.846
643;208;3.619
643;213;3.415
643;214;5.941
643;637;2.87
643;663;3.862
643;1058;3.883
644;634;3.798
644;647;3.5
644;663;3.275
645;620;3.875
645;1058;3.51
646;619;2.87
646;1012;3.851
647;607;3.8
647;619;3.554
647;621;3.596
647;625;4.056
647;644;3.5
647;656;3.322
647;659;3.444
648;607;3.373
648;608;3.675
648;610;4.14
648;652;3.369
648;656;2.997
649;608;2.916
649;610;2.782
649;656;3.663
650;1013;3.395
651;610;3.673
652;648;3.369
652;655;2.776
652;656;3.073
653;657;2.952
654;657;3.299
654;658;3.006
655;607;2.784
655;652;2.776
655;658;3.225
655;659;3.092
656;647;3.322
656;648;2.997
656;649;3.663
656;652;3.073
656;659;3.416
656;660;2.919
657;653;2.952
657;654;3.299
657;660;3.279
657;661;3.014
658;654;3.006
658;655;3.225
658;661;3.482
658;662;3.367
659;603;3.409
659;607;3.512
659;647;3.444
659;655;3.092
659;656;3.416
659;662;3.408
659;663;2.937
660;204;3.825
660;656;2.919
660;657;3.279
660;663;3.271
660;664;2.969
661;657;3.014
661;658;3.482
661;664;3.41
661;665;3.018
662;603;3.992
662;658;3.367
662;659;3.408
662;665;3.348
662;666;2.995
663;638;3.407
663;641;2.87
663;643;3.862
663;644;3.275
663;659;2.937
663;660;3.271
663;666;3.279
663;667;2.984
664;207;3.448
664;660;2.969
664;661;3.41
664;667;3.422
664;668;2.998
665;595;4.081
665;661;3.018
665;662;3.348
665;668;3.481
665;669;3.012
666;595;3.516
666;638;3.567
666;662;2.995
666;663;3.279
666;670;2.956
667;211;3.622
667;638;3.969
667;641;3.987
667;663;2.984
667;664;3.422
667;671;2.93
668;207;3.887
668;664;2.998
668;665;3.481
668;671;3.416
668;672;3.034
669;591;3.7
669;595;3.899
669;665;3.012
669;672;3.396
669;673;2.998
670;639;3.771
670;666;2.956
670;673;3.167
670;674;2.929
671;667;2.93
671;668;3.416
671;674;3.269
671;675;2.984
672;113;3.778
672;668;3.034
672;669;3.396
672;676;3.015
673;588;4.005
673;669;2.998
673;670;3.167
673;676;3.499
673;677;2.941
674;670;2.929
674;671;3.269
674;677;3.102
674;678;3.066
675;247;3.602
675;248;3.73
675;671;2.984
675;678;3.445
675;679;3.017
676;584;3.482
676;672;3.015
676;673;3.499
676;679;3.48
676;680;2.901
677;581;3.465
677;584;3.824
677;673;2.941
677;674;3.102
677;680;3.365
677;681;3.124
677;1095;3.327
678;248;3.666
678;252;3.694
678;674;3.066
678;675;3.445
678;682;2.955
678;1095;3.584
678;1098;3.736
678;1384;6.353
679;251;3.804
679;252;3.959
679;255;3.681
679;675;3.017
679;676;3.48
679;682;3.38
679;683;2.952
680;676;2.901
680;677;3.365
680;684;3.079
681;577;3.775
681;580;3.946
681;677;3.124
681;684;3.265
681;685;2.989
681;1095;3.647
681;1096;3.761
681;1099;3.562
682;252;3.445
682;678;2.955
682;679;3.38
682;686;2.979
682;1099;4.029
682;1102;3.494
683;679;2.952
683;686;3.333
683;687;3.056
684;680;3.079
684;681;3.265
684;687;3.185
684;688;3.12
685;681;2.989
685;688;2.984
685;689;2.974
685;1099;3.438
685;1103;3.488
686;256;3.977
686;682;2.979
686;683;3.333
686;1103;3.638
686;1106;3.543
687;683;3.056
687;684;3.185
688;684;3.12
688;685;2.984
689;294;2.897
689;685;2.974
689;1103;3.575
690;1111;2.891
691;1106;3.781
692;701;3.725
692;1110;2.802
692;1111;2.813
693;273;3.848
693;701;3.835
693;1110;2.787
694;262;3.927
694;697;2.808
694;1113;3.341
695;702;3.26
695;714;2.802
695;1113;3.833
695;1119;4.013
696;714;2.712
696;1121;2.991
697;273;3.762
697;694;2.808
698;264;3.846
699;273;3.507
699;278;2.629
700;278;3.489
700;282;2.964
700;288;3.788
701;692;3.725
701;693;3.835
702;277;2.835
702;288;3.379
702;695;3.26
703;288;2.979
703;289;3.071
704;716;2.797
705;714;3.518
705;715;3.795
705;1119;3.662
706;1115;3.516
706;1116;3.573
706;1117;4.023
706;1118;2.878
706;1119;3.601
707;710;2.914
707;1117;2.953
708;824;2.88
708;825;3.47
709;827;2.972
709;828;2.778
710;707;2.914
710;712;2.856
710;713;3.432
711;794;2.922
711;802;3.526
712;710;2.856
712;795;3.831
712;797;3.957
713;710;3.432
714;695;2.802
714;696;2.712
714;705;3.518
714;1119;3.477
714;1120;3.935
715;705;3.795
715;718;3.323
715;801;3.358
716;704;2.797
717;284;3.882
717;725;2.789
718;715;3.323
718;725;4.015
719;725;3.908
720;724;3.998
720;726;3.858
720;805;3.925
720;806;3.831
720;808;3.713
720;810;3.792
721;723;2.948
722;808;2.734
723;721;2.948
724;720;3.998
724;726;2.992
724;728;3.616
725;285;2.752
725;286;3.17
725;717;2.789
725;718;4.015
725;719;3.908
726;720;3.858
726;724;2.992
726;810;2.635
727;729;2.894
727;730;2.901
727;742;3.07
727;744;2.8
728;724;3.616
729;727;2.894
729;742;3.897
730;727;2.901
731;733;3.341
732;740;3.333
732;742;3.634
733;731;3.341
734;738;3.683
735;737;2.812
736;739;3.504
737;735;2.812
738;734;3.683
738;743;3.807
739;736;3.504
740;732;3.333
740;743;2.967
741;754;3.461
741;758;3.978
741;759;3.308
742;727;3.07
742;729;3.897
742;732;3.634
742;754;2.895
743;738;3.807
743;740;2.967
744;727;2.8
744;750;3.548
745;749;3.77
745;756;3.993
745;763;4.139
746;765;2.727
746;766;2.649
747;762;4.018
747;766;2.846
748;762;3.771
748;765;2.915
749;745;3.77
750;744;3.548
750;753;3.387
750;754;3.707
750;756;3.897
751;753;3.032
752;759;2.86
753;750;3.387
753;751;3.032
754;741;3.461
754;742;2.895
754;750;3.707
754;759;4.039
755;762;2.949
756;745;3.993
756;750;3.897
757;761;3.663
758;741;3.978
759;741;3.308
759;752;2.86
759;754;4.039
760;761;2.841
761;757;3.663
761;760;2.841
761;764;3.035
762;747;4.018
762;748;3.771
762;755;2.949
762;765;2.791
763;745;4.139
764;761;3.035
765;746;2.727
765;748;2.915
765;762;2.791
766;746;2.649
766;747;2.846
767;771;3.727
768;771;3.495
768;772;3.512
768;773;3.572
769;770;2.969
770;769;2.969
771;767;3.727
771;768;3.495
772;768;3.512
773;768;3.572
774;781;3.652
775;781;3.484
776;780;3.951
776;781;3.874
777;785;2.819
778;784;2.922
779;782;3.748
780;776;3.951
780;783;3.294
781;774;3.652
781;775;3.484
781;776;3.874
782;779;3.748
782;787;2.794
783;780;3.294
783;786;2.938
784;778;2.922
784;790;2.82
784;1126;2.626
785;777;2.819
786;783;2.938
787;782;2.794
788;797;3.307
789;792;2.841
789;1126;3.584
789;1127;3.155
790;784;2.82
791;793;2.707
792;789;2.841
792;795;3.534
793;791;2.707
794;711;2.922
794;803;3.678
795;712;3.831
795;792;3.534
796;798;3.187
796;799;3.111
796;800;3.75
797;712;3.957
797;788;3.307
798;796;3.187
799;796;3.111
799;804;2.799
800;796;3.75
800;805;3.332
801;715;3.358
802;711;3.526
802;806;2.989
803;794;3.678
804;799;2.799
804;807;3.909
805;720;3.925
805;800;3.332
806;720;3.831
806;802;2.989
807;804;3.909
807;810;3.598
808;720;3.713
808;722;2.734
808;810;3.739
809;811;2.846
810;720;3.792
810;726;2.635
810;807;3.598
810;808;3.739
811;809;2.846
812;813;3.871
813;812;3.871
814;820;3.6
815;820;2.927
816;819;3.654
817;819;3.025
818;821;3.019
819;816;3.654
819;817;3.025
820;814;3.6
820;815;2.927
821;818;3.019
821;822;3.019
821;823;2.793
822;821;3.019
823;821;2.793
824;708;2.88
825;708;3.47
825;827;3.012
826;835;4.074
826;838;3.918
827;709;2.972
827;825;3.012
827;830;3.726
828;709;2.778
829;833;3.743
830;827;3.726
831;834;2.956
832;836;2.752
832;909;2.689
833;829;3.743
833;844;4.028
834;831;2.956
835;826;4.074
835;837;2.955
835;839;2.817
835;840;2.843
836;832;2.752
837;835;2.955
837;839;3.759
838;826;3.918
839;835;2.817
839;837;3.759
840;835;2.843
841;843;3.952
841;844;3.55
842;845;2.788
843;841;3.952
844;833;4.028
844;841;3.55
844;848;3.729
845;842;2.788
845;848;2.701
845;904;2.87
845;905;2.798
846;849;3.046
847;852;3.8
847;898;3.988
847;901;3.403
847;902;3.542
848;844;3.729
848;845;2.701
848;905;4.035
849;846;3.046
849;852;2.89
849;853;2.959
850;854;3.03
851;855;2.936
852;847;3.8
852;849;2.89
852;855;3.248
852;856;2.963
853;849;2.959
853;856;3.385
853;857;3.185
853;961;3.118
854;850;3.03
854;857;3.415
854;858;3.012
855;851;2.936
855;852;3.248
855;858;3.29
855;859;2.926
856;852;2.963
856;853;3.385
856;859;3.41
856;860;2.964
856;895;3.727
856;898;3.775
857;853;3.185
857;854;3.415
857;860;3.371
857;861;2.955
857;961;3.412
858;854;3.012
858;855;3.29
858;861;3.232
858;862;2.978
859;855;2.926
859;856;3.41
859;863;2.95
859;895;3.991
860;856;2.964
860;857;3.371
860;864;2.895
860;891;3.986
860;895;3.379
860;954;3.714
860;958;3.767
861;857;2.955
861;858;3.232
861;864;3.156
861;865;2.982
862;858;2.978
862;865;3.116
862;866;3.01
863;859;2.95
863;866;3.416
863;867;2.945
863;954;3.67
864;860;2.895
864;861;3.156
864;868;2.999
865;861;2.982
865;862;3.116
865;868;3.374
865;869;2.955
866;862;3.01
866;863;3.416
866;869;3.065
866;870;3.288
867;863;2.945
867;952;3.898
868;864;2.999
868;865;3.374
868;872;3.432
868;1292;3.893
869;865;2.955
869;866;3.065
869;872;3.054
869;873;3.027
869;876;3.583
869;880;3.718
869;884;3.863
870;866;3.288
870;877;2.756
870;945;2.711
871;874;3.35
871;877;2.678
871;1295;3.356
871;1349;3.034
872;868;3.432
872;869;3.054
872;1315;3.746
873;869;3.027
873;876;2.957
873;877;3.027
874;871;3.35
874;877;3.197
874;878;3.008
874;1350;4.028
875;878;2.641
876;869;3.583
876;873;2.957
876;879;3.272
876;880;2.964
877;870;2.756
877;871;2.678
877;873;3.027
877;874;3.197
877;881;3.021
877;1348;3.869
878;874;3.008
878;875;2.641
878;1350;3.482
879;876;3.272
880;869;3.718
880;876;2.964
880;883;3.116
880;884;3.027
881;877;3.021
881;885;2.752
882;886;3.025
883;880;3.116
883;886;3.359
883;887;2.995
884;869;3.863
884;880;3.027
884;887;2.994
884;888;3.273
885;881;2.752
885;888;2.988
885;889;3.019
885;945;2.876
885;948;3.799
886;882;3.025
886;883;3.359
886;889;2.916
886;890;2.955
887;883;2.995
887;884;2.994
887;891;2.922
888;884;3.273
888;885;2.988
888;892;3.007
888;951;3.811
889;885;3.019
889;886;2.916
889;892;3.378
889;893;3.044
890;886;2.955
890;894;2.98
891;860;3.986
891;887;2.922
891;894;3.25
891;895;2.944
891;951;4.02
891;954;3.612
892;888;3.007
892;889;3.378
892;896;2.984
892;951;3.729
893;889;3.044
893;897;3.03
894;890;2.98
894;891;3.25
894;897;4.038
894;898;2.94
895;856;3.727
895;859;3.991
895;860;3.379
895;891;2.944
895;899;3.007
895;957;3.688
896;892;2.984
896;899;3.189
896;900;2.963
896;924;3.858
896;928;3.768
897;893;3.03
897;894;4.038
897;900;3.396
897;901;2.945
898;847;3.988
898;856;3.775
898;894;2.94
898;902;2.741
898;957;3.589
899;895;3.007
899;896;3.189
899;903;2.96
899;921;3.803
900;896;2.963
900;897;3.396
900;903;3.432
900;904;2.999
901;847;3.403
901;897;2.945
901;904;4.023
901;905;2.969
902;847;3.542
902;898;2.741
902;905;3.486
902;906;3.057
902;911;3.721
902;920;2.681
903;899;2.96
903;900;3.432
903;906;3.018
903;907;2.921
903;908;3.831
903;911;6.313
903;912;3.64
904;845;2.87
904;900;2.999
904;901;4.023
905;845;2.798
905;848;4.035
905;901;2.969
905;902;3.486
906;902;3.057
906;903;3.018
906;910;2.896
906;914;3.722
906;917;3.616
907;903;2.921
907;910;2.973
907;911;2.978
908;903;3.831
908;911;3.47
908;912;3.028
909;832;2.689
909;912;3.044
909;913;2.882
910;906;2.896
910;907;2.973
911;902;3.721
911;903;6.313
911;907;2.978
911;908;3.47
911;914;3.031
911;917;3.716
911;921;3.835
912;903;3.64
912;908;3.028
912;909;3.044
912;918;3.821
912;921;3.846
913;909;2.882
914;906;3.722
914;911;3.031
914;917;3.1
914;918;2.923
915;919;2.983
916;919;3.398
916;920;2.995
916;966;4.02
916;969;3.977
917;906;3.616
917;911;3.716
917;914;3.1
917;920;3.192
917;921;2.976
918;912;3.821
918;914;2.923
918;921;6.454
918;922;2.961
919;915;2.983
919;916;3.398
919;922;3.25
920;902;2.681
920;916;2.995
920;917;3.192
920;957;2.962
920;960;2.79
921;899;3.803
921;911;3.835
921;912;3.846
921;917;2.976
921;918;6.454
921;924;3.026
921;925;2.947
922;918;2.961
922;919;3.25
922;926;3.026
923;953;3.996
923;957;3.745
924;896;3.858
924;921;3.026
924;927;3.038
924;928;3.091
925;921;2.947
925;928;2.967
925;929;2.915
926;922;3.026
926;930;2.976
926;950;3.697
927;924;3.038
927;930;3.907
927;931;3.057
927;951;2.891
928;896;3.768
928;924;3.091
928;925;2.967
928;931;3.362
928;932;2.987
929;925;2.915
929;932;3.22
929;933;3.008
930;926;2.976
930;927;3.907
930;933;3.266
930;934;2.954
931;927;3.057
931;928;3.362
931;934;3.324
931;935;2.996
931;944;3.771
932;928;2.987
932;929;3.22
932;935;3.226
932;936;2.94
933;929;3.008
933;930;3.266
933;936;3.157
933;937;2.968
934;930;2.954
934;931;3.324
934;939;3.033
934;943;3.327
934;944;3.295
934;947;3.641
935;931;2.996
935;932;3.226
935;938;3.001
936;932;2.94
936;933;3.157
937;933;2.968
938;935;3.001
939;934;3.033
940;943;3.852
941;944;3.485
941;945;3.011
942;945;2.748
942;946;3.232
943;934;3.327
943;940;3.852
943;947;2.985
944;931;3.771
944;934;3.295
944;941;3.485
944;948;2.935
945;870;2.711
945;885;2.876
945;941;3.011
945;942;2.748
945;1347;3.85
945;1348;4.038
946;942;3.232
946;949;3.052
946;1297;3.916
946;1344;2.971
946;1345;3.608
946;1346;3.152
947;934;3.641
947;943;2.985
948;885;3.799
948;944;2.935
948;951;2.745
949;946;3.052
949;952;2.746
949;953;3.335
949;1293;3.621
950;926;3.697
950;953;2.974
951;888;3.811
951;891;4.02
951;892;3.729
951;927;2.891
951;948;2.745
951;954;2.849
952;867;3.898
952;949;2.746
953;923;3.996
953;949;3.335
953;950;2.974
953;956;2.93
953;957;3.0
