source;destination;distance
0;3;2.791
1;47;3.6
2;7;3.666
2;48;3.674
3;0;2.791
4;7;3.297
4;8;2.974
5;9;2.972
6;10;2.974
7;2;3.666
7;4;3.297
7;10;3.124
7;11;2.969
7;43;3.886
7;47;3.724
8;4;2.974
8;11;3.349
8;12;2.959
9;5;2.972
9;13;2.936
10;6;2.974
10;7;3.124
10;14;2.951
11;7;2.969
11;8;3.349
11;14;3.373
11;15;3.004
11;44;3.608
12;8;2.959
12;16;2.974
12;104;4.009
13;9;2.936
13;16;3.381
13;17;2.944
14;10;2.951
14;11;3.373
14;18;3.005
14;37;3.724
15;11;3.004
15;19;2.978
15;37;3.757
15;99;3.948
15;100;3.575
16;12;2.974
16;13;3.381
16;19;3.18
16;20;3.081
17;13;2.944
17;20;3.296
17;21;2.982
18;14;3.005
18;21;3.484
18;22;2.969
18;37;2.997
18;96;3.153
19;15;2.978
19;16;3.18
19;22;3.192
19;97;3.533
19;603;3.513
20;16;3.081
20;17;3.296
20;23;3.498
21;17;2.982
21;18;3.484
21;24;2.985
21;30;3.643
21;33;3.409
22;18;2.969
22;19;3.192
22;93;4.072
22;96;3.883
22;97;3.988
23;20;3.498
23;603;3.733
24;21;2.985
24;27;4.031
25;610;3.22
25;637;3.696
25;638;3.293
26;30;3.828
27;24;4.031
27;30;2.849
28;31;2.733
28;32;3.01
29;32;3.298
29;33;2.983
30;21;3.643
30;26;3.828
30;27;2.849
30;33;3.381
30;34;2.997
31;28;2.733
31;34;3.44
31;35;3.009
32;28;3.01
32;29;3.298
32;36;2.964
33;21;3.409
33;29;2.983
33;30;3.381
33;36;3.27
33;37;2.957
34;30;2.997
34;31;3.44
34;37;3.38
34;38;2.946
34;93;2.832
34;96;3.611
35;31;3.009
35;38;3.378
35;39;2.965
35;81;3.731
36;32;2.964
36;33;3.27
36;39;3.38
36;40;2.995
37;14;3.724
37;15;3.757
37;18;2.997
37;33;2.957
37;34;3.38
37;40;3.001
37;41;2.858
37;96;3.979
38;34;2.946
38;35;3.378
38;42;2.982
38;80;2.74
39;35;2.965
39;36;3.38
39;42;3.14
39;43;2.989
40;36;2.995
40;37;3.001
40;43;3.467
40;44;2.916
41;37;2.858
41;45;2.953
41;73;3.484
41;99;3.509
42;38;2.982
42;39;3.14
42;45;3.286
42;46;2.973
43;7;3.886
43;39;2.989
43;40;3.467
43;46;3.406
43;47;3.06
44;11;3.608
44;40;2.916
44;47;3.242
44;48;2.819
44;99;2.65
45;41;2.953
45;42;3.286
45;49;2.986
45;56;3.956
45;73;3.931
46;42;2.973
46;43;3.406
46;50;3.078
46;51;3.914
47;1;3.6
47;7;3.724
47;43;3.06
47;44;3.242
48;2;3.674
48;44;2.819
48;66;3.204
48;69;2.654
49;45;2.986
49;56;3.993
49;59;3.871
49;66;3.687
50;46;3.078
50;55;3.68
51;46;3.914
52;55;3.117
52;58;3.475
53;56;2.98
54;57;2.992
55;50;3.68
55;52;3.117
55;58;2.999
56;45;3.956
56;49;3.993
56;53;2.98
56;59;3.049
56;70;3.921
57;54;2.992
57;60;3.02
58;52;3.475
58;55;2.999
58;61;3.033
59;49;3.871
59;56;3.049
59;62;2.983
59;63;3.784
59;66;3.502
59;67;4.007
59;70;3.768
60;57;3.02
61;58;3.033
62;59;2.983
63;59;3.784
63;66;3.459
63;67;2.924
64;67;3.459
64;68;3.037
65;68;3.029
65;69;3.053
65;102;3.431
65;108;3.208
65;111;3.828
66;48;3.204
66;49;3.687
66;59;3.502
66;63;3.459
66;69;3.796
66;70;2.975
67;59;4.007
67;63;2.924
67;64;3.459
67;70;3.38
67;71;2.947
68;64;3.037
68;65;3.029
68;72;3.005
68;101;3.915
69;48;2.654
69;65;3.053
69;66;3.796
69;72;3.327
69;73;2.914
69;99;3.182
69;102;2.758
70;56;3.921
70;59;3.768
70;66;2.975
70;67;3.38
70;73;3.204
70;74;2.988
71;67;2.947
71;74;3.425
71;75;2.986
72;68;3.005
72;69;3.327
72;76;2.918
72;95;3.625
73;41;3.484
73;45;3.931
73;69;2.914
73;70;3.204
73;76;3.454
73;77;2.893
74;70;2.988
74;71;3.425
74;77;3.393
74;78;3.012
75;71;2.986
75;78;3.436
75;79;2.975
75;89;3.604
75;92;3.334
76;72;2.918
76;73;3.454
76;79;3.007
76;80;2.858
77;73;2.893
77;74;3.393
77;81;2.965
78;74;3.012
78;75;3.436
78;82;3.014
79;75;2.975
79;76;3.007
79;83;3.961
79;89;2.744
80;38;2.74
80;76;2.858
80;83;3.372
81;35;3.731
81;77;2.965
82;78;3.014
82;84;2.987
83;79;3.961
83;80;3.372
83;90;2.943
83;93;3.556
84;82;2.987
85;89;3.517
86;89;3.117
87;90;2.925
87;91;3.184
87;612;3.899
88;91;3.128
89;75;3.604
89;79;2.744
89;85;3.517
89;86;3.117
89;92;3.003
90;83;2.943
90;87;2.925
91;87;3.184
91;88;3.128
91;94;3.004
91;611;3.386
91;612;3.854
92;75;3.334
92;89;3.003
92;95;2.861
93;22;4.072
93;34;2.832
93;83;3.556
93;96;2.934
94;91;3.004
94;97;2.849
94;604;3.945
94;607;3.625
94;608;3.698
95;72;3.625
95;92;2.861
95;98;3.176
95;99;3.042
96;18;3.153
96;22;3.883
96;34;3.611
96;37;3.979
96;93;2.934
96;99;3.069
97;19;3.533
97;22;3.988
97;94;2.849
97;100;3.021
98;95;3.176
98;101;2.735
98;604;3.981
99;15;3.948
99;41;3.509
99;44;2.65
99;69;3.182
99;95;3.042
99;96;3.069
99;102;2.77
99;103;3.461
100;15;3.575
100;97;3.021
100;103;2.979
100;104;2.989
100;107;3.625
100;600;3.526
101;68;3.915
101;98;2.735
101;111;3.801
102;65;3.431
102;69;2.758
102;99;2.77
102;108;2.784
103;99;3.461
103;100;2.979
104;12;4.009
104;100;2.989
104;107;3.094
104;108;2.985
105;108;3.371
105;109;2.948
106;110;3.125
106;593;3.444
107;100;3.625
107;104;3.094
107;110;3.421
107;111;3.013
107;597;3.667
108;65;3.208
108;102;2.784
108;104;2.985
108;105;3.371
108;111;3.465
108;112;2.969
109;105;2.948
109;112;3.222
109;113;3.036
110;106;3.125
110;107;3.421
110;113;3.134
110;114;3.006
110;593;3.337
110;594;3.999
111;65;3.828
111;101;3.801
111;107;3.013
111;108;3.465
111;114;3.258
111;115;3.045
112;108;2.969
112;109;3.222
112;115;3.381
112;116;3.002
113;109;3.036
113;110;3.134
113;116;3.305
113;117;3.047
114;110;3.006
114;111;3.258
114;117;3.033
114;118;3.239
114;681;3.831
115;111;3.045
115;112;3.381
115;118;2.936
116;112;3.002
116;113;3.305
116;119;2.888
116;264;3.78
117;113;3.047
117;114;3.033
117;120;3.172
117;121;3.013
118;114;3.239
118;115;2.936
118;122;2.992
119;116;2.888
119;260;3.41
119;264;2.712
120;117;3.172
120;123;3.372
120;260;3.985
120;263;2.61
121;117;3.013
121;124;3.34
121;125;2.915
121;257;3.951
122;118;2.992
122;126;2.972
123;120;3.372
123;126;3.248
123;127;3.119
123;1241;3.477
123;1242;2.926
124;121;3.34
124;127;3.424
124;128;3.167
124;249;3.624
124;1245;4.026
125;121;2.915
125;128;3.372
125;129;2.918
126;122;2.972
126;123;3.248
126;129;3.32
126;130;2.983
127;123;3.119
127;124;3.424
127;131;2.963
127;1236;3.98
127;1242;3.977
127;1245;3.808
128;124;3.167
128;125;3.372
128;131;3.326
128;132;2.89
128;249;3.477
129;125;2.918
129;126;3.32
129;133;3.02
130;126;2.983
130;133;3.382
130;134;2.936
130;1232;3.668
130;1235;3.4
130;1236;3.787
131;127;2.963
131;128;3.326
131;135;2.875
132;128;2.89
132;136;2.962
132;210;3.703
132;213;3.86
133;129;3.02
133;130;3.382
133;136;3.145
133;137;3.019
134;130;2.936
134;137;3.22
134;138;2.974
134;1143;3.747
134;1232;3.774
135;131;2.875
135;139;2.912
135;213;3.492
135;238;3.741
135;242;3.871
135;245;3.903
136;132;2.962
136;133;3.145
136;140;2.986
136;206;3.688
136;210;3.932
136;213;3.971
137;133;3.019
137;134;3.22
137;140;3.424
137;141;3.143
137;1229;3.818
138;134;2.974
138;141;3.29
138;142;3.484
138;238;3.526
138;1226;3.634
138;1229;3.801
139;135;2.912
139;143;2.984
139;203;3.91
140;136;2.986
140;137;3.424
140;143;2.994
140;144;3.044
140;204;3.735
141;137;3.143
141;138;3.29
141;144;3.93
141;1226;3.738
141;1229;3.432
142;138;3.484
142;1222;3.9
142;1226;3.424
143;139;2.984
143;140;2.994
143;146;2.87
143;235;5.724
143;238;3.941
143;239;4.002
144;140;3.044
144;141;3.93
144;147;2.962
144;203;3.759
144;204;3.939
145;149;4.005
146;143;2.87
146;149;3.759
146;152;3.454
146;229;3.406
147;144;2.962
148;188;2.8
148;189;2.782
148;198;2.893
149;145;4.005
149;146;3.759
149;152;3.394
149;199;2.811
150;1002;3.224
150;1003;3.045
150;1005;3.58
151;154;3.033
151;190;3.498
151;198;3.381
152;146;3.454
152;149;3.394
152;155;2.986
153;156;2.994
153;157;2.796
153;159;3.631
154;151;3.033
154;159;3.426
155;152;2.986
156;153;2.994
157;153;2.796
158;164;3.32
159;153;3.631
159;154;3.426
159;162;4.008
160;163;3.698
160;164;3.465
161;163;3.673
162;159;4.008
163;160;3.698
163;161;3.673
164;158;3.32
164;160;3.465
165;168;2.942
165;188;4.001
166;172;2.911
167;172;3.403
167;173;2.808
168;165;2.942
168;172;3.855
168;173;2.773
168;174;2.884
169;171;2.976
169;172;3.59
169;173;2.749
169;174;3.521
170;174;3.79
171;169;2.976
171;1210;3.167
171;1214;3.235
172;166;2.911
172;167;3.403
172;168;3.855
172;169;3.59
172;1214;3.757
173;167;2.808
173;168;2.773
173;169;2.749
173;175;3.876
174;168;2.884
174;169;3.521
174;170;3.79
175;173;3.876
175;1159;2.64
176;187;3.447
177;1159;3.854
178;181;3.843
178;182;3.932
178;183;4.024
179;181;3.775
179;182;3.388
179;183;3.547
179;184;4.032
179;187;4.147
180;186;3.621
181;178;3.843
181;179;3.775
182;178;3.932
182;179;3.388
183;178;4.024
183;179;3.547
184;179;4.032
185;187;2.966
186;180;3.621
187;176;3.447
187;179;4.147
187;185;2.966
188;148;2.8
188;165;4.001
189;148;2.782
190;151;3.498
190;198;3.641
191;193;2.757
192;196;3.964
192;198;3.995
193;191;2.757
194;197;3.871
194;660;3.656
195;200;3.219
196;192;3.964
196;199;2.931
197;194;3.871
197;1004;2.79
198;148;2.893
198;151;3.381
198;190;3.641
198;192;3.995
199;149;2.811
199;196;2.931
200;195;3.219
200;204;3.212
201;208;3.38
202;208;3.452
202;226;3.741
203;139;3.91
203;144;3.759
203;209;3.457
203;212;3.364
203;213;3.701
203;226;3.337
203;239;3.517
204;140;3.735
204;144;3.939
204;200;3.212
205;208;2.815
205;209;2.931
206;136;3.688
206;210;2.961
207;211;2.986
208;201;3.38
208;202;3.452
208;205;2.815
208;211;3.414
208;212;2.951
209;203;3.457
209;205;2.931
209;212;3.222
209;213;2.934
210;132;3.703
210;136;3.932
210;206;2.961
210;214;2.942
211;207;2.986
211;208;3.414
211;214;3.035
211;215;2.973
211;669;3.845
212;203;3.364
212;208;2.951
212;209;3.222
212;215;3.369
212;216;2.948
213;132;3.86
213;135;3.492
213;136;3.971
213;203;3.701
213;209;2.934
213;216;3.913
213;217;2.941
214;210;2.942
214;211;3.035
214;217;3.259
214;218;2.948
214;673;3.497
214;676;4.148
214;677;3.835
215;211;2.973
215;212;3.369
215;219;2.949
215;220;2.88
215;221;3.352
215;653;3.681
216;212;2.948
216;213;3.913
216;219;3.057
216;222;3.58
216;239;3.59
216;242;3.683
216;243;3.59
217;213;2.941
217;214;3.259
218;214;2.948
218;676;3.601
219;215;2.949
219;216;3.057
219;1307;3.125
219;1309;2.988
220;215;2.88
220;652;3.764
220;653;3.7
221;215;3.352
221;224;3.122
221;225;3.05
221;653;4.025
221;1304;3.565
221;1314;3.817
222;216;3.58
222;226;3.091
222;227;3.109
222;239;3.718
222;240;3.907
222;243;3.269
222;1300;3.397
222;1303;6.477
222;1304;3.288
223;227;3.142
223;228;2.959
223;1300;3.76
223;1304;3.596
223;1339;3.339
223;1340;2.808
223;1341;3.3
224;221;3.122
224;228;3.79
224;1314;3.544
224;1341;3.414
225;221;3.05
225;228;3.124
226;202;3.741
226;203;3.337
226;222;3.091
226;235;3.72
226;239;3.58
227;222;3.109
227;223;3.142
227;229;2.907
227;235;3.588
227;236;3.402
227;1300;3.144
227;1338;3.73
227;1339;3.305
228;223;2.959
228;224;3.79
228;225;3.124
228;1290;3.599
228;1338;3.758
228;1339;3.418
229;146;3.406
229;227;2.907
229;231;2.92
229;235;3.79
230;232;3.027
230;1335;2.872
230;1338;3.516
231;229;2.92
231;235;3.0
232;230;3.027
232;235;2.968
232;236;2.953
232;1336;3.79
232;1337;3.781
233;236;3.6
233;237;2.925
233;1334;2.86
233;1336;2.766
234;1219;3.695
234;1222;3.921
234;1223;3.29
234;1336;2.962
235;143;5.724
235;226;3.72
235;227;3.588
235;229;3.79
235;231;3.0
235;232;2.968
235;238;3.015
235;239;3.158
236;227;3.402
236;232;2.953
236;233;3.6
236;239;3.392
236;240;2.948
236;1300;3.536
236;1337;4.082
237;233;2.925
237;241;2.957
238;135;3.741
238;138;3.526
238;143;3.941
238;235;3.015
238;241;3.303
238;242;2.979
239;143;4.002
239;203;3.517
239;216;3.59
239;222;3.718
239;226;3.58
239;235;3.158
239;236;3.392
239;242;3.141
239;243;2.968
240;222;3.907
240;236;2.948
240;243;3.299
240;244;2.997
240;1303;3.918
241;237;2.957
241;238;3.303
241;245;2.934
242;135;3.871
242;216;3.683
242;238;2.979
242;239;3.141
242;246;2.904
243;216;3.59
243;222;3.269
243;239;2.968
243;240;3.299
243;247;2.941
243;1303;3.359
244;240;2.997
244;248;2.955
244;1303;3.352
245;135;3.903
245;241;2.934
245;249;2.922
246;242;2.904
246;250;2.952
247;243;2.941
247;250;3.302
247;251;2.949
248;244;2.955
248;251;3.403
248;252;2.94
248;1249;3.672
248;1256;3.619
249;124;3.624
249;128;3.477
249;245;2.922
249;252;3.18
249;253;2.876
250;246;2.952
250;247;3.302
250;253;3.372
250;254;2.956
251;247;2.949
251;248;3.403
251;254;3.812
251;255;2.998
251;1367;3.823
252;248;2.94
252;249;3.18
252;255;3.616
252;256;2.901
252;1245;3.14
252;1248;3.812
253;249;2.876
253;250;3.372
253;256;3.102
253;257;2.949
253;684;3.596
254;250;2.956
254;251;3.812
254;258;3.074
254;684;3.733
254;687;3.667
254;1364;3.53
255;251;2.998
255;252;3.616
255;259;2.923
255;1367;3.989
255;1368;3.948
255;1371;3.5
256;252;2.901
256;253;3.102
256;260;2.955
257;121;3.951
257;253;2.949
257;260;3.214
257;261;3.082
257;688;3.793
258;254;3.074
258;261;3.313
258;262;3.071
258;687;3.705
258;688;3.994
258;691;3.419
258;1368;3.479
259;255;2.923
259;263;2.907
259;1372;3.866
260;119;3.41
260;120;3.985
260;256;2.955
260;257;3.214
260;263;3.994
260;264;2.99
261;257;3.082
261;258;3.313
261;265;3.111
261;688;3.69
262;258;3.071
262;265;3.009
262;266;2.859
262;692;4.038
262;695;3.741
262;1093;6.136
262;1372;3.987
263;120;2.61
263;259;2.907
263;260;3.994
263;266;3.096
263;267;3.498
264;116;3.78
264;119;2.712
264;260;2.99
264;274;2.869
265;261;3.111
265;262;3.009
265;274;2.847
265;275;3.039
266;262;2.859
266;263;3.096
266;273;3.543
266;277;3.133
267;263;3.498
267;272;2.668
267;273;2.922
268;277;3.785
269;271;3.558
270;277;3.667
270;278;4.013
270;280;3.926
271;269;3.558
271;273;3.286
272;267;2.668
273;266;3.543
273;267;2.922
273;271;3.286
274;264;2.869
274;265;2.847
275;265;3.039
276;279;3.023
277;266;3.133
277;268;3.785
277;270;3.667
277;280;3.006
278;270;4.013
279;276;3.023
279;282;3.025
280;270;3.926
280;277;3.006
281;283;2.881
281;286;3.507
282;279;3.025
283;281;2.881
283;286;2.925
283;299;3.918
284;287;2.867
284;288;2.627
284;295;3.672
284;296;3.999
285;288;2.915
285;289;2.937
285;293;2.946
285;704;2.751
285;705;2.834
285;1103;3.52
286;281;3.507
286;283;2.925
287;284;2.867
288;284;2.627
288;285;2.915
288;295;3.279
289;285;2.937
289;293;3.8
290;291;3.031
291;290;3.031
292;1104;4.157
293;285;2.946
293;289;3.8
294;1104;3.737
295;284;3.672
295;288;3.279
296;284;3.999
297;300;3.493
297;313;2.708
298;300;3.798
298;703;3.92
299;283;3.918
299;699;3.751
300;297;3.493
300;298;3.798
300;699;3.317
300;703;3.707
301;698;2.828
301;699;3.498
301;1094;3.532
302;1094;3.822
302;1095;3.932
303;311;3.235
304;311;3.934
305;309;2.661
306;966;3.709
307;962;3.566
308;309;3.315
309;305;2.661
309;308;3.315
310;316;3.963
311;303;3.235
311;304;3.934
311;314;3.389
312;317;3.871
313;297;2.708
314;311;3.389
314;321;2.78
315;318;2.999
316;310;3.963
317;312;3.871
318;315;2.999
318;321;3.774
319;328;3.057
319;329;3.887
319;330;3.4
320;323;3.114
321;314;2.78
321;318;3.774
322;709;2.74
323;320;3.114
323;332;2.713
324;327;4.01
324;328;2.9
324;329;2.755
324;330;2.81
324;332;2.822
325;328;2.801
325;708;3.39
325;710;3.622
325;718;2.84
326;333;3.467
326;719;3.53
326;720;3.361
327;324;4.01
327;329;2.94
327;331;2.829
327;333;2.687
328;319;3.057
328;324;2.9
328;325;2.801
328;706;3.169
328;707;3.227
329;319;3.887
329;324;2.755
329;327;2.94
330;319;3.4
330;324;2.81
331;327;2.829
332;323;2.713
332;324;2.822
332;335;2.998
332;336;3.29
333;326;3.467
333;327;2.687
334;337;2.804
335;332;2.998
336;332;3.29
337;334;2.804
338;339;3.484
339;338;3.484
340;443;3.651
340;444;2.85
340;445;3.966
341;439;3.092
341;442;3.83
342;439;2.903
343;439;2.771
344;439;2.615
345;350;2.887
346;348;2.967
346;349;3.535
346;350;2.99
346;356;3.958
347;351;3.483
348;346;2.967
349;346;3.535
349;356;4.017
350;345;2.887
350;346;2.99
350;354;3.831
350;355;3.741
350;356;3.705
351;347;3.483
352;354;3.057
352;356;3.849
353;435;3.888
354;350;3.831
354;352;3.057
354;436;3.867
354;437;2.891
354;438;3.049
354;440;2.753
355;350;3.741
356;346;3.958
356;349;4.017
356;350;3.705
356;352;3.849
357;363;3.639
358;363;3.674
358;364;2.912
359;362;3.052
359;364;3.02
360;364;4.005
360;365;2.958
361;374;3.798
362;359;3.052
363;357;3.639
363;358;3.674
364;358;2.912
364;359;3.02
364;360;4.005
365;360;2.958
366;370;3.745
367;370;3.005
367;374;3.902
368;371;2.99
369;372;3.003
369;373;2.997
369;374;3.94
370;366;3.745
370;367;3.005
371;368;2.99
372;369;3.003
372;375;3.029
373;369;2.997
374;361;3.798
374;367;3.902
374;369;3.94
375;372;3.029
376;378;3.193
377;380;2.785
377;383;3.639
377;396;3.763
378;376;3.193
379;397;3.07
380;377;2.785
380;397;3.011
381;398;2.872
381;403;3.383
382;385;2.947
383;377;3.639
384;386;3.003
384;387;3.378
384;389;2.811
385;382;2.947
386;384;3.003
386;388;3.339
387;384;3.378
388;386;3.339
389;384;2.811
389;392;3.912
389;393;2.832
390;392;3.279
391;394;3.021
392;389;3.912
392;390;3.279
393;389;2.832
394;391;3.021
395;399;3.651
395;400;3.488
396;377;3.763
396;399;2.916
397;379;3.07
397;380;3.011
398;381;2.872
398;401;2.96
398;402;3.06
399;395;3.651
399;396;2.916
400;395;3.488
401;398;2.96
402;398;3.06
403;381;3.383
404;405;2.761
405;404;2.761
406;407;2.803
406;413;3.632
407;406;2.803
407;412;3.035
408;411;2.792
408;412;3.815
409;412;3.77
410;412;2.977
411;408;2.792
412;407;3.035
412;408;3.815
412;409;3.77
412;410;2.977
413;406;3.632
413;414;3.026
414;413;3.026
415;417;2.965
416;418;2.942
417;415;2.965
418;416;2.942
418;419;3.046
419;418;3.046
420;442;2.831
421;422;3.59
422;421;3.59
422;423;2.862
423;422;2.862
424;425;3.019
425;424;3.019
425;427;3.58
426;430;3.564
426;434;3.677
427;425;3.58
427;430;2.923
428;430;3.484
429;432;2.827
430;426;3.564
430;427;2.923
430;428;3.484
430;433;2.984
430;434;3.066
431;434;2.899
432;429;2.827
432;435;3.568
433;430;2.984
434;426;3.677
434;430;3.066
434;431;2.899
435;353;3.888
435;432;3.568
436;354;3.867
436;440;3.835
437;354;2.891
438;354;3.049
439;341;3.092
439;342;2.903
439;343;2.771
439;344;2.615
440;354;2.753
440;436;3.835
441;443;3.554
442;341;3.83
442;420;2.831
442;443;3.152
443;340;3.651
443;441;3.554
443;442;3.152
444;340;2.85
444;450;3.796
445;340;3.966
446;449;3.006
447;450;3.02
447;451;3.27
447;452;3.881
448;453;3.875
448;454;2.782
448;455;3.462
449;446;3.006
450;444;3.796
450;447;3.02
451;447;3.27
452;447;3.881
453;448;3.875
454;448;2.782
455;448;3.462
456;457;3.59
457;456;3.59
458;461;2.743
459;462;3.955
460;463;3.112
461;458;2.743
462;459;3.955
463;460;3.112
463;465;2.997
463;467;3.335
463;470;3.035
463;471;2.757
464;466;3.931
464;467;3.749
464;525;2.757
465;463;2.997
466;464;3.931
466;524;3.616
466;525;3.946
467;463;3.335
467;464;3.749
467;470;2.961
467;471;3.119
468;471;2.99
469;521;3.667
470;463;3.035
470;467;2.961
470;522;3.719
471;463;2.757
471;467;3.119
471;468;2.99
471;474;2.965
471;475;3.151
472;476;2.961
473;477;2.969
474;471;2.965
474;477;3.216
474;478;3.01
475;471;3.151
475;478;3.411
475;479;2.929
475;573;2.682
476;472;2.961
476;479;3.233
476;480;2.975
477;473;2.969
477;474;3.216
477;481;3.05
478;474;3.01
478;475;3.411
478;481;3.326
478;482;2.98
478;518;3.827
478;570;3.952
479;475;2.929
479;476;3.233
479;482;3.018
479;483;3.089
479;574;2.75
479;575;3.603
480;476;2.975
480;483;3.472
480;484;3.01
481;477;3.05
481;478;3.326
481;485;2.984
481;511;3.663
482;478;2.98
482;479;3.018
482;485;3.08
482;486;3.077
482;515;3.321
482;568;3.865
482;570;3.9
482;571;3.836
483;479;3.089
483;480;3.472
483;486;3.144
483;487;3.435
483;571;3.809
484;480;3.01
484;487;3.342
484;488;3.02
485;481;2.984
485;482;3.08
485;488;3.241
485;489;2.993
485;511;3.166
485;567;3.073
486;482;3.077
486;483;3.144
486;490;3.052
486;568;3.635
486;980;3.989
487;483;3.435
487;484;3.342
487;490;3.299
487;491;2.98
488;484;3.02
488;485;3.241
488;491;3.155
488;492;2.955
488;504;3.511
489;485;2.993
489;492;3.025
489;565;4.032
489;567;3.817
489;568;3.684
489;984;4.019
490;486;3.052
490;487;3.299
491;487;2.98
491;488;3.155
491;496;3.612
492;488;2.955
492;489;3.025
492;497;2.899
492;504;3.982
492;508;3.439
493;497;2.978
493;1025;3.207
493;1026;3.065
494;497;3.572
494;498;2.831
495;498;2.972
495;499;3.018
496;491;3.612
496;499;4.003
496;500;3.013
497;492;2.899
497;493;2.978
497;494;3.572
497;501;2.799
498;494;2.831
498;495;2.972
498;501;2.748
499;495;3.018
499;496;4.003
500;496;3.013
500;503;3.042
500;504;2.938
501;497;2.799
501;498;2.748
501;505;2.963
502;505;3.311
502;506;3.032
503;500;3.042
503;506;3.953
503;507;2.96
504;488;3.511
504;492;3.982
504;500;2.938
504;507;3.346
504;508;2.924
505;501;2.963
505;502;3.311
505;508;3.361
505;509;3.03
506;502;3.032
506;503;3.953
506;510;2.966
507;503;2.96
507;504;3.346
507;510;3.477
507;511;2.957
508;492;3.439
508;504;2.924
508;505;3.361
508;511;3.412
508;512;3.094
508;567;3.269
509;505;3.03
509;512;3.348
509;513;3.015
509;551;3.815
509;552;3.384
510;506;2.966
510;507;3.477
510;513;3.017
510;514;3.081
511;481;3.663
511;485;3.166
511;507;2.957
511;508;3.412
511;514;3.071
511;515;3.379
512;508;3.094
512;509;3.348
512;515;2.956
512;547;2.831
512;548;3.775
512;551;3.784
513;509;3.015
513;510;3.017
513;516;2.864
514;510;3.081
514;511;3.071
514;517;3.066
514;518;3.242
515;482;3.321
515;511;3.379
515;512;2.956
515;519;2.984
515;544;3.687
515;548;3.93
515;570;3.424
516;513;2.864
516;519;3.414
516;520;3.034
516;548;3.485
517;514;3.066
517;521;3.059
518;478;3.827
518;514;3.242
518;521;3.415
518;522;2.946
518;570;2.745
518;573;2.714
519;515;2.984
519;516;3.414
519;522;3.499
519;523;2.983
519;544;3.684
520;516;3.034
520;523;3.226
520;524;3.081
521;469;3.667
521;517;3.059
521;518;3.415
521;525;2.99
522;470;3.719
522;518;2.946
522;519;3.499
522;525;3.015
522;526;3.026
522;530;2.676
522;531;3.646
522;537;2.768
523;519;2.983
523;520;3.226
523;531;3.718
523;532;3.979
524;466;3.616
524;520;3.081
525;464;2.757
525;466;3.946
525;521;2.99
525;522;3.015
526;522;3.026
526;530;3.728
527;530;2.907
527;531;2.918
528;532;2.983
529;533;2.837
530;522;2.676
530;526;3.728
530;527;2.907
530;533;3.072
530;534;2.917
531;522;3.646
531;523;3.718
531;527;2.918
531;537;3.195
531;541;2.943
532;523;3.979
532;528;2.983
533;529;2.837
533;530;3.072
534;530;2.917
534;537;2.965
534;538;3.042
535;538;3.96
535;539;3.014
536;540;2.999
536;578;2.943
536;581;3.889
537;522;2.768
537;531;3.195
537;534;2.965
537;541;2.959
538;534;3.042
538;535;3.96
538;541;3.385
538;542;2.991
539;535;3.014
539;542;3.439
539;543;3.02
540;536;2.999
540;543;3.194
540;544;2.903
540;570;2.645
540;573;3.88
541;531;2.943
541;537;2.959
541;538;3.385
541;545;3.003
542;538;2.991
542;539;3.439
542;545;3.206
542;546;3.093
543;539;3.02
543;540;3.194
543;547;3.021
544;515;3.687
544;519;3.684
544;540;2.903
544;548;2.922
544;570;3.76
545;541;3.003
545;542;3.206
545;549;2.986
546;542;3.093
546;550;3.191
546;560;4.01
546;563;3.736
547;512;2.831
547;543;3.021
547;551;3.38
547;567;3.012
548;512;3.775
548;515;3.93
548;516;3.485
548;544;2.922
548;551;3.103
548;552;2.913
549;545;2.986
549;552;3.397
549;553;3.061
550;546;3.191
550;554;2.961
550;555;3.02
550;564;3.774
551;509;3.815
551;512;3.784
551;547;3.38
551;548;3.103
551;555;3.754
551;564;4.024
552;509;3.384
552;548;2.913
552;549;3.397
553;549;3.061
554;550;2.961
554;556;2.951
555;550;3.02
555;551;3.754
555;561;2.85
556;554;2.951
556;561;3.297
557;560;2.818
558;562;2.938
559;562;3.281
559;563;2.958
559;1065;3.996
560;546;4.01
560;557;2.818
560;563;3.039
560;564;3.088
561;555;2.85
561;556;3.297
561;564;2.928
562;558;2.938
562;559;3.281
562;565;3.0
562;988;3.148
563;546;3.736
563;559;2.958
563;560;3.039
563;566;2.971
564;550;3.774
564;551;4.024
564;560;3.088
564;561;2.928
564;567;3.012
565;489;4.032
565;562;3.0
565;568;3.182
565;984;3.694
565;985;3.928
566;563;2.971
566;569;2.876
566;981;3.898
567;485;3.073
567;489;3.817
567;508;3.269
567;547;3.012
567;564;3.012
567;570;2.975
568;482;3.865
568;486;3.635
568;489;3.684
568;565;3.182
568;571;2.919
568;977;3.828
568;981;3.518
569;566;2.876
569;572;2.782
569;978;3.367
569;981;3.485
570;478;3.952
570;482;3.9
570;515;3.424
570;518;2.745
570;540;2.645
570;544;3.76
570;567;2.975
570;573;2.989
571;482;3.836
571;483;3.809
571;568;2.919
571;574;2.973
571;575;2.948
571;577;3.85
571;977;3.567
572;569;2.782
573;475;2.682
573;518;2.714
573;540;3.88
573;570;2.989
574;479;2.75
574;571;2.973
575;479;3.603
575;571;2.948
575;577;3.927
575;578;3.027
576;579;3.031
576;580;2.928
576;970;3.205
577;571;3.85
577;575;3.927
577;580;3.197
577;581;3.012
577;974;3.511
578;536;2.943
578;575;3.027
578;581;3.837
578;582;3.049
579;576;3.031
579;583;2.985
580;576;2.928
580;577;3.197
580;583;3.275
580;584;2.956
580;974;3.675
581;536;3.889
581;577;3.012
581;578;3.837
581;585;3.053
582;578;3.049
582;585;3.372
582;586;2.824
583;579;2.985
583;580;3.275
583;586;3.364
583;587;2.938
584;580;2.956
584;587;3.201
584;588;3.077
584;1079;3.602
585;581;3.053
585;582;3.372
585;588;2.995
586;582;2.824
586;583;3.364
586;589;3.001
587;583;2.938
587;584;3.201
587;590;3.078
587;591;3.086
587;690;3.763
587;1079;3.499
587;1083;3.561
588;584;3.077
588;585;2.995
588;592;2.973
588;1079;3.867
589;586;3.001
589;592;3.021
590;587;3.078
590;690;3.895
591;587;3.086
591;594;3.26
591;595;2.876
591;686;3.568
591;1079;3.828
592;588;2.973
592;589;3.021
592;596;3.049
593;106;3.444
593;110;3.337
593;596;3.213
593;597;3.281
594;110;3.999
594;591;3.26
594;597;3.066
594;598;3.026
594;685;3.509
594;686;3.783
595;591;2.876
595;599;2.93
596;592;3.049
596;593;3.213
596;599;3.276
596;600;3.053
597;107;3.667
597;593;3.281
597;594;3.066
597;600;3.461
597;601;3.033
598;594;3.026
598;601;3.474
598;602;2.959
598;649;3.909
598;682;4.029
599;595;2.93
599;596;3.276
599;603;2.976
600;100;3.526
600;596;3.053
600;597;3.461
600;603;3.297
600;604;2.999
601;597;3.033
601;598;3.474
601;604;3.31
601;605;2.948
601;678;3.738
602;598;2.959
602;605;3.491
602;606;2.925
602;642;3.512
602;645;3.795
603;19;3.513
603;23;3.733
603;599;2.976
603;600;3.297
603;606;3.273
603;607;2.999
603;638;3.487
604;94;3.945
604;98;3.981
604;600;2.999
604;601;3.31
604;607;3.28
604;608;3.001
605;601;2.948
605;602;3.491
605;609;2.96
605;645;3.794
605;674;4.092
605;675;3.527
605;678;3.893
606;602;2.925
606;603;3.273
606;609;3.252
606;610;2.992
606;638;3.734
606;641;3.978
606;642;4.001
607;94;3.625
607;603;2.999
607;604;3.28
607;611;3.309
608;94;3.698
608;604;3.001
608;611;3.366
608;612;3.026
609;605;2.96
609;606;3.252
609;613;2.997
609;614;2.818
609;635;3.83
610;25;3.22
610;606;2.992
610;614;3.048
610;615;3.143
610;637;4.011
611;91;3.386
611;607;3.309
611;608;3.366
612;87;3.899
612;91;3.854
612;608;3.026
612;615;2.803
613;609;2.997
613;616;3.005
613;617;3.582
613;631;3.519
613;635;4.031
613;668;3.432
613;671;3.994
614;609;2.818
614;610;3.048
614;631;3.751
615;610;3.143
615;612;2.803
616;613;3.005
616;628;4.102
616;631;2.991
617;613;3.582
617;629;3.075
617;631;2.97
617;657;3.806
617;658;3.436
617;664;2.81
617;668;3.523
618;627;2.652
618;628;3.382
618;658;3.729
618;659;2.912
619;622;3.007
619;623;2.885
619;624;2.841
619;625;2.779
620;658;4.156
620;659;2.788
620;660;3.73
621;624;3.802
622;619;3.007
622;627;3.966
623;619;2.885
624;619;2.841
624;621;3.802
624;1013;3.84
625;619;2.779
626;632;3.571
626;633;3.122
627;618;2.652
627;622;3.966
628;616;4.102
628;618;3.382
628;632;3.528
629;617;3.075
629;632;3.253
629;633;3.159
629;656;2.832
629;657;3.566
630;633;3.025
630;634;2.845
630;654;3.952
630;655;3.947
631;613;3.519
631;614;3.751
631;616;2.991
631;617;2.97
631;635;3.695
631;657;3.617
632;626;3.571
632;628;3.528
632;629;3.253
632;636;3.516
633;626;3.122
633;629;3.159
633;630;3.025
633;640;4.022
633;1053;3.636
634;630;2.845
634;640;3.966
634;643;3.865
634;644;3.849
634;1044;3.46
634;1048;3.83
635;609;3.83
635;613;4.031
635;631;3.695
635;640;3.659
635;644;3.652
635;657;4.041
636;632;3.516
636;1057;2.717
637;25;3.696
637;610;4.011
637;640;2.899
637;641;2.943
637;1060;2.879
638;25;3.293
638;603;3.487
638;606;3.734
638;641;3.422
638;642;2.942
639;642;3.222
639;643;2.991
639;1060;3.64
639;1063;3.884
639;1064;3.662
639;1067;3.973
640;633;4.022
640;634;3.966
640;635;3.659
640;637;2.899
640;643;3.259
640;644;2.982
640;1063;3.086
641;606;3.978
641;637;2.943
641;638;3.422
641;644;4.03
641;645;2.971
642;602;3.512
642;606;4.001
642;638;2.942
642;639;3.222
642;645;3.49
642;646;2.975
643;634;3.865
643;639;2.991
643;640;3.259
643;646;3.25
643;647;3.029
643;1048;3.927
643;1067;3.577
644;634;3.849
644;635;3.652
644;640;2.982
644;641;4.03
644;647;3.15
644;648;3.014
644;654;3.799
645;602;3.795
645;605;3.794
645;641;2.971
645;642;3.49
645;648;3.38
645;649;2.994
646;642;2.975
646;643;3.25
646;649;3.054
646;650;3.219
646;1040;3.926
646;1043;3.5
646;1067;3.707
646;1074;3.909
647;643;3.029
647;644;3.15
647;653;2.819
647;1044;3.542
648;644;3.014
648;645;3.38
648;651;2.949
648;672;3.428
648;675;3.571
648;676;3.967
649;598;3.909
649;645;2.994
649;646;3.054
649;679;3.767
650;646;3.219
650;1040;3.47
651;648;2.949
651;672;2.92
651;676;4.001
652;220;3.764
652;1040;3.822
652;1041;2.728
652;1042;2.832
653;215;3.681
653;220;3.7
653;221;4.025
653;647;2.819
653;672;3.844
653;1045;3.83
654;630;3.952
654;644;3.799
654;657;3.507
654;672;3.281
655;630;3.947
655;1045;3.501
656;629;2.832
656;1001;3.969
657;617;3.806
657;629;3.566
657;631;3.617
657;635;4.041
657;654;3.507
657;665;3.208
657;668;3.453
658;617;3.436
658;618;3.729
658;620;4.156
658;661;3.405
658;665;2.902
659;618;2.912
659;620;2.788
659;665;3.614
660;194;3.656
660;620;3.73
661;658;3.405
661;664;2.754
661;665;3.403
662;666;2.943
663;666;3.329
663;667;3.009
664;617;2.81
664;661;2.754
664;667;3.187
664;668;3.069
665;657;3.208
665;658;2.902
665;659;3.614
665;661;3.403
665;668;3.423
665;669;2.91
666;662;2.943
666;663;3.329
666;669;3.227
666;670;3.004
667;663;3.009
667;664;3.187
667;670;3.488
667;671;3.348
668;613;3.432
668;617;3.523
668;657;3.453
668;664;3.069
668;665;3.423
668;671;3.437
668;672;2.94
669;211;3.845
669;665;2.91
669;666;3.227
669;672;3.299
669;673;2.971
670;666;3.004
670;667;3.488
670;673;3.402
670;674;3.023
671;613;3.994
671;667;3.348
671;668;3.437
671;674;3.326
671;675;2.994
672;648;3.428
672;651;2.92
672;653;3.844
672;654;3.281
672;668;2.94
672;669;3.299
672;675;3.273
672;676;2.982
673;214;3.497
673;669;2.971
673;670;3.402
673;676;3.435
673;677;2.998
674;605;4.092
674;670;3.023
674;671;3.326
674;677;3.484
674;678;3.005
675;605;3.527
675;648;3.571
675;671;2.994
675;672;3.273
675;679;2.96
676;214;4.148
676;218;3.601
676;648;3.967
676;651;4.001
676;672;2.982
676;673;3.435
676;680;2.924
677;214;3.835
677;673;2.998
677;674;3.484
677;680;3.463
677;681;3.029
678;601;3.738
678;605;3.893
678;674;3.005
678;682;2.987
679;649;3.767
679;675;2.96
679;682;3.129
679;683;2.928
680;676;2.924
680;677;3.463
680;683;3.282
680;684;2.984
681;114;3.831
681;677;3.029
681;684;3.484
681;685;3.022
682;598;4.029
682;678;2.987
682;679;3.129
682;685;3.321
682;686;2.92
683;679;2.928
683;680;3.282
683;686;3.124
683;687;3.08
684;253;3.596
684;254;3.733
684;680;2.984
684;681;3.484
684;688;3.011
685;594;3.509
685;681;3.022
685;682;3.321
685;689;2.901
686;591;3.568
686;594;3.783
686;682;2.92
686;683;3.124
686;689;3.384
686;690;3.13
686;1082;3.383
687;254;3.667
687;258;3.705
687;683;3.08
687;690;3.464
687;691;2.941
687;1082;3.592
687;1085;3.739
687;1364;6.352
688;257;3.793
688;258;3.994
688;261;3.69
688;684;3.011
688;691;3.425
688;692;2.95
689;685;2.901
689;686;3.384
689;693;3.075
690;587;3.763
690;590;3.895
690;686;3.13
690;687;3.464
690;693;3.281
690;694;3.008
690;1082;3.633
690;1083;3.748
690;1086;3.551
691;258;3.419
691;687;2.941
691;688;3.425
691;694;3.453
691;695;2.977
691;1086;4.029
691;1089;3.45
692;262;4.038
692;688;2.95
692;695;3.266
692;696;3.067
693;689;3.075
693;690;3.281
693;696;3.106
693;697;3.101
694;690;3.008
694;691;3.453
694;697;2.959
694;698;3.018
694;1086;3.514
694;1090;3.46
695;262;3.741
695;691;2.977
695;692;3.266
695;1090;3.627
695;1093;3.32
696;692;3.067
696;693;3.106
697;693;3.101
697;694;2.959
698;301;2.828
698;694;3.018
698;1090;3.675
699;299;3.751
699;300;3.317
699;301;3.498
700;1093;3.845
700;1097;2.895
701;1098;2.75
702;705;3.665
702;1103;3.977
703;298;3.92
703;300;3.707
704;285;2.751
705;285;2.834
705;702;3.665
705;1103;3.596
706;328;3.169
707;328;3.227
708;325;3.39
708;718;3.854
708;720;3.892
709;322;2.74
710;325;3.622
710;713;2.983
711;714;2.895
711;715;2.962
712;716;2.83
713;710;2.983
713;716;4.037
714;711;2.895
714;718;3.742
714;722;3.727
715;711;2.962
716;712;2.83
716;713;4.037
716;717;3.364
716;721;3.753
717;716;3.364
718;325;2.84
718;708;3.854
718;714;3.742
718;721;2.986
719;326;3.53
720;326;3.361
720;708;3.892
720;722;3.944
721;716;3.753
721;718;2.986
722;714;3.727
722;720;3.944
722;742;2.834
723;741;3.975
723;743;3.608
724;734;3.859
725;735;3.521
726;730;2.738
726;735;3.085
727;730;3.367
728;732;2.788
729;732;2.717
730;726;2.738
730;727;3.367
730;732;3.789
730;733;2.721
731;740;2.861
731;756;2.828
732;728;2.788
732;729;2.717
732;730;3.789
733;730;2.721
733;736;3.333
733;737;2.746
734;724;3.859
734;738;3.396
734;740;3.597
735;725;3.521
735;726;3.085
735;738;3.687
736;733;3.333
737;733;2.746
737;739;3.668
738;734;3.396
738;735;3.687
738;740;2.768
739;737;3.668
739;756;2.869
740;731;2.861
740;734;3.597
740;738;2.768
741;723;3.975
742;722;2.834
743;723;3.608
743;745;2.9
743;746;3.044
744;746;3.031
745;743;2.9
746;743;3.044
746;744;3.031
747;817;2.784
748;815;4.154
749;753;3.928
749;801;2.738
750;754;3.807
751;1106;3.609
751;1107;2.955
752;799;3.869
753;749;3.928
754;750;3.807
755;757;2.721
756;731;2.828
756;739;2.869
757;755;2.721
758;759;3.039
759;758;3.039
760;787;3.516
761;763;2.953
762;790;2.655
763;761;2.953
763;766;2.788
764;782;3.857
765;777;3.791
765;781;3.603
765;784;3.565
766;763;2.788
767;769;3.728
767;770;2.822
767;784;3.757
768;785;3.496
769;767;3.728
769;784;3.8
769;785;3.778
770;767;2.822
770;776;3.543
771;774;3.718
771;775;2.988
772;777;3.46
772;784;3.448
773;776;2.94
773;779;4.035
774;771;3.718
775;771;2.988
776;770;3.543
776;773;2.94
776;784;3.807
777;765;3.791
777;772;3.46
777;784;3.848
778;780;3.685
779;773;4.035
780;778;3.685
781;765;3.603
782;764;3.857
783;786;2.828
783;788;3.909
784;765;3.565
784;767;3.757
784;769;3.8
784;772;3.448
784;776;3.807
784;777;3.848
785;768;3.496
785;769;3.778
786;783;2.828
786;789;2.955
787;760;3.516
788;783;3.909
789;786;2.955
790;762;2.655
791;794;3.928
792;798;2.911
793;797;2.796
793;798;2.661
794;791;3.928
795;796;2.958
796;795;2.958
797;793;2.796
798;792;2.911
798;793;2.661
799;752;3.869
800;801;3.269
801;749;2.738
801;800;3.269
802;807;2.89
803;806;3.897
803;807;3.409
804;806;2.95
804;807;3.002
804;808;3.469
805;808;3.824
806;803;3.897
806;804;2.95
807;802;2.89
807;803;3.409
807;804;3.002
808;804;3.469
808;805;3.824
809;821;3.539
809;822;2.883
809;823;2.853
810;813;2.927
811;813;2.869
811;814;3.224
812;815;4.08
812;816;3.998
812;818;3.892
813;810;2.927
813;811;2.869
814;811;3.224
815;748;4.154
815;812;4.08
815;817;3.924
816;812;3.998
817;747;2.784
817;815;3.924
818;812;3.892
819;1109;3.781
820;1109;3.371
820;1113;3.737
821;809;3.539
822;809;2.883
822;824;2.614
823;809;2.853
824;822;2.614
825;827;2.798
826;833;3.495
827;825;2.798
827;830;3.376
827;833;3.838
828;831;3.317
829;831;3.406
830;827;3.376
831;828;3.317
831;829;3.406
831;833;3.767
832;834;2.989
832;835;3.993
833;826;3.495
833;827;3.838
833;831;3.767
834;832;2.989
834;837;2.81
835;832;3.993
835;841;4.02
835;890;3.897
836;841;3.786
836;890;3.669
836;891;3.609
837;834;2.81
838;841;2.959
838;842;3.011
839;843;3.05
840;844;2.913
841;835;4.02
841;836;3.786
841;838;2.959
841;844;3.23
841;845;2.963
842;838;3.011
842;845;3.462
842;846;3.225
842;950;3.198
843;839;3.05
843;846;3.36
843;847;3.017
844;840;2.913
844;841;3.23
844;847;3.305
844;848;2.925
845;841;2.963
845;842;3.462
845;848;3.383
845;849;2.968
845;884;3.747
845;887;3.769
846;842;3.225
846;843;3.36
846;849;3.351
846;850;2.949
846;950;3.424
847;843;3.017
847;844;3.305
847;850;3.231
847;851;2.977
848;844;2.925
848;845;3.383
848;852;2.961
848;884;3.996
849;845;2.968
849;846;3.351
849;853;2.893
849;880;3.991
849;884;3.432
849;943;3.703
849;947;3.783
850;846;2.949
850;847;3.231
850;853;3.169
850;854;2.98
851;847;2.977
851;854;3.099
851;855;3.008
852;848;2.961
852;855;3.432
852;856;2.958
852;943;3.63
853;849;2.893
853;850;3.169
853;857;3.002
854;850;2.98
854;851;3.099
854;857;3.383
854;858;2.958
855;851;3.008
855;852;3.432
855;858;2.976
855;859;3.239
856;852;2.958
856;941;3.925
856;944;4.036
857;853;3.002
857;854;3.383
857;861;3.657
857;1272;3.857
858;854;2.958
858;855;2.976
858;861;3.071
858;862;3.032
858;865;3.455
858;869;3.861
859;855;3.239
859;866;2.775
859;934;2.713
860;863;3.329
860;866;2.669
860;1275;3.344
860;1329;3.068
861;857;3.657
861;858;3.071
861;1295;3.741
862;858;3.032
862;865;2.966
862;866;3.023
863;860;3.329
863;866;3.215
863;867;3.01
863;1330;3.979
864;867;2.639
865;858;3.455
865;862;2.966
865;868;3.279
865;869;2.959
866;859;2.775
866;860;2.669
866;862;3.023
866;863;3.215
866;870;3.023
866;1328;3.85
867;863;3.01
867;864;2.639
867;1330;3.501
868;865;3.279
869;858;3.861
869;865;2.959
869;872;3.106
869;873;3.029
870;866;3.023
870;874;2.752
871;875;3.02
872;869;3.106
872;875;3.368
872;876;2.988
873;869;3.029
873;876;2.991
873;877;3.265
874;870;2.752
874;877;2.996
874;878;3.027
874;934;2.865
874;937;3.76
875;871;3.02
875;872;3.368
875;878;2.919
875;879;2.945
876;872;2.988
876;873;2.991
876;880;2.922
877;873;3.265
877;874;2.996
877;881;3.008
877;937;4.03
877;940;3.812
878;874;3.027
878;875;2.919
878;881;3.355
878;882;3.03
879;875;2.945
879;883;2.986
880;849;3.991
880;876;2.922
880;883;3.244
880;884;2.933
880;943;3.62
881;877;3.008
881;878;3.355
881;885;2.98
881;940;3.869
882;878;3.03
882;886;3.03
883;879;2.986
883;880;3.244
883;886;4.022
883;887;2.948
884;845;3.747
884;848;3.996
884;849;3.432
884;880;2.933
884;888;3.012
884;946;3.662
885;881;2.98
885;888;3.452
885;889;2.986
885;913;3.836
885;917;3.643
886;882;3.03
886;883;4.022
886;889;3.295
886;890;2.953
887;845;3.769
887;883;2.948
887;890;3.426
887;891;2.74
887;946;3.566
888;884;3.012
888;885;3.452
888;892;2.961
888;910;3.902
889;885;2.986
889;886;3.295
889;893;2.997
890;835;3.897
890;836;3.669
890;886;2.953
890;887;3.426
890;893;3.44
890;894;3.012
891;836;3.609
891;887;2.74
891;895;3.081
891;900;3.674
891;906;4.091
891;909;2.674
892;888;2.961
892;895;3.039
892;896;2.919
892;897;3.85
892;900;6.255
892;901;3.677
893;889;2.997
893;890;3.44
894;890;3.012
895;891;3.081
895;892;3.039
895;899;2.82
895;900;3.988
895;903;3.755
895;906;3.628
896;892;2.919
896;899;3.252
896;900;2.962
897;892;3.85
897;900;3.462
897;901;3.023
898;901;3.073
898;902;2.864
899;895;2.82
899;896;3.252
900;891;3.674
900;892;6.255
900;895;3.988
900;896;2.962
900;897;3.462
900;903;3.036
900;906;3.705
900;910;3.822
901;892;3.677
901;897;3.023
901;898;3.073
901;907;3.73
901;910;3.698
902;898;2.864
903;895;3.755
903;900;3.036
903;906;3.03
903;907;2.941
904;908;2.966
905;908;3.388
905;909;3.012
905;949;3.269
905;955;4.034
905;958;3.944
906;891;4.091
906;895;3.628
906;900;3.705
906;903;3.03
906;909;3.177
906;910;2.979
907;901;3.73
907;903;2.941
907;910;5.739
907;911;2.961
908;904;2.966
908;905;3.388
908;911;3.255
909;891;2.674
909;905;3.012
909;906;3.177
909;946;2.95
909;949;2.75
910;888;3.902
910;900;3.822
910;901;3.698
910;906;2.979
910;907;5.739
910;913;3.035
910;914;2.951
911;907;2.961
911;908;3.255
911;915;3.029
912;942;3.988
912;946;3.672
913;885;3.836
913;910;3.035
913;916;3.048
913;917;3.093
914;910;2.951
914;917;2.959
914;918;2.911
915;911;3.029
915;919;2.974
915;939;3.697
916;913;3.048
916;919;3.991
916;920;3.054
916;940;2.861
917;885;3.643
917;913;3.093
917;914;2.959
917;920;3.351
917;921;2.987
918;914;2.911
918;921;3.205
918;922;2.997
919;915;2.974
919;916;3.991
919;922;3.481
919;923;2.995
920;916;3.054
920;917;3.351
920;923;3.269
920;924;2.986
920;933;3.761
921;917;2.987
921;918;3.205
921;924;3.224
921;925;2.932
922;918;2.997
922;919;3.481
922;925;3.286
922;926;2.993
923;919;2.995
923;920;3.269
923;928;3.039
923;932;3.284
923;933;3.326
923;936;3.66
924;920;2.986
924;921;3.224
924;927;3.004
925;921;2.932
925;922;3.286
926;922;2.993
927;924;3.004
928;923;3.039
929;932;3.83
930;933;3.481
930;934;3.009
931;934;2.745
931;935;3.221
932;923;3.284
932;929;3.83
932;936;2.963
933;920;3.761
933;923;3.326
933;930;3.481
933;937;2.959
934;859;2.713
934;874;2.865
934;930;3.009
934;931;2.745
934;1327;3.833
934;1328;3.966
935;931;3.221
935;938;3.049
935;1277;3.919
935;1324;2.967
935;1325;3.651
935;1326;3.146
936;923;3.66
936;932;2.963
937;874;3.76
937;877;4.03
937;933;2.959
937;940;2.749
938;935;3.049
938;941;2.754
938;942;3.323
938;1273;3.61
939;915;3.697
939;942;2.984
940;877;3.812
940;881;3.869
940;916;2.861
940;937;2.749
940;943;2.853
941;856;3.925
941;938;2.754
942;912;3.988
942;938;3.323
942;939;2.984
942;945;2.945
942;946;3.004
942;1269;3.851
943;849;3.703
943;852;3.63
943;880;3.62
943;940;2.853
943;946;2.98
943;947;3.177
944;856;4.036
944;947;2.969
944;1269;3.63
945;942;2.945
945;948;2.771
945;1269;3.808
946;884;3.662
946;887;3.566
946;909;2.95
946;912;3.672
946;942;3.004
946;943;2.98
946;949;2.919
947;849;3.783
