source;destination;distance
0;3;2.785
1;47;3.594
2;7;3.562
2;48;3.671
3;0;2.785
4;7;3.25
4;8;2.973
5;9;2.973
6;10;2.972
7;2;3.562
7;4;3.25
7;10;3.113
7;11;2.966
7;43;6.244
7;47;3.748
8;4;2.973
8;11;3.477
8;12;2.983
9;5;2.973
9;13;2.932
10;6;2.972
10;7;3.113
10;14;2.946
11;7;2.966
11;8;3.477
11;14;3.43
11;15;3.014
11;44;3.613
12;8;2.983
12;16;2.977
12;104;4.037
13;9;2.932
13;16;3.373
13;17;2.941
14;10;2.946
14;11;3.43
14;18;3.014
14;37;3.631
14;40;4.027
15;11;3.014
15;19;2.98
15;37;3.752
15;99;3.968
15;100;3.562
16;12;2.977
16;13;3.373
16;19;3.14
16;20;3.088
17;13;2.941
17;20;3.289
17;21;2.977
18;14;3.014
18;22;2.963
18;37;3.154
18;96;3.613
19;15;2.98
19;16;3.14
19;22;3.172
19;97;3.497
19;602;3.504
20;16;3.088
20;17;3.289
21;17;2.977
21;24;2.983
21;30;3.622
21;33;3.407
22;18;2.963
22;19;3.172
22;93;4.036
22;97;4.02
23;602;3.721
24;21;2.983
24;27;3.961
25;609;3.226
25;636;3.706
25;637;3.271
26;30;3.835
27;24;3.961
27;30;2.842
28;31;2.703
28;32;3.036
29;32;3.324
29;33;2.967
30;21;3.622
30;26;3.835
30;27;2.842
30;33;3.46
30;34;3.013
31;28;2.703
31;34;3.464
31;35;3.002
32;28;3.036
32;29;3.324
32;36;3.006
33;21;3.407
33;29;2.967
33;30;3.46
33;36;3.216
33;37;2.945
34;30;3.013
34;31;3.464
34;37;3.342
34;38;2.928
34;93;2.814
34;96;3.133
35;31;3.002
35;38;3.305
35;39;2.958
35;81;3.92
36;32;3.006
36;33;3.216
36;39;3.349
36;40;3.005
37;14;3.631
37;15;3.752
37;18;3.154
37;33;2.945
37;34;3.342
37;40;2.998
37;41;2.868
37;96;3.475
38;34;2.928
38;35;3.305
38;41;3.996
38;42;2.985
38;80;2.755
39;35;2.958
39;36;3.349
39;42;3.194
39;43;2.983
40;14;4.027
40;36;3.005
40;37;2.998
40;44;2.913
41;37;2.868
41;38;3.996
41;45;2.952
41;73;3.464
41;99;3.507
42;38;2.985
42;39;3.194
42;45;3.27
42;46;2.971
43;7;6.244
43;39;2.983
43;46;3.402
43;47;3.058
44;11;3.613
44;40;2.913
44;47;3.274
44;48;2.823
44;99;2.65
45;41;2.952
45;42;3.27
45;49;2.985
45;56;3.96
45;73;3.928
46;42;2.971
46;43;3.402
46;50;3.077
46;51;3.924
47;1;3.594
47;7;3.748
47;43;3.058
47;44;3.274
48;2;3.671
48;44;2.823
48;66;3.209
48;69;2.667
49;45;2.985
49;56;4.017
49;59;3.866
49;66;3.653
50;46;3.077
50;53;3.494
50;55;3.686
51;46;3.924
52;55;3.093
52;58;3.477
53;50;3.494
53;56;2.977
54;57;3.001
55;50;3.686
55;52;3.093
55;58;3.001
56;45;3.96
56;49;4.017
56;53;2.977
56;59;3.048
56;70;3.985
57;54;3.001
57;60;3.026
58;52;3.477
58;55;3.001
58;61;3.039
59;49;3.866
59;56;3.048
59;62;2.981
59;63;3.79
59;66;3.508
59;67;3.878
59;70;3.73
60;57;3.026
60;67;3.92
61;58;3.039
62;59;2.981
63;59;3.79
63;67;2.914
64;67;3.413
64;68;3.04
65;68;3.024
65;69;3.049
65;102;3.457
65;108;3.216
65;111;3.761
66;48;3.209
66;49;3.653
66;59;3.508
66;69;3.836
66;70;2.982
67;59;3.878
67;60;3.92
67;63;2.914
67;64;3.413
67;70;3.455
67;71;2.957
68;64;3.04
68;65;3.024
68;72;3.004
68;101;3.91
69;48;2.667
69;65;3.049
69;66;3.836
69;72;3.416
69;73;2.923
69;99;3.168
69;102;2.745
70;56;3.985
70;59;3.73
70;66;2.982
70;67;3.455
70;73;3.235
70;74;2.995
71;67;2.957
71;74;3.417
71;75;2.986
72;68;3.004
72;69;3.416
72;76;2.926
72;95;3.523
73;41;3.464
73;45;3.928
73;69;2.923
73;70;3.235
73;76;3.458
73;77;2.905
74;70;2.995
74;71;3.417
74;77;3.345
74;78;3.006
75;71;2.986
75;78;3.455
75;79;2.982
75;89;3.571
75;92;3.319
76;72;2.926
76;73;3.458
76;79;2.995
76;80;2.867
77;73;2.905
77;74;3.345
77;81;2.97
78;74;3.006
78;75;3.455
78;82;3.004
79;75;2.982
79;76;2.995
79;83;3.959
79;89;2.746
80;38;2.755
80;76;2.867
80;96;3.602
81;35;3.92
81;77;2.97
82;78;3.004
82;84;2.987
83;79;3.959
83;90;2.961
83;93;3.642
84;82;2.987
85;89;3.505
86;89;3.112
87;90;2.925
87;91;3.179
87;611;3.899
88;91;3.112
89;75;3.571
89;79;2.746
89;85;3.505
89;86;3.112
89;92;3.006
90;83;2.961
90;87;2.925
91;87;3.179
91;88;3.112
91;94;3.016
91;610;3.436
91;611;3.862
92;75;3.319
92;89;3.006
92;95;2.87
93;22;4.036
93;34;2.814
93;83;3.642
93;96;2.909
94;91;3.016
94;97;2.876
94;98;3.49
94;603;3.958
94;606;3.628
94;607;3.688
95;72;3.523
95;92;2.87
95;98;3.845
95;99;3.007
96;18;3.613
96;34;3.133
96;37;3.475
96;80;3.602
96;93;2.909
96;99;3.21
97;19;3.497
97;22;4.02
97;94;2.876
97;100;3.01
98;94;3.49
98;95;3.845
98;101;2.904
98;603;3.952
99;15;3.968
99;41;3.507
99;44;2.65
99;69;3.168
99;95;3.007
99;96;3.21
99;102;2.948
100;15;3.562
100;97;3.01
100;103;2.99
100;104;3.006
100;107;3.609
100;599;3.54
101;68;3.91
101;98;2.904
101;111;3.877
102;65;3.457
102;69;2.745
102;99;2.948
102;108;2.813
103;100;2.99
104;12;4.037
104;100;3.006
104;107;3.095
104;108;2.987
105;108;3.364
105;109;2.95
106;110;3.136
106;592;3.43
107;100;3.609
107;104;3.095
107;110;3.417
107;111;3.004
107;596;3.699
108;65;3.216
108;102;2.813
108;104;2.987
108;105;3.364
108;111;3.46
108;112;2.974
109;105;2.95
109;112;3.218
109;113;3.037
110;106;3.136
110;107;3.417
110;113;3.093
110;114;3.0
110;592;3.348
110;593;3.991
111;65;3.761
111;101;3.877
111;107;3.004
111;108;3.46
111;114;3.243
111;115;3.044
112;108;2.974
112;109;3.218
112;115;3.46
112;116;3.007
113;109;3.037
113;110;3.093
113;116;3.23
113;117;3.053
114;110;3.0
114;111;3.243
114;117;3.009
114;118;3.231
114;681;3.832
115;111;3.044
115;112;3.46
115;118;2.99
116;112;3.007
116;113;3.23
116;119;2.764
116;255;4.001
117;113;3.053
117;114;3.009
117;120;3.058
117;121;3.013
117;255;3.957
118;114;3.231
118;115;2.99
118;122;3.006
119;116;2.764
119;259;2.739
120;117;3.058
120;123;3.345
120;255;3.445
120;258;2.643
120;259;2.897
121;117;3.013
121;124;3.345
121;125;2.926
121;252;4.009
122;118;3.006
122;126;2.971
123;120;3.345
123;126;3.224
123;127;3.121
123;1266;3.481
123;1267;2.884
124;121;3.345
124;127;3.411
124;128;3.165
124;244;3.583
125;121;2.926
125;128;3.383
125;129;2.918
126;122;2.971
126;123;3.224
126;129;3.367
126;130;2.989
127;123;3.121
127;124;3.411
127;130;3.867
127;131;2.964
127;1261;3.976
127;1267;3.972
127;1270;3.858
128;124;3.165
128;125;3.383
128;131;3.34
128;132;2.897
128;244;3.502
129;125;2.918
129;126;3.367
129;132;3.466
129;133;3.01
130;126;2.989
130;127;3.867
130;133;3.435
130;134;2.939
130;1257;3.668
130;1260;3.39
130;1261;3.601
131;127;2.964
131;128;3.34
131;134;3.459
131;135;2.868
132;128;2.897
132;129;3.466
132;136;2.967
132;204;3.731
132;207;4.003
133;129;3.01
133;130;3.435
133;136;3.199
133;137;3.007
134;130;2.939
134;131;3.459
134;137;3.259
134;138;2.972
134;1168;3.734
134;1257;3.867
135;131;2.868
135;139;2.938
135;207;3.596
135;233;3.721
135;237;3.806
135;240;3.619
136;132;2.967
136;133;3.199
136;140;2.937
136;200;3.629
136;204;3.907
137;133;3.007
137;134;3.259
137;140;3.209
137;141;3.116
137;1254;3.947
138;134;2.972
138;141;3.145
138;142;3.462
138;233;3.564
138;1251;3.665
138;1254;3.886
139;135;2.938
139;142;3.446
139;143;2.955
139;197;3.534
140;136;2.937
140;137;3.209
140;144;3.749
140;198;3.922
140;199;3.532
140;200;3.912
141;137;3.116
141;138;3.145
141;1251;3.618
141;1254;3.38
142;138;3.462
142;139;3.446
142;1247;3.697
142;1251;3.511
143;139;2.955
143;220;3.067
143;230;3.413
143;233;3.564
143;234;3.692
144;140;3.749
144;198;3.839
145;150;2.75
145;193;2.959
146;187;3.088
146;191;3.666
146;192;3.921
146;193;3.159
147;150;2.946
147;151;3.801
147;191;2.785
148;191;2.847
148;194;3.577
148;198;2.641
149;155;3.397
150;145;2.75
150;147;2.946
150;154;3.141
150;188;2.75
151;147;3.801
151;185;3.802
151;188;3.864
152;185;3.716
153;183;2.775
154;150;3.141
155;149;3.397
156;159;3.551
156;171;3.176
157;159;3.664
158;161;3.56
158;182;3.981
159;156;3.551
159;157;3.664
160;171;3.351
160;181;2.795
161;158;3.56
161;171;3.933
162;170;3.07
162;171;3.764
163;166;3.814
164;169;3.777
165;167;3.443
166;163;3.814
166;170;3.696
167;165;3.443
168;170;2.949
168;178;3.011
169;164;3.777
169;174;3.852
170;162;3.07
170;166;3.696
170;168;2.949
170;173;2.852
171;156;3.176
171;160;3.351
171;161;3.933
171;162;3.764
172;175;3.418
173;170;2.852
173;178;3.761
173;180;2.836
174;169;3.852
174;176;2.915
175;172;3.418
176;174;2.915
177;179;3.089
178;168;3.011
178;173;3.761
179;177;3.089
180;173;2.836
181;160;2.795
182;158;3.981
183;153;2.775
184;1020;4.041
184;1022;3.69
185;151;3.802
185;152;3.716
186;188;3.413
187;146;3.088
188;150;2.75
188;151;3.864
188;186;3.413
189;192;3.109
190;1019;2.866
190;1021;3.557
191;146;3.666
191;147;2.785
191;148;2.847
191;194;3.13
192;146;3.921
192;189;3.109
192;223;3.554
192;224;3.951
193;145;2.959
193;146;3.159
194;148;3.577
194;191;3.13
194;197;2.997
194;198;3.027
194;202;3.496
195;202;3.146
196;202;3.423
196;220;3.483
197;139;3.534
197;194;2.997
197;203;3.372
197;206;3.583
197;220;3.146
197;234;6.22
198;140;3.922
198;144;3.839
198;148;2.641
198;194;3.027
199;140;3.532
199;202;2.797
199;203;2.976
200;136;3.629
200;140;3.912
200;204;2.951
201;205;2.995
202;194;3.496
202;195;3.146
202;196;3.423
202;199;2.797
202;205;3.325
202;206;2.96
203;197;3.372
203;199;2.976
203;206;3.237
203;207;2.949
204;132;3.731
204;136;3.907
204;200;2.951
204;208;2.935
205;201;2.995
205;202;3.325
205;208;3.06
205;209;2.968
205;669;3.827
206;197;3.583
206;202;2.96
206;203;3.237
206;209;3.286
206;210;2.93
207;132;4.003
207;135;3.596
207;203;2.949
207;210;3.876
207;211;2.962
208;204;2.935
208;205;3.06
208;211;3.244
208;212;2.942
208;673;3.5
208;677;3.925
209;205;2.968
209;206;3.286
209;213;2.973
209;214;2.841
209;215;3.862
209;652;3.619
210;206;2.93
210;207;3.876
210;213;3.087
210;216;3.61
210;234;3.896
210;237;3.783
210;238;3.748
211;207;2.962
211;208;3.244
212;208;2.942
212;651;3.493
212;676;3.663
213;209;2.973
213;210;3.087
213;1332;3.142
213;1334;2.982
214;209;2.841
214;651;3.775
214;652;3.404
215;209;3.862
215;218;3.312
215;219;3.008
215;652;5.71
215;1329;3.763
215;1339;3.958
216;210;3.61
216;220;3.052
216;221;3.149
216;235;3.904
216;238;3.291
216;1325;3.746
216;1328;3.565
216;1329;3.344
217;221;3.132
217;222;2.98
217;1325;3.679
217;1329;3.621
217;1364;3.429
217;1365;2.792
217;1366;3.148
218;215;3.312
218;1339;3.477
218;1366;3.137
219;215;3.008
219;222;3.054
220;143;3.067
220;196;3.483
220;197;3.146
220;216;3.052
220;230;2.853
221;216;3.149
221;217;3.132
221;224;2.947
221;231;3.405
221;1325;3.142
221;1364;3.488
222;217;2.98
222;219;3.054
222;1315;3.766
222;1364;3.364
223;192;3.554
224;192;3.951
224;221;2.947
224;226;2.937
224;227;3.11
224;230;3.585
225;227;3.056
225;1322;3.676
225;1359;3.489
225;1360;2.844
225;1363;3.485
226;224;2.937
226;230;3.015
227;224;3.11
227;225;3.056
227;230;2.976
227;231;2.944
227;1361;3.785
227;1362;3.496
228;231;3.654
228;232;2.924
228;1359;2.828
228;1361;2.78
229;1244;3.741
229;1247;3.785
229;1248;3.284
229;1361;2.938
230;143;3.413
230;220;2.853
230;224;3.585
230;226;3.015
230;227;2.976
230;233;3.022
230;234;3.288
231;221;3.405
231;227;2.944
231;228;3.654
231;234;3.37
231;235;2.949
231;1325;3.462
231;1362;3.958
231;1363;3.921
232;228;2.924
232;236;2.975
233;135;3.721
233;138;3.564
233;143;3.564
233;230;3.022
233;236;3.124
233;237;2.967
234;143;3.692
234;197;6.22
234;210;3.896
234;230;3.288
234;231;3.37
234;237;3.152
234;238;2.972
235;216;3.904
235;231;2.949
235;238;3.155
235;239;2.979
235;1328;4.005
236;232;2.975
236;233;3.124
236;240;2.934
237;135;3.806
237;210;3.783
237;233;2.967
237;234;3.152
237;241;2.903
238;210;3.748
238;216;3.291
238;234;2.972
238;235;3.155
238;242;2.958
238;1328;3.389
239;235;2.979
239;243;2.951
239;1328;3.322
240;135;3.619
240;236;2.934
240;244;2.91
241;237;2.903
241;245;2.939
242;238;2.958
242;245;3.319
242;246;2.946
243;239;2.951
243;246;3.427
243;247;2.947
243;1274;3.706
243;1281;3.477
244;124;3.583
244;128;3.502
244;240;2.91
244;247;3.135
244;248;2.874
245;241;2.939
245;242;3.319
245;248;3.372
245;249;2.951
246;242;2.946
246;243;3.427
246;249;3.771
246;250;2.995
246;1392;3.767
247;243;2.947
247;244;3.135
247;250;3.571
247;251;2.916
247;1270;3.19
247;1273;3.809
248;244;2.874
248;245;3.372
248;251;3.105
248;252;2.942
248;684;3.57
249;245;2.951
249;246;3.771
249;253;3.081
249;684;3.75
249;687;3.656
249;1389;3.527
250;246;2.995
250;247;3.571
250;254;2.915
250;1392;3.989
250;1393;3.931
250;1396;3.734
251;247;2.916
251;248;3.105
251;255;2.937
252;121;4.009
252;248;2.942
252;255;3.359
252;256;3.089
252;688;3.809
253;249;3.081
253;256;3.177
253;257;3.08
253;687;3.687
253;688;3.969
253;691;3.522
253;1393;3.502
254;250;2.915
254;258;2.891
254;1397;3.808
255;116;4.001
255;117;3.957
255;120;3.445
255;251;2.937
255;252;3.359
255;258;4.039
255;259;2.972
256;252;3.089
256;253;3.177
256;260;3.081
256;688;3.673
257;253;3.08
257;260;3.09
257;261;2.883
257;692;3.992
257;695;3.817
257;1397;6.414
258;120;2.643
258;254;2.891
258;255;4.039
258;261;3.017
258;262;3.619
259;119;2.739
259;120;2.897
259;255;2.972
259;269;2.893
260;256;3.081
260;257;3.09
260;268;4.008
260;269;3.273
260;270;3.026
261;257;2.883
261;258;3.017
261;268;3.612
261;270;3.838
261;272;3.064
262;258;3.619
262;267;2.73
262;268;2.883
263;272;3.719
263;702;3.903
264;266;3.502
265;272;3.526
265;273;3.958
265;275;3.775
265;706;3.766
266;264;3.502
266;268;3.736
267;262;2.73
268;260;4.008
268;261;3.612
268;262;2.883
268;266;3.736
269;259;2.893
269;260;3.273
270;260;3.026
270;261;3.838
270;272;4.009
271;274;3.111
272;261;3.064
272;263;3.719
272;265;3.526
272;270;4.009
272;275;2.989
273;265;3.958
274;271;3.111
274;277;2.982
275;265;3.775
275;272;2.989
275;701;3.513
275;705;3.753
275;707;3.481
276;278;2.947
276;280;3.847
276;281;3.935
276;701;3.938
276;708;3.846
277;274;2.982
278;276;2.947
278;281;2.965
278;282;3.825
279;282;3.091
279;290;2.84
279;291;2.808
279;292;2.839
279;295;3.859
280;276;3.847
280;283;2.968
280;284;3.024
280;709;2.695
281;276;3.935
281;278;2.965
281;284;3.056
282;278;3.825
282;279;3.091
282;294;3.508
283;280;2.968
283;288;3.642
283;289;3.995
283;290;3.89
283;291;2.725
283;292;2.832
284;280;3.024
284;281;3.056
284;708;2.859
285;288;3.594
286;727;3.869
287;735;2.789
288;283;3.642
288;285;3.594
288;735;3.032
289;283;3.995
290;279;2.84
290;283;3.89
290;708;3.848
290;710;3.537
290;711;2.971
291;279;2.808
291;283;2.725
292;279;2.839
292;283;2.832
293;296;3.326
293;312;2.676
294;282;3.508
295;279;3.859
296;293;3.326
297;698;2.834
297;699;4.033
298;1111;3.451
298;1112;3.942
299;310;3.403
300;310;3.778
301;308;2.692
302;982;3.725
303;978;3.364
304;307;3.441
304;308;2.71
305;308;2.954
306;982;4.035
307;304;3.441
308;301;2.692
308;304;2.71
308;305;2.954
309;315;3.899
310;299;3.403
310;300;3.778
310;313;3.113
311;316;4.017
312;293;2.676
313;310;3.113
313;320;2.883
314;317;2.989
314;320;3.789
315;309;3.899
316;311;4.017
317;314;2.989
317;320;3.883
318;322;3.895
318;326;3.06
318;327;2.821
318;328;3.826
319;321;3.02
320;313;2.883
320;314;3.789
320;317;3.883
321;319;3.02
322;318;3.895
322;326;2.777
322;328;2.737
322;329;2.862
322;331;2.674
323;326;2.813
323;332;3.785
324;332;3.236
325;328;2.93
325;330;2.858
325;332;2.658
326;318;3.06
326;322;2.777
326;323;2.813
327;318;2.821
328;318;3.826
328;322;2.737
328;325;2.93
329;322;2.862
330;325;2.858
331;322;2.674
331;334;3.015
332;323;3.785
332;324;3.236
332;325;2.658
333;335;2.681
333;336;3.878
334;331;3.015
335;333;2.681
336;333;3.878
337;338;2.894
338;337;2.894
339;445;3.809
339;446;2.844
339;447;2.758
340;441;3.118
340;444;3.922
341;441;2.951
342;441;2.774
343;441;2.645
344;350;2.851
345;348;2.958
345;349;3.483
345;350;3.076
346;396;3.779
347;351;3.469
348;345;2.958
349;345;3.483
349;356;4.017
350;344;2.851
350;345;3.076
350;354;3.854
350;355;3.816
350;356;3.739
351;347;3.469
352;354;3.037
352;356;3.793
353;438;3.892
354;350;3.854
354;352;3.037
354;440;3.093
354;442;2.628
355;350;3.816
356;349;4.017
356;350;3.739
356;352;3.793
357;363;3.69
358;363;3.536
358;364;2.889
359;362;3.052
359;364;3.023
360;364;3.998
360;365;2.964
361;374;3.864
362;359;3.052
363;357;3.69
363;358;3.536
364;358;2.889
364;359;3.023
364;360;3.998
365;360;2.964
366;370;3.874
367;370;3.007
368;371;2.993
369;372;3.02
369;373;3.02
369;374;3.983
370;366;3.874
370;367;3.007
371;368;2.993
372;369;3.02
373;369;3.02
373;375;3.458
374;361;3.864
374;369;3.983
375;373;3.458
376;378;3.74
377;383;3.596
378;376;3.74
379;399;2.889
380;399;3.936
381;398;3.947
381;400;2.86
381;405;3.315
382;385;3.401
382;386;2.972
383;377;3.596
383;388;4.022
384;387;2.977
384;388;3.223
384;390;2.787
384;393;3.745
385;382;3.401
386;382;2.972
387;384;2.977
387;389;3.203
388;383;4.022
388;384;3.223
389;387;3.203
390;384;2.787
390;393;2.76
390;394;2.959
391;393;2.943
392;395;2.987
393;384;3.745
393;390;2.76
393;391;2.943
394;390;2.959
395;392;2.987
396;346;3.779
397;401;3.752
397;402;3.481
398;381;3.947
398;401;2.935
399;379;2.889
399;380;3.936
400;381;2.86
400;403;2.947
400;404;3.012
401;397;3.752
401;398;2.935
402;397;3.481
403;400;2.947
404;400;3.012
405;381;3.315
406;407;3.177
407;406;3.177
408;409;2.81
409;408;2.81
410;411;2.802
410;417;3.795
411;410;2.802
411;416;3.029
412;415;2.792
412;416;3.828
413;416;3.787
414;416;2.978
415;412;2.792
416;411;3.029
416;412;3.828
416;413;3.787
416;414;2.978
417;410;3.795
417;418;3.062
418;417;3.062
419;421;3.799
420;422;2.956
421;419;3.799
422;420;2.956
422;423;3.048
423;422;3.048
424;444;2.824
425;426;3.397
426;425;3.397
427;429;3.057
428;430;2.982
429;427;3.057
430;428;2.982
431;433;3.681
431;437;3.384
432;433;2.97
433;431;3.681
433;432;2.97
433;436;2.99
433;437;3.057
434;437;2.896
435;438;3.794
436;433;2.99
437;431;3.384
437;433;3.057
437;434;2.896
438;353;3.892
438;435;3.794
439;442;3.857
440;354;3.093
441;340;3.118
441;341;2.951
441;342;2.774
441;343;2.645
442;354;2.628
442;439;3.857
443;445;3.736
444;340;3.922
444;424;2.824
445;339;3.809
445;443;3.736
446;339;2.844
446;452;3.735
447;339;2.758
448;451;3.015
449;452;3.001
449;453;3.101
449;454;4.014
450;455;3.748
450;456;2.875
450;457;4.007
451;448;3.015
452;446;3.735
452;449;3.001
453;449;3.101
454;449;4.014
455;450;3.748
456;450;2.875
457;450;4.007
457;458;2.874
457;459;3.089
458;457;2.874
459;457;3.089
460;462;2.718
461;463;3.092
462;460;2.718
463;461;3.092
463;465;2.991
463;467;3.314
463;468;3.886
463;470;3.019
463;471;2.756
464;466;3.493
464;467;3.866
464;524;2.771
465;463;2.991
466;464;3.493
466;523;3.734
466;524;3.941
467;463;3.314
467;464;3.866
467;470;2.962
467;471;3.129
468;463;3.886
468;471;2.98
469;520;3.673
470;463;3.019
470;467;2.962
470;521;3.701
471;463;2.756
471;467;3.129
471;468;2.98
471;474;2.926
471;475;3.151
472;476;2.953
473;477;2.968
474;471;2.926
474;477;3.205
474;478;3.005
475;471;3.151
475;478;3.439
475;479;2.941
475;572;2.685
476;472;2.953
476;479;3.215
476;480;2.967
477;473;2.968
477;474;3.205
477;481;3.046
478;474;3.005
478;475;3.439
478;481;3.33
478;482;2.976
478;513;3.982
478;517;3.819
478;569;3.941
479;475;2.941
479;476;3.215
479;482;3.02
479;483;3.088
479;573;2.73
479;574;3.561
480;476;2.967
480;483;3.462
480;484;3.003
481;477;3.046
481;478;3.33
481;485;2.989
481;510;3.664
482;478;2.976
482;479;3.02
482;485;3.069
482;486;3.065
482;514;3.327
482;567;3.855
482;569;3.891
482;570;3.834
483;479;3.088
483;480;3.462
483;486;3.123
483;487;3.427
483;570;3.922
484;480;3.003
484;487;3.318
484;488;3.018
485;481;2.989
485;482;3.069
485;488;3.257
485;489;2.994
485;510;3.222
485;566;3.143
486;482;3.065
486;483;3.123
486;490;3.053
486;567;3.628
486;996;3.923
487;483;3.427
487;484;3.318
487;490;3.306
487;491;2.97
488;484;3.018
488;485;3.257
488;491;3.083
488;492;2.956
488;503;3.534
489;485;2.994
489;492;3.032
489;566;3.777
489;567;3.688
489;1000;4.005
490;486;3.053
490;487;3.306
491;487;2.97
491;488;3.083
491;495;3.612
491;503;3.791
492;488;2.956
492;489;3.032
492;496;2.956
492;503;4.016
492;507;3.414
493;496;2.97
493;1042;3.029
493;1043;3.033
494;497;2.974
494;498;3.004
495;491;3.612
495;499;3.024
496;492;2.956
496;493;2.97
496;500;2.792
497;494;2.974
497;500;2.703
498;494;3.004
499;495;3.024
499;502;3.047
499;503;2.935
500;496;2.792
500;497;2.703
500;504;2.965
501;504;3.295
501;505;3.034
502;499;3.047
502;505;3.976
502;506;2.957
503;488;3.534
503;491;3.791
503;492;4.016
503;499;2.935
503;506;3.371
503;507;2.934
504;500;2.965
504;501;3.295
504;507;3.343
504;508;3.03
505;501;3.034
505;502;3.976
505;509;2.958
506;502;2.957
506;503;3.371
506;510;2.976
507;492;3.414
507;503;2.934
507;504;3.343
507;510;3.4
507;511;3.092
507;566;3.268
508;504;3.03
508;511;3.33
508;512;3.01
508;550;3.787
508;551;3.407
509;505;2.958
509;512;3.013
509;513;3.087
510;481;3.664
510;485;3.222
510;506;2.976
510;507;3.4
510;513;3.07
510;514;3.378
511;507;3.092
511;508;3.33
511;514;2.948
511;546;2.834
511;547;3.752
511;550;3.78
512;508;3.01
512;509;3.013
512;515;2.871
513;478;3.982
513;509;3.087
513;510;3.07
513;516;3.061
513;517;3.238
514;482;3.327
514;510;3.378
514;511;2.948
514;518;2.98
514;543;3.677
514;547;3.911
514;569;3.418
515;512;2.871
515;518;3.424
515;519;3.033
515;547;3.494
516;513;3.061
516;520;3.06
517;478;3.819
517;513;3.238
517;520;3.43
517;521;2.946
517;569;2.744
517;572;2.716
518;514;2.98
518;515;3.424
518;521;3.499
518;522;2.98
518;543;3.687
519;515;3.033
519;522;3.22
519;523;3.081
520;469;3.673
520;516;3.06
520;517;3.43
520;524;2.986
521;470;3.701
521;517;2.946
521;518;3.499
521;524;3.008
521;525;3.03
521;529;2.674
521;530;3.643
521;536;2.771
522;518;2.98
522;519;3.22
522;530;3.703
522;531;3.982
523;466;3.734
523;519;3.081
524;464;2.771
524;466;3.941
524;520;2.986
524;521;3.008
525;521;3.03
525;529;3.764
526;529;2.904
526;530;2.919
527;531;2.982
528;532;2.844
529;521;2.674
529;525;3.764
529;526;2.904
529;532;3.069
529;533;2.916
530;521;3.643
530;522;3.703
530;526;2.919
530;536;3.204
530;540;2.935
531;522;3.982
531;527;2.982
532;528;2.844
532;529;3.069
533;529;2.916
533;536;2.96
533;537;3.046
534;537;3.977
534;538;3.016
535;538;3.994
535;539;2.993
535;577;2.95
535;580;3.861
536;521;2.771
536;530;3.204
536;533;2.96
536;539;3.453
536;540;2.958
537;533;3.046
537;534;3.977
537;540;3.402
537;541;2.987
538;534;3.016
538;535;3.994
538;541;3.413
538;542;3.019
538;568;3.947
539;535;2.993
539;536;3.453
539;542;3.223
539;543;2.905
539;569;2.644
539;572;3.875
540;530;2.935
540;536;2.958
540;537;3.402
540;544;3.006
541;537;2.987
541;538;3.413
541;544;3.19
541;545;3.09
542;538;3.019
542;539;3.223
542;546;3.011
543;514;3.677
543;518;3.687
543;539;2.905
543;547;2.937
543;569;3.753
544;540;3.006
544;541;3.19
544;548;2.995
545;541;3.09
545;549;3.214
545;562;3.574
546;511;2.834
546;542;3.011
546;550;3.416
546;566;3.094
547;511;3.752
547;514;3.911
547;515;3.494
547;543;2.937
547;550;3.147
547;551;2.913
548;544;2.995
548;551;3.31
548;552;3.039
549;545;3.214
549;553;2.997
549;554;3.06
549;563;3.786
550;508;3.787
550;511;3.78
550;546;3.416
550;547;3.147
550;554;3.752
550;563;3.959
551;508;3.407
551;547;2.913
551;548;3.31
552;548;3.039
553;549;2.997
553;555;2.946
554;549;3.06
554;550;3.752
554;560;2.843
555;553;2.946
555;560;3.265
556;559;2.793
557;560;3.233
557;561;2.933
558;561;3.269
558;562;2.967
558;1082;4.036
559;556;2.793
559;562;3.116
559;563;3.081
560;554;2.843
560;555;3.265
560;557;3.233
560;563;2.95
561;557;2.933
561;558;3.269
561;564;2.902
561;1004;3.132
562;545;3.574
562;558;2.967
562;559;3.116
562;565;2.986
563;549;3.786
563;550;3.959
563;559;3.081
563;560;2.95
563;566;3.046
564;561;2.902
564;567;3.207
564;997;3.742
564;1000;3.897
565;562;2.986
565;568;2.908
565;997;3.879
566;485;3.143
566;489;3.777
566;507;3.268
566;546;3.094
566;563;3.046
566;569;2.975
567;482;3.855
567;486;3.628
567;489;3.688
567;564;3.207
567;570;2.911
567;993;3.801
567;997;3.521
568;538;3.947
568;565;2.908
568;571;2.785
568;994;3.377
568;997;3.466
569;478;3.941
569;482;3.891
569;514;3.418
569;517;2.744
569;539;2.644
569;543;3.753
569;566;2.975
569;572;2.976
570;482;3.834
570;483;3.922
570;567;2.911
570;573;2.979
570;574;2.94
570;576;3.867
570;993;3.603
571;568;2.785
571;576;4.009
572;475;2.685
572;517;2.716
572;539;3.875
572;569;2.976
573;479;2.73
573;570;2.979
574;479;3.561
574;570;2.94
574;576;3.896
574;577;3.02
575;578;3.058
575;579;2.933
575;986;3.186
576;570;3.867
576;571;4.009
576;574;3.896
576;579;3.162
576;580;3.001
576;990;3.494
577;535;2.95
577;574;3.02
577;580;3.844
577;581;3.048
578;575;3.058
578;582;2.989
579;575;2.933
579;576;3.162
579;582;3.287
579;583;2.952
579;990;3.685
580;535;3.861
580;576;3.001
580;577;3.844
580;584;3.056
581;577;3.048
581;584;3.36
581;585;2.788
582;578;2.989
582;579;3.287
582;585;3.306
582;586;2.93
583;579;2.952
583;586;3.207
583;587;3.077
583;1096;3.598
584;580;3.056
584;581;3.36
584;587;3.009
585;581;2.788
585;582;3.306
585;588;3.005
586;582;2.93
586;583;3.207
586;589;3.084
586;590;3.082
586;690;3.763
586;1096;3.493
586;1100;3.562
587;583;3.077
587;584;3.009
587;591;2.978
587;1096;3.85
588;585;3.005
588;591;3.02
589;586;3.084
589;690;3.859
590;586;3.082
590;593;3.265
590;594;2.873
590;686;3.559
590;1096;3.841
591;587;2.978
591;588;3.02
591;595;3.053
592;106;3.43
592;110;3.348
592;595;3.203
592;596;3.287
593;110;3.991
593;590;3.265
593;596;3.056
593;597;3.019
593;685;3.506
593;686;3.807
594;590;2.873
594;598;2.928
595;591;3.053
595;592;3.203
595;598;3.308
595;599;3.053
596;107;3.699
596;592;3.287
596;593;3.056
596;599;3.455
596;600;3.028
597;593;3.019
597;600;3.472
597;601;2.959
597;648;3.937
598;594;2.928
598;595;3.308
598;602;2.98
599;100;3.54
599;595;3.053
599;596;3.455
599;602;3.271
599;603;2.998
600;596;3.028
600;597;3.472
600;603;3.299
600;604;2.945
600;678;3.72
601;597;2.959
601;604;3.479
601;605;2.926
601;641;3.483
601;644;3.792
602;19;3.504
602;23;3.721
602;598;2.98
602;599;3.271
602;605;3.271
602;606;3.001
602;637;3.469
603;94;3.958
603;98;3.952
603;599;2.998
603;600;3.299
603;606;3.274
603;607;2.994
604;600;2.945
604;601;3.479
604;608;2.957
604;644;3.782
604;674;4.051
604;675;3.538
604;678;3.884
605;601;2.926
605;602;3.271
605;608;3.257
605;609;2.989
605;637;3.807
605;640;3.969
605;641;3.991
606;94;3.628
606;602;3.001
606;603;3.274
606;610;3.329
607;94;3.688
607;603;2.994
607;610;3.337
607;611;3.024
608;604;2.957
608;605;3.257
608;612;2.998
608;613;2.819
608;634;3.821
609;25;3.226
609;605;2.989
609;613;3.052
609;614;3.145
609;636;3.995
610;91;3.436
610;606;3.329
610;607;3.337
611;87;3.899
611;91;3.862
611;607;3.024
611;614;2.808
612;608;2.998
612;615;3.009
612;616;3.569
612;630;3.502
612;634;4.109
612;668;3.406
612;671;3.991
613;608;2.819
613;609;3.052
613;630;3.769
614;609;3.145
614;611;2.808
615;612;3.009
615;627;4.11
615;630;2.982
616;612;3.569
616;628;3.08
616;630;2.974
616;656;3.811
616;657;3.365
616;664;2.791
616;668;3.52
617;626;2.658
617;627;3.671
617;657;3.544
617;658;2.923
618;621;3.014
618;622;2.862
618;623;2.822
618;624;2.752
619;658;2.796
619;660;3.622
620;623;3.84
621;618;3.014
621;626;4.02
622;618;2.862
623;618;2.822
623;620;3.84
623;1030;3.979
624;618;2.752
625;631;3.576
625;632;3.131
626;617;2.658
626;621;4.02
627;615;4.11
627;617;3.671
627;631;3.528
628;616;3.08
628;631;3.14
628;632;3.134
628;655;2.87
628;656;3.549
629;632;3.025
629;633;2.848
629;654;3.893
630;612;3.502
630;613;3.769
630;615;2.982
630;616;2.974
630;634;3.683
630;656;3.603
631;625;3.576
631;627;3.528
631;628;3.14
631;635;3.479
632;625;3.131
632;628;3.134
632;629;3.025
632;639;4.03
632;1070;3.874
633;629;2.848
633;639;3.984
633;642;3.915
633;643;3.874
633;1061;3.43
633;1065;3.887
634;608;3.821
634;612;4.109
634;630;3.683
634;639;3.654
634;643;3.642
634;656;4.034
635;631;3.479
635;1074;2.722
636;25;3.706
636;609;3.995
636;639;2.871
636;640;2.945
636;1077;2.868
637;25;3.271
637;602;3.469
637;605;3.807
637;640;3.415
637;641;2.943
638;641;3.218
638;642;2.993
638;1077;3.643
638;1080;3.883
638;1081;3.65
638;1084;3.955
639;632;4.03
639;633;3.984
639;634;3.654
639;636;2.871
639;642;3.258
639;643;2.982
639;1080;3.086
640;605;3.969
640;636;2.945
640;637;3.415
640;644;2.967
641;601;3.483
641;605;3.991
641;637;2.943
641;638;3.218
641;644;3.481
641;645;2.978
642;633;3.915
642;638;2.993
642;639;3.258
642;645;3.249
642;646;3.032
642;1065;3.965
642;1084;3.62
643;633;3.874
643;634;3.642
643;639;2.982
643;646;3.15
643;647;3.016
643;653;3.816
644;601;3.792
644;604;3.782
644;640;2.967
644;641;3.481
644;647;3.363
644;648;2.993
645;641;2.978
645;642;3.249
645;648;3.067
645;649;3.206
645;1057;3.954
645;1060;3.609
645;1084;3.699
645;1091;3.901
646;642;3.032
646;643;3.15
646;652;2.86
646;1061;3.528
647;643;3.016
647;644;3.363
647;650;2.967
647;672;3.407
647;675;3.571
647;676;3.957
648;597;3.937
648;644;2.993
648;645;3.067
648;679;3.766
649;645;3.206
649;1057;3.494
650;647;2.967
650;672;2.881
650;676;3.988
651;212;3.493
651;214;3.775
651;1057;3.832
651;1058;2.76
651;1059;2.823
652;209;3.619
652;214;3.404
652;215;5.71
652;646;2.86
652;672;3.871
652;1062;3.876
653;643;3.816
653;656;3.509
653;672;3.282
654;629;3.893
654;1062;3.497
655;628;2.87
655;1017;3.834
656;616;3.811
656;628;3.549
656;630;3.603
656;634;4.034
656;653;3.509
656;665;3.288
656;668;3.441
657;616;3.365
657;617;3.544
657;661;3.371
657;665;2.974
658;617;2.923
658;619;2.796
658;665;3.637
659;1018;3.435
660;619;3.622
661;657;3.371
661;664;2.779
661;665;3.077
662;666;2.948
663;666;3.307
663;667;3.01
664;616;2.791
664;661;2.779
664;667;3.223
664;668;3.086
665;656;3.288
665;657;2.974
665;658;3.637
665;661;3.077
665;668;3.41
665;669;2.914
666;662;2.948
666;663;3.307
666;669;3.283
666;670;3.014
667;663;3.01
667;664;3.223
667;670;3.479
667;671;3.349
668;612;3.406
668;616;3.52
668;656;3.441
668;664;3.086
668;665;3.41
668;671;3.425
668;672;2.937
669;205;3.827
669;665;2.914
669;666;3.283
669;672;3.263
669;673;2.963
670;666;3.014
670;667;3.479
670;673;3.417
670;674;3.02
671;612;3.991
671;667;3.349
671;668;3.425
671;674;3.319
671;675;2.992
672;647;3.407
672;650;2.881
672;652;3.871
672;653;3.282
672;668;2.937
672;669;3.263
672;675;3.281
672;676;2.984
673;208;3.5
673;669;2.963
673;670;3.417
673;676;3.42
673;677;2.997
674;604;4.051
674;670;3.02
674;671;3.319
674;677;3.493
674;678;3.008
675;604;3.538
675;647;3.571
675;671;2.992
675;672;3.281
675;679;2.955
676;212;3.663
676;647;3.957
676;650;3.988
676;672;2.984
676;673;3.42
676;680;2.93
677;208;3.925
677;673;2.997
677;674;3.493
677;680;3.434
677;681;3.034
678;600;3.72
678;604;3.884
678;674;3.008
678;681;3.431
678;682;2.993
679;648;3.766
679;675;2.955
679;682;3.192
679;683;2.927
680;676;2.93
680;677;3.434
680;683;3.262
680;684;2.977
681;114;3.832
681;677;3.034
681;678;3.431
681;685;3.029
682;678;2.993
682;679;3.192
682;685;3.33
682;686;2.914
683;679;2.927
683;680;3.262
683;686;3.146
683;687;3.083
684;248;3.57
684;249;3.75
684;680;2.977
684;687;3.461
684;688;3.015
685;593;3.506
685;681;3.029
685;682;3.33
685;689;2.907
686;590;3.559
686;593;3.807
686;682;2.914
686;683;3.146
686;689;3.4
686;690;3.128
686;1099;3.383
687;249;3.656
687;253;3.687
687;683;3.083
687;684;3.461
687;690;3.487
687;691;2.95
687;1099;3.577
687;1102;3.739
687;1389;6.364
688;252;3.809
688;253;3.969
688;256;3.673
688;684;3.015
688;691;3.333
688;692;2.948
689;685;2.907
689;686;3.4
689;693;3.077
690;586;3.763
690;589;3.859
690;686;3.128
690;687;3.487
690;693;3.29
690;694;2.991
690;1099;3.652
690;1100;3.81
690;1103;3.526
691;253;3.522
691;687;2.95
691;688;3.333
691;694;3.498
691;695;2.981
691;1103;3.964
691;1106;3.49
692;257;3.992
692;688;2.948
692;695;3.2
692;696;3.031
693;689;3.077
693;690;3.29
693;696;3.189
693;697;3.094
694;690;2.991
694;691;3.498
694;697;2.953
694;1103;3.464
694;1107;3.423
695;257;3.817
695;691;2.981
695;692;3.2
695;1107;3.58
695;1110;3.439
696;692;3.031
696;693;3.189
697;693;3.094
697;694;2.953
698;297;2.834
698;1107;3.571
699;297;4.033
700;709;3.847
700;1114;3.944
700;1115;2.918
701;275;3.513
701;276;3.938
701;709;3.226
701;1114;2.847
702;263;3.903
702;705;2.87
702;709;3.876
702;1117;3.649
703;710;3.677
703;724;3.0
703;1117;3.485
704;1125;2.875
705;275;3.753
705;702;2.87
706;265;3.766
707;275;3.481
708;276;3.846
708;284;2.859
708;290;3.848
709;280;2.695
709;700;3.847
709;701;3.226
709;702;3.876
710;290;3.537
710;703;3.677
711;290;2.971
712;726;2.828
713;724;3.655
713;725;3.909
713;1123;3.752
714;717;3.689
715;1119;3.814
715;1120;3.736
715;1121;3.46
715;1123;3.384
716;719;2.926
716;1120;3.323
716;1121;3.41
717;714;3.689
717;829;2.872
717;830;3.594
718;832;2.847
718;833;2.778
719;716;2.926
719;723;3.746
719;1121;2.951
720;801;3.556
721;800;4.012
721;807;3.901
722;801;3.895
722;803;3.907
723;719;3.746
724;703;3.0
724;713;3.655
724;1123;3.619
724;1124;3.883
725;713;3.909
725;728;3.296
726;712;2.828
727;286;3.869
727;735;2.818
728;725;3.296
728;735;3.99
729;735;3.819
730;734;3.923
730;736;3.969
730;810;3.774
730;812;3.589
730;813;3.775
731;733;2.947
732;812;2.734
733;731;2.947
734;730;3.923
734;736;2.99
734;738;3.86
735;287;2.789
735;288;3.032
735;727;2.818
735;728;3.99
735;729;3.819
736;730;3.969
736;734;2.99
736;813;2.642
737;740;2.929
737;741;2.97
737;754;2.891
737;755;2.86
737;756;2.838
738;734;3.86
739;756;2.939
740;737;2.929
741;737;2.97
742;744;3.472
743;752;3.908
744;742;3.472
745;750;3.866
746;748;2.746
747;749;3.067
747;751;3.806
748;746;2.746
749;747;3.067
750;745;3.866
750;755;3.83
751;747;3.806
751;769;3.414
752;743;3.908
752;755;2.989
753;766;2.91
753;769;3.845
754;737;2.891
754;766;2.834
755;737;2.86
755;750;3.83
755;752;2.989
756;737;2.838
756;739;2.939
756;761;3.337
756;762;3.818
757;761;2.869
757;774;3.881
758;777;2.719
759;773;3.753
760;773;3.357
760;776;2.82
761;756;3.337
761;757;2.869
761;767;3.978
761;773;3.728
762;756;3.818
763;765;3.052
764;770;2.789
765;763;3.052
766;753;2.91
766;754;2.834
767;761;3.978
767;773;2.971
768;772;2.903
769;751;3.414
769;753;3.845
770;764;2.789
771;772;3.197
772;768;2.903
772;771;3.197
772;775;2.994
773;759;3.753
773;760;3.357
773;761;3.728
773;767;2.971
773;776;2.775
774;757;3.881
774;778;2.891
775;772;2.994
776;760;2.82
776;773;2.775
777;758;2.719
778;774;2.891
778;782;3.738
779;782;3.61
779;783;3.487
780;781;2.945
781;780;2.945
782;778;3.738
782;779;3.61
783;779;3.487
784;787;2.812
785;791;2.889
786;790;2.967
787;784;2.812
788;793;2.837
789;792;2.961
790;786;2.967
790;796;2.858
790;1130;2.649
791;785;2.889
792;789;2.961
793;788;2.837
794;803;3.26
795;798;2.777
795;1130;3.307
795;1131;3.202
796;790;2.858
797;799;2.731
798;795;2.777
798;801;3.545
799;797;2.731
800;721;4.012
801;720;3.556
801;722;3.895
801;798;3.545
802;804;3.307
802;805;2.94
802;806;3.672
803;722;3.907
803;794;3.26
804;802;3.307
805;802;2.94
805;808;2.976
806;802;3.672
806;809;3.466
807;721;3.901
807;810;2.872
808;805;2.976
808;811;3.173
809;806;3.466
810;730;3.774
810;807;2.872
811;808;3.173
812;730;3.589
812;732;2.734
812;813;3.86
813;730;3.775
813;736;2.642
813;812;3.86
814;816;2.849
814;817;3.895
815;817;3.923
816;814;2.849
817;814;3.895
817;815;3.923
818;820;3.684
818;825;3.371
819;824;3.909
820;818;3.684
820;825;3.381
821;824;3.709
822;824;3.018
823;826;3.026
824;819;3.909
824;821;3.709
824;822;3.018
825;818;3.371
825;820;3.381
825;828;3.782
826;823;3.026
826;827;3.025
826;828;2.808
827;826;3.025
828;825;3.782
828;826;2.808
829;717;2.872
830;717;3.594
830;832;3.026
831;840;4.086
831;843;3.884
832;718;2.847
832;830;3.026
832;835;3.689
833;718;2.778
834;838;3.811
835;832;3.689
836;839;2.954
837;841;2.733
837;914;2.732
837;915;3.903
838;834;3.811
839;836;2.954
840;831;4.086
840;842;2.957
840;844;2.803
840;845;2.893
841;837;2.733
842;840;2.957
842;844;3.783
843;831;3.884
844;840;2.803
844;842;3.783
845;840;2.893
846;848;4.022
846;849;3.553
847;850;2.792
848;846;4.022
848;854;4.106
849;846;3.553
849;853;3.572
850;847;2.792
850;853;2.752
850;909;2.894
850;910;2.825
851;854;3.057
852;857;3.836
852;903;3.931
852;906;3.387
852;907;3.778
853;849;3.572
853;850;2.752
854;848;4.106
854;851;3.057
854;857;2.868
854;858;2.96
855;859;3.049
856;859;3.44
856;860;2.89
857;852;3.836
857;854;2.868
857;860;3.286
857;861;2.964
858;854;2.96
858;861;3.441
858;862;3.205
858;966;3.134
859;855;3.049
859;856;3.44
859;862;3.401
859;863;3.011
860;856;2.89
860;857;3.286
860;863;3.301
860;864;2.925
861;857;2.964
861;858;3.441
861;864;3.373
861;865;2.967
861;900;3.738
861;903;3.648
862;858;3.205
862;859;3.401
862;865;3.406
862;866;2.958
862;966;3.436
863;859;3.011
863;860;3.301
863;866;3.228
863;867;2.975
864;860;2.925
864;861;3.373
864;868;2.957
864;900;3.997
865;861;2.967
865;862;3.406
865;869;2.898
865;896;3.961
865;900;3.477
865;959;3.698
865;963;3.772
866;862;2.958
866;863;3.228
866;869;3.18
866;870;2.981
867;863;2.975
867;870;3.093
867;871;3.008
868;864;2.957
868;871;3.436
868;872;2.96
868;959;3.629
869;865;2.898
869;866;3.18
869;873;2.999
870;866;2.981
870;867;3.093
870;873;3.376
870;874;2.956
871;867;3.008
871;868;3.436
871;874;2.985
871;875;3.238
872;868;2.96
872;957;3.939
873;869;2.999
873;870;3.376
873;877;3.65
873;1297;3.88
874;870;2.956
874;871;2.985
874;877;3.077
874;878;3.026
874;881;3.455
874;885;3.908
875;871;3.238
875;882;2.764
875;950;2.703
876;879;3.279
876;882;2.669
876;1300;3.351
876;1354;3.079
877;873;3.65
877;874;3.077
877;1320;3.753
878;874;3.026
878;881;2.966
878;882;3.026
879;876;3.279
879;882;3.181
879;883;3.005
879;1355;3.998
880;883;2.64
881;874;3.455
881;878;2.966
881;884;3.311
881;885;2.965
882;875;2.764
882;876;2.669
882;878;3.026
882;879;3.181
882;886;3.02
882;1353;3.831
883;879;3.005
883;880;2.64
883;1355;3.498
884;881;3.311
885;874;3.908
885;881;2.965
885;888;3.108
885;889;3.026
886;882;3.02
886;890;2.743
887;891;3.02
888;885;3.108
888;891;3.393
888;892;2.993
889;885;3.026
889;892;2.981
889;893;3.262
890;886;2.743
890;893;2.994
890;894;3.024
890;950;2.873
890;953;3.815
891;887;3.02
891;888;3.393
891;894;2.903
891;895;2.945
892;888;2.993
892;889;2.981
892;895;3.49
892;896;2.921
893;889;3.262
893;890;2.994
893;897;3.006
893;956;3.784
894;890;3.024
894;891;2.903
894;897;3.337
894;898;3.029
895;891;2.945
895;892;3.49
895;899;2.983
896;865;3.961
896;892;2.921
896;899;3.22
896;900;2.931
896;959;3.619
897;893;3.006
897;894;3.337
897;901;2.978
897;956;3.848
898;894;3.029
898;902;3.027
899;895;2.983
899;896;3.22
899;902;4.029
899;903;2.939
900;861;3.738
900;864;3.997
900;865;3.477
900;896;2.931
900;904;3.002
900;962;3.651
901;897;2.978
901;904;3.281
901;905;2.95
901;929;3.925
901;933;3.701
902;898;3.027
902;899;4.029
902;905;3.388
902;906;2.942
903;852;3.931
903;861;3.648
903;899;2.939
903;906;3.489
903;907;2.674
903;962;3.606
904;900;3.002
904;901;3.281
904;908;2.954
904;926;3.89
905;901;2.95
905;902;3.388
905;908;3.332
905;909;2.989
906;852;3.387
906;902;2.942
906;903;3.489
906;909;3.989
906;910;2.968
907;852;3.778
907;903;2.674
907;910;3.355
907;911;3.048
907;916;3.745
907;922;4.071
907;925;2.679
908;904;2.954
908;905;3.332
908;911;3.012
908;912;2.909
908;913;3.808
908;916;6.119
908;917;3.645
909;850;2.894
909;905;2.989
909;906;3.989
910;850;2.825
910;906;2.968
910;907;3.355
911;907;3.048
911;908;3.012
911;915;2.905
911;916;4.002
911;919;3.755
911;922;3.591
912;908;2.909
912;915;2.97
912;916;2.982
913;908;3.808
913;916;3.429
913;917;3.026
914;837;2.732
914;917;3.035
914;918;2.878
915;837;3.903
915;911;2.905
915;912;2.97
916;907;3.745
916;908;6.119
916;911;4.002
916;912;2.982
916;913;3.429
916;919;3.04
916;922;3.681
916;926;3.785
917;908;3.645
917;913;3.026
917;914;3.035
917;923;3.632
917;926;3.735
918;914;2.878
919;911;3.755
919;916;3.04
919;922;3.043
919;923;2.921
920;924;2.982
921;924;3.393
921;925;3.004
921;965;3.158
921;974;3.938
922;907;4.071
922;911;3.591
922;916;3.681
922;919;3.043
922;925;3.184
922;926;2.983
923;917;3.632
923;919;2.921
923;926;3.499
923;927;2.956
924;920;2.982
924;921;3.393
924;927;3.238
925;907;2.679
925;921;3.004
925;922;3.184
925;962;2.956
925;965;2.792
926;904;3.89
926;916;3.785
926;917;3.735
926;922;2.983
926;923;3.499
926;929;3.034
926;930;2.96
927;923;2.956
927;924;3.238
927;931;3.028
928;958;3.984
928;962;3.704
929;901;3.925
929;926;3.034
929;932;3.29
929;933;3.103
930;926;2.96
930;933;2.836
930;934;2.91
931;927;3.028
931;935;2.969
931;955;3.741
932;929;3.29
932;935;3.907
932;936;3.059
932;956;2.855
933;901;3.701
933;929;3.103
933;930;2.836
933;936;3.353
933;937;2.985
934;930;2.91
934;937;3.184
934;938;2.998
935;931;2.969
935;932;3.907
935;938;3.338
935;939;2.972
936;932;3.059
936;933;3.353
936;939;3.342
936;940;2.991
936;949;3.708
937;933;2.985
937;934;3.184
937;940;3.181
937;941;2.93
938;934;2.998
938;935;3.338
938;941;3.146
938;942;2.962
939;935;2.972
939;936;3.342
939;944;3.039
939;948;3.313
939;949;3.34
939;952;3.616
940;936;2.991
940;937;3.181
940;943;2.998
941;937;2.93
941;938;3.146
942;938;2.962
943;940;2.998
944;939;3.039
945;948;3.786
945;949;3.183
946;949;3.481
946;950;3.003
947;950;2.737
947;951;3.247
948;939;3.313
948;945;3.786
948;952;2.995
949;936;3.708
949;939;3.34
949;945;3.183
949;946;3.481
949;953;2.972
950;875;2.703
950;890;2.873
950;946;3.003
950;947;2.737
950;1352;3.851
950;1353;3.962
951;947;3.247
951;954;3.052
951;1302;3.893
951;1349;2.997
951;1350;3.667
951;1351;3.147
952;939;3.616
952;948;2.995
