source;destination;distance
0;3;2.771
1;47;3.597
2;7;3.633
2;48;3.707
3;0;2.771
4;7;3.28
4;8;2.973
5;9;2.976
6;10;2.975
7;2;3.633
7;4;3.28
7;10;3.124
7;11;2.973
7;43;3.976
7;47;3.767
8;4;2.973
8;11;3.347
8;12;2.965
9;5;2.976
9;13;2.922
10;6;2.975
10;7;3.124
10;14;2.944
11;7;2.973
11;8;3.347
11;14;3.481
11;15;3.018
11;44;3.615
12;8;2.965
12;16;2.971
13;9;2.922
13;16;3.368
13;17;2.937
14;10;2.944
14;11;3.481
14;18;3.016
14;37;3.624
14;40;4.035
15;11;3.018
15;19;2.978
15;37;3.768
15;99;3.932
15;100;3.574
16;12;2.971
16;13;3.368
16;19;3.143
16;20;3.089
17;13;2.937
17;20;3.29
17;21;2.977
18;14;3.016
18;22;2.968
18;37;3.162
18;96;3.624
19;15;2.978
19;16;3.143
19;22;3.183
19;97;3.54
19;596;3.495
20;16;3.089
20;17;3.29
21;17;2.977
21;24;2.98
21;30;3.604
21;33;3.41
22;18;2.968
22;19;3.183
22;93;4.007
23;596;3.736
24;21;2.98
24;27;3.966
25;603;3.229
25;630;3.72
25;631;3.276
26;30;3.833
27;24;3.966
27;30;2.836
28;31;2.719
28;32;3.04
29;32;3.313
29;33;2.975
30;21;3.604
30;26;3.833
30;27;2.836
30;33;3.389
30;34;2.993
31;28;2.719
31;34;3.488
31;35;3.003
32;28;3.04
32;29;3.313
32;36;2.994
33;21;3.41
33;29;2.975
33;30;3.389
33;36;3.232
33;37;2.941
34;30;2.993
34;31;3.488
34;37;3.374
34;38;2.935
34;93;2.792
34;96;3.167
35;31;3.003
35;38;3.316
35;39;2.958
35;81;3.937
36;32;2.994
36;33;3.232
36;39;3.373
36;40;3.003
37;14;3.624
37;15;3.768
37;18;3.162
37;33;2.941
37;34;3.374
37;40;2.976
37;41;2.856
37;96;3.432
38;34;2.935
38;35;3.316
38;41;4.012
38;42;2.993
38;80;2.71
39;35;2.958
39;36;3.373
39;42;3.191
39;43;2.984
40;14;4.035
40;36;3.003
40;37;2.976
40;43;3.466
40;44;2.906
41;37;2.856
41;38;4.012
41;45;2.955
41;73;3.481
41;99;3.512
42;38;2.993
42;39;3.191
42;45;3.277
42;46;2.972
43;7;3.976
43;39;2.984
43;40;3.466
43;46;3.426
43;47;3.053
44;11;3.615
44;40;2.906
44;47;3.262
44;48;2.781
44;99;2.643
45;41;2.955
45;42;3.277
45;49;2.988
45;56;3.962
45;73;3.931
46;42;2.972
46;43;3.426
46;50;3.075
46;51;3.949
47;1;3.597
47;7;3.767
47;43;3.053
47;44;3.262
48;2;3.707
48;44;2.781
48;66;3.205
48;69;2.663
49;45;2.988
49;56;3.992
49;59;3.844
49;66;3.651
50;46;3.075
50;55;3.648
51;46;3.949
52;55;3.128
52;58;3.435
53;56;2.982
54;57;2.994
55;50;3.648
55;52;3.128
55;58;2.997
56;45;3.962
56;49;3.992
56;53;2.982
56;59;3.044
56;70;3.927
57;54;2.994
57;60;3.014
58;52;3.435
58;55;2.997
58;61;3.035
59;49;3.844
59;56;3.044
59;62;2.982
59;63;3.774
59;66;3.509
59;67;3.955
59;70;3.725
60;57;3.014
61;58;3.035
62;59;2.982
63;59;3.774
63;66;3.433
63;67;2.931
64;67;3.434
64;68;3.039
65;68;3.009
65;69;3.044
65;102;3.466
65;108;3.239
65;111;3.78
66;48;3.205
66;49;3.651
66;59;3.509
66;63;3.433
66;69;3.829
66;70;2.98
67;59;3.955
67;63;2.931
67;64;3.434
67;70;3.43
67;71;2.943
68;64;3.039
68;65;3.009
68;72;3.002
68;101;3.976
69;48;2.663
69;65;3.044
69;66;3.829
69;72;3.468
69;73;2.942
69;99;3.206
69;102;2.606
70;56;3.927
70;59;3.725
70;66;2.98
70;67;3.43
70;73;3.227
70;74;2.986
71;67;2.943
71;74;3.4
71;75;2.984
72;68;3.002
72;69;3.468
72;76;2.937
72;95;3.505
73;41;3.481
73;45;3.931
73;69;2.942
73;70;3.227
73;76;3.426
73;77;2.899
74;70;2.986
74;71;3.4
74;77;3.384
74;78;3.013
75;71;2.984
75;78;3.491
75;79;2.997
75;89;3.534
75;92;3.294
76;72;2.937
76;73;3.426
76;79;3.001
76;80;2.869
77;73;2.899
77;74;3.384
77;81;2.973
78;74;3.013
78;75;3.491
78;82;2.997
79;75;2.997
79;76;3.001
79;83;3.942
79;89;2.68
80;38;2.71
80;76;2.869
80;96;3.549
81;35;3.937
81;77;2.973
82;78;2.997
82;84;2.988
83;79;3.942
83;90;2.935
83;93;3.622
84;82;2.988
85;89;3.483
86;89;3.153
87;90;2.895
87;91;3.185
87;605;3.887
88;91;3.126
89;75;3.534
89;79;2.68
89;85;3.483
89;86;3.153
89;92;3.014
90;83;2.935
90;87;2.895
91;87;3.185
91;88;3.126
91;94;3.018
91;604;3.421
91;605;3.868
92;75;3.294
92;89;3.014
92;95;2.859
93;22;4.007
93;34;2.792
93;83;3.622
93;96;2.903
94;91;3.018
94;97;2.868
94;98;3.48
94;597;3.954
94;600;3.632
94;601;3.688
95;72;3.505
95;92;2.859
95;98;3.835
95;99;3.007
96;18;3.624
96;34;3.167
96;37;3.432
96;80;3.549
96;93;2.903
96;99;3.237
97;19;3.54
97;94;2.868
97;100;3.06
98;94;3.48
98;95;3.835
98;101;2.931
98;597;3.934
99;15;3.932
99;41;3.512
99;44;2.643
99;69;3.206
99;95;3.007
99;96;3.237
99;102;2.959
100;15;3.574
100;97;3.06
100;103;2.988
100;104;2.988
100;107;3.609
100;593;3.541
101;68;3.976
101;98;2.931
101;111;3.882
102;65;3.466
102;69;2.606
102;99;2.959
102;108;2.8
103;100;2.988
104;100;2.988
104;107;3.093
104;108;2.992
105;108;3.377
105;109;2.95
106;110;3.136
106;586;3.432
107;100;3.609
107;104;3.093
107;110;3.416
107;111;3.004
107;590;3.708
108;65;3.239
108;102;2.8
108;104;2.992
108;105;3.377
108;111;3.457
108;112;2.982
109;105;2.95
109;112;3.122
109;113;3.016
110;106;3.136
110;107;3.416
110;113;3.104
110;114;2.998
110;586;3.345
110;587;3.977
111;65;3.78
111;101;3.882
111;107;3.004
111;108;3.457
111;114;3.254
111;115;3.046
112;108;2.982
112;109;3.122
112;115;3.478
112;116;3.006
113;109;3.016
113;110;3.104
113;116;3.232
113;117;3.053
114;110;2.998
114;111;3.254
114;117;2.989
114;118;3.241
114;675;3.792
115;111;3.046
115;112;3.478
115;118;2.979
116;112;3.006
116;113;3.232
116;119;2.75
116;250;3.993
117;113;3.053
117;114;2.989
117;120;3.065
117;121;3.013
117;250;3.98
118;114;3.241
118;115;2.979
118;122;3.006
119;116;2.75
119;254;2.715
120;117;3.065
120;123;3.415
120;250;3.461
120;253;2.608
120;254;2.79
121;117;3.013
121;124;3.346
121;125;2.927
121;247;3.985
122;118;3.006
122;126;2.979
123;120;3.415
123;126;3.214
123;127;3.089
123;1264;3.456
123;1265;2.895
124;121;3.346
124;127;3.437
124;128;3.155
124;239;3.611
124;1268;3.984
125;121;2.927
125;128;3.352
125;129;2.92
126;122;2.979
126;123;3.214
126;129;3.312
126;130;2.973
127;123;3.089
127;124;3.437
127;131;2.963
127;1259;4.029
127;1265;3.956
127;1268;3.808
128;124;3.155
128;125;3.352
128;131;3.305
128;132;2.889
128;239;3.403
129;125;2.92
129;126;3.312
129;132;3.491
129;133;3.015
130;126;2.973
130;133;3.427
130;134;2.936
130;1166;4.106
130;1255;3.682
130;1258;3.369
130;1259;3.892
131;127;2.963
131;128;3.305
131;134;3.471
131;135;2.863
132;128;2.889
132;129;3.491
132;136;2.97
132;199;3.762
132;202;4.033
132;206;3.988
133;129;3.015
133;130;3.427
133;136;3.227
133;137;3.017
134;130;2.936
134;131;3.471
134;137;3.189
134;138;2.972
134;1166;3.797
134;1255;3.753
135;131;2.863
135;139;2.939
135;202;3.592
135;228;3.721
135;232;3.8
135;235;3.662
136;132;2.97
136;133;3.227
136;140;2.941
136;195;3.749
136;199;3.913
137;133;3.017
137;134;3.189
137;140;3.221
137;141;3.12
137;1252;3.755
138;134;2.972
138;141;3.143
138;142;3.473
138;228;3.573
138;1249;3.664
138;1252;3.897
139;135;2.939
139;142;3.431
139;143;2.94
139;192;3.541
140;136;2.941
140;137;3.221
140;144;3.718
140;193;3.936
140;194;3.598
140;195;3.9
141;137;3.12
141;138;3.143
141;1249;3.609
141;1252;3.404
142;138;3.473
142;139;3.431
142;1245;3.673
142;1249;3.487
143;139;2.94
143;215;3.074
143;225;3.392
143;228;3.604
143;229;3.649
144;140;3.718
144;193;3.866
145;150;2.727
145;188;2.974
146;182;3.071
146;186;3.686
146;188;3.17
147;150;2.947
147;151;3.761
147;186;2.774
148;186;2.835
148;189;3.591
148;193;2.644
149;153;3.85
149;155;3.266
150;145;2.727
150;147;2.947
150;154;3.072
150;183;2.819
151;147;3.761
151;154;3.642
151;180;3.945
151;183;3.787
152;180;3.6
153;149;3.85
153;178;2.684
154;150;3.072
154;151;3.642
155;149;3.266
156;159;3.672
157;159;3.605
158;161;3.901
158;177;3.965
159;156;3.672
159;157;3.605
160;168;3.389
160;176;2.788
161;158;3.901
162;167;3.081
162;168;3.805
163;166;3.795
164;166;3.488
165;167;3.542
165;173;3.33
166;163;3.795
166;164;3.488
167;162;3.081
167;165;3.542
167;169;2.792
167;177;2.621
168;160;3.389
168;162;3.805
169;167;2.792
169;173;3.573
169;175;2.602
170;171;3.217
171;170;3.217
172;174;3.078
173;165;3.33
173;169;3.573
174;172;3.078
175;169;2.602
176;160;2.788
177;158;3.965
177;167;2.621
178;153;2.684
179;1017;4.063
179;1019;3.771
180;151;3.945
180;152;3.6
181;183;3.41
182;146;3.071
183;150;2.819
183;151;3.787
183;181;3.41
184;187;3.092
185;1016;2.779
185;1018;3.533
186;146;3.686
186;147;2.774
186;148;2.835
186;189;3.132
187;184;3.092
187;218;3.497
187;219;3.951
188;145;2.974
188;146;3.17
189;148;3.591
189;186;3.132
189;192;2.994
189;193;3.025
189;197;3.505
190;197;3.145
191;197;3.441
191;215;3.476
192;139;3.541
192;189;2.994
192;198;3.379
192;201;3.582
192;215;3.172
192;229;6.201
193;140;3.936
193;144;3.866
193;148;2.644
193;189;3.025
194;140;3.598
194;197;2.777
194;198;2.985
195;136;3.749
195;140;3.9
195;199;2.963
196;200;2.985
197;189;3.505
197;190;3.145
197;191;3.441
197;194;2.777
197;200;3.304
197;201;2.964
198;192;3.379
198;194;2.985
198;201;3.248
198;202;2.958
199;132;3.762
199;136;3.913
199;195;2.963
199;203;2.931
200;196;2.985
200;197;3.304
200;203;3.052
200;204;2.966
200;663;3.823
201;192;3.582
201;197;2.964
201;198;3.248
201;204;3.277
201;205;2.936
202;132;4.033
202;135;3.592
202;198;2.958
202;205;3.478
202;206;2.952
203;199;2.931
203;200;3.052
203;206;3.279
203;207;2.952
203;667;3.773
203;671;3.836
204;200;2.966
204;201;3.277
204;208;2.962
204;209;2.805
204;210;3.92
204;646;3.641
205;201;2.936
205;202;3.478
205;208;3.089
205;211;3.707
205;229;3.919
205;232;3.762
205;233;3.76
206;132;3.988
206;202;2.952
206;203;3.279
207;203;2.952
207;670;3.643
208;204;2.962
208;205;3.089
208;1330;3.138
208;1332;3.001
209;204;2.805
209;645;3.786
209;646;3.406
210;204;3.92
210;213;3.255
210;214;3.016
210;646;5.951
210;1327;3.721
210;1337;3.697
211;205;3.707
211;215;3.053
211;216;3.156
211;229;3.882
211;230;4.034
211;233;3.435
211;1323;3.369
211;1326;3.914
211;1327;3.378
212;216;3.114
212;217;2.985
212;1323;3.764
212;1327;3.484
212;1361;3.479
212;1362;2.708
212;1363;3.108
213;210;3.255
213;1337;3.396
213;1363;3.109
214;210;3.016
214;217;3.046
215;143;3.074
215;191;3.476
215;192;3.172
215;211;3.053
215;225;2.757
216;211;3.156
216;212;3.114
216;219;2.929
216;226;3.335
216;1323;3.174
216;1361;3.528
217;212;2.985
217;214;3.046
217;1313;3.862
217;1361;3.41
218;187;3.497
219;187;3.951
219;216;2.929
219;221;2.932
219;222;3.124
219;225;3.634
220;222;3.065
220;1320;3.577
220;1356;3.424
220;1357;2.853
220;1359;3.975
220;1360;3.482
221;219;2.932
221;225;3.017
222;219;3.124
222;220;3.065
222;225;2.968
222;226;2.943
222;1358;3.792
222;1359;3.737
223;226;3.679
223;227;2.922
223;1356;2.83
223;1358;2.753
224;1242;3.693
224;1245;3.971
224;1246;3.293
224;1358;2.962
225;143;3.392
225;215;2.757
225;219;3.634
225;221;3.017
225;222;2.968
225;228;3.03
225;229;3.326
226;216;3.335
226;222;2.943
226;223;3.679
226;229;3.291
226;230;2.942
226;1323;3.572
226;1359;4.067
227;223;2.922
227;231;2.981
228;135;3.721
228;138;3.573
228;143;3.604
228;225;3.03
228;231;3.136
228;232;2.97
229;143;3.649
229;192;6.201
229;205;3.919
229;211;3.882
229;225;3.326
229;226;3.291
229;232;3.296
229;233;2.996
230;211;4.034
230;226;2.942
230;233;3.177
230;234;2.969
231;227;2.981
231;228;3.136
231;235;2.935
232;135;3.8
232;205;3.762
232;228;2.97
232;229;3.296
232;236;2.898
233;205;3.76
233;211;3.435
233;229;2.996
233;230;3.177
233;237;2.951
233;1326;3.493
234;230;2.969
234;238;2.954
234;1326;3.354
235;135;3.662
235;231;2.935
235;239;2.907
236;232;2.898
236;240;2.936
237;233;2.951
237;240;3.337
237;241;2.953
238;234;2.954
238;241;3.428
238;242;2.934
238;1272;3.672
238;1279;3.563
239;124;3.611
239;128;3.403
239;235;2.907
239;242;3.173
239;243;2.872
240;236;2.936
240;237;3.337
240;243;3.335
240;244;2.956
241;237;2.953
241;238;3.428
241;244;3.918
241;245;2.989
241;1389;3.776
242;238;2.934
242;239;3.173
242;245;3.623
242;246;2.893
242;1268;3.153
242;1271;3.765
243;239;2.872
243;240;3.335
243;246;3.114
243;247;2.935
243;678;3.607
244;240;2.956
244;241;3.918
244;248;3.125
244;678;3.677
244;681;3.723
244;1386;3.49
245;241;2.989
245;242;3.623
245;248;3.452
245;249;2.916
245;1389;3.984
245;1390;3.921
245;1393;3.511
246;242;2.893
246;243;3.114
246;250;2.926
247;121;3.985
247;243;2.935
247;250;3.359
247;251;3.09
247;682;3.788
248;244;3.125
248;245;3.452
248;251;3.189
248;252;3.076
248;681;3.638
248;682;3.977
248;685;3.466
248;1390;3.493
249;245;2.916
249;253;2.886
249;1394;3.765
250;116;3.993
250;117;3.98
250;120;3.461
250;246;2.926
250;247;3.359
250;254;2.962
251;247;3.09
251;248;3.189
251;255;3.086
251;682;3.675
252;248;3.076
252;255;3.028
252;256;2.888
252;686;4.019
252;689;3.815
252;1394;6.421
253;120;2.608
253;249;2.886
253;256;3.011
253;257;3.591
254;119;2.715
254;120;2.79
254;250;2.962
254;264;2.86
255;251;3.086
255;252;3.028
255;263;3.951
255;264;3.217
255;265;2.98
256;252;2.888
256;253;3.011
256;263;3.496
256;265;3.81
256;267;3.063
257;253;3.591
257;262;3.43
257;263;2.806
258;267;3.811
258;697;3.915
259;261;3.091
260;267;3.412
260;268;3.916
260;270;3.89
260;701;3.727
261;259;3.091
261;263;3.784
262;257;3.43
263;255;3.951
263;256;3.496
263;257;2.806
263;261;3.784
264;254;2.86
264;255;3.217
265;255;2.98
265;256;3.81
265;267;4.019
266;269;3.146
267;256;3.063
267;258;3.811
267;260;3.412
267;265;4.019
267;270;3.009
268;260;3.916
268;271;3.922
269;266;3.146
269;272;3.017
269;276;3.737
270;260;3.89
270;267;3.009
270;696;3.7
270;700;3.776
270;702;3.787
271;268;3.922
271;273;2.926
271;275;3.366
271;276;3.384
271;279;3.718
272;269;3.017
273;271;2.926
273;276;3.017
274;277;3.129
274;284;2.738
274;285;2.737
274;286;3.705
274;705;2.893
275;271;3.366
275;278;2.977
275;279;2.64
275;702;2.727
275;703;3.356
276;269;3.737
276;271;3.384
276;273;3.017
276;279;3.022
277;274;3.129
277;288;3.586
278;275;2.977
278;286;2.856
279;271;3.718
279;275;2.64
279;276;3.022
279;703;3.252
280;283;3.573
281;720;3.832
282;729;2.751
283;280;3.573
283;729;3.313
284;274;2.738
284;703;3.797
284;705;3.546
284;706;2.945
285;274;2.737
286;274;3.705
286;278;2.856
287;290;3.205
287;304;2.745
288;277;3.586
289;290;3.995
290;287;3.205
290;289;3.995
291;692;2.786
291;693;3.957
291;1106;3.775
291;1109;3.791
292;1110;3.761
293;302;3.203
294;302;3.914
295;298;3.305
295;300;2.732
296;979;3.723
297;975;3.387
298;295;3.305
298;300;3.322
299;300;2.874
299;982;3.475
300;295;2.732
300;298;3.322
300;299;2.874
301;307;3.897
302;293;3.203
302;294;3.914
302;305;3.088
303;308;3.999
304;287;2.745
305;302;3.088
305;313;2.845
306;309;3.014
307;301;3.897
308;303;3.999
309;306;3.014
309;313;3.946
309;320;3.853
310;319;3.038
310;320;2.824
310;321;3.841
311;315;3.711
312;314;2.993
313;305;2.845
313;309;3.946
314;312;2.993
315;311;3.711
315;319;2.806
315;321;2.778
315;323;2.648
316;319;2.783
317;324;3.784
318;321;2.965
318;322;2.775
318;324;2.69
319;310;3.038
319;315;2.806
319;316;2.783
320;309;3.853
320;310;2.824
321;310;3.841
321;315;2.778
321;318;2.965
322;318;2.775
323;315;2.648
323;326;3.048
324;317;3.784
324;318;2.69
325;327;2.752
325;329;3.952
326;323;3.048
327;325;2.752
328;330;3.339
329;325;3.952
330;328;3.339
331;439;2.873
331;440;3.719
332;435;3.129
332;437;3.979
333;435;2.965
334;435;2.707
335;435;2.617
336;341;2.834
337;339;2.94
337;340;3.445
337;341;3.378
338;342;3.46
339;337;2.94
340;337;3.445
340;347;3.775
341;336;2.834
341;337;3.378
341;345;3.715
341;346;3.822
342;338;3.46
343;345;3.061
343;347;3.786
344;347;3.967
344;348;3.379
345;341;3.715
345;343;3.061
345;434;2.73
345;436;2.604
346;341;3.822
347;340;3.775
347;343;3.786
347;344;3.967
348;344;3.379
349;355;3.85
350;355;3.528
350;356;3.215
351;354;3.056
351;356;3.035
352;357;2.959
353;366;3.754
354;351;3.056
355;349;3.85
355;350;3.528
356;350;3.215
356;351;3.035
357;352;2.959
357;359;3.094
358;362;3.719
359;357;3.094
359;362;2.989
359;366;3.983
360;363;2.956
361;364;2.984
361;365;2.995
361;366;3.638
362;358;3.719
362;359;2.989
363;360;2.956
364;361;2.984
365;361;2.995
365;367;3.754
366;353;3.754
366;359;3.983
366;361;3.638
367;365;3.754
368;370;3.705
369;375;3.61
369;377;3.59
370;368;3.705
371;373;3.431
372;390;3.225
373;371;3.431
373;375;3.909
373;390;2.988
374;389;3.974
374;391;3.625
374;396;3.558
375;369;3.61
375;373;3.909
375;389;3.442
376;379;2.975
377;369;3.59
378;380;3.011
378;381;3.187
378;382;3.246
378;383;2.747
379;376;2.975
380;378;3.011
381;378;3.187
382;378;3.246
383;378;2.747
383;386;3.01
384;386;2.942
385;387;3.011
386;383;3.01
386;384;2.942
387;385;3.011
388;392;3.939
388;393;3.532
389;374;3.974
389;375;3.442
389;392;2.814
390;372;3.225
390;373;2.988
391;374;3.625
391;394;2.959
391;395;3.055
392;388;3.939
392;389;2.814
393;388;3.532
394;391;2.959
395;391;3.055
396;374;3.558
397;398;3.012
398;397;3.012
399;400;2.772
400;399;2.772
401;402;2.653
401;408;3.66
402;401;2.653
402;407;2.988
403;406;2.696
403;407;3.825
404;407;3.799
405;407;2.975
406;403;2.696
407;402;2.988
407;403;3.825
407;404;3.799
407;405;2.975
408;401;3.66
408;409;3.097
409;408;3.097
410;413;4.014
411;413;2.861
412;414;2.959
413;410;4.014
413;411;2.861
414;412;2.959
414;415;3.023
415;414;3.023
416;418;3.718
417;437;2.771
418;416;3.718
419;420;3.572
420;419;3.572
420;421;2.813
421;420;2.813
422;423;3.031
423;422;3.031
424;427;3.699
424;431;3.832
425;427;2.892
426;429;2.921
427;424;3.699
427;425;2.892
427;430;2.983
427;431;3.066
428;431;2.883
429;426;2.921
429;432;3.591
430;427;2.983
431;424;3.832
431;427;3.066
431;428;2.883
432;429;3.591
433;436;3.923
434;345;2.73
435;332;3.129
435;333;2.965
435;334;2.707
435;335;2.617
436;345;2.604
436;433;3.923
437;332;3.979
437;417;2.771
438;445;2.986
439;331;2.873
439;445;3.727
440;331;3.719
441;444;3.046
442;445;2.956
442;446;3.207
442;447;4.011
443;448;3.952
443;449;2.837
443;450;3.124
444;441;3.046
445;438;2.986
445;439;3.727
445;442;2.956
446;442;3.207
447;442;4.011
448;443;3.952
449;443;2.837
450;443;3.124
451;452;3.641
452;451;3.641
453;455;2.715
454;456;3.088
455;453;2.715
456;454;3.088
456;458;2.995
456;460;3.28
456;463;3.057
456;464;2.727
457;459;3.997
457;460;3.776
457;517;3.493
457;518;2.732
458;456;2.995
459;457;3.997
459;517;3.544
459;518;3.927
460;456;3.28
460;457;3.776
460;463;2.955
460;464;3.114
461;464;2.989
462;514;3.656
463;456;3.057
463;460;2.955
463;519;3.43
464;456;2.727
464;460;3.114
464;461;2.989
464;467;2.964
464;468;3.169
465;469;2.965
466;470;2.964
467;464;2.964
467;470;3.239
467;471;3.018
468;464;3.169
468;471;3.387
468;472;2.923
468;566;2.667
468;567;3.958
469;465;2.965
469;472;3.211
469;473;2.968
470;466;2.964
470;467;3.239
470;474;3.056
471;467;3.018
471;468;3.387
471;474;3.323
471;475;2.981
471;507;4.019
471;511;3.811
471;563;3.933
472;468;2.923
472;469;3.211
472;475;2.998
472;476;3.091
472;567;2.646
472;568;3.567
473;469;2.968
473;476;3.467
473;477;3.005
474;470;3.056
474;471;3.323
474;478;2.988
474;504;3.659
475;471;2.981
475;472;2.998
475;478;3.086
475;479;3.074
475;508;3.309
475;561;3.893
475;563;3.889
475;564;3.836
476;472;3.091
476;473;3.467
476;479;3.134
476;480;3.447
476;564;3.85
477;473;3.005
477;480;3.313
477;481;3.019
478;474;2.988
478;475;3.086
478;481;3.27
478;482;2.996
478;504;3.186
478;560;3.096
479;475;3.074
479;476;3.134
479;483;3.045
479;561;3.657
479;993;3.955
480;476;3.447
480;477;3.313
480;483;3.296
480;484;2.987
481;477;3.019
481;478;3.27
481;484;3.124
481;485;2.953
481;497;3.54
482;478;2.996
482;485;3.032
482;560;3.806
482;561;3.67
482;997;4.018
483;479;3.045
483;480;3.296
484;480;2.987
484;481;3.124
484;489;3.586
485;481;2.953
485;482;3.032
485;490;2.905
485;497;4.01
485;501;3.388
486;490;2.974
486;1040;3.197
486;1041;3.035
487;490;3.956
487;491;2.803
488;491;2.961
488;492;3.025
489;484;3.586
489;493;3.008
490;485;2.905
490;486;2.974
490;487;3.956
490;494;2.779
491;487;2.803
491;488;2.961
491;494;2.742
492;488;3.025
493;489;3.008
493;496;3.025
493;497;2.938
494;490;2.779
494;491;2.742
494;498;2.944
495;498;3.476
495;499;3.059
496;493;3.025
496;499;4.004
496;500;2.964
497;481;3.54
497;485;4.01
497;493;2.938
497;500;3.312
497;501;2.919
498;494;2.944
498;495;3.476
498;501;3.346
498;502;3.039
499;495;3.059
499;496;4.004
499;503;2.958
500;496;2.964
500;497;3.312
500;504;2.947
501;485;3.388
501;497;2.919
501;498;3.346
501;504;3.42
501;505;3.092
501;560;3.244
502;498;3.039
502;505;3.314
502;506;3.011
502;544;3.788
502;545;3.446
503;499;2.958
503;506;3.015
503;507;3.077
504;474;3.659
504;478;3.186
504;500;2.947
504;501;3.42
504;507;3.062
504;508;3.376
505;501;3.092
505;502;3.314
505;508;2.97
505;540;2.75
505;541;3.75
505;544;3.809
505;545;3.99
506;502;3.011
506;503;3.015
506;509;2.85
507;471;4.019
507;503;3.077
507;504;3.062
507;510;3.067
507;511;3.243
508;475;3.309
508;504;3.376
508;505;2.97
508;512;2.987
508;537;3.69
508;541;3.92
508;563;3.446
509;506;2.85
509;512;3.405
509;513;3.03
509;541;3.484
510;507;3.067
510;514;3.067
511;471;3.811
511;507;3.243
511;514;3.448
511;515;2.943
511;563;2.732
511;566;2.722
512;508;2.987
512;509;3.405
512;516;2.999
512;537;3.611
513;509;3.03
513;516;3.259
513;517;3.093
514;462;3.656
514;510;3.067
514;511;3.448
514;517;4.014
514;518;2.993
515;511;2.943
515;518;3.011
515;519;3.069
515;523;2.698
515;524;3.47
515;530;2.764
516;512;2.999
516;513;3.259
516;524;3.661
516;525;3.909
517;457;3.493
517;459;3.544
517;513;3.093
517;514;4.014
518;457;2.732
518;459;3.927
518;514;2.993
518;515;3.011
519;463;3.43
519;515;3.069
519;523;3.641
520;523;3.006
520;524;2.928
521;525;2.99
522;526;2.801
523;515;2.698
523;519;3.641
523;520;3.006
523;526;3.087
523;527;2.916
524;515;3.47
524;516;3.661
524;520;2.928
524;530;3.249
524;534;4.014
525;516;3.909
525;521;2.99
526;522;2.801
526;523;3.087
527;523;2.916
527;530;2.968
527;531;3.045
528;531;3.969
528;532;3.021
529;533;3.004
529;571;2.905
529;574;3.909
530;515;2.764
530;524;3.249
530;527;2.968
530;533;3.497
530;534;2.951
531;527;3.045
531;528;3.969
531;534;3.411
531;535;2.99
532;528;3.021
532;535;3.415
532;536;3.023
532;562;3.983
533;529;3.004
533;530;3.497
533;536;3.235
533;537;2.905
533;563;2.64
533;566;3.869
534;524;4.014
534;530;2.951
534;531;3.411
534;538;3.001
535;531;2.99
535;532;3.415
535;538;3.192
535;539;3.087
536;532;3.023
536;533;3.235
536;540;3.015
537;508;3.69
537;512;3.611
537;533;2.905
537;541;2.94
537;563;3.757
538;534;3.001
538;535;3.192
538;542;2.994
539;535;3.087
539;543;3.216
539;556;3.594
540;505;2.75
540;536;3.015
540;544;3.409
540;560;3.061
541;505;3.75
541;508;3.92
541;509;3.484
541;537;2.94
541;544;3.124
541;545;2.915
542;538;2.994
542;545;3.307
542;546;3.035
543;539;3.216
543;547;2.999
543;548;3.051
543;557;3.827
544;502;3.788
544;505;3.809
544;540;3.409
544;541;3.124
544;548;3.756
544;557;3.976
545;502;3.446
545;505;3.99
545;541;2.915
545;542;3.307
546;542;3.035
547;543;2.999
547;549;2.943
548;543;3.051
548;544;3.756
548;554;2.799
549;547;2.943
549;554;3.265
550;553;2.782
551;554;3.231
551;555;2.932
552;555;3.309
552;556;2.962
552;1080;3.954
553;550;2.782
553;556;3.09
553;557;3.088
554;548;2.799
554;549;3.265
554;551;3.231
554;557;2.946
555;551;2.932
555;552;3.309
555;558;2.979
555;1001;3.125
556;539;3.594
556;552;2.962
556;553;3.09
556;559;2.971
557;543;3.827
557;544;3.976
557;553;3.088
557;554;2.946
557;560;3.047
558;555;2.979
558;561;3.179
558;997;3.691
558;998;3.913
559;556;2.971
559;562;2.89
559;994;3.635
560;478;3.096
560;482;3.806
560;501;3.244
560;540;3.061
560;557;3.047
560;563;2.958
561;475;3.893
561;479;3.657
561;482;3.67
561;558;3.179
561;564;2.938
561;990;3.849
561;994;3.502
562;532;3.983
562;559;2.89
562;565;2.758
562;991;3.431
562;994;3.467
563;471;3.933
563;475;3.889
563;508;3.446
563;511;2.732
563;533;2.64
563;537;3.757
563;560;2.958
563;566;2.995
564;475;3.836
564;476;3.85
564;561;2.938
564;567;2.973
564;568;2.94
564;570;3.884
564;990;3.608
565;562;2.758
565;570;4.026
566;468;2.667
566;511;2.722
566;533;3.869
566;563;2.995
567;468;3.958
567;472;2.646
567;564;2.973
568;472;3.567
568;564;2.94
568;570;3.881
568;571;3.034
569;572;3.056
569;573;2.925
569;983;3.214
570;564;3.884
570;565;4.026
570;568;3.881
570;573;3.212
570;574;3.015
570;987;3.475
571;529;2.905
571;568;3.034
571;574;3.836
571;575;3.054
572;569;3.056
572;575;3.422
572;576;2.967
573;569;2.925
573;570;3.212
573;576;3.249
573;577;2.946
573;987;3.62
574;529;3.909
574;570;3.015
574;571;3.836
574;578;3.063
575;571;3.054
575;572;3.422
575;578;3.397
575;579;2.741
576;572;2.967
576;573;3.249
576;579;3.355
576;580;2.935
576;1098;3.754
577;573;2.946
577;580;3.172
577;581;3.077
577;1094;3.575
578;574;3.063
578;575;3.397
578;581;2.994
579;575;2.741
579;576;3.355
579;582;3.018
580;576;2.935
580;577;3.172
580;583;3.094
580;584;3.078
580;684;3.658
580;1094;3.52
580;1098;3.75
581;577;3.077
581;578;2.994
581;585;2.974
581;1094;3.841
582;579;3.018
582;585;3.031
583;580;3.094
583;684;3.901
584;580;3.078
584;587;3.266
584;588;2.869
584;680;3.575
584;1094;3.769
585;581;2.974
585;582;3.031
585;589;3.052
586;106;3.432
586;110;3.345
586;589;3.213
586;590;3.294
587;110;3.977
587;584;3.266
587;590;3.048
587;591;3.023
587;679;3.51
587;680;3.793
588;584;2.869
588;592;2.93
589;585;3.052
589;586;3.213
589;592;3.294
589;593;3.052
590;107;3.708
590;586;3.294
590;587;3.048
590;593;3.468
590;594;3.033
591;587;3.023
591;594;3.47
591;595;2.958
591;642;3.945
592;588;2.93
592;589;3.294
592;596;2.978
593;100;3.541
593;589;3.052
593;590;3.468
593;596;3.269
593;597;3.001
594;590;3.033
594;591;3.47
594;597;3.283
594;598;2.946
594;672;3.705
595;591;2.958
595;598;3.496
595;599;2.931
595;635;3.518
595;638;3.799
596;19;3.495
596;23;3.736
596;592;2.978
596;593;3.269
596;599;3.263
596;600;3.002
596;631;3.469
597;94;3.954
597;98;3.934
597;593;3.001
597;594;3.283
597;600;3.267
597;601;2.996
598;594;2.946
598;595;3.496
598;602;2.959
598;638;3.766
598;668;4.09
598;669;3.538
598;672;3.898
599;595;2.931
599;596;3.263
599;602;3.252
599;603;2.994
599;631;3.726
599;634;3.958
599;635;4.022
600;94;3.632
600;596;3.002
600;597;3.267
600;604;3.321
601;94;3.688
601;597;2.996
601;604;3.327
601;605;3.022
602;598;2.959
602;599;3.252
602;606;3.005
602;607;2.811
602;628;3.815
603;25;3.229
603;599;2.994
603;607;3.05
603;608;3.168
603;630;4.011
604;91;3.421
604;600;3.321
604;601;3.327
605;87;3.887
605;91;3.868
605;601;3.022
605;608;2.788
606;602;3.005
606;609;3.018
606;610;3.606
606;624;3.495
606;628;4.134
606;662;3.373
606;665;4.001
607;602;2.811
607;603;3.05
607;624;3.719
608;603;3.168
608;605;2.788
609;606;3.018
609;621;4.118
609;624;2.991
610;606;3.606
610;622;3.092
610;624;2.923
610;650;3.791
610;651;3.365
610;658;2.701
610;662;3.513
611;620;2.633
611;621;3.378
611;622;3.969
611;651;3.729
611;652;2.918
612;615;3.009
612;616;2.797
612;617;2.79
612;618;2.769
613;651;4.107
613;652;2.75
613;654;3.697
614;617;3.724
615;612;3.009
615;620;3.946
616;612;2.797
617;612;2.79
617;614;3.724
617;1028;3.928
618;612;2.769
619;625;3.523
619;626;3.191
620;611;2.633
620;615;3.946
621;609;4.118
621;611;3.378
621;625;3.59
622;610;3.092
622;611;3.969
622;626;3.136
622;649;2.671
622;650;3.695
623;626;3.032
623;627;2.831
623;648;3.89
624;606;3.495
624;607;3.719
624;609;2.991
624;610;2.923
624;628;3.657
624;650;3.591
625;619;3.523
625;621;3.59
625;629;3.567
626;619;3.191
626;622;3.136
626;623;3.032
626;1068;3.555
627;623;2.831
627;633;4.005
627;636;3.93
627;637;3.831
627;1059;3.421
627;1063;3.765
628;602;3.815
628;606;4.134
628;624;3.657
628;633;3.224
628;637;3.642
628;650;4.003
629;625;3.567
629;1072;2.723
630;25;3.72
630;603;4.011
630;633;2.829
630;634;2.954
630;1075;2.715
631;25;3.276
631;596;3.469
631;599;3.726
631;634;3.414
631;635;2.943
632;635;3.237
632;636;2.997
632;1075;3.663
632;1078;3.911
632;1079;3.636
632;1082;3.95
633;627;4.005
633;628;3.224
633;630;2.829
633;636;3.273
633;637;2.985
633;1078;3.083
634;599;3.958
634;630;2.954
634;631;3.414
634;637;4.034
634;638;2.973
635;595;3.518
635;599;4.022
635;631;2.943
635;632;3.237
635;638;3.463
635;639;2.979
636;627;3.93
636;632;2.997
636;633;3.273
636;639;3.252
636;640;3.039
636;1063;3.946
636;1082;3.578
637;627;3.831
637;628;3.642
637;633;2.985
637;634;4.034
637;640;3.135
637;641;3.013
637;647;3.814
638;595;3.799
638;598;3.766
638;634;2.973
638;635;3.463
638;641;3.394
638;642;2.995
639;635;2.979
639;636;3.252
639;642;3.077
639;643;3.211
639;1055;3.976
639;1058;3.617
639;1082;3.701
639;1089;3.91
640;636;3.039
640;637;3.135
640;646;2.854
640;1059;3.533
641;637;3.013
641;638;3.394
641;644;2.968
641;666;3.409
641;669;3.571
641;670;3.982
642;591;3.945
642;638;2.995
642;639;3.077
642;673;3.78
643;639;3.211
643;1055;3.48
644;641;2.968
644;666;2.88
644;670;3.99
645;209;3.786
645;1055;3.749
645;1056;2.74
645;1057;2.824
646;204;3.641
646;209;3.406
646;210;5.951
646;640;2.854
646;666;3.882
646;1060;3.886
647;637;3.814
647;650;3.513
647;666;3.274
648;623;3.89
648;1060;3.503
649;622;2.671
649;1014;3.822
650;610;3.791
650;622;3.695
650;624;3.591
650;628;4.003
650;647;3.513
650;659;3.341
650;662;3.446
651;610;3.365
651;611;3.729
651;613;4.107
651;655;3.38
651;659;2.995
652;611;2.918
652;613;2.75
652;659;3.722
653;1015;3.39
654;613;3.697
655;651;3.38
655;658;2.752
655;659;3.074
656;660;2.952
657;660;3.28
657;661;3.006
658;610;2.701
658;655;2.752
658;661;3.253
658;662;3.095
659;650;3.341
659;651;2.995
659;652;3.722
659;655;3.074
659;662;3.395
659;663;2.913
660;656;2.952
660;657;3.28
660;663;3.293
660;664;3.013
661;657;3.006
661;658;3.253
661;664;3.469
661;665;3.345
662;606;3.373
662;610;3.513
662;650;3.446
662;658;3.095
662;659;3.395
662;665;3.479
662;666;2.946
663;200;3.823
663;659;2.913
663;660;3.293
663;666;3.275
663;667;2.965
664;660;3.013
664;661;3.469
664;667;3.431
664;668;3.02
665;606;4.001
665;661;3.345
665;662;3.479
665;668;3.289
665;669;2.988
666;641;3.409
666;644;2.88
666;646;3.882
666;647;3.274
666;662;2.946
666;663;3.275
666;669;3.294
666;670;2.986
667;203;3.773
667;663;2.965
667;664;3.431
667;670;3.4
667;671;2.991
668;598;4.09
668;664;3.02
668;665;3.289
668;671;3.495
668;672;3.01
669;598;3.538
669;641;3.571
669;665;2.988
669;666;3.294
669;673;2.956
670;207;3.643
670;641;3.982
670;644;3.99
670;666;2.986
670;667;3.4
670;674;2.929
671;203;3.836
671;667;2.991
671;668;3.495
671;674;3.435
671;675;3.038
672;594;3.705
672;598;3.898
672;668;3.01
672;675;3.427
672;676;2.992
673;642;3.78
673;669;2.956
673;676;3.181
673;677;2.931
674;670;2.929
674;671;3.435
674;677;3.255
674;678;2.981
675;114;3.792
675;671;3.038
675;672;3.427
675;679;3.029
676;672;2.992
676;673;3.181
676;679;3.333
676;680;2.917
677;673;2.931
677;674;3.255
677;680;3.127
677;681;3.081
678;243;3.607
678;244;3.677
678;674;2.981
678;681;3.467
678;682;3.019
679;587;3.51
679;675;3.029
679;676;3.333
679;683;2.907
680;584;3.575
680;587;3.793
680;676;2.917
680;677;3.127
680;683;3.4
680;684;3.132
680;1097;3.405
681;244;3.723
681;248;3.638
681;677;3.081
681;678;3.467
681;684;3.469
681;685;2.947
681;1097;3.619
681;1100;3.758
682;247;3.788
682;248;3.977
682;251;3.675
682;678;3.019
682;685;3.363
682;686;2.945
683;679;2.907
683;680;3.4
683;687;3.073
684;580;3.658
684;583;3.901
684;680;3.132
684;681;3.469
684;687;3.294
684;688;2.995
684;1097;3.639
684;1101;3.56
685;248;3.466
685;681;2.947
685;682;3.363
685;688;3.47
685;689;2.99
685;1104;3.523
686;252;4.019
686;682;2.945
686;689;3.27
686;690;3.048
687;683;3.073
687;684;3.294
687;690;3.15
687;691;3.093
688;684;2.995
688;685;3.47
688;691;2.982
688;1101;3.452
688;1105;3.426
689;252;3.815
689;685;2.99
689;686;3.27
689;1105;3.567
689;1108;3.465
690;686;3.048
690;687;3.15
691;687;3.093
691;688;2.982
692;291;2.786
692;1105;3.499
693;291;3.957
693;1109;3.273
694;1108;3.633
695;704;3.538
695;1112;2.764
695;1113;2.733
696;270;3.7
696;704;3.469
696;1112;2.749
697;258;3.915
697;700;2.822
697;1115;3.35
698;704;3.264
698;705;3.631
698;1115;3.467
699;717;2.665
699;1123;2.998
700;270;3.776
700;697;2.822
701;260;3.727
702;270;3.787
702;275;2.727
703;275;3.356
703;279;3.252
703;284;3.797
704;695;3.538
704;696;3.469
704;698;3.264
705;274;2.893
705;284;3.546
705;698;3.631
706;284;2.945
707;719;2.707
708;717;3.76
708;718;3.838
708;1121;3.823
709;1117;3.937
709;1118;3.699
709;1119;3.439
709;1121;3.397
710;713;2.896
710;1118;3.251
710;1119;3.389
711;829;3.006
711;830;3.737
712;829;3.936
712;832;2.856
712;833;2.776
713;710;2.896
713;715;2.824
713;716;3.757
714;798;3.606
714;806;3.472
715;713;2.824
715;799;3.882
716;713;3.757
717;699;2.665
717;708;3.76
717;1121;2.8
717;1122;3.211
718;708;3.838
718;721;3.24
718;805;3.71
719;707;2.707
720;281;3.832
720;729;2.787
721;718;3.24
721;729;3.972
722;729;3.721
723;730;3.96
723;810;3.844
723;812;3.54
723;814;3.973
724;727;2.967
725;809;3.939
726;812;2.728
727;724;2.967
728;730;2.988
728;732;3.575
729;282;2.751
729;283;3.313
729;720;2.787
729;721;3.972
729;722;3.721
730;723;3.96
730;728;2.988
730;814;2.595
731;734;2.972
731;735;2.903
731;748;2.884
731;751;2.813
732;728;3.575
733;751;3.152
734;731;2.972
735;731;2.903
736;738;3.296
737;746;3.801
737;748;3.727
738;736;3.296
739;744;3.867
740;742;2.81
741;743;2.778
741;745;3.835
742;740;2.81
743;741;2.778
744;739;3.867
744;749;4.037
745;741;3.835
746;737;3.801
746;749;2.97
747;761;2.79
747;765;3.793
748;731;2.884
748;737;3.727
748;761;2.883
749;744;4.037
749;746;2.97
750;765;3.932
751;731;2.813
751;733;3.152
751;757;3.319
752;756;3.642
752;763;4.001
752;765;3.953
753;770;3.927
753;773;2.731
754;769;3.846
755;769;3.081
755;772;2.824
756;752;3.642
757;751;3.319
757;760;3.115
758;760;3.024
759;766;2.76
760;757;3.115
760;758;3.024
761;747;2.79
761;748;2.883
762;767;3.825
762;769;2.975
763;752;4.001
764;768;2.866
765;747;3.793
765;750;3.932
765;752;3.953
766;759;2.76
767;762;3.825
768;764;2.866
768;771;3.024
769;754;3.846
769;755;3.081
769;762;2.975
769;772;2.744
770;753;3.927
771;768;3.024
772;755;2.824
772;769;2.744
773;753;2.731
774;778;3.85
775;778;3.563
775;779;3.432
775;780;3.74
776;777;2.939
777;776;2.939
778;774;3.85
778;775;3.563
779;775;3.432
780;775;3.74
781;785;2.766
782;789;2.678
783;788;2.889
784;787;3.229
785;781;2.766
786;791;2.719
787;784;3.229
787;790;2.928
788;783;2.889
788;794;3.044
788;1128;2.622
789;782;2.678
790;787;2.928
791;786;2.719
792;801;3.425
793;796;2.583
793;1128;3.342
794;788;3.044
795;797;2.709
796;793;2.583
796;799;3.287
796;1129;3.754
797;795;2.709
798;714;3.606
798;806;3.707
798;807;3.527
799;715;3.882
799;796;3.287
800;802;3.437
800;803;3.015
800;804;3.599
801;792;3.425
802;800;3.437
803;800;3.015
803;808;2.728
804;800;3.599
804;809;3.965
805;718;3.71
806;714;3.472
806;798;3.707
806;809;3.141
806;810;2.944
807;798;3.527
808;803;2.728
808;811;3.129
809;725;3.939
809;804;3.965
809;806;3.141
810;723;3.844
810;806;2.944
811;808;3.129
812;723;3.54
812;726;2.728
812;814;3.726
813;815;2.818
814;723;3.973
814;730;2.595
814;812;3.726
815;813;2.818
815;816;3.782
816;815;3.782
817;819;3.077
818;820;3.717
818;825;3.425
819;817;3.077
820;818;3.717
820;825;3.263
821;824;3.71
822;824;2.985
823;826;3.034
824;821;3.71
824;822;2.985
825;818;3.425
825;820;3.263
825;828;3.76
826;823;3.034
826;827;2.942
826;828;2.824
827;826;2.942
828;825;3.76
828;826;2.824
829;711;3.006
829;712;3.936
830;711;3.737
830;832;3.012
831;838;4.086
831;841;3.903
832;712;2.856
832;830;3.012
832;834;3.59
833;712;2.776
834;832;3.59
835;837;2.965
836;839;2.643
836;911;2.71
837;835;2.965
838;831;4.086
838;840;3.054
838;842;2.764
838;843;3.021
838;844;3.774
839;836;2.643
840;838;3.054
840;842;3.75
841;831;3.903
842;838;2.764
842;840;3.75
843;838;3.021
844;838;3.774
844;846;2.921
845;847;2.817
846;844;2.921
846;850;3.843
847;845;2.817
847;850;2.668
847;906;2.796
847;907;2.815
848;851;3.035
849;854;3.782
849;900;3.993
849;903;3.389
849;904;3.602
850;846;3.843
850;847;2.668
850;907;3.97
851;848;3.035
851;854;2.853
851;855;2.952
852;856;3.071
853;857;2.895
854;849;3.782
854;851;2.853
854;857;3.258
854;858;2.988
855;851;2.952
855;858;3.392
855;859;3.157
855;963;3.279
856;852;3.071
856;859;3.437
856;860;3.003
857;853;2.895
857;854;3.258
857;860;3.359
857;861;2.928
858;854;2.988
858;855;3.392
858;861;3.39
858;862;2.96
858;897;3.739
858;900;3.76
859;855;3.157
859;856;3.437
859;862;3.379
859;863;2.957
859;963;3.64
859;964;3.634
860;856;3.003
860;857;3.359
860;863;3.24
860;864;2.974
861;857;2.928
861;858;3.39
861;865;2.953
861;897;3.995
862;858;2.96
862;859;3.379
862;866;2.903
862;893;3.967
862;897;3.432
862;956;3.727
862;960;3.698
863;859;2.957
863;860;3.24
863;866;3.163
863;867;2.985
864;860;2.974
864;867;3.105
864;868;3.013
865;861;2.953
865;868;3.425
865;869;2.948
865;956;3.634
866;862;2.903
866;863;3.163
866;870;3.009
867;863;2.985
867;864;3.105
867;870;3.375
867;871;2.952
868;864;3.013
868;865;3.425
868;871;3.036
868;872;3.269
869;865;2.948
869;954;3.854
869;957;3.997
870;866;3.009
870;867;3.375
870;874;3.436
870;1295;3.881
871;867;2.952
871;868;3.036
871;874;3.06
871;875;3.024
871;878;3.599
871;882;3.723
871;886;3.828
872;868;3.269
872;879;2.719
872;947;2.674
873;876;3.364
873;879;2.656
873;1298;3.348
873;1351;3.007
874;870;3.436
874;871;3.06
874;1318;3.788
875;871;3.024
875;878;2.962
875;879;3.029
876;873;3.364
876;879;3.212
876;880;3.01
876;1352;3.935
877;880;2.625
878;871;3.599
878;875;2.962
878;881;3.326
878;882;2.965
879;872;2.719
879;873;2.656
879;875;3.029
879;876;3.212
879;883;3.016
880;876;3.01
880;877;2.625
880;1352;3.44
881;878;3.326
882;871;3.723
882;878;2.965
882;885;3.116
882;886;3.034
883;879;3.016
883;886;3.396
883;887;2.722
884;888;3.03
885;882;3.116
885;888;3.397
885;889;2.996
886;871;3.828
886;882;3.034
886;883;3.396
886;889;2.975
886;890;3.258
887;883;2.722
887;890;3.008
887;891;3.026
887;947;2.812
887;950;3.835
888;884;3.03
888;885;3.397
888;891;2.887
888;892;2.959
889;885;2.996
889;886;2.975
889;892;3.466
889;893;2.918
890;886;3.258
890;887;3.008
890;894;3.01
890;953;3.758
891;887;3.026
891;888;2.887
891;894;3.37
891;895;3.045
892;888;2.959
892;889;3.466
892;896;2.984
893;862;3.967
893;889;2.918
893;896;3.226
893;897;2.938
893;956;3.621
894;890;3.01
894;891;3.37
894;898;2.982
894;953;3.84
895;891;3.045
895;899;3.025
896;892;2.984
896;893;3.226
896;899;4.011
896;900;2.942
897;858;3.739
897;861;3.995
897;862;3.432
897;893;2.938
897;901;3.004
897;959;3.678
898;894;2.982
898;901;3.398
898;902;2.963
898;926;3.857
898;930;3.665
899;895;3.025
899;896;4.011
899;902;3.366
899;903;2.938
900;849;3.993
900;858;3.76
900;896;2.942
900;904;2.72
900;959;3.573
901;897;3.004
901;898;3.398
901;904;3.378
901;905;2.92
901;923;3.788
902;898;2.963
902;899;3.366
902;905;3.495
902;906;3.004
903;849;3.389
903;899;2.938
903;907;2.972
904;849;3.602
904;900;2.72
904;901;3.378
904;907;3.438
904;908;3.053
904;913;4.019
904;922;2.666
905;901;2.92
905;902;3.495
905;908;3.002
905;909;2.913
905;913;3.656
905;914;3.573
906;847;2.796
906;902;3.004
907;847;2.815
907;850;3.97
907;903;2.972
907;904;3.438
908;904;3.053
908;905;3.002
908;912;3.016
908;916;3.809
908;919;3.766
909;905;2.913
909;912;2.929
909;913;2.951
910;914;3.038
911;836;2.71
911;914;3.034
911;915;2.904
912;908;3.016
912;909;2.929
912;915;3.997
913;904;4.019
913;905;3.656
913;909;2.951
913;916;3.043
913;919;3.72
913;923;3.775
914;905;3.573
914;910;3.038
914;911;3.034
914;920;3.52
914;923;5.661
915;911;2.904
915;912;3.997
916;908;3.809
916;913;3.043
916;919;3.101
916;920;2.922
917;920;3.487
917;921;2.973
918;921;3.371
918;922;2.986
918;968;3.994
918;971;3.975
919;908;3.766
919;913;3.72
919;916;3.101
919;922;3.139
919;923;2.98
920;914;3.52
920;916;2.922
920;917;3.487
920;923;3.831
920;924;2.969
921;917;2.973
921;918;3.371
921;924;3.285
922;904;2.666
922;918;2.986
922;919;3.139
922;959;2.96
922;962;2.716
923;901;3.788
923;913;3.775
923;914;5.661
923;919;2.98
923;920;3.831
923;926;3.027
923;927;2.958
924;920;2.969
924;921;3.285
924;928;3.021
925;955;3.986
925;959;3.711
926;898;3.857
926;923;3.027
926;929;3.313
926;930;3.11
927;923;2.958
927;930;2.856
927;931;2.909
928;924;3.021
928;932;2.964
928;952;3.742
929;926;3.313
929;932;3.984
929;933;3.051
929;953;2.9
930;898;3.665
930;926;3.11
930;927;2.856
930;933;3.33
930;934;2.982
931;927;2.909
931;934;3.17
931;935;2.99
932;928;2.964
932;929;3.984
932;935;3.461
932;936;2.995
933;929;3.051
933;930;3.33
933;936;3.324
933;937;2.992
933;946;3.756
934;930;2.982
934;931;3.17
934;937;3.215
934;938;2.926
935;931;2.99
935;932;3.461
935;938;3.175
935;939;2.975
936;932;2.995
936;933;3.324
936;941;3.037
936;945;3.321
936;946;3.375
936;949;3.629
937;933;2.992
937;934;3.215
937;940;3.003
938;934;2.926
938;935;3.175
939;935;2.975
940;937;3.003
941;936;3.037
942;945;3.806
942;946;3.18
943;946;3.497
943;947;3.008
944;947;2.722
944;948;3.239
945;936;3.321
945;942;3.806
945;949;2.996
946;933;3.756
946;936;3.375
946;942;3.18
946;943;3.497
946;950;2.978
947;872;2.674
947;887;2.812
947;943;3.008
947;944;2.722
947;1350;3.839
948;944;3.239
948;951;3.043
948;1300;3.867
948;1347;3.027
948;1348;3.644
948;1349;3.135
949;936;3.629
949;945;2.996
950;887;3.835
950;946;2.978
950;953;2.73
951;948;3.043
951;954;2.75
951;955;3.332
951;1296;3.585
952;928;3.742
952;955;2.978
