source;destination;distance
0;3;2.797
1;47;3.581
2;7;3.558
2;48;3.674
3;0;2.797
4;7;3.19
4;8;2.988
5;9;2.991
6;10;2.972
7;2;3.558
7;4;3.19
7;10;3.024
7;11;2.963
7;43;3.69
7;47;3.738
8;4;2.988
8;12;2.995
9;5;2.991
9;13;2.962
9;294;3.743
10;6;2.972
10;7;3.024
10;13;3.354
10;14;2.951
11;7;2.963
11;14;3.331
11;15;3.037
11;44;3.615
12;8;2.995
12;16;2.983
12;104;4.014
12;294;4.152
13;9;2.962
13;10;3.354
13;17;2.979
13;294;4.081
14;10;2.951
14;11;3.331
14;18;2.991
14;37;3.689
15;11;3.037
15;19;2.998
15;37;3.89
15;99;3.894
15;100;3.629
16;12;2.983
16;19;3.174
16;20;3.09
17;13;2.979
17;20;3.389
17;21;2.999
18;14;2.991
18;21;3.579
18;22;2.943
18;37;2.982
18;96;3.087
19;15;2.998
19;16;3.174
19;22;3.094
19;23;3.472
19;97;3.511
19;603;3.512
20;16;3.09
20;17;3.389
21;17;2.999
21;18;3.579
21;24;2.978
21;30;3.616
21;33;3.407
22;18;2.943
22;19;3.094
22;93;4.152
22;96;3.877
22;97;3.986
23;19;3.472
23;603;3.745
24;21;2.978
24;27;3.957
25;610;3.292
25;637;3.712
25;638;3.31
26;30;3.855
27;24;3.957
27;30;2.836
28;31;2.723
28;32;3.029
29;32;3.31
29;33;2.992
30;21;3.616
30;26;3.855
30;27;2.836
30;33;3.374
30;34;3.007
31;28;2.723
31;34;3.444
31;35;3.025
32;28;3.029
32;29;3.31
32;36;3.014
33;21;3.407
33;29;2.992
33;30;3.374
33;36;3.247
33;37;2.96
34;30;3.007
34;31;3.444
34;37;3.29
34;38;2.941
34;93;2.849
34;96;3.754
35;31;3.025
35;38;3.401
35;39;2.97
35;81;3.723
36;32;3.014
36;33;3.247
36;39;3.412
36;40;2.996
37;14;3.689
37;15;3.89
37;18;2.982
37;33;2.96
37;34;3.29
37;40;3.022
37;41;2.862
37;96;3.85
38;34;2.941
38;35;3.401
38;42;2.991
38;80;2.763
39;35;2.97
39;36;3.412
39;42;3.145
39;43;3.0
40;36;2.996
40;37;3.022
40;43;3.432
40;44;2.918
41;37;2.862
41;44;3.477
41;45;2.96
41;73;3.499
41;99;3.519
42;38;2.991
42;39;3.145
42;45;3.307
42;46;2.972
43;7;3.69
43;39;3.0
43;40;3.432
43;46;3.4
43;47;3.049
44;11;3.615
44;40;2.918
44;41;3.477
44;47;3.241
44;48;2.812
44;99;2.66
45;41;2.96
45;42;3.307
45;49;2.991
45;56;3.944
45;73;3.971
46;42;2.972
46;43;3.4
46;50;3.072
46;51;4.033
47;1;3.581
47;7;3.738
47;43;3.049
47;44;3.241
48;2;3.674
48;44;2.812
48;66;3.181
48;69;2.672
49;45;2.991
49;56;4.037
49;59;3.855
49;66;3.604
50;46;3.072
50;53;3.031
50;55;3.682
50;58;4.035
51;46;4.033
52;55;3.691
52;58;3.479
53;50;3.031
53;56;2.978
54;57;2.986
55;50;3.682
55;52;3.691
55;58;2.995
56;45;3.944
56;49;4.037
56;53;2.978
56;59;3.049
56;70;3.921
57;54;2.986
57;60;3.018
58;50;4.035
58;52;3.479
58;55;2.995
58;61;3.037
59;49;3.855
59;56;3.049
59;62;2.992
59;63;3.752
59;66;3.512
59;67;3.983
59;70;3.836
60;57;3.018
61;58;3.037
62;59;2.992
63;59;3.752
63;67;2.936
64;67;3.457
64;68;3.03
65;68;3.029
65;69;3.045
65;102;3.462
65;108;3.292
65;111;3.811
66;48;3.181
66;49;3.604
66;59;3.512
66;69;3.864
66;70;2.989
67;59;3.983
67;63;2.936
67;64;3.457
67;70;3.378
67;71;2.955
68;64;3.03
68;65;3.029
68;72;3.004
68;101;3.978
69;48;2.672
69;65;3.045
69;66;3.864
69;72;3.285
69;73;2.914
69;99;3.156
69;102;2.762
70;56;3.921
70;59;3.836
70;66;2.989
70;67;3.378
70;73;3.186
70;74;3.01
71;67;2.955
71;74;3.426
71;75;2.989
72;68;3.004
72;69;3.285
72;76;2.936
72;95;3.634
73;41;3.499
73;45;3.971
73;69;2.914
73;70;3.186
73;76;3.498
73;77;2.917
74;70;3.01
74;71;3.426
74;78;3.024
75;71;2.989
75;79;2.986
75;89;3.536
75;92;3.258
76;72;2.936
76;73;3.498
76;79;2.999
76;80;2.897
77;73;2.917
77;80;3.09
77;81;2.918
78;74;3.024
78;82;3.019
79;75;2.986
79;76;2.999
79;83;3.88
79;89;2.754
80;38;2.763
80;76;2.897
80;77;3.09
80;83;3.058
81;35;3.723
81;77;2.918
82;78;3.019
82;84;2.979
83;79;3.88
83;80;3.058
83;90;2.904
83;93;3.557
84;82;2.979
85;89;3.566
86;89;3.1
87;90;2.858
87;91;3.273
87;612;3.988
88;91;3.257
89;75;3.536
89;79;2.754
89;85;3.566
89;86;3.1
89;92;2.98
90;83;2.904
90;87;2.858
91;87;3.273
91;88;3.257
91;94;3.007
91;611;3.609
91;612;3.66
92;75;3.258
92;89;2.98
92;95;2.984
93;22;4.152
93;34;2.849
93;83;3.557
93;96;2.887
94;91;3.007
94;97;2.873
94;604;3.95
94;607;3.717
94;608;3.759
95;72;3.634
95;92;2.984
95;98;3.225
95;99;2.987
96;18;3.087
96;22;3.877
96;34;3.754
96;37;3.85
96;93;2.887
96;99;3.095
97;19;3.511
97;22;3.986
97;94;2.873
97;100;3.042
98;95;3.225
98;101;2.933
98;604;3.967
99;15;3.894
99;41;3.519
99;44;2.66
99;69;3.156
99;95;2.987
99;96;3.095
99;102;2.951
100;15;3.629
100;97;3.042
100;103;2.981
100;104;2.964
100;107;3.677
100;600;3.417
101;68;3.978
101;98;2.933
101;111;3.863
102;65;3.462
102;69;2.762
102;99;2.951
102;108;2.828
103;100;2.981
104;12;4.014
104;100;2.964
104;108;3.004
105;108;3.241
105;109;2.961
106;110;3.1
106;593;3.384
107;100;3.677
107;110;3.371
107;111;2.991
107;597;3.715
108;65;3.292
108;102;2.828
108;104;3.004
108;105;3.241
108;111;3.421
108;112;2.988
109;105;2.961
109;112;3.269
109;113;3.05
110;106;3.1
110;107;3.371
110;113;3.066
110;114;2.994
110;593;3.335
110;594;3.981
111;65;3.811
111;101;3.863
111;107;2.991
111;108;3.421
111;114;3.187
111;115;3.023
112;108;2.988
112;109;3.269
112;115;3.47
112;116;3.02
113;109;3.05
113;110;3.066
113;116;3.253
113;117;3.028
114;110;2.994
114;111;3.187
114;117;3.062
114;118;3.287
114;682;3.764
115;111;3.023
115;112;3.47
115;118;2.963
116;112;3.02
116;113;3.253
116;119;2.787
116;259;3.763
117;113;3.028
117;114;3.062
117;120;3.149
117;121;2.998
118;114;3.287
118;115;2.963
118;122;3.008
119;116;2.787
119;122;3.49
119;263;2.723
120;117;3.149
120;259;3.765
120;262;2.666
120;263;2.77
121;117;2.998
121;124;3.268
121;125;2.937
121;256;3.99
122;118;3.008
122;119;3.49
122;126;2.997
123;126;3.131
123;127;3.082
123;1246;3.432
123;1247;2.946
124;121;3.268
124;127;3.414
124;128;3.173
124;248;3.542
124;252;3.919
124;1250;3.935
125;121;2.937
125;128;3.368
125;129;2.931
126;122;2.997
126;123;3.131
126;129;3.312
126;130;2.993
127;123;3.082
127;124;3.414
127;130;3.89
127;131;2.968
127;1241;4.024
127;1247;3.91
127;1250;3.777
128;124;3.173
128;125;3.368
128;131;3.292
128;132;2.893
128;248;3.304
129;125;2.931
129;126;3.312
129;132;3.458
129;133;3.023
130;126;2.993
130;127;3.89
130;133;3.44
130;134;2.951
130;1237;3.7
130;1240;3.446
130;1241;3.555
131;127;2.968
131;128;3.292
131;134;3.441
131;135;2.861
132;128;2.893
132;129;3.458
132;136;2.973
132;208;3.732
132;211;4.039
133;129;3.023
133;130;3.44
133;136;3.179
133;137;3.025
134;130;2.951
134;131;3.441
134;137;3.251
134;138;2.973
134;1148;3.708
134;1237;3.879
135;131;2.861
135;139;2.933
135;211;3.58
135;237;3.706
135;241;3.747
135;244;3.685
136;132;2.973
136;133;3.179
136;140;2.945
136;204;3.628
136;208;3.87
137;133;3.025
137;134;3.251
137;140;3.292
137;141;3.11
137;1234;4.002
138;134;2.973
138;141;3.103
138;142;3.454
138;237;3.566
138;1231;3.661
138;1234;3.962
139;135;2.933
139;142;3.451
139;143;2.952
139;201;3.56
140;136;2.945
140;137;3.292
140;144;3.712
140;202;4.034
140;203;3.509
140;204;3.883
141;137;3.11
141;138;3.103
141;1231;3.585
141;1234;3.417
142;138;3.454
142;139;3.451
142;1227;3.679
142;1231;3.457
143;139;2.952
143;224;3.056
143;234;3.42
143;237;3.585
143;238;5.752
144;140;3.712
144;202;3.712
145;150;2.752
145;197;3.076
146;191;2.92
146;197;3.147
147;150;2.951
147;151;3.839
147;192;3.831
147;195;2.845
148;195;3.027
148;198;3.577
148;202;2.724
149;153;2.788
149;155;3.977
150;145;2.752
150;147;2.951
150;154;3.015
150;192;2.832
151;147;3.839
151;154;3.724
151;188;3.655
152;187;3.999
152;188;3.596
153;149;2.788
153;186;2.782
154;150;3.015
154;151;3.724
155;149;3.977
156;159;3.642
157;159;3.598
158;161;3.588
158;169;3.79
158;184;3.731
159;156;3.642
159;157;3.598
160;171;3.366
160;183;3.379
160;184;2.765
161;158;3.588
161;170;3.974
162;170;3.0
162;171;3.894
163;165;3.519
164;166;2.736
165;163;3.519
165;170;2.817
166;164;2.736
167;173;2.614
168;173;3.792
169;158;3.79
169;172;3.458
169;173;3.35
169;184;3.431
170;161;3.974
170;162;3.0
170;165;2.817
171;160;3.366
171;162;3.894
171;183;2.783
172;169;3.458
172;175;3.799
173;167;2.614
173;168;3.792
173;169;3.35
173;180;3.312
174;177;2.891
174;178;2.903
175;172;3.799
176;178;3.988
177;174;2.891
178;174;2.903
178;176;3.988
179;181;3.102
180;173;3.312
180;182;3.06
181;179;3.102
181;185;3.646
182;180;3.06
183;160;3.379
183;171;2.783
184;158;3.731
184;160;2.765
184;169;3.431
185;181;3.646
186;153;2.782
187;152;3.999
187;1000;3.957
187;1002;3.407
188;151;3.655
188;152;3.596
188;190;3.261
189;192;4.032
190;188;3.261
190;192;2.998
191;146;2.92
192;147;3.831
192;150;2.832
192;189;4.032
192;190;2.998
193;196;3.14
194;999;2.852
194;1001;3.973
195;147;2.845
195;148;3.027
195;198;3.219
196;193;3.14
196;227;3.473
196;228;3.847
197;145;3.076
197;146;3.147
198;148;3.577
198;195;3.219
198;201;3.03
198;202;2.996
198;206;3.769
199;206;3.16
200;206;3.423
200;224;3.508
201;139;3.56
201;198;3.03
201;207;3.426
201;210;3.518
201;224;3.106
201;238;3.9
202;140;4.034
202;144;3.712
202;148;2.724
202;198;2.996
202;206;3.788
203;140;3.509
203;206;2.761
203;207;2.99
204;136;3.628
204;140;3.883
204;207;3.487
204;208;2.952
205;209;2.995
206;198;3.769
206;199;3.16
206;200;3.423
206;202;3.788
206;203;2.761
206;209;3.248
206;210;2.963
207;201;3.426
207;203;2.99
207;204;3.487
207;210;3.222
207;211;2.954
208;132;3.732
208;136;3.87
208;204;2.952
208;212;2.945
209;205;2.995
209;206;3.248
209;212;3.082
209;213;2.973
209;670;3.863
210;201;3.518
210;206;2.963
210;207;3.222
210;213;3.366
210;214;2.947
211;132;4.039
211;135;3.58
211;207;2.954
211;214;3.898
211;215;2.965
212;208;2.945
212;209;3.082
212;215;3.156
212;216;2.95
212;674;3.468
212;677;4.154
212;678;3.914
213;209;2.973
213;210;3.366
213;217;2.964
213;218;2.834
213;219;3.751
213;653;3.695
214;210;2.947
214;211;3.898
214;217;3.074
214;220;3.578
214;238;3.681
214;241;3.721
214;242;3.681
215;211;2.965
215;212;3.156
216;212;2.95
216;677;3.656
217;213;2.964
217;214;3.074
217;1312;3.152
217;1314;3.064
218;213;2.834
218;652;3.798
218;653;3.405
219;213;3.751
219;222;3.593
219;223;3.068
219;653;5.658
220;214;3.578
220;224;3.072
220;225;3.096
220;239;3.827
220;242;3.351
220;1305;3.73
220;1308;3.592
220;1309;3.516
221;225;3.156
221;226;2.881
221;1305;3.791
221;1309;3.681
221;1344;3.365
221;1345;2.766
221;1346;3.21
222;219;3.593
222;226;3.683
222;1319;3.333
222;1346;3.369
223;219;3.068
223;226;3.019
224;143;3.056
224;200;3.508
224;201;3.106
224;220;3.072
224;234;3.093
224;238;3.971
225;220;3.096
225;221;3.156
225;228;2.932
225;235;3.351
225;1305;3.091
225;1344;3.489
226;221;2.881
226;222;3.683
226;223;3.019
226;1295;3.777
226;1343;3.735
226;1344;3.374
227;196;3.473
228;196;3.847
228;225;2.932
228;230;2.952
228;231;3.095
228;234;3.515
229;231;3.066
229;1295;4.038
229;1302;3.674
229;1340;2.832
229;1343;3.507
230;228;2.952
230;234;3.019
231;228;3.095
231;229;3.066
231;234;2.971
231;235;2.932
231;1341;3.778
231;1342;3.807
232;235;3.669
232;236;2.921
232;1339;2.905
232;1341;2.749
233;1224;3.743
233;1227;3.819
233;1228;3.258
233;1341;2.984
234;143;3.42
234;224;3.093
234;228;3.515
234;230;3.019
234;231;2.971
234;237;3.025
234;238;3.45
235;225;3.351
235;231;2.932
235;232;3.669
235;238;3.348
235;239;2.938
235;1305;3.508
235;1342;4.003
236;232;2.921
236;240;2.969
237;135;3.706
237;138;3.566
237;143;3.585
237;234;3.025
237;240;3.169
237;241;2.979
238;143;5.752
238;201;3.9
238;214;3.681
238;224;3.971
238;234;3.45
238;235;3.348
238;241;3.11
238;242;2.977
239;220;3.827
239;235;2.938
239;242;3.161
239;243;2.983
239;1308;3.912
240;236;2.969
240;237;3.169
240;243;3.463
240;244;2.939
241;135;3.747
241;214;3.721
241;237;2.979
241;238;3.11
241;245;2.908
242;214;3.681
242;220;3.351
242;238;2.977
242;239;3.161
242;246;2.958
242;1308;3.413
243;239;2.983
243;240;3.463
243;247;2.964
243;1308;3.48
244;135;3.685
244;240;2.939
244;248;2.917
245;241;2.908
245;249;2.934
246;242;2.958
246;249;3.386
246;250;2.966
247;243;2.964
247;250;3.396
247;251;2.951
247;1254;3.712
247;1261;3.567
248;124;3.542
248;128;3.304
248;244;2.917
248;251;3.168
248;252;2.894
249;245;2.934
249;246;3.386
249;252;3.289
249;253;2.965
250;246;2.966
250;247;3.396
250;253;3.828
250;254;2.993
250;1372;3.765
251;247;2.951
251;248;3.168
251;254;3.621
251;255;2.9
251;1250;3.119
251;1253;3.77
252;124;3.919
252;248;2.894
252;249;3.289
252;255;3.174
252;256;2.958
252;685;3.79
253;249;2.965
253;250;3.828
253;257;3.073
253;688;3.628
253;1369;3.485
254;250;2.993
254;251;3.621
254;257;3.492
254;258;2.933
254;1372;3.981
254;1373;3.956
254;1376;3.521
255;251;2.9
255;252;3.174
255;259;2.929
256;121;3.99
256;252;2.958
256;259;3.356
256;260;3.064
256;685;3.769
256;689;3.773
257;253;3.073
257;254;3.492
257;260;3.228
257;261;3.065
257;688;3.64
257;689;3.923
257;692;3.454
257;1373;3.468
258;254;2.933
258;262;2.904
258;1377;3.809
259;116;3.763
259;120;3.765
259;255;2.929
259;256;3.356
259;263;2.964
260;256;3.064
260;257;3.228
260;264;3.028
260;689;3.713
260;693;4.004
261;257;3.065
261;264;3.333
261;265;2.915
261;696;3.923
261;1091;6.367
261;1377;3.675
262;120;2.666
262;258;2.904
262;266;3.42
263;119;2.723
263;120;2.77
263;259;2.964
263;272;2.937
264;260;3.028
264;261;3.333
264;272;2.754
264;273;2.968
264;693;3.725
265;261;2.915
265;271;3.727
265;273;3.504
266;262;3.42
266;270;2.722
267;268;3.425
268;267;3.425
268;271;3.236
269;274;3.823
270;266;2.722
271;265;3.727
271;268;3.236
271;274;3.034
272;263;2.937
272;264;2.754
273;264;2.968
273;265;3.504
274;269;3.823
274;271;3.034
274;275;2.964
275;274;2.964
276;278;3.684
277;280;2.866
278;276;3.684
279;289;2.859
279;290;2.855
279;291;2.82
280;277;2.866
280;285;3.842
281;287;3.871
281;288;3.9
282;284;3.646
282;286;3.617
283;582;2.672
284;282;3.646
285;280;3.842
286;282;3.617
286;289;2.943
287;281;3.871
288;281;3.9
288;293;3.631
289;279;2.859
289;286;2.943
290;279;2.855
290;293;3.701
291;279;2.82
292;294;2.937
292;295;3.625
292;296;3.362
293;288;3.631
293;290;3.701
294;9;3.743
294;12;4.152
294;13;4.081
294;292;2.937
295;292;3.625
296;292;3.362
297;298;4.008
298;297;4.008
299;305;2.885
300;305;3.734
301;321;2.655
302;319;3.753
302;320;3.679
303;306;2.817
304;317;3.896
305;299;2.885
305;300;3.734
305;308;2.896
306;303;2.817
306;317;3.912
307;317;3.964
308;305;2.896
309;310;2.973
310;309;2.973
310;315;2.921
311;313;2.939
311;314;2.966
311;315;3.586
312;315;2.797
313;311;2.939
314;311;2.966
314;316;3.765
315;310;2.921
315;311;3.586
315;312;2.797
316;314;3.765
316;318;3.174
316;320;2.887
317;304;3.896
317;306;3.912
317;307;3.964
318;316;3.174
318;320;2.759
319;302;3.753
320;302;3.679
320;316;2.887
320;318;2.759
321;301;2.655
322;333;2.707
322;334;2.869
323;329;2.668
324;327;3.281
324;330;3.198
325;330;3.598
325;331;3.216
325;347;3.415
326;344;2.806
326;347;3.815
327;324;3.281
328;351;3.969
329;323;2.668
329;332;2.991
330;324;3.198
330;325;3.598
330;333;3.01
331;325;3.216
331;338;3.585
331;347;3.036
332;329;2.991
332;338;4.0
333;322;2.707
333;330;3.01
333;338;2.765
334;322;2.869
334;339;2.651
334;528;3.592
335;338;3.106
335;339;3.061
336;339;3.04
336;340;2.918
337;340;3.373
337;343;3.709
338;331;3.585
338;332;4.0
338;333;2.765
338;335;3.106
338;341;3.04
339;334;2.651
339;335;3.061
339;336;3.04
339;527;2.732
339;529;3.813
340;336;2.918
340;337;3.373
340;529;3.981
341;338;3.04
342;345;3.096
342;346;3.93
343;337;3.709
344;326;2.806
345;342;3.096
345;348;3.912
346;342;3.93
347;325;3.415
347;326;3.815
347;331;3.036
348;345;3.912
348;366;3.722
349;360;2.907
350;356;3.783
351;328;3.969
351;353;3.064
352;357;3.789
352;358;4.024
352;359;4.022
353;351;3.064
354;356;2.968
354;357;3.775
355;357;3.836
356;350;3.783
356;354;2.968
357;352;3.789
357;354;3.775
357;355;3.836
358;352;4.024
359;352;4.022
360;349;2.907
361;363;3.447
361;364;2.795
362;363;3.658
363;361;3.447
363;362;3.658
364;361;2.795
364;370;3.25
365;368;3.608
365;370;2.839
366;348;3.722
366;368;2.972
366;370;2.99
367;369;3.013
368;365;3.608
368;366;2.972
369;367;3.013
370;364;3.25
370;365;2.839
370;366;2.99
371;373;3.673
372;374;2.789
373;371;3.673
373;375;2.957
373;376;2.843
374;372;2.789
375;373;2.957
376;373;2.843
376;379;3.808
377;380;3.056
377;384;3.766
378;381;3.789
379;376;3.808
380;377;3.056
380;382;2.818
381;378;3.789
382;380;2.818
383;385;2.928
383;386;2.833
384;377;3.766
385;383;2.928
386;383;2.833
387;388;3.92
388;387;3.92
388;391;3.745
389;390;2.74
390;389;2.74
391;388;3.745
392;394;3.97
393;399;3.692
394;392;3.97
395;397;3.062
396;398;2.992
396;399;2.838
396;400;3.758
397;395;3.062
397;470;3.458
397;530;2.762
398;396;2.992
399;393;3.692
399;396;2.838
400;396;3.758
400;403;3.605
401;404;2.916
402;406;3.721
403;400;3.605
403;406;2.951
404;401;2.916
405;406;3.09
405;712;3.583
406;402;3.721
406;403;2.951
406;405;3.09
407;413;4.033
408;411;4.037
409;411;3.239
410;414;3.328
411;408;4.037
411;409;3.239
412;714;3.437
413;407;4.033
414;410;3.328
414;417;3.46
415;425;3.62
416;419;2.997
416;425;3.853
416;427;3.8
417;414;3.46
418;427;3.572
419;416;2.997
419;425;2.828
420;424;2.882
421;426;2.84
422;426;2.802
422;430;3.166
422;431;3.698
423;426;3.32
424;420;2.882
425;415;3.62
425;416;3.853
425;419;2.828
426;421;2.84
426;422;2.802
426;423;3.32
427;416;3.8
427;418;3.572
428;429;3.771
429;428;3.771
429;432;2.968
430;422;3.166
431;422;3.698
432;429;2.968
433;435;3.886
433;438;3.137
433;439;3.265
434;436;2.754
435;433;3.886
436;434;2.754
437;455;3.712
437;456;3.161
438;433;3.137
439;433;3.265
440;442;3.92
441;443;2.802
442;440;3.92
442;444;3.033
443;441;2.802
443;446;3.85
444;442;3.033
444;446;3.422
445;447;3.397
446;443;3.85
446;444;3.422
447;445;3.397
447;448;3.711
448;447;3.711
449;450;2.882
450;449;2.882
451;457;3.809
452;454;2.752
452;456;2.842
452;457;3.307
453;455;3.094
454;452;2.752
455;437;3.712
455;453;3.094
456;437;3.161
456;452;2.842
457;451;3.809
457;452;3.307
458;460;3.261
459;461;2.938
460;458;3.261
461;459;2.938
462;464;3.478
462;468;3.395
463;468;3.794
463;471;2.651
464;462;3.478
464;468;3.876
464;521;3.84
465;468;3.812
465;524;3.234
466;469;3.31
466;525;3.951
467;470;3.004
467;471;3.065
468;462;3.395
468;463;3.794
468;464;3.876
468;465;3.812
468;471;3.014
469;466;3.31
469;521;3.455
469;522;3.972
470;397;3.458
470;467;3.004
470;526;3.528
471;463;2.651
471;467;3.065
471;468;3.014
471;474;2.888
471;475;3.269
472;476;2.973
473;477;2.965
474;471;2.888
474;477;3.254
474;478;3.023
475;471;3.269
475;478;3.446
475;479;2.926
475;573;2.686
475;574;4.027
476;472;2.973
476;479;3.176
476;480;2.97
477;473;2.965
477;474;3.254
477;481;3.051
478;474;3.023
478;475;3.446
478;481;3.33
478;482;2.973
478;514;3.986
478;518;3.702
478;570;3.88
479;475;2.926
479;476;3.176
479;482;3.013
479;483;3.077
479;574;2.728
479;575;3.615
480;476;2.97
480;483;3.462
480;484;3.015
481;477;3.051
481;478;3.33
481;485;2.984
481;511;3.62
482;478;2.973
482;479;3.013
482;485;3.069
482;486;3.068
482;515;3.286
482;568;3.902
482;570;3.853
482;571;3.822
483;479;3.077
483;480;3.462
483;486;3.088
483;487;3.452
483;571;3.755
484;480;3.015
484;487;3.297
484;488;3.02
485;481;2.984
485;482;3.069
485;488;3.295
485;489;3.001
485;511;3.156
485;567;3.07
486;482;3.068
486;483;3.088
486;490;3.046
486;568;3.627
486;975;3.928
487;483;3.452
487;484;3.297
487;490;3.298
487;491;2.987
488;484;3.02
488;485;3.295
488;491;3.066
488;492;2.956
488;504;3.532
489;485;3.001
489;492;3.035
489;567;3.771
489;568;3.596
489;979;3.97
490;486;3.046
490;487;3.298
491;487;2.987
491;488;3.066
491;496;3.676
492;488;2.956
492;489;3.035
492;497;2.922
492;508;3.541
493;497;2.973
493;1023;3.066
493;1024;3.037
494;498;3.616
495;498;2.943
495;499;3.003
496;491;3.676
496;500;3.032
497;492;2.922
497;493;2.973
497;501;2.806
498;494;3.616
498;495;2.943
498;501;2.797
499;495;3.003
500;496;3.032
500;503;3.063
500;504;2.934
501;497;2.806
501;498;2.797
501;505;2.961
502;505;3.28
502;506;3.022
503;500;3.063
503;506;3.926
503;507;2.972
504;488;3.532
504;500;2.934
504;507;3.374
504;508;2.934
505;501;2.961
505;502;3.28
505;508;3.359
505;509;3.029
506;502;3.022
506;503;3.926
506;510;2.963
507;503;2.972
507;504;3.374
507;511;2.961
508;492;3.541
508;504;2.934
508;505;3.359
508;511;3.383
508;512;3.1
508;567;3.262
509;505;3.029
509;512;3.327
509;513;3.011
509;551;3.745
509;552;3.404
510;506;2.963
510;513;3.018
510;514;3.071
511;481;3.62
511;485;3.156
511;507;2.961
511;508;3.383
511;514;3.015
511;515;3.352
512;508;3.1
512;509;3.327
512;515;2.885
512;547;2.831
512;548;3.768
512;551;3.872
512;567;3.998
513;509;3.011
513;510;3.018
513;516;2.842
513;517;3.484
514;478;3.986
514;510;3.071
514;511;3.015
514;517;3.136
514;518;3.127
515;482;3.286
515;511;3.352
515;512;2.885
515;519;2.98
515;544;3.63
515;548;3.867
515;570;3.47
516;513;2.842
516;520;3.081
516;548;3.393
517;513;3.484
517;514;3.136
517;520;3.351
517;521;2.971
518;478;3.702
518;514;3.127
518;521;3.415
518;522;3.024
518;570;2.745
518;573;2.75
519;515;2.98
519;523;3.077
519;544;3.687
520;516;3.081
520;517;3.351
520;523;3.025
521;464;3.84
521;469;3.455
521;517;2.971
521;518;3.415
521;525;3.133
522;469;3.972
522;518;3.024
522;525;3.21
522;526;3.02
522;530;2.668
522;531;3.66
522;537;2.779
523;519;3.077
523;520;3.025
523;531;3.809
523;532;3.666
524;465;3.234
525;466;3.951
525;521;3.133
525;522;3.21
526;470;3.528
526;522;3.02
526;530;3.981
527;339;2.732
527;530;2.795
527;531;2.888
528;334;3.592
528;532;3.029
529;339;3.813
529;340;3.981
529;533;2.837
530;397;2.762
530;522;2.668
530;526;3.981
530;527;2.795
530;533;3.091
530;534;2.909
531;522;3.66
531;523;3.809
531;527;2.888
531;537;3.337
531;541;2.977
532;523;3.666
532;528;3.029
533;529;2.837
533;530;3.091
534;530;2.909
534;537;2.966
534;538;3.061
535;538;3.964
535;539;3.011
536;540;2.995
536;578;2.947
536;581;3.859
537;522;2.779
537;531;3.337
537;534;2.966
537;541;2.983
538;534;3.061
538;535;3.964
538;541;3.401
538;542;2.991
539;535;3.011
539;542;3.434
539;543;3.021
539;569;3.978
540;536;2.995
540;543;3.195
540;544;2.907
540;570;2.651
540;573;3.912
541;531;2.977
541;537;2.983
541;538;3.401
541;545;2.998
542;538;2.991
542;539;3.434
542;545;3.194
542;546;3.076
543;539;3.021
543;540;3.195
543;547;3.018
544;515;3.63
544;519;3.687
544;540;2.907
544;548;2.934
544;570;3.719
545;541;2.998
545;542;3.194
545;549;2.976
546;542;3.076
546;550;3.178
546;563;3.584
547;512;2.831
547;543;3.018
547;551;3.434
547;567;3.034
548;512;3.768
548;515;3.867
548;516;3.393
548;544;2.934
548;551;3.137
548;552;2.898
549;545;2.976
549;552;3.25
549;553;3.032
550;546;3.178
550;554;2.994
550;555;3.055
550;564;3.906
551;509;3.745
551;512;3.872
551;547;3.434
551;548;3.137
551;555;3.715
551;564;3.961
552;509;3.404
552;548;2.898
552;549;3.25
553;549;3.032
554;550;2.994
554;556;2.935
555;550;3.055
555;551;3.715
555;561;2.822
556;554;2.935
556;561;3.187
557;560;2.79
558;562;2.935
559;562;3.236
559;563;2.974
559;1063;3.879
560;557;2.79
560;563;3.093
560;564;3.068
561;555;2.822
561;556;3.187
561;564;2.999
562;558;2.935
562;559;3.236
562;565;2.849
562;983;3.108
563;546;3.584
563;559;2.974
563;560;3.093
563;566;2.983
564;550;3.906
564;551;3.961
564;560;3.068
564;561;2.999
564;567;3.027
565;562;2.849
565;568;3.179
565;976;3.827
565;979;3.796
566;563;2.983
566;569;2.91
566;976;3.514
566;980;4.097
567;485;3.07
567;489;3.771
567;508;3.262
567;512;3.998
567;547;3.034
567;564;3.027
567;570;2.91
568;482;3.902
568;486;3.627
568;489;3.596
568;565;3.179
568;571;2.957
568;972;3.815
568;976;3.518
569;539;3.978
569;566;2.91
569;572;2.771
569;973;3.403
569;976;3.443
570;478;3.88
570;482;3.853
570;515;3.47
570;518;2.745
570;540;2.651
570;544;3.719
570;567;2.91
570;573;2.985
571;482;3.822
571;483;3.755
571;568;2.957
571;574;2.96
571;575;2.957
571;577;3.952
571;972;3.562
572;569;2.771
572;577;4.028
573;475;2.686
573;518;2.75
573;540;3.912
573;570;2.985
574;475;4.027
574;479;2.728
574;571;2.96
575;479;3.615
575;571;2.957
575;577;3.891
575;578;3.005
576;579;3.1
576;580;2.926
576;965;3.297
577;571;3.952
577;572;4.028
577;575;3.891
577;580;3.189
577;581;3.022
577;969;3.498
578;536;2.947
578;575;3.005
578;581;3.876
578;582;3.07
579;576;3.1
579;582;3.343
579;583;2.96
580;576;2.926
580;577;3.189
580;583;3.304
580;584;2.961
580;969;3.592
581;536;3.859
581;577;3.022
581;578;3.876
581;585;3.052
582;283;2.672
582;578;3.07
582;579;3.343
582;585;3.379
582;586;2.816
583;579;2.96
583;580;3.304
583;586;3.454
583;587;2.945
584;580;2.961
584;587;3.352
584;588;3.083
584;1077;3.581
585;581;3.052
585;582;3.379
585;588;2.95
586;582;2.816
586;583;3.454
586;589;2.906
587;583;2.945
587;584;3.352
587;590;3.093
587;591;3.105
587;691;3.682
587;1077;3.526
587;1081;3.484
588;584;3.083
588;585;2.95
588;592;2.978
588;1077;3.793
589;586;2.906
589;592;3.054
590;587;3.093
590;691;3.953
591;587;3.105
591;594;3.251
591;595;2.88
591;687;3.568
591;1077;3.848
592;588;2.978
592;589;3.054
592;596;3.044
593;106;3.384
593;110;3.335
593;596;3.227
593;597;3.273
594;110;3.981
594;591;3.251
594;597;3.108
594;598;3.032
594;686;3.45
594;687;3.824
595;591;2.88
595;599;2.923
596;592;3.044
596;593;3.227
596;599;3.342
596;600;3.067
597;107;3.715
597;593;3.273
597;594;3.108
597;600;3.397
597;601;3.024
598;594;3.032
598;601;3.494
598;602;2.972
598;649;3.941
598;683;4.033
599;595;2.923
599;596;3.342
599;603;2.982
600;100;3.417
600;596;3.067
600;597;3.397
600;603;3.24
600;604;2.993
601;597;3.024
601;598;3.494
601;604;3.365
601;605;2.97
601;679;3.744
602;598;2.972
602;605;3.463
602;606;2.925
602;642;3.48
602;645;3.829
603;19;3.512
603;23;3.745
603;599;2.982
603;600;3.24
603;606;3.295
603;607;3.006
603;638;3.49
604;94;3.95
604;98;3.967
604;600;2.993
604;601;3.365
604;607;3.198
604;608;2.991
605;601;2.97
605;602;3.463
605;609;2.961
605;645;3.917
605;672;3.746
605;675;3.796
605;676;3.39
606;602;2.925
606;603;3.295
606;609;3.194
606;610;2.99
606;638;3.856
606;641;3.95
606;642;3.996
607;94;3.717
607;603;3.006
607;604;3.198
607;611;3.336
608;94;3.759
608;604;2.991
608;611;3.292
608;612;3.01
609;605;2.961
609;606;3.194
609;613;3.0
609;614;2.813
609;635;3.77
610;25;3.292
610;606;2.99
610;614;3.054
610;615;3.109
610;637;3.745
611;91;3.609
611;607;3.336
611;608;3.292
612;87;3.988
612;91;3.66
612;608;3.01
612;615;2.818
613;609;3.0
613;616;3.006
613;617;3.543
613;631;3.488
613;668;4.023
613;669;3.368
613;672;4.014
614;609;2.813
614;610;3.054
614;631;3.785
615;610;3.109
615;612;2.818
616;613;3.006
616;631;3.02
617;613;3.543
617;629;3.071
617;631;2.973
617;657;3.81
617;658;3.355
617;665;2.767
617;669;3.535
618;627;2.648
618;628;3.298
618;658;3.657
618;659;2.917
619;622;3.011
619;623;2.881
619;624;2.835
619;625;2.761
620;658;4.151
620;659;2.77
620;661;3.651
621;624;3.859
622;619;3.011
622;627;3.906
623;619;2.881
624;619;2.835
624;621;3.859
625;619;2.761
626;632;3.493
627;618;2.648
627;622;3.906
628;618;3.298
628;632;3.479
629;617;3.071
629;632;3.121
629;633;3.055
629;656;2.862
629;657;3.572
630;633;3.202
630;634;2.853
630;644;4.033
630;655;3.914
631;613;3.488
631;614;3.785
631;616;3.02
631;617;2.973
631;635;3.701
631;657;3.603
632;626;3.493
632;628;3.479
632;629;3.121
632;636;3.743
633;629;3.055
633;630;3.202
633;1051;3.859
633;1057;3.43
634;630;2.853
634;640;3.199
634;643;4.04
634;644;3.791
634;1042;3.354
634;1046;3.984
635;609;3.77
635;631;3.701
635;640;3.749
635;644;3.66
635;657;4.138
636;632;3.743
636;1055;2.741
637;25;3.712
637;610;3.745
637;640;2.829
637;641;2.951
637;1058;2.911
638;25;3.31
638;603;3.49
638;606;3.856
638;642;2.946
639;642;3.089
639;643;2.964
639;1058;3.899
639;1061;3.953
639;1062;3.559
639;1065;3.835
640;634;3.199
640;635;3.749
640;637;2.829
640;643;3.412
640;644;2.988
640;1046;2.906
641;606;3.95
641;637;2.951
641;645;2.971
642;602;3.48
642;606;3.996
642;638;2.946
642;639;3.089
642;646;2.98
643;634;4.04
643;639;2.964
643;640;3.412
643;646;3.205
643;647;3.01
643;1046;3.944
643;1065;3.681
644;630;4.033
644;634;3.791
644;635;3.66
644;640;2.988
644;647;3.147
644;648;3.007
644;654;3.852
645;602;3.829
645;605;3.917
645;641;2.971
645;648;3.298
645;649;3.015
645;676;4.026
646;642;2.98
646;643;3.205
646;649;3.049
646;650;3.215
646;1038;5.82
646;1041;3.631
646;1065;3.687
646;1072;3.929
647;643;3.01
647;644;3.147
647;653;2.922
647;1042;3.51
648;644;3.007
648;645;3.298
648;651;2.986
648;673;3.458
648;676;3.589
648;677;3.979
649;598;3.941
649;645;3.015
649;646;3.049
649;680;3.733
650;646;3.215
650;1038;3.491
651;648;2.986
651;673;2.814
651;677;4.019
652;218;3.798
653;213;3.695
653;218;3.405
653;219;5.658
653;647;2.922
653;673;3.798
653;1043;3.867
654;644;3.852
654;657;3.491
654;673;3.299
655;630;3.914
655;1043;3.516
656;629;2.862
656;996;3.998
657;617;3.81
657;629;3.572
657;631;3.603
657;635;4.138
657;654;3.491
657;666;3.276
657;669;3.458
658;617;3.355
658;618;3.657
658;620;4.151
658;662;3.343
658;666;3.005
659;618;2.917
659;620;2.77
659;666;3.629
660;998;3.34
661;620;3.651
662;658;3.343
662;665;2.778
662;666;3.033
663;667;2.961
664;667;3.375
664;668;2.989
665;617;2.767
665;662;2.778
665;668;3.159
665;669;3.06
666;657;3.276
666;658;3.005
666;659;3.629
666;662;3.033
666;669;3.05
666;670;2.9
667;663;2.961
667;664;3.375
667;670;3.162
667;671;3.025
668;613;4.023
668;664;2.989
668;665;3.159
669;613;3.368
669;617;3.535
669;657;3.458
669;665;3.06
669;666;3.05
669;672;3.004
669;673;2.941
670;209;3.863
670;666;2.9
670;667;3.162
670;673;3.327
670;674;2.974
671;667;3.025
671;674;3.414
671;675;3.006
672;605;3.746
672;613;4.014
672;669;3.004
672;675;3.429
672;676;2.978
673;648;3.458
673;651;2.814
673;653;3.798
673;654;3.299
673;669;2.941
673;670;3.327
673;676;3.368
673;677;2.977
674;212;3.468
674;670;2.974
674;671;3.414
674;677;3.467
674;678;3.0
675;605;3.796
675;671;3.006
675;672;3.429
675;678;3.411
675;679;2.988
676;605;3.39
676;645;4.026
676;648;3.589
676;672;2.978
676;673;3.368
676;680;2.965
677;212;4.154
677;216;3.656
677;648;3.979
677;651;4.019
677;673;2.977
677;674;3.467
677;681;2.931
678;212;3.914
678;674;3.0
678;675;3.411
678;681;3.333
678;682;3.012
679;601;3.744
679;675;2.988
679;682;3.493
679;683;2.996
680;649;3.733
680;676;2.965
680;683;3.206
680;684;2.93
681;677;2.931
681;678;3.333
681;684;3.382
681;685;2.996
682;114;3.764
682;678;3.012
682;679;3.493
682;685;3.493
682;686;3.018
683;598;4.033
683;679;2.996
683;680;3.206
683;686;3.422
683;687;2.932
684;680;2.93
684;681;3.382
684;687;3.11
684;688;3.076
685;252;3.79
685;256;3.769
685;681;2.996
685;682;3.493
685;688;3.369
685;689;2.996
686;594;3.45
686;682;3.018
686;683;3.422
686;690;2.919
687;591;3.568
687;594;3.824
687;683;2.932
687;684;3.11
687;690;3.353
687;691;3.107
687;1080;3.411
688;253;3.628
688;257;3.64
688;684;3.076
688;685;3.369
688;691;3.465
688;692;2.929
688;1080;3.643
688;1083;3.717
688;1369;6.491
689;256;3.773
689;257;3.923
689;260;3.713
689;685;2.996
689;693;2.957
690;686;2.919
690;687;3.353
690;694;3.035
691;587;3.682
691;590;3.953
691;687;3.107
691;688;3.465
691;694;3.277
691;695;3.018
691;1080;3.614
691;1081;3.692
691;1084;3.549
692;257;3.454
692;688;2.929
692;695;3.402
692;696;2.983
692;1084;4.038
692;1087;3.419
693;260;4.004
693;264;3.725
693;689;2.957
693;696;3.26
693;697;3.042
694;690;3.035
694;691;3.277
694;697;3.047
694;698;3.035
695;691;3.018
695;692;3.402
695;698;2.979
695;699;3.051
695;1084;3.468
695;1088;3.641
696;261;3.923
696;692;2.983
696;693;3.26
696;701;3.446
696;1088;3.617
696;1091;3.57
697;693;3.042
697;694;3.047
698;694;3.035
698;695;2.979
699;695;3.051
699;1088;3.913
700;703;3.325
700;704;3.387
701;696;3.446
701;1091;3.955
701;1095;2.724
702;1095;3.435
703;700;3.325
704;700;3.387
704;1092;3.317
705;1096;2.769
706;1096;2.73
707;1096;2.769
708;716;2.743
708;718;3.928
709;713;2.796
710;718;3.141
710;720;2.974
710;727;3.511
711;713;2.991
711;714;2.976
712;405;3.583
713;709;2.796
713;711;2.991
714;412;3.437
714;711;2.976
714;727;3.828
715;727;3.936
716;708;2.743
717;726;2.641
718;708;3.928
718;710;3.141
719;722;2.787
720;710;2.974
720;727;4.027
721;723;2.983
721;724;3.942
722;719;2.787
722;724;3.87
723;721;2.983
724;721;3.942
724;722;3.87
725;731;3.445
726;717;2.641
726;731;3.736
727;710;3.511
727;714;3.828
727;715;3.936
727;720;4.027
728;731;2.955
729;732;4.019
730;736;2.67
731;725;3.445
731;726;3.736
731;728;2.955
732;729;4.019
733;739;3.132
733;740;2.891
733;741;2.994
733;742;2.724
734;737;3.829
735;737;2.986
736;730;2.67
737;734;3.829
737;735;2.986
738;746;3.329
739;733;3.132
739;744;2.794
739;745;3.924
740;733;2.891
741;733;2.994
742;733;2.724
743;744;2.842
743;745;3.384
744;739;2.794
744;743;2.842
745;739;3.924
745;743;3.384
746;738;3.329
747;750;2.941
747;754;2.984
748;751;3.004
749;752;2.955
750;747;2.941
751;748;3.004
752;749;2.955
753;756;3.374
754;747;2.984
754;756;2.907
755;756;2.732
756;753;3.374
756;754;2.907
756;755;2.732
757;760;3.689
757;761;3.096
758;765;2.75
759;762;2.742
760;757;3.689
761;757;3.096
761;763;3.018
761;765;2.777
762;759;2.742
762;766;3.975
763;761;3.018
763;766;3.118
764;769;2.806
765;758;2.75
765;761;2.777
766;762;3.975
766;763;3.118
766;768;4.023
767;770;2.78
768;766;4.023
769;764;2.806
769;773;3.14
770;767;2.78
771;774;3.624
772;774;3.024
773;769;3.14
774;771;3.624
774;772;3.024
775;777;2.82
776;778;3.444
777;775;2.82
778;776;3.444
779;781;4.031
780;781;3.086
781;779;4.031
781;780;3.086
782;784;3.776
783;785;3.135
783;786;3.345
784;782;3.776
785;783;3.135
786;783;3.345
787;794;2.784
788;792;3.659
788;793;3.882
788;794;2.648
789;791;2.782
789;792;3.08
789;793;3.141
790;797;3.641
791;789;2.782
792;788;3.659
792;789;3.08
792;795;4.322
793;788;3.882
793;789;3.141
793;795;3.831
794;787;2.784
794;788;2.648
795;792;4.322
795;793;3.831
796;798;3.092
797;790;3.641
798;796;3.092
799;800;3.958
800;799;3.958
801;802;3.591
801;803;3.367
801;804;3.498
802;801;3.591
803;801;3.367
804;801;3.498
805;807;2.986
806;808;3.643
807;805;2.986
808;806;3.643
809;810;3.987
809;811;3.707
810;809;3.987
811;809;3.707
812;814;3.625
812;815;3.694
813;814;3.068
814;812;3.625
814;813;3.068
815;812;3.694
815;816;2.958
816;815;2.958
817;818;3.009
818;817;3.009
819;822;2.662
820;823;3.033
821;825;2.925
822;819;2.662
822;824;3.0
822;825;3.515
823;820;3.033
824;822;3.0
825;821;2.925
825;822;3.515
825;826;2.809
826;825;2.809
826;828;3.029
827;829;3.227
827;830;2.775
827;833;2.933
828;826;3.029
829;827;3.227
830;827;2.775
830;832;2.655
830;889;2.746
831;836;3.782
831;885;3.586
831;886;3.66
832;830;2.655
833;827;2.933
833;836;2.824
833;837;2.97
834;838;3.039
835;839;2.948
836;831;3.782
836;833;2.824
836;839;3.228
836;840;2.971
836;882;4.033
837;833;2.97
837;840;3.21
837;841;3.128
837;945;2.873
838;834;3.039
838;841;4.019
838;842;3.024
839;835;2.948
839;836;3.228
839;842;3.29
839;843;2.931
840;836;2.971
840;837;3.21
840;843;3.375
840;844;2.967
840;879;3.756
840;882;3.767
841;837;3.128
841;838;4.019
841;844;3.301
841;845;2.952
841;945;3.527
842;838;3.024
842;839;3.29
842;845;3.231
842;846;2.98
843;839;2.931
843;840;3.375
843;847;2.963
843;879;3.918
844;840;2.967
844;841;3.301
844;848;2.909
844;875;3.946
844;879;3.428
844;938;3.755
844;942;3.757
845;841;2.952
845;842;3.231
845;848;3.112
845;849;2.999
846;842;2.98
846;849;3.203
846;850;2.997
847;843;2.963
847;851;2.934
847;938;3.692
848;844;2.909
848;845;3.112
848;851;3.354
848;852;3.003
849;845;2.999
849;846;3.203
849;852;3.317
849;853;3.009
850;846;2.997
850;853;3.055
851;847;2.934
851;848;3.354
851;936;3.941
851;938;4.015
852;848;3.003
852;849;3.317
852;856;3.198
852;1277;3.99
853;849;3.009
853;850;3.055
853;856;3.061
853;857;3.006
853;860;3.569
853;864;3.695
853;868;3.783
854;861;2.783
854;929;2.685
855;858;3.344
855;861;2.695
855;1280;3.354
855;1334;3.087
856;852;3.198
856;853;3.061
856;1300;3.873
857;853;3.006
857;860;2.958
857;861;3.03
858;855;3.344
858;861;3.295
858;862;3.029
859;862;2.641
860;853;3.569
860;857;2.958
860;863;3.415
860;864;2.974
861;854;2.783
861;855;2.695
861;857;3.03
861;858;3.295
861;865;3.034
861;1333;3.994
861;1334;3.341
862;858;3.029
862;859;2.641
862;1335;3.489
863;860;3.415
864;853;3.695
864;860;2.974
864;867;3.107
864;868;3.022
865;861;3.034
865;869;2.821
866;870;3.02
867;864;3.107
867;870;3.361
867;871;2.988
868;853;3.783
868;864;3.022
868;871;3.022
868;872;3.278
869;865;2.821
869;872;3.001
869;873;3.035
869;929;2.815
869;932;3.795
870;866;3.02
870;867;3.361
870;873;2.912
870;874;2.948
871;867;2.988
871;868;3.022
871;875;2.94
872;868;3.278
872;869;3.001
872;876;2.975
872;932;3.91
872;935;3.748
873;869;3.035
873;870;2.912
873;876;3.356
873;877;3.034
874;870;2.948
874;877;3.475
874;878;2.992
875;844;3.946
875;871;2.94
875;878;3.248
875;879;2.938
875;938;3.535
876;872;2.975
876;873;3.356
876;880;2.972
876;935;3.734
877;873;3.034
877;874;3.475
877;881;3.035
878;874;2.992
878;875;3.248
878;881;4.029
878;882;2.946
879;840;3.756
879;843;3.918
879;844;3.428
879;875;2.938
879;883;3.023
879;941;3.716
880;876;2.972
880;883;3.404
880;884;2.973
880;908;3.915
880;912;3.666
881;877;3.035
881;878;4.029
881;884;3.287
881;885;2.948
882;836;4.033
882;840;3.767
882;878;2.946
882;885;3.42
882;886;2.746
882;941;3.622
883;879;3.023
883;880;3.404
883;886;3.448
883;887;2.94
883;905;3.883
884;880;2.973
884;881;3.287
884;887;3.994
884;888;3.002
885;831;3.586
885;881;2.948
885;882;3.42
885;888;4.018
885;889;3.029
886;831;3.66
886;882;2.746
886;883;3.448
886;889;3.369
886;890;3.093
886;895;3.729
886;901;4.026
886;904;2.668
887;883;2.94
887;884;3.994
887;890;3.014
887;891;2.938
887;892;3.812
887;895;6.317
887;896;3.644
888;884;3.002
888;885;4.018
889;830;2.746
889;885;3.029
889;886;3.369
890;886;3.093
890;887;3.014
890;894;2.799
890;898;3.691
890;901;3.681
891;887;2.938
891;895;2.991
892;887;3.812
892;895;3.485
892;896;3.009
893;896;2.873
893;897;2.913
894;890;2.799
894;898;3.389
895;886;3.729
895;887;6.317
895;891;2.991
895;892;3.485
895;898;3.045
895;901;3.75
895;905;3.77
896;887;3.644
896;892;3.009
896;893;2.873
896;902;3.804
896;905;3.64
897;893;2.913
898;890;3.691
898;894;3.389
898;895;3.045
898;901;3.051
898;902;2.959
899;902;3.416
899;903;2.97
900;903;3.359
900;904;3.01
900;944;3.236
900;950;4.036
900;953;3.84
901;886;4.026
901;890;3.681
901;895;3.75
901;898;3.051
901;904;3.145
901;905;2.993
902;896;3.804
902;898;2.959
902;899;3.416
902;905;5.958
902;906;2.987
903;899;2.97
903;900;3.359
903;906;3.235
904;886;2.668
904;900;3.01
904;901;3.145
904;941;2.955
904;944;2.779
905;883;3.883
905;895;3.77
905;896;3.64
905;901;2.993
905;902;5.958
905;908;3.025
905;909;2.976
906;902;2.987
906;903;3.235
906;910;3.03
907;941;3.652
908;880;3.915
908;905;3.025
908;911;3.196
908;912;3.077
909;905;2.976
909;912;2.94
909;913;2.913
910;906;3.03
910;913;3.493
910;914;2.96
910;934;3.762
911;908;3.196
911;914;3.878
911;915;3.072
911;935;2.815
912;880;3.666
912;908;3.077
912;909;2.94
912;915;3.249
912;916;2.983
913;909;2.913
913;910;3.493
913;916;3.18
913;917;2.985
914;910;2.96
914;911;3.878
914;917;3.477
914;918;2.99
915;911;3.072
915;912;3.249
915;918;3.271
915;919;2.993
915;928;3.691
916;912;2.983
916;913;3.18
916;919;3.446
916;920;2.965
917;913;2.985
917;914;3.477
917;920;3.238
917;921;3.025
918;914;2.99
918;915;3.271
918;921;3.089
918;923;3.07
918;927;3.423
918;928;3.432
918;931;3.497
919;915;2.993
919;916;3.446
919;922;2.994
920;916;2.965
920;917;3.238
921;917;3.025
921;918;3.089
922;919;2.994
923;918;3.07
924;927;3.844
924;928;3.401
925;928;3.423
925;929;3.024
926;929;2.896
927;918;3.423
927;924;3.844
927;931;2.999
928;915;3.691
928;918;3.432
928;924;3.401
928;925;3.423
928;932;2.974
929;854;2.685
929;869;2.815
929;925;3.024
929;926;2.896
929;1332;3.826
930;933;3.037
930;1282;3.84
930;1329;2.981
930;1330;3.582
930;1331;3.147
931;918;3.497
931;927;2.999
932;869;3.795
932;872;3.91
932;928;2.974
932;935;2.734
933;930;3.037
933;936;2.766
933;937;3.375
933;1278;3.627
934;910;3.762
934;937;2.783
935;872;3.748
935;876;3.734
935;911;2.815
935;932;2.734
935;938;2.807
936;851;3.941
936;933;2.766
937;933;3.375
937;934;2.783
937;940;3.022
937;941;2.994
937;1274;3.92
938;844;3.755
938;847;3.692
938;851;4.015
938;875;3.535
938;935;2.807
938;941;2.942
938;942;3.214
939;942;3.01
939;1274;3.611
940;937;3.022
940;943;2.785
940;1274;3.873
941;879;3.716
941;882;3.622
941;904;2.955
941;907;3.652
941;937;2.994
941;938;2.942
941;944;2.916
942;844;3.757
942;938;3.214
942;939;3.01
942;945;2.976
942;946;2.972
943;940;2.785
943;946;3.035
943;949;3.498
943;953;3.743
944;900;3.236
944;904;2.779
944;941;2.916
944;950;2.903
945;837;2.873
945;841;3.527
945;942;2.976
945;950;3.973
946;942;2.972
946;943;3.035
946;949;3.399
946;950;2.982
947;950;3.756
948;951;3.159
948;952;2.936
949;943;3.498
949;946;3.399
949;952;3.301
949;953;2.984
949;1266;3.869
949;1267;4.034
950;900;4.036
950;944;2.903
950;945;3.973
950;946;2.982
950;947;3.756
950;954;2.984
951;948;3.159
951;954;3.312
951;955;2.971
952;948;2.936
952;949;3.301
952;955;3.123
952;956;2.984
952;1264;3.473
952;1267;3.8
953;900;3.84
953;943;3.743
953;949;2.984
953;956;3.376
953;957;2.999
954;950;2.984
954;951;3.312
954;958;2.962
955;951;2.971
955;952;3.123
