source;destination;distance
0;3;2.78
1;47;3.589
2;7;3.622
2;48;3.672
3;0;2.78
4;7;3.233
4;8;2.97
5;9;2.971
6;10;2.97
7;2;3.622
7;4;3.233
7;10;3.111
7;11;2.965
7;43;3.985
7;47;3.76
8;4;2.97
8;11;3.483
8;12;2.988
9;5;2.971
9;13;2.922
10;6;2.97
10;7;3.111
10;14;2.948
11;7;2.965
11;8;3.483
11;14;3.414
11;15;3.023
11;44;3.614
12;8;2.988
12;16;2.984
13;9;2.922
13;16;3.356
13;17;2.94
14;10;2.948
14;11;3.414
14;18;3.006
14;37;3.772
15;11;3.023
15;19;2.982
15;37;3.839
15;99;3.888
15;100;3.614
16;12;2.984
16;13;3.356
16;19;3.172
16;20;3.084
17;13;2.94
17;20;3.363
17;21;2.997
18;14;3.006
18;21;3.48
18;22;2.959
18;37;2.973
18;96;3.132
19;15;2.982
19;16;3.172
19;22;3.138
19;97;3.511
19;597;3.579
20;16;3.084
20;17;3.363
20;23;3.417
21;17;2.997
21;18;3.48
21;24;2.995
21;30;3.65
21;33;3.401
22;18;2.959
22;19;3.138
22;93;4.086
22;96;3.836
22;97;4.02
23;20;3.417
23;597;3.688
24;21;2.995
24;27;4.038
25;632;3.4
26;30;3.83
27;24;4.038
27;30;2.852
28;31;2.737
28;32;2.998
29;32;3.251
29;33;2.982
30;21;3.65
30;26;3.83
30;27;2.852
30;33;3.431
30;34;2.994
31;28;2.737
31;34;3.436
31;35;3.008
32;28;2.998
32;29;3.251
32;36;2.97
33;21;3.401
33;29;2.982
33;30;3.431
33;36;3.273
33;37;2.965
34;30;2.994
34;31;3.436
34;37;3.289
34;38;2.931
34;80;3.951
34;93;2.845
34;96;3.647
35;31;3.008
35;38;3.445
35;39;2.982
35;81;3.698
36;32;2.97
36;33;3.273
36;39;3.344
36;40;2.997
37;14;3.772
37;15;3.839
37;18;2.973
37;33;2.965
37;34;3.289
37;40;3.018
37;41;2.867
37;96;3.849
38;34;2.931
38;35;3.445
38;41;4.038
38;42;2.991
38;80;2.746
39;35;2.982
39;36;3.344
39;42;3.153
39;43;2.986
40;36;2.997
40;37;3.018
40;43;3.477
40;44;2.915
41;37;2.867
41;38;4.038
41;45;2.952
41;73;3.458
41;99;3.522
42;38;2.991
42;39;3.153
42;45;3.3
42;46;2.966
43;7;3.985
43;39;2.986
43;40;3.477
43;46;3.387
43;47;3.054
44;11;3.614
44;40;2.915
44;47;3.26
44;48;2.828
44;99;2.642
45;41;2.952
45;42;3.3
45;49;2.985
45;56;3.976
45;73;3.934
46;42;2.966
46;43;3.387
46;50;3.067
46;51;4.036
47;1;3.589
47;7;3.76
47;43;3.054
47;44;3.26
48;2;3.672
48;44;2.828
48;66;3.213
48;69;2.657
49;45;2.985
49;56;4.031
49;59;3.854
49;66;3.653
50;46;3.067
50;53;3.066
50;55;3.666
51;46;4.036
52;55;3.695
52;58;3.463
53;50;3.066
53;56;2.985
54;57;2.993
55;50;3.666
55;52;3.695
55;58;2.999
56;45;3.976
56;49;4.031
56;53;2.985
56;59;3.047
56;70;3.947
57;54;2.993
57;60;3.016
58;52;3.463
58;55;2.999
58;61;3.028
59;49;3.854
59;56;3.047
59;62;2.98
59;63;3.775
59;66;3.519
59;67;3.989
59;70;3.784
60;57;3.016
61;58;3.028
62;59;2.98
63;59;3.775
63;66;3.46
63;67;2.931
64;67;3.445
64;68;3.041
65;68;3.021
65;69;3.052
65;102;3.417
65;108;3.202
65;111;3.797
66;48;3.213
66;49;3.653
66;59;3.519
66;63;3.46
66;69;3.915
66;70;2.979
67;59;3.989
67;63;2.931
67;64;3.445
67;70;3.423
67;71;2.952
68;64;3.041
68;65;3.021
68;72;2.991
68;101;3.936
69;48;2.657
69;65;3.052
69;66;3.915
69;72;3.466
69;73;2.94
69;99;3.205
69;102;2.741
70;56;3.947
70;59;3.784
70;66;2.979
70;67;3.423
70;73;3.248
70;74;2.994
71;67;2.952
71;74;3.422
71;75;2.976
72;68;2.991
72;69;3.466
72;76;2.941
72;95;3.551
73;41;3.458
73;45;3.934
73;69;2.94
73;70;3.248
73;76;3.441
73;77;2.901
74;70;2.994
74;71;3.422
74;77;3.37
74;78;3.006
75;71;2.976
75;78;3.481
75;79;2.993
75;89;3.578
75;92;3.322
76;72;2.941
76;73;3.441
76;79;3.011
76;80;2.866
77;73;2.901
77;74;3.37
77;81;2.968
78;74;3.006
78;75;3.481
78;82;3.015
79;75;2.993
79;76;3.011
79;83;3.958
79;89;2.748
80;34;3.951
80;38;2.746
80;76;2.866
80;83;3.254
80;96;3.99
81;35;3.698
81;77;2.968
82;78;3.015
82;84;2.984
83;79;3.958
83;80;3.254
83;90;2.948
83;93;3.591
84;82;2.984
85;89;3.675
86;89;3.134
87;90;2.911
87;91;3.203
87;606;3.931
88;91;3.12
89;75;3.578
89;79;2.748
89;85;3.675
89;86;3.134
89;92;2.998
90;83;2.948
90;87;2.911
91;87;3.203
91;88;3.12
91;94;2.981
91;605;3.365
91;606;3.808
92;75;3.322
92;89;2.998
92;95;2.873
93;22;4.086
93;34;2.845
93;83;3.591
93;96;2.939
94;91;2.981
94;97;2.955
94;598;4.002
94;601;3.615
94;602;3.706
95;72;3.551
95;92;2.873
95;98;3.121
95;99;3.032
96;18;3.132
96;22;3.836
96;34;3.647
96;37;3.849
96;80;3.99
96;93;2.939
97;19;3.511
97;22;4.02
97;94;2.955
97;100;3.037
98;95;3.121
98;101;2.934
98;598;3.936
99;15;3.888
99;41;3.522
99;44;2.642
99;69;3.205
99;95;3.032
99;102;2.947
100;15;3.614
100;97;3.037
100;103;2.99
100;104;2.952
100;107;3.606
100;594;3.517
101;68;3.936
101;98;2.934
101;111;3.895
102;65;3.417
102;69;2.741
102;99;2.947
102;108;2.812
103;100;2.99
104;100;2.952
104;107;3.482
104;108;2.985
105;108;3.284
105;109;2.953
106;110;3.107
106;587;3.371
107;100;3.606
107;104;3.482
107;110;3.386
107;111;3.002
107;591;3.717
108;65;3.202
108;102;2.812
108;104;2.985
108;105;3.284
108;111;3.465
108;112;2.977
109;105;2.953
109;112;3.238
109;113;3.038
110;106;3.107
110;107;3.386
110;113;3.105
110;114;2.998
110;587;3.305
110;588;4.038
111;65;3.797
111;101;3.895
111;107;3.002
111;108;3.465
111;114;3.24
111;115;3.048
112;108;2.977
112;109;3.238
112;115;3.461
112;116;3.012
113;109;3.038
113;110;3.105
113;116;3.206
113;117;3.043
114;110;2.998
114;111;3.24
114;117;3.04
114;118;3.245
114;676;3.778
115;111;3.048
115;112;3.461
115;118;2.979
116;112;3.012
116;113;3.206
116;119;2.774
116;252;3.858
117;113;3.043
117;114;3.04
117;120;3.099
117;121;3.018
117;252;4.116
118;114;3.245
118;115;2.979
118;122;3.002
119;116;2.774
119;256;2.74
120;117;3.099
120;123;3.388
120;252;3.458
120;255;2.65
120;256;2.905
121;117;3.018
121;124;3.341
121;125;2.923
122;118;3.002
122;126;2.988
123;120;3.388
123;126;3.175
123;127;3.095
123;1266;3.435
123;1267;2.923
124;121;3.341
124;127;3.438
124;128;3.169
124;241;3.608
124;245;4.018
124;1270;4.021
125;121;2.923
125;128;3.375
125;129;2.917
126;122;2.988
126;123;3.175
126;129;3.358
126;130;2.988
127;123;3.095
127;124;3.438
127;130;3.927
127;131;2.959
127;1261;3.971
127;1267;3.984
127;1270;3.811
128;124;3.169
128;125;3.375
128;131;3.324
128;132;2.893
128;241;3.56
129;125;2.917
129;126;3.358
129;132;3.483
129;133;3.01
130;126;2.988
130;127;3.927
130;133;3.44
130;134;2.937
130;1257;3.684
130;1260;3.398
130;1261;3.616
131;127;2.959
131;128;3.324
131;134;3.465
131;135;2.864
132;128;2.893
132;129;3.483
132;136;2.968
132;201;3.737
132;204;4.007
133;129;3.01
133;130;3.44
133;136;3.168
133;137;3.007
134;130;2.937
134;131;3.465
134;137;3.272
134;138;2.973
134;1168;3.722
134;1257;3.851
135;131;2.864
135;139;2.94
135;204;3.571
135;230;3.706
135;234;3.773
135;237;3.677
136;132;2.968
136;133;3.168
136;140;2.943
136;197;3.631
136;201;3.894
137;133;3.007
137;134;3.272
137;140;3.212
137;141;3.119
137;1254;3.918
138;134;2.973
138;141;3.08
138;142;3.482
138;230;3.584
138;1251;3.556
138;1254;3.892
139;135;2.94
139;142;3.442
139;143;2.957
139;194;3.639
140;136;2.943
140;137;3.212
140;144;3.687
140;195;3.905
140;196;3.55
140;197;3.899
141;137;3.119
141;138;3.08
141;1251;3.887
141;1254;3.374
142;138;3.482
142;139;3.442
142;1247;3.616
142;1251;3.86
143;139;2.957
143;217;3.003
143;227;3.446
143;230;3.643
143;231;3.903
144;140;3.687
144;195;3.962
145;150;2.714
146;184;2.941
146;188;3.877
146;189;3.863
146;190;3.98
147;150;2.948
147;151;3.755
147;188;2.863
148;188;2.842
148;191;3.768
148;195;2.659
149;154;3.852
150;145;2.714
150;147;2.948
150;185;2.818
151;147;3.755
151;182;3.738
151;185;4.009
152;182;3.939
153;180;2.793
154;149;3.852
155;158;3.613
156;158;3.594
157;160;3.948
157;177;3.794
158;155;3.613
158;156;3.594
159;168;3.166
159;176;2.783
160;157;3.948
161;167;3.041
161;168;3.617
162;163;3.907
163;162;3.907
164;167;2.952
164;173;2.86
165;170;2.872
166;170;3.492
167;161;3.041
167;164;2.952
167;169;2.749
167;177;2.872
168;159;3.166
168;161;3.617
169;167;2.749
169;173;3.687
169;175;2.788
170;165;2.872
170;166;3.492
170;171;3.021
171;170;3.021
172;174;3.085
173;164;2.86
173;169;3.687
174;172;3.085
174;178;3.715
174;179;3.81
175;169;2.788
176;159;2.783
177;157;3.794
177;167;2.872
178;174;3.715
179;174;3.81
180;153;2.793
181;1019;3.919
181;1021;3.67
182;151;3.738
182;152;3.939
183;185;3.53
183;1020;3.756
184;146;2.941
185;150;2.818
185;151;4.009
185;183;3.53
186;189;3.275
186;1020;3.829
187;1018;2.867
187;1020;3.485
188;146;3.877
188;147;2.863
188;148;2.842
188;191;3.108
189;146;3.863
189;186;3.275
189;220;3.439
190;146;3.98
191;148;3.768
191;188;3.108
191;194;3.008
191;195;3.019
191;199;3.516
192;199;3.261
193;199;3.366
193;217;3.491
194;139;3.639
194;191;3.008
194;200;3.484
194;203;3.485
194;217;3.11
194;231;3.911
195;140;3.905
195;144;3.962
195;148;2.659
195;191;3.019
196;140;3.55
196;199;2.806
196;200;2.979
197;136;3.631
197;140;3.899
197;200;3.498
197;201;2.953
198;202;2.992
199;191;3.516
199;192;3.261
199;193;3.366
199;196;2.806
199;202;3.296
199;203;2.958
200;194;3.484
200;196;2.979
200;197;3.498
200;203;3.279
200;204;2.946
201;132;3.737
201;136;3.894
201;197;2.953
201;205;2.94
202;198;2.992
202;199;3.296
202;205;3.059
202;206;2.966
202;664;3.794
203;194;3.485
203;199;2.958
203;200;3.279
203;206;3.323
203;207;2.932
204;132;4.007
204;135;3.571
204;200;2.946
204;207;3.482
204;208;2.954
205;201;2.94
205;202;3.059
205;208;3.255
205;209;2.948
205;668;3.504
205;671;4.157
205;672;3.865
206;202;2.966
206;203;3.323
206;210;2.976
206;211;2.821
206;212;4.0
206;647;3.401
207;203;2.932
207;204;3.482
207;210;3.092
207;213;3.628
207;231;3.855
207;234;3.741
207;235;3.723
208;204;2.954
208;205;3.255
209;205;2.948
209;671;3.624
210;206;2.976
210;207;3.092
210;1332;3.154
210;1334;3.056
211;206;2.821
211;646;3.807
211;647;3.372
212;206;4.0
212;215;3.688
212;216;3.025
212;647;3.654
212;1339;3.837
213;207;3.628
213;217;3.068
213;218;3.147
213;232;3.89
213;235;3.287
213;1325;3.799
213;1328;3.556
213;1329;3.651
214;218;3.119
214;219;3.005
214;1325;3.691
214;1329;3.65
214;1363;3.443
214;1364;2.806
214;1365;3.16
215;212;3.688
215;1339;3.445
215;1365;3.252
216;212;3.025
216;219;3.094
217;143;3.003
217;193;3.491
217;194;3.11
217;213;3.068
217;227;2.827
217;231;6.453
218;213;3.147
218;214;3.119
218;221;2.953
218;228;3.401
218;1325;3.177
218;1363;3.488
219;214;3.005
219;216;3.094
219;1315;3.796
219;1363;3.478
220;189;3.439
221;218;2.953
221;223;2.936
221;224;3.112
221;227;3.605
222;224;3.049
222;1322;3.693
222;1359;2.854
222;1362;3.484
223;221;2.936
223;227;3.018
224;221;3.112
224;222;3.049
224;227;2.974
224;228;2.944
224;1360;3.787
224;1361;3.752
225;228;3.675
225;229;2.917
225;1358;2.843
225;1360;2.77
226;1244;3.744
226;1247;3.806
226;1248;3.286
226;1360;2.946
227;143;3.446
227;217;2.827
227;221;3.605
227;223;3.018
227;224;2.974
227;230;3.036
227;231;3.361
228;218;3.401
228;224;2.944
228;225;3.675
228;231;3.392
228;232;2.944
228;1325;3.467
228;1361;3.931
228;1362;3.949
229;225;2.917
229;233;2.975
230;135;3.706
230;138;3.584
230;143;3.643
230;227;3.036
230;233;3.163
230;234;2.97
231;143;3.903
231;194;3.911
231;207;3.855
231;217;6.453
231;227;3.361
231;228;3.392
231;234;3.172
231;235;2.973
232;213;3.89
232;228;2.944
232;235;3.185
232;236;2.981
232;1328;3.972
233;229;2.975
233;230;3.163
233;237;2.934
234;135;3.773
234;207;3.741
234;230;2.97
234;231;3.172
234;238;2.903
235;207;3.723
235;213;3.287
235;231;2.973
235;232;3.185
235;239;2.962
235;1328;3.406
236;232;2.981
236;240;2.958
236;1328;3.358
237;135;3.677
237;233;2.934
237;241;2.913
238;234;2.903
238;242;2.943
239;235;2.962
239;242;3.31
239;243;2.951
240;236;2.958
240;243;3.41
240;244;2.937
240;1274;3.685
240;1281;3.571
241;124;3.608
241;128;3.56
241;237;2.913
241;244;3.158
241;245;2.872
242;238;2.943
242;239;3.31
242;245;3.382
242;246;2.968
243;239;2.951
243;240;3.41
243;246;3.949
243;247;2.987
243;1391;3.717
244;240;2.937
244;241;3.158
244;247;3.611
244;248;2.888
244;1270;3.162
244;1273;3.744
245;124;4.018
245;241;2.872
245;242;3.382
245;248;3.185
245;249;2.955
246;242;2.968
246;243;3.949
246;250;3.134
246;679;3.646
246;682;3.747
246;1388;3.293
247;243;2.987
247;244;3.611
247;251;2.921
247;1391;3.967
247;1392;3.937
247;1395;3.489
248;244;2.888
248;245;3.185
248;252;2.928
249;245;2.955
249;252;3.386
249;253;3.088
249;683;3.79
250;246;3.134
250;253;3.178
250;254;3.075
250;682;3.638
250;683;3.997
250;686;3.423
250;1392;3.474
251;247;2.921
251;255;2.881
251;1396;3.819
252;116;3.858
252;117;4.116
252;120;3.458
252;248;2.928
252;249;3.386
252;256;2.976
253;249;3.088
253;250;3.178
253;257;3.087
253;683;3.686
254;250;3.075
254;257;3.106
254;258;2.891
254;687;3.898
254;690;3.869
254;1109;6.376
254;1396;6.449
255;120;2.65
255;251;2.881
255;258;3.025
255;259;3.615
256;119;2.74
256;120;2.905
256;252;2.976
256;266;2.916
257;253;3.087
257;254;3.106
257;265;3.968
257;266;3.225
257;267;2.997
258;254;2.891
258;255;3.025
258;265;3.548
258;267;3.832
258;269;3.04
259;255;3.615
259;264;2.826
259;265;2.817
260;269;3.755
260;698;4.014
261;263;3.219
262;269;3.521
262;271;3.848
262;702;3.567
263;261;3.219
263;265;3.817
264;259;2.826
265;257;3.968
265;258;3.548
265;259;2.817
265;263;3.817
266;256;2.916
266;257;3.225
267;257;2.997
267;258;3.832
268;270;2.84
269;258;3.04
269;260;3.755
269;262;3.521
269;271;3.013
270;268;2.84
270;273;2.977
271;262;3.848
271;269;3.013
271;697;3.742
271;701;3.871
271;703;3.637
272;274;2.919
272;276;3.405
272;277;3.662
272;280;3.575
273;270;2.977
274;272;2.919
274;277;2.969
274;289;3.981
275;278;3.181
275;285;2.734
275;286;2.826
275;287;3.675
275;706;2.877
276;272;3.405
276;279;2.959
276;280;2.688
276;703;2.653
276;704;3.378
277;272;3.662
277;274;2.969
277;280;3.029
278;275;3.181
279;276;2.959
279;284;3.573
279;285;4.016
279;286;2.773
279;287;2.792
280;272;3.575
280;276;2.688
280;277;3.029
280;704;2.732
281;284;3.224
282;723;3.894
283;731;2.788
284;279;3.573
284;281;3.224
284;731;3.069
285;275;2.734
285;279;4.016
285;704;3.775
285;706;3.725
285;707;2.965
286;275;2.826
286;279;2.773
286;707;4.002
287;275;3.675
287;279;2.792
288;301;2.722
289;274;3.981
290;693;2.859
290;694;3.92
290;1110;3.744
291;1107;3.184
291;1110;3.513
291;1111;3.991
292;300;3.16
293;300;4.022
294;298;2.666
295;981;3.748
296;977;3.423
297;298;2.918
298;294;2.666
298;297;2.918
299;304;3.97
300;292;3.16
300;293;4.022
300;302;3.178
301;288;2.722
302;300;3.178
302;309;2.844
303;306;2.982
304;299;3.97
305;315;3.762
306;303;2.982
306;309;3.686
306;315;3.903
307;314;3.416
308;310;3.058
309;302;2.844
309;306;3.686
310;308;3.058
310;319;2.699
311;313;3.44
311;314;2.814
311;316;2.749
311;317;2.863
311;319;2.798
312;314;2.795
312;320;3.302
313;311;3.44
313;316;2.993
313;318;2.765
313;320;2.757
314;307;3.416
314;311;2.814
314;312;2.795
315;305;3.762
315;306;3.903
316;311;2.749
316;313;2.993
317;311;2.863
318;313;2.765
319;310;2.699
319;311;2.798
319;322;3.004
320;312;3.302
320;313;2.757
321;323;2.793
321;326;3.976
322;319;3.004
323;321;2.793
324;328;2.788
325;328;2.911
326;321;3.976
327;329;2.783
327;331;2.808
328;324;2.788
328;325;2.911
329;327;2.783
330;439;3.464
330;440;2.801
330;441;3.781
331;327;2.808
331;439;3.106
332;434;3.119
332;437;3.632
333;434;2.953
334;434;2.752
335;434;2.609
336;341;2.851
337;339;2.934
337;340;4.827
337;341;3.974
338;342;3.473
339;337;2.934
340;337;4.827
340;348;3.975
341;336;2.851
341;337;3.974
341;346;3.684
341;347;3.625
341;348;3.778
342;338;3.473
343;346;3.038
343;348;3.89
344;349;3.995
345;430;3.983
346;341;3.684
346;343;3.038
346;431;3.61
346;432;2.844
346;433;2.885
346;435;2.782
347;341;3.625
348;340;3.975
348;341;3.778
348;343;3.89
349;344;3.995
350;356;3.779
351;356;3.414
351;357;3.49
352;355;3.121
352;357;3.022
353;357;3.984
353;358;2.952
354;367;3.806
355;352;3.121
356;350;3.779
356;351;3.414
357;351;3.49
357;352;3.022
357;353;3.984
358;353;2.952
358;360;3.246
359;363;3.933
360;358;3.246
360;363;2.995
360;367;3.991
361;364;2.99
362;365;3.007
362;366;3.008
362;367;4.02
363;359;3.933
363;360;2.995
364;361;2.99
365;362;3.007
366;362;3.008
366;368;3.706
367;354;3.806
367;360;3.991
367;362;4.02
368;366;3.706
369;371;3.142
370;373;2.771
370;376;3.619
370;390;3.951
371;369;3.142
372;391;3.45
373;370;2.771
373;390;3.96
373;391;2.929
374;390;4.004
374;392;2.868
374;397;3.348
375;378;2.946
376;370;3.619
377;379;3.022
377;380;3.21
377;382;2.836
377;386;3.447
378;375;2.946
379;377;3.022
380;377;3.21
381;383;3.712
381;384;3.741
382;377;2.836
382;386;2.767
383;381;3.712
384;381;3.741
384;386;2.949
384;387;3.222
384;388;2.936
385;388;3.785
386;377;3.447
386;382;2.767
386;384;2.949
387;384;3.222
388;384;2.936
388;385;3.785
389;393;3.702
389;394;3.447
390;370;3.951
390;373;3.96
390;374;4.004
390;393;2.957
391;372;3.45
391;373;2.929
392;374;2.868
392;395;2.945
392;396;3.16
392;397;3.915
393;389;3.702
393;390;2.957
394;389;3.447
395;392;2.945
396;392;3.16
397;374;3.348
397;392;3.915
398;399;2.77
399;398;2.77
400;401;2.779
400;407;3.649
401;400;2.779
401;406;2.979
402;405;2.787
402;406;3.798
403;406;3.789
404;406;2.976
405;402;2.787
406;401;2.979
406;402;3.798
406;403;3.789
406;404;2.976
407;400;3.649
407;408;3.099
408;407;3.099
409;411;2.92
410;412;2.955
411;409;2.92
412;410;2.955
412;413;3.041
413;412;3.041
414;416;3.958
415;437;2.705
416;414;3.958
417;418;3.314
418;417;3.314
418;419;2.985
419;418;2.985
419;421;3.046
420;422;2.979
420;424;3.614
421;419;3.046
422;420;2.979
422;424;3.544
423;425;3.548
423;429;3.528
424;420;3.614
424;422;3.544
424;425;2.948
425;423;3.548
425;424;2.948
425;428;2.995
425;429;3.074
426;429;2.899
427;430;3.637
428;425;2.995
429;423;3.528
429;425;3.074
429;426;2.899
430;345;3.983
430;427;3.637
431;346;3.61
431;435;3.838
432;346;2.844
433;346;2.885
434;332;3.119
434;333;2.953
434;334;2.752
434;335;2.609
435;346;2.782
435;431;3.838
436;439;3.335
437;332;3.632
437;415;2.705
438;446;2.984
439;330;3.464
439;331;3.106
439;436;3.335
440;330;2.801
440;446;3.663
441;330;3.781
442;445;3.098
443;446;2.952
443;447;3.112
443;448;3.987
444;449;3.9
444;450;2.89
444;451;3.677
445;442;3.098
446;438;2.984
446;440;3.663
446;443;2.952
447;443;3.112
448;443;3.987
449;444;3.9
450;444;2.89
451;444;3.677
452;453;3.632
453;452;3.632
454;456;2.732
455;457;3.214
456;454;2.732
457;455;3.214
457;459;2.975
457;461;3.404
457;462;3.862
457;465;2.697
458;460;3.985
458;461;3.798
458;519;2.741
459;457;2.975
460;458;3.985
460;518;3.693
460;519;3.926
461;457;3.404
461;458;3.798
461;464;2.969
461;465;3.105
462;457;3.862
462;465;3.009
463;515;3.646
464;461;2.969
464;516;3.703
465;457;2.697
465;461;3.105
465;462;3.009
465;468;2.919
465;469;3.198
466;470;2.946
467;471;2.968
468;465;2.919
468;471;3.204
468;472;3.005
469;465;3.198
469;472;3.428
469;473;2.927
469;567;2.685
470;466;2.946
470;473;3.225
470;474;2.976
471;467;2.968
471;468;3.204
471;475;3.048
472;468;3.005
472;469;3.428
472;475;3.312
472;476;2.977
472;508;4.03
472;512;3.813
472;564;3.965
473;469;2.927
473;470;3.225
473;476;2.999
473;477;3.082
473;568;2.752
473;569;3.636
474;470;2.976
474;477;3.474
474;478;3.007
475;471;3.048
475;472;3.312
475;479;2.985
475;505;3.663
476;472;2.977
476;473;2.999
476;479;3.096
476;480;3.07
476;509;3.31
476;562;3.864
476;564;3.896
476;565;3.837
477;473;3.082
477;474;3.474
477;480;3.113
477;481;3.451
477;565;3.808
478;474;3.007
478;481;3.281
478;482;3.022
479;475;2.985
479;476;3.096
479;482;3.27
479;483;2.997
479;505;3.2
479;561;3.1
480;476;3.07
480;477;3.113
480;484;3.056
480;562;3.654
480;995;3.906
481;477;3.451
481;478;3.281
481;484;3.276
481;485;2.979
482;478;3.022
482;479;3.27
482;485;3.115
482;486;2.956
482;498;3.543
483;479;2.997
483;486;3.045
483;559;4.015
483;561;3.79
483;562;3.636
484;480;3.056
484;481;3.276
485;481;2.979
485;482;3.115
485;490;3.59
486;482;2.956
486;483;3.045
486;491;2.909
486;498;4.024
486;502;3.403
487;491;2.975
487;1041;3.222
487;1042;3.032
488;491;3.911
488;492;2.83
489;492;2.959
489;493;3.027
490;485;3.59
490;494;3.017
491;486;2.909
491;487;2.975
491;488;3.911
491;495;2.796
492;488;2.83
492;489;2.959
492;495;2.757
493;489;3.027
494;490;3.017
494;497;3.025
494;498;2.944
495;491;2.796
495;492;2.757
495;499;2.946
496;499;3.471
496;500;3.053
497;494;3.025
497;500;4.001
497;501;2.961
498;482;3.543
498;486;4.024
498;494;2.944
498;501;3.324
498;502;2.919
499;495;2.946
499;496;3.471
499;502;3.356
499;503;3.039
500;496;3.053
500;497;4.001
500;504;2.964
501;497;2.961
501;498;3.324
501;505;2.946
502;486;3.403
502;498;2.919
502;499;3.356
502;505;3.421
502;506;3.094
502;561;3.272
503;499;3.039
503;506;3.317
503;507;3.011
503;545;3.788
503;546;3.434
504;500;2.964
504;507;3.023
504;508;3.082
505;475;3.663
505;479;3.2
505;501;2.946
505;502;3.421
505;508;3.05
505;509;3.374
506;502;3.094
506;503;3.317
506;509;2.962
506;541;2.817
506;542;3.747
506;545;3.811
506;546;4.029
507;503;3.011
507;504;3.023
507;510;2.875
508;472;4.03
508;504;3.082
508;505;3.05
508;511;3.062
508;512;3.232
509;476;3.31
509;505;3.374
509;506;2.962
509;513;2.985
509;538;3.702
509;542;3.914
509;564;3.41
510;507;2.875
510;513;3.387
510;514;3.031
510;542;3.495
511;508;3.062
511;515;3.065
512;472;3.813
512;508;3.232
512;515;3.455
512;516;2.946
512;564;2.746
512;567;2.731
513;509;2.985
513;510;3.387
513;517;2.999
513;538;3.607
514;510;3.031
514;517;3.266
514;518;3.08
515;463;3.646
515;511;3.065
515;512;3.455
515;519;2.985
516;464;3.703
516;512;2.946
516;519;2.997
516;520;3.061
516;524;2.682
516;525;3.567
516;531;2.762
517;513;2.999
517;514;3.266
517;525;3.662
517;526;3.991
518;460;3.693
518;514;3.08
519;458;2.741
519;460;3.926
519;515;2.985
519;516;2.997
520;516;3.061
520;524;3.78
521;524;2.944
521;525;2.928
522;526;2.982
523;527;2.841
524;516;2.682
524;520;3.78
524;521;2.944
524;527;3.079
524;528;2.913
525;516;3.567
525;517;3.662
525;521;2.928
525;531;3.196
525;535;4.039
526;517;3.991
526;522;2.982
527;523;2.841
527;524;3.079
528;524;2.913
528;531;2.958
528;532;3.048
529;532;3.998
529;533;3.02
530;533;4.004
530;534;2.993
530;572;2.953
530;575;3.896
531;516;2.762
531;525;3.196
531;528;2.958
531;534;3.476
531;535;2.952
532;528;3.048
532;529;3.998
532;535;3.411
532;536;2.986
533;529;3.02
533;530;4.004
533;536;3.38
533;537;3.022
533;563;4.002
534;530;2.993
534;531;3.476
534;537;3.242
534;538;2.907
534;564;2.645
534;567;3.845
535;525;4.039
535;531;2.952
535;532;3.411
535;539;3.002
536;532;2.986
536;533;3.38
536;539;3.205
536;540;3.088
537;533;3.022
537;534;3.242
537;541;3.013
538;509;3.702
538;513;3.607
538;534;2.907
538;542;2.938
538;564;3.756
539;535;3.002
539;536;3.205
539;543;2.997
540;536;3.088
540;544;3.206
540;557;3.562
541;506;2.817
541;537;3.013
541;545;3.433
541;561;3.071
542;506;3.747
542;509;3.914
542;510;3.495
542;538;2.938
542;545;3.13
542;546;2.916
543;539;2.997
543;546;3.319
543;547;3.032
544;540;3.206
544;548;2.997
544;549;3.049
544;558;3.791
545;503;3.788
545;506;3.811
545;541;3.433
545;542;3.13
545;549;3.754
545;558;3.96
546;503;3.434
546;506;4.029
546;542;2.916
546;543;3.319
547;543;3.032
548;544;2.997
548;550;2.945
549;544;3.049
549;545;3.754
549;555;2.84
550;548;2.945
550;555;3.261
551;554;2.787
552;555;3.231
552;556;2.932
553;556;3.299
553;557;2.957
553;1081;4.012
554;551;2.787
554;557;3.078
554;558;3.082
555;549;2.84
555;550;3.261
555;552;3.231
555;558;2.944
556;552;2.932
556;553;3.299
556;559;2.986
556;1003;3.123
557;540;3.562
557;553;2.957
557;554;3.078
557;560;2.981
558;544;3.791
558;545;3.96
558;554;3.082
558;555;2.944
558;561;3.043
559;483;4.015
559;556;2.986
559;562;3.184
559;999;3.711
559;1000;3.929
560;557;2.981
560;563;2.9
560;996;3.887
561;479;3.1
561;483;3.79
561;502;3.272
561;541;3.071
561;558;3.043
561;564;2.953
562;476;3.864
562;480;3.654
562;483;3.636
562;559;3.184
562;565;2.922
562;992;3.806
562;996;3.522
563;533;4.002
563;560;2.9
563;566;2.792
563;993;3.383
563;996;3.483
564;472;3.965
564;476;3.896
564;509;3.41
564;512;2.746
564;534;2.645
564;538;3.756
564;561;2.953
564;567;2.974
565;476;3.837
565;477;3.808
565;562;2.922
565;568;2.973
565;569;2.952
565;571;3.848
565;992;3.571
566;563;2.792
566;571;4.022
567;469;2.685
567;512;2.731
567;534;3.845
567;564;2.974
568;473;2.752
568;565;2.973
569;473;3.636
569;565;2.952
569;571;3.897
569;572;3.023
570;573;3.154
570;574;2.944
570;985;3.145
571;565;3.848
571;566;4.022
571;569;3.897
571;574;3.161
571;575;3.014
571;989;3.515
572;530;2.953
572;569;3.023
572;575;3.85
572;576;3.054
573;570;3.154
573;576;3.347
573;577;2.958
574;570;2.944
574;571;3.161
574;577;3.285
574;578;2.962
574;989;3.624
575;530;3.896
575;571;3.014
575;572;3.85
575;579;3.054
576;572;3.054
576;573;3.347
576;579;3.388
576;580;2.802
577;573;2.958
577;574;3.285
577;580;3.333
577;581;2.932
578;574;2.962
578;581;3.202
578;582;3.081
578;1095;3.596
579;575;3.054
579;576;3.388
579;582;3.004
580;576;2.802
580;577;3.333
580;583;2.976
581;577;2.932
581;578;3.202
581;584;3.088
581;585;3.088
581;685;3.766
581;1095;3.492
581;1099;3.492
582;578;3.081
582;579;3.004
582;586;2.97
582;1095;3.881
583;580;2.976
583;586;3.037
584;581;3.088
584;685;3.91
585;581;3.088
585;588;3.27
585;589;2.872
585;681;3.572
585;1095;3.85
586;582;2.97
586;583;3.037
586;590;3.05
587;106;3.371
587;110;3.305
587;590;3.23
587;591;3.293
588;110;4.038
588;585;3.27
588;591;3.049
588;592;3.024
588;680;3.507
588;681;3.793
589;585;2.872
589;593;2.933
590;586;3.05
590;587;3.23
590;593;3.316
590;594;3.061
591;107;3.717
591;587;3.293
591;588;3.049
591;594;3.459
591;595;3.032
592;588;3.024
592;595;3.471
592;596;2.963
592;643;3.94
593;589;2.933
593;590;3.316
593;597;2.979
594;100;3.517
594;590;3.061
594;591;3.459
594;597;3.263
594;598;3.007
595;591;3.032
595;592;3.471
595;598;3.295
595;599;2.941
595;673;3.734
596;592;2.963
596;600;2.925
596;636;3.52
596;639;3.793
597;19;3.579
597;23;3.688
597;593;2.979
597;594;3.263
597;600;3.267
597;601;3.004
597;632;3.516
598;94;4.002
598;98;3.936
598;594;3.007
598;595;3.295
598;601;3.225
598;602;2.992
599;595;2.941
599;603;2.957
599;639;3.797
599;669;4.045
599;670;3.553
599;673;3.9
600;596;2.925
600;597;3.267
600;603;3.243
600;604;2.996
600;632;3.97
600;635;3.996
600;636;4.009
601;94;3.615
601;597;3.004
601;598;3.225
601;605;3.32
602;94;3.706
602;598;2.992
602;605;3.407
602;606;3.033
603;599;2.957
603;600;3.243
603;607;3.003
603;608;2.814
603;629;3.815
604;600;2.996
604;608;3.037
604;609;3.148
604;630;3.841
604;631;3.788
605;91;3.365
605;601;3.32
605;602;3.407
606;87;3.931
606;91;3.808
606;602;3.033
606;609;2.802
607;603;3.003
607;610;3.01
607;611;3.591
607;625;3.504
607;629;4.091
607;663;3.436
607;666;3.977
608;603;2.814
608;604;3.037
608;625;3.773
609;604;3.148
609;606;2.802
610;607;3.01
610;622;4.135
610;625;2.985
611;607;3.591
611;623;3.085
611;625;2.971
611;651;3.804
611;652;3.367
611;659;2.789
611;663;3.508
612;621;2.654
612;622;3.37
612;652;3.674
612;653;2.915
613;616;3.009
613;617;2.863
613;618;2.828
613;619;2.749
614;652;4.127
614;653;2.775
614;655;3.69
615;618;3.881
616;613;3.009
616;621;3.966
617;613;2.863
618;613;2.828
618;615;3.881
618;1029;3.909
619;613;2.749
620;626;3.568
620;627;3.2
621;612;2.654
621;616;3.966
622;610;4.135
622;612;3.37
622;626;3.529
623;611;3.085
623;626;3.173
623;627;3.13
623;650;2.854
623;651;3.563
624;627;3.032
624;628;2.848
624;649;3.891
625;607;3.504
625;608;3.773
625;610;2.985
625;611;2.971
625;629;3.693
625;651;3.594
626;620;3.568
626;622;3.529
626;623;3.173
626;630;3.499
627;620;3.2
627;623;3.13
627;624;3.032
627;1069;3.612
628;624;2.848
628;634;4.031
628;637;3.968
628;638;3.84
628;1060;3.393
628;1064;3.875
629;603;3.815
629;607;4.091
629;625;3.693
629;634;3.65
629;638;3.649
629;651;4.05
630;604;3.841
630;626;3.499
630;1073;2.713
631;604;3.788
631;634;2.89
631;635;2.948
631;1076;2.873
632;25;3.4
632;597;3.516
632;600;3.97
632;635;3.423
632;636;2.94
633;636;3.194
633;637;2.993
633;1076;3.66
633;1079;3.895
633;1080;3.648
633;1083;3.987
634;628;4.031
634;629;3.65
634;631;2.89
634;637;3.289
634;638;2.986
634;1079;3.109
635;600;3.996
635;631;2.948
635;632;3.423
635;639;2.964
636;596;3.52
636;600;4.009
636;632;2.94
636;633;3.194
636;639;3.484
636;640;2.977
637;628;3.968
637;633;2.993
637;634;3.289
637;640;3.255
637;641;3.036
637;1064;3.965
637;1083;3.62
638;628;3.84
638;629;3.649
638;634;2.986
638;641;3.158
638;642;3.014
638;648;3.799
639;596;3.793
639;599;3.797
639;635;2.964
639;636;3.484
639;642;3.262
639;643;2.986
640;636;2.977
640;637;3.255
640;643;3.036
640;644;3.218
640;1056;3.904
640;1059;3.544
640;1083;3.714
640;1090;3.899
641;637;3.036
641;638;3.158
641;647;2.879
641;1060;3.534
642;638;3.014
642;639;3.262
642;645;3.011
642;667;3.402
642;670;3.582
642;671;3.943
643;592;3.94
643;639;2.986
643;640;3.036
643;674;3.773
644;640;3.218
644;1056;3.521
645;642;3.011
645;667;2.835
646;211;3.807
647;206;3.401
647;211;3.372
647;212;3.654
647;641;2.879
647;667;3.852
647;1061;3.919
648;638;3.799
648;651;3.505
648;667;3.279
649;624;3.891
649;1061;3.541
650;623;2.854
650;1016;3.804
651;611;3.804
651;623;3.563
651;625;3.594
651;629;4.05
651;648;3.505
651;660;3.272
651;663;3.453
652;611;3.367
652;612;3.674
652;614;4.127
652;656;3.377
652;660;3.066
653;612;2.915
653;614;2.775
653;660;3.7
654;1017;3.389
655;614;3.69
656;652;3.377
656;659;2.787
656;660;3.068
657;661;2.952
658;661;3.292
658;662;3.007
659;611;2.789
659;656;2.787
659;662;3.224
659;663;3.092
660;651;3.272
660;652;3.066
660;653;3.7
660;656;3.068
660;663;3.411
660;664;2.916
661;657;2.952
661;658;3.292
661;664;3.279
661;665;3.014
662;658;3.007
662;659;3.224
662;665;3.483
662;666;3.36
663;607;3.436
663;611;3.508
663;651;3.453
663;659;3.092
663;660;3.411
663;666;3.45
663;667;2.948
664;202;3.794
664;660;2.916
664;661;3.279
664;667;3.247
664;668;2.961
665;661;3.014
665;662;3.483
665;668;3.427
665;669;3.022
666;607;3.977
666;662;3.36
666;663;3.45
666;669;3.286
666;670;2.987
667;642;3.402
667;645;2.835
667;647;3.852
667;648;3.279
667;663;2.948
667;664;3.247
667;670;3.308
667;671;2.986
668;205;3.504
668;664;2.961
668;665;3.427
668;671;3.426
668;672;3.0
669;599;4.045
669;665;3.022
669;666;3.286
669;672;3.489
669;673;3.013
670;599;3.553
670;642;3.582
670;666;2.987
670;667;3.308
670;674;2.953
671;205;4.157
671;209;3.624
671;642;3.943
671;667;2.986
671;668;3.426
671;675;2.931
672;205;3.865
672;668;3.0
672;669;3.489
672;675;3.437
672;676;3.034
673;595;3.734
673;599;3.9
673;669;3.013
673;676;3.425
673;677;2.99
674;643;3.773
674;670;2.953
674;677;3.205
674;678;2.93
675;671;2.931
675;672;3.437
675;678;3.261
675;679;2.982
676;114;3.778
676;672;3.034
676;673;3.425
676;680;3.03
677;673;2.99
677;674;3.205
677;680;3.333
677;681;2.918
678;674;2.93
678;675;3.261
678;681;3.135
678;682;3.077
679;246;3.646
679;675;2.982
679;682;3.458
679;683;3.019
680;588;3.507
680;676;3.03
680;677;3.333
680;684;2.915
681;585;3.572
681;588;3.793
681;677;2.918
681;678;3.135
681;684;3.395
681;685;3.129
681;1098;3.389
682;246;3.747
682;250;3.638
682;678;3.077
682;679;3.458
682;685;3.48
682;686;2.947
682;1098;3.616
682;1101;3.774
683;249;3.79
683;250;3.997
683;253;3.686
683;679;3.019
683;686;3.354
683;687;2.947
684;680;2.915
684;681;3.395
684;688;3.081
685;581;3.766
685;584;3.91
685;681;3.129
685;682;3.48
685;688;3.282
685;689;2.994
685;1098;3.683
685;1099;3.829
685;1102;3.528
686;250;3.423
686;682;2.947
686;683;3.354
686;689;3.494
686;690;2.996
686;1105;3.538
687;254;3.898
687;683;2.947
687;690;3.199
687;691;3.027
688;684;3.081
688;685;3.282
688;691;3.205
688;692;3.149
689;685;2.994
689;686;3.494
689;692;2.969
689;693;3.025
689;1102;3.444
689;1106;3.53
690;254;3.869
690;686;2.996
690;687;3.199
690;1106;3.623
690;1109;3.206
691;687;3.027
691;688;3.205
692;688;3.149
692;689;2.969
693;290;2.859
693;689;3.025
693;1106;3.591
694;290;3.92
695;1109;3.545
696;705;3.867
696;1113;2.858
696;1114;2.764
697;271;3.742
697;705;3.663
697;1113;3.441
698;260;4.014
698;701;2.854
698;705;3.823
698;1113;3.936
698;1116;3.392
699;705;3.39
699;706;3.699
699;720;3.278
699;1116;3.454
700;720;2.701
700;1124;3.968
701;271;3.871
701;698;2.854
702;262;3.567
703;271;3.637
703;276;2.653
704;276;3.378
704;280;2.732
704;285;3.775
705;696;3.867
705;697;3.663
705;698;3.823
705;699;3.39
706;275;2.877
706;285;3.725
706;699;3.699
707;285;2.965
707;286;4.002
708;722;2.866
709;720;3.767
709;721;3.937
709;1122;3.775
710;713;3.78
711;1118;3.859
711;1119;3.777
711;1120;3.843
711;1122;3.257
712;1120;3.426
713;710;3.78
713;829;2.85
713;830;3.736
714;829;3.671
714;832;2.89
714;833;2.782
715;718;2.774
715;719;3.551
715;1121;4.004
716;797;3.569
717;799;3.243
718;715;2.774
718;800;3.815
719;715;3.551
720;699;3.278
720;700;2.701
720;709;3.767
720;1122;3.577
721;709;3.937
721;724;3.472
721;806;3.296
722;708;2.866
723;282;3.894
723;731;2.826
724;721;3.472
724;731;4.001
725;731;3.846
726;732;3.966
726;811;3.737
726;813;3.59
726;814;3.722
727;729;2.945
728;813;2.711
729;727;2.945
730;732;2.989
730;734;3.541
731;283;2.788
731;284;3.069
731;723;2.826
731;724;4.001
731;725;3.846
732;726;3.966
732;730;2.989
732;814;2.642
733;735;2.904
733;736;2.962
733;749;2.944
733;750;3.234
733;751;2.731
734;730;3.541
735;733;2.904
735;738;3.622
735;749;3.431
736;733;2.962
737;739;3.351
738;735;3.622
738;749;3.527
739;737;3.351
740;745;3.747
741;743;2.843
742;744;2.822
742;746;3.807
743;741;2.843
744;742;2.822
745;740;3.747
746;742;3.807
747;750;2.959
748;761;2.846
748;765;3.87
749;733;2.944
749;735;3.431
749;738;3.527
749;761;2.868
750;733;3.234
750;747;2.959
751;733;2.731
751;756;3.371
752;756;3.096
752;763;3.972
752;765;3.745
753;772;2.726
754;769;3.475
755;769;3.455
755;771;2.837
756;751;3.371
756;752;3.096
756;762;3.948
757;760;3.801
758;760;3.043
759;766;2.766
760;757;3.801
760;758;3.043
761;748;2.846
761;749;2.868
761;766;3.977
762;756;3.948
762;767;3.976
762;769;3.012
763;752;3.972
764;768;2.845
765;748;3.87
765;752;3.745
766;759;2.766
766;761;3.977
767;762;3.976
768;764;2.845
768;770;3.975
769;754;3.475
769;755;3.455
769;762;3.012
769;771;2.864
770;768;3.975
771;755;2.837
771;769;2.864
772;753;2.726
773;777;3.9
774;777;3.359
774;778;3.489
774;779;3.532
775;776;2.942
776;775;2.942
777;773;3.9
777;774;3.359
778;774;3.489
779;774;3.532
780;786;4.013
781;786;3.437
782;785;3.731
782;786;3.162
783;790;2.766
784;789;2.871
785;782;3.731
785;788;3.193
786;780;4.013
786;781;3.437
786;782;3.162
787;792;2.941
788;785;3.193
788;791;2.942
789;784;2.871
789;1129;2.679
790;783;2.766
791;788;2.942
792;787;2.941
793;801;3.689
793;802;3.618
794;797;2.79
794;1129;3.817
794;1130;2.968
795;1129;2.882
796;798;2.718
797;716;3.569
797;794;2.79
797;800;3.332
798;796;2.718
799;717;3.243
799;807;3.254
799;808;3.701
800;718;3.815
800;797;3.332
801;793;3.689
801;803;2.916
801;804;3.081
801;805;3.801
802;793;3.618
803;801;2.916
804;801;3.081
805;801;3.801
805;810;3.552
806;721;3.296
807;799;3.254
807;811;2.868
808;799;3.701
809;812;3.23
810;805;3.552
811;726;3.737
811;807;2.868
812;809;3.23
813;726;3.59
813;728;2.711
813;814;3.764
814;726;3.722
814;732;2.642
814;813;3.764
815;817;2.858
815;818;3.749
816;818;3.722
817;815;2.858
818;815;3.749
818;816;3.722
819;820;3.321
819;825;3.627
820;819;3.321
820;824;3.668
820;825;3.857
821;824;3.537
822;824;3.043
823;826;3.001
824;820;3.668
824;821;3.537
824;822;3.043
825;819;3.627
825;820;3.857
825;828;3.076
826;823;3.001
826;827;2.875
826;828;3.661
827;826;2.875
828;825;3.076
828;826;3.661
829;713;2.85
829;714;3.671
830;713;3.736
830;832;3.034
831;840;4.125
831;843;3.921
832;714;2.89
832;830;3.034
832;835;3.703
833;714;2.782
834;838;3.785
835;832;3.703
836;839;2.959
837;841;2.683
837;913;2.731
838;834;3.785
839;836;2.959
840;831;4.125
840;842;3.026
840;844;2.815
840;845;2.873
841;837;2.683
842;840;3.026
842;844;3.75
843;831;3.921
844;840;2.815
844;842;3.75
845;840;2.873
846;848;3.502
847;849;2.799
848;846;3.502
848;852;3.734
849;847;2.799
849;852;2.699
849;908;2.907
849;909;2.811
850;853;3.044
851;856;3.785
851;902;3.998
851;905;3.414
851;906;3.546
852;848;3.734
852;849;2.699
852;909;3.975
853;850;3.044
853;856;2.828
853;857;2.955
854;858;3.047
855;858;3.471
855;859;2.888
856;851;3.785
856;853;2.828
856;859;3.267
856;860;2.966
857;853;2.955
857;860;3.426
857;861;3.192
857;965;3.114
858;854;3.047
858;855;3.471
858;861;3.417
858;862;3.016
859;855;2.888
859;856;3.267
859;862;3.195
859;863;2.906
860;856;2.966
860;857;3.426
860;863;3.434
860;864;2.975
860;899;3.792
860;902;3.765
861;857;3.192
861;858;3.417
861;864;3.34
861;865;2.949
861;965;3.423
862;858;3.016
862;859;3.195
862;865;3.297
862;866;2.979
863;859;2.906
863;860;3.434
863;867;2.953
863;899;3.955
864;860;2.975
864;861;3.34
864;868;2.894
864;895;3.989
864;899;3.441
864;958;3.704
864;962;3.777
865;861;2.949
865;862;3.297
865;868;3.175
865;869;2.98
866;862;2.979
866;869;3.119
866;870;3.009
867;863;2.953
867;870;3.42
867;871;2.956
867;958;3.631
868;864;2.894
868;865;3.175
868;872;2.995
869;865;2.98
869;866;3.119
869;872;3.378
869;873;2.954
870;866;3.009
870;867;3.42
870;873;2.984
870;874;3.24
871;867;2.956
871;956;3.86
871;959;4.014
872;868;2.995
872;869;3.378
872;876;3.444
872;1297;3.871
873;869;2.954
873;870;2.984
873;876;3.065
873;877;3.032
873;880;3.515
873;884;3.878
873;888;4.03
874;870;3.24
874;881;2.759
874;949;2.802
875;878;3.34
875;881;2.662
875;1300;3.35
875;1353;3.016
876;872;3.444
876;873;3.065
876;1320;3.806
877;873;3.032
877;880;2.964
877;881;3.025
878;875;3.34
878;881;3.151
878;882;2.99
878;1354;3.964
879;882;2.644
880;873;3.515
880;877;2.964
880;883;3.281
880;884;2.964
881;874;2.759
881;875;2.662
881;877;3.025
881;878;3.151
881;885;3.011
882;878;2.99
882;879;2.644
882;1354;3.44
883;880;3.281
884;873;3.878
884;880;2.964
884;887;3.095
884;888;3.027
885;881;3.011
885;889;2.752
886;890;3.027
887;884;3.095
887;890;3.402
887;891;2.992
888;873;4.03
888;884;3.027
888;891;2.976
888;892;3.276
889;885;2.752
889;892;2.998
889;893;3.036
889;949;2.876
889;952;3.833
890;886;3.027
890;887;3.402
890;893;2.905
890;894;2.952
891;887;2.992
891;888;2.976
891;895;2.927
892;888;3.276
892;889;2.998
892;896;2.998
892;955;3.778
893;889;3.036
893;890;2.905
893;896;3.338
893;897;3.031
894;890;2.952
894;898;2.987
895;864;3.989
895;891;2.927
895;898;3.218
895;899;2.933
895;958;3.634
896;892;2.998
896;893;3.338
896;900;2.978
896;955;3.88
897;893;3.031
897;901;3.033
898;894;2.987
898;895;3.218
898;901;4.017
898;902;2.946
899;860;3.792
899;863;3.955
899;864;3.441
899;895;2.933
899;903;3.002
899;961;3.682
900;896;2.978
900;903;3.334
900;904;2.961
900;928;3.965
900;932;3.71
901;897;3.033
901;898;4.017
901;904;3.357
901;905;2.939
902;851;3.998
902;860;3.765
902;898;2.946
902;906;2.74
902;961;3.588
903;899;3.002
903;900;3.334
903;906;3.496
903;907;2.94
903;925;3.914
904;900;2.961
904;901;3.357
904;907;3.427
904;908;3.002
905;851;3.414
905;901;2.939
905;908;4.011
905;909;2.965
906;851;3.546
906;902;2.74
906;903;3.496
906;909;3.422
906;910;3.064
906;915;3.611
906;921;4.143
906;924;2.675
907;903;2.94
907;904;3.427
907;910;3.023
907;911;2.913
907;915;3.995
908;849;2.907
908;904;3.002
908;905;4.011
909;849;2.811
909;852;3.975
909;905;2.965
909;906;3.422
910;906;3.064
910;907;3.023
910;914;2.913
910;918;3.754
910;921;3.638
911;907;2.913
911;914;2.966
911;915;2.984
912;915;3.448
912;916;3.021
913;837;2.731
913;916;3.04
913;917;2.89
914;910;2.913
914;911;2.966
915;906;3.611
915;907;3.995
915;911;2.984
915;912;3.448
915;918;3.033
915;921;3.801
915;925;3.911
916;912;3.021
916;913;3.04
916;922;3.688
916;925;6.465
917;913;2.89
918;910;3.754
918;915;3.033
918;921;3.014
918;922;2.934
919;923;2.974
920;923;3.412
920;924;2.989
920;970;4.006
920;973;3.95
921;906;4.143
921;910;3.638
921;915;3.801
921;918;3.014
921;924;3.211
921;925;2.976
922;916;3.688
922;918;2.934
922;925;3.642
922;926;2.977
923;919;2.974
923;920;3.412
923;926;3.253
924;906;2.675
924;920;2.989
924;921;3.211
924;961;2.961
924;964;2.796
925;903;3.914
925;915;3.911
925;916;6.465
925;921;2.976
925;922;3.642
925;928;3.024
925;929;2.962
926;922;2.977
926;923;3.253
926;930;3.028
927;957;4.01
927;961;3.707
928;900;3.965
928;925;3.024
928;931;3.276
928;932;3.103
929;925;2.962
929;932;2.852
929;933;2.915
930;926;3.028
930;934;2.964
930;954;3.714
931;928;3.276
931;934;3.986
931;935;3.057
931;955;2.859
932;900;3.71
932;928;3.103
932;929;2.852
932;935;3.329
932;936;2.99
933;929;2.915
933;936;3.178
933;937;2.995
934;930;2.964
934;931;3.986
934;937;3.498
934;938;3.001
935;931;3.057
935;932;3.329
935;938;3.29
935;939;2.989
935;948;3.805
936;932;2.99
936;933;3.178
936;939;3.216
936;940;2.935
937;933;2.995
937;934;3.498
937;940;3.171
937;941;2.976
938;934;3.001
938;935;3.29
938;943;3.036
938;947;3.313
938;948;3.296
938;951;3.655
939;935;2.989
939;936;3.216
939;942;2.998
940;936;2.935
940;937;3.171
941;937;2.976
942;939;2.998
943;938;3.036
944;947;3.849
945;948;3.465
945;949;3.019
946;949;2.741
946;950;3.205
947;938;3.313
947;944;3.849
947;951;2.969
948;935;3.805
948;938;3.296
948;945;3.465
948;952;2.943
949;874;2.802
949;889;2.876
949;945;3.019
949;946;2.741
949;952;3.871
949;1352;3.906
950;946;3.205
