source;destination;distance
0;3;2.796
1;47;3.608
2;7;3.655
2;48;3.677
3;0;2.796
4;7;3.293
4;8;2.974
5;9;2.972
6;10;2.968
7;2;3.655
7;4;3.293
7;10;3.138
7;11;2.967
7;43;3.894
7;47;3.709
8;4;2.974
8;11;3.352
8;12;2.954
9;5;2.972
9;13;2.937
10;6;2.968
10;7;3.138
10;13;3.497
10;14;2.95
11;7;2.967
11;8;3.352
11;14;3.378
11;15;3.0
11;44;3.616
12;8;2.954
12;16;2.977
12;104;3.973
13;9;2.937
13;10;3.497
13;16;3.4
13;17;2.945
14;10;2.95
14;11;3.378
14;18;3.009
14;37;3.883
15;11;3.0
15;19;2.986
15;37;3.723
15;99;3.989
15;100;3.61
16;12;2.977
16;13;3.4
16;19;3.127
16;20;3.086
17;13;2.945
17;20;3.285
17;21;2.98
18;14;3.009
18;22;2.956
18;37;3.15
18;96;3.573
19;15;2.986
19;16;3.127
19;22;3.174
19;97;3.504
19;594;3.498
20;16;3.086
20;17;3.285
21;17;2.98
21;24;2.98
21;30;3.619
21;33;3.41
22;18;2.956
22;19;3.174
22;93;4.044
22;97;4.02
23;594;3.735
24;21;2.98
24;27;4.007
25;629;3.437
26;30;3.837
27;24;4.007
27;30;2.845
28;31;2.707
28;32;3.028
29;32;3.313
29;33;2.974
30;21;3.619
30;26;3.837
30;27;2.845
30;33;3.436
30;34;3.006
31;28;2.707
31;34;3.478
31;35;3.006
32;28;3.028
32;29;3.313
32;36;3.005
33;21;3.41
33;29;2.974
33;30;3.436
33;36;3.218
33;37;2.945
34;30;3.006
34;31;3.478
34;37;3.368
34;38;2.934
34;93;2.823
34;96;3.229
35;31;3.006
35;38;3.299
35;39;2.96
35;81;3.908
36;32;3.005
36;33;3.218
36;39;3.384
36;40;3.003
37;14;3.883
37;15;3.723
37;18;3.15
37;33;2.945
37;34;3.368
37;40;3.007
37;41;2.854
37;96;3.473
38;34;2.934
38;35;3.299
38;42;2.976
38;80;2.746
39;35;2.96
39;36;3.384
39;42;3.166
39;43;2.982
40;36;3.003
40;37;3.007
40;43;3.48
40;44;2.916
41;37;2.854
41;45;2.95
41;73;3.461
41;99;3.471
42;38;2.976
42;39;3.166
42;45;3.303
42;46;2.969
43;7;3.894
43;39;2.982
43;40;3.48
43;46;3.384
43;47;3.057
44;11;3.616
44;40;2.916
44;47;3.242
44;48;2.813
44;99;2.66
45;41;2.95
45;42;3.303
45;49;2.99
45;56;3.973
45;73;3.924
46;42;2.969
46;43;3.384
46;50;3.068
46;51;4.011
47;1;3.608
47;7;3.709
47;43;3.057
47;44;3.242
48;2;3.677
48;44;2.813
48;66;3.204
48;69;2.653
49;45;2.99
49;56;4.022
49;59;3.849
49;66;3.676
50;46;3.068
50;53;3.065
50;55;3.662
51;46;4.011
52;55;3.685
52;58;3.475
53;50;3.065
53;56;2.984
54;57;2.991
55;50;3.662
55;52;3.685
55;58;2.998
56;45;3.973
56;49;4.022
56;53;2.984
56;59;3.044
56;70;3.913
57;54;2.991
57;60;3.018
58;52;3.475
58;55;2.998
58;61;3.031
59;49;3.849
59;56;3.044
59;62;2.98
59;63;3.781
59;66;3.501
59;67;4.0
59;70;3.776
60;57;3.018
61;58;3.031
62;59;2.98
63;59;3.781
63;66;3.468
63;67;2.922
64;67;3.469
64;68;3.034
65;68;3.034
65;69;3.053
65;102;3.363
65;108;3.211
65;111;3.842
66;48;3.204
66;49;3.676
66;59;3.501
66;63;3.468
66;69;3.834
66;70;2.977
67;59;4.0
67;63;2.922
67;64;3.469
67;70;3.396
67;71;2.947
68;64;3.034
68;65;3.034
68;72;2.998
68;101;3.911
69;48;2.653
69;65;3.053
69;66;3.834
69;72;3.327
69;73;2.916
69;99;3.155
69;102;2.775
70;56;3.913
70;59;3.776
70;66;2.977
70;67;3.396
70;73;3.177
70;74;2.983
71;67;2.947
71;74;3.429
71;75;2.982
72;68;2.998
72;69;3.327
72;76;2.917
72;95;3.627
73;41;3.461
73;45;3.924
73;69;2.916
73;70;3.177
73;76;3.465
73;77;2.895
74;70;2.983
74;71;3.429
74;77;3.386
74;78;3.009
75;71;2.982
75;79;2.987
75;89;3.582
75;92;3.308
76;72;2.917
76;73;3.465
76;79;2.998
76;80;2.862
77;73;2.895
77;74;3.386
77;81;2.968
78;74;3.009
78;82;3.004
79;75;2.987
79;76;2.998
79;83;3.946
79;89;2.744
80;38;2.746
80;76;2.862
80;96;3.6
81;35;3.908
81;77;2.968
82;78;3.004
82;84;2.987
83;79;3.946
83;90;2.96
83;93;3.609
84;82;2.987
85;89;3.513
86;89;3.124
87;90;2.922
87;91;3.191
87;603;3.904
88;91;3.114
89;75;3.582
89;79;2.744
89;85;3.513
89;86;3.124
89;92;3.005
90;83;2.96
90;87;2.922
91;87;3.191
91;88;3.114
91;94;3.009
91;602;3.402
91;603;3.843
92;75;3.308
92;89;3.005
92;95;2.867
93;22;4.044
93;34;2.823
93;83;3.609
93;96;2.917
94;91;3.009
94;97;2.871
94;595;3.958
94;598;3.642
94;599;3.69
95;72;3.627
95;92;2.867
95;98;3.136
95;99;3.035
96;18;3.573
96;34;3.229
96;37;3.473
96;80;3.6
96;93;2.917
96;99;3.159
97;19;3.504
97;22;4.02
97;94;2.871
97;100;3.02
98;95;3.136
98;101;2.724
98;595;3.979
99;15;3.989
99;41;3.471
99;44;2.66
99;69;3.155
99;95;3.035
99;96;3.159
99;102;2.768
99;103;3.388
100;15;3.61
100;97;3.02
100;103;2.99
100;104;2.952
100;107;3.657
100;591;3.522
101;68;3.911
101;98;2.724
101;111;3.813
102;65;3.363
102;69;2.775
102;99;2.768
102;108;2.792
103;99;3.388
103;100;2.99
104;12;3.973
104;100;2.952
104;107;3.091
104;108;2.98
105;108;3.378
105;109;2.946
106;110;3.137
106;584;3.419
107;100;3.657
107;104;3.091
107;110;3.413
107;111;3.01
107;588;3.683
108;65;3.211
108;102;2.792
108;104;2.98
108;105;3.378
108;111;3.45
108;112;2.978
109;105;2.946
109;112;3.129
109;113;3.011
110;106;3.137
110;107;3.413
110;113;3.118
110;114;3.0
110;584;3.334
111;65;3.842
111;101;3.813
111;107;3.01
111;108;3.45
111;114;3.311
111;115;3.024
112;108;2.978
112;109;3.129
112;115;3.43
112;116;2.991
113;109;3.011
113;110;3.118
113;116;3.245
113;117;3.017
114;110;3.0
114;111;3.311
114;117;3.07
114;118;3.245
114;673;3.803
115;111;3.024
115;112;3.43
115;118;2.961
116;112;2.991
116;113;3.245
116;119;2.819
116;260;3.888
117;113;3.017
117;114;3.07
117;120;3.135
117;121;3.004
118;114;3.245
118;115;2.961
118;122;2.998
119;116;2.819
119;264;2.728
120;117;3.135
120;260;3.441
120;263;2.637
120;264;2.813
121;117;3.004
121;124;3.35
121;125;2.937
121;257;3.763
122;118;2.998
122;126;2.987
123;126;3.148
123;127;3.094
123;1249;3.462
123;1250;2.918
124;121;3.35
124;127;3.448
124;128;3.176
124;249;3.628
124;253;3.923
124;1253;3.945
125;121;2.937
125;128;3.376
125;129;2.923
126;122;2.987
126;123;3.148
126;129;3.318
126;130;2.988
127;123;3.094
127;124;3.448
127;130;3.948
127;131;2.965
127;1244;3.979
127;1250;3.965
127;1253;3.789
128;124;3.176
128;125;3.376
128;131;3.306
128;132;2.89
128;249;3.404
129;125;2.923
129;126;3.318
129;133;3.011
130;126;2.988
130;127;3.948
130;133;3.447
130;134;2.938
130;1240;3.661
130;1243;3.38
130;1244;3.593
131;127;2.965
131;128;3.306
131;134;3.459
131;135;2.873
132;128;2.89
132;136;2.969
132;209;3.684
132;212;3.963
133;129;3.011
133;130;3.447
133;136;3.185
133;137;3.0
134;130;2.938
134;131;3.459
134;137;3.317
134;138;2.98
134;1151;3.723
134;1240;3.872
135;131;2.873
135;139;2.957
135;212;3.562
135;245;3.821
136;132;2.969
136;133;3.185
136;140;2.928
136;205;3.827
136;209;3.921
137;133;3.0
137;134;3.317
137;140;3.26
137;141;3.129
137;205;3.823
137;1237;3.914
138;134;2.98
138;141;3.065
138;142;3.472
138;238;3.689
138;1234;3.593
138;1237;3.935
139;135;2.957
139;142;3.44
139;143;2.962
139;202;3.66
140;136;2.928
140;137;3.26
140;144;3.711
140;203;3.92
140;204;3.54
140;205;3.942
141;137;3.129
141;138;3.065
141;1234;3.928
141;1237;3.359
142;138;3.472
142;139;3.44
142;1230;3.601
142;1234;3.863
143;139;2.962
143;225;3.006
143;235;3.464
143;238;3.743
143;239;3.861
144;140;3.711
144;203;3.945
145;150;2.748
145;198;3.016
146;192;3.04
146;196;3.857
146;197;3.913
146;198;3.403
147;150;2.934
147;151;3.854
147;193;3.866
147;196;2.802
148;196;2.874
148;199;3.727
148;203;2.662
149;155;3.638
150;145;2.748
150;147;2.934
150;154;3.571
150;193;2.878
151;147;3.854
151;188;3.47
151;191;2.917
152;188;3.643
153;186;2.75
154;150;3.571
155;149;3.638
156;160;3.857
157;160;3.95
158;160;3.651
159;162;3.758
159;183;3.732
160;156;3.857
160;157;3.95
160;158;3.651
161;173;3.955
161;182;3.141
161;183;2.868
162;159;3.758
162;172;3.98
163;172;3.013
163;173;2.833
164;166;2.891
165;168;2.811
166;164;2.891
167;172;2.985
168;165;2.811
169;175;2.634
170;175;3.769
170;177;2.853
171;174;3.587
171;175;2.935
171;181;3.273
171;183;3.76
172;162;3.98
172;163;3.013
172;167;2.985
173;161;3.955
173;163;2.833
174;171;3.587
174;176;3.102
175;169;2.634
175;170;3.769
175;171;2.935
175;179;3.243
176;174;3.102
176;178;3.724
177;170;2.853
178;176;3.724
179;175;3.243
179;181;3.004
180;185;3.895
181;171;3.273
181;179;3.004
181;184;3.316
182;161;3.141
183;159;3.732
183;161;2.868
183;171;3.76
184;181;3.316
185;180;3.895
186;153;2.75
187;1001;4.083
187;1003;3.661
188;151;3.47
188;152;3.643
189;1005;4.098
190;193;3.9
190;1002;3.673
191;151;2.917
191;193;3.003
192;146;3.04
193;147;3.866
193;150;2.878
193;190;3.9
193;191;3.003
194;197;3.218
194;1002;3.746
195;1000;2.904
195;1002;3.376
196;146;3.857
196;147;2.802
196;148;2.874
196;199;3.135
197;146;3.913
197;194;3.218
197;228;3.486
197;229;3.913
198;145;3.016
198;146;3.403
199;148;3.727
199;196;3.135
199;202;2.999
199;203;3.016
199;207;3.515
200;207;3.187
201;207;3.37
201;225;3.517
202;139;3.66
202;199;2.999
202;208;3.515
202;211;3.479
202;225;3.1
202;239;3.854
203;140;3.92
203;144;3.945
203;148;2.662
203;199;3.016
204;140;3.54
204;207;2.797
204;208;2.97
205;136;3.827
205;137;3.823
205;140;3.942
205;209;2.957
206;210;2.992
207;199;3.515
207;200;3.187
207;201;3.37
207;204;2.797
207;210;3.265
207;211;2.956
208;202;3.515
208;204;2.97
208;211;3.284
208;212;2.951
209;132;3.684
209;136;3.921
209;205;2.957
209;213;2.939
210;206;2.992
210;207;3.265
210;213;3.092
210;214;2.962
210;661;3.817
211;202;3.479
211;207;2.956
211;208;3.284
211;214;3.33
211;215;2.936
212;132;3.963
212;135;3.562
212;208;2.951
212;215;3.948
212;216;2.956
213;209;2.939
213;210;3.092
213;216;3.226
213;217;2.943
213;665;3.512
213;669;3.886
214;210;2.962
214;211;3.33
214;218;2.972
214;219;2.81
214;220;3.809
214;644;3.693
215;211;2.936
215;212;3.948
215;218;3.089
215;221;3.59
215;239;3.851
215;242;3.789
215;243;3.701
216;212;2.956
216;213;3.226
217;213;2.943
217;668;3.642
218;214;2.972
218;215;3.089
218;1315;3.145
218;1317;3.014
219;214;2.81
219;643;3.803
219;644;3.406
220;214;3.809
220;223;2.937
220;224;3.048
220;644;5.586
220;1322;3.994
221;215;3.59
221;225;3.077
221;226;3.151
221;240;3.892
221;243;3.352
221;1308;3.683
221;1311;3.556
221;1312;3.551
222;226;3.14
222;227;2.875
222;1308;3.812
222;1312;3.69
222;1347;3.411
222;1348;2.761
222;1349;3.323
223;220;2.937
223;227;3.719
223;1322;3.6
223;1349;3.392
224;220;3.048
224;227;3.091
225;143;3.006
225;201;3.517
225;202;3.1
225;221;3.077
225;235;3.167
225;239;6.233
226;221;3.151
226;222;3.14
226;229;2.949
226;236;3.4
226;1308;3.12
226;1347;3.48
227;222;2.875
227;223;3.719
227;224;3.091
227;1346;3.875
227;1347;3.354
228;197;3.486
229;197;3.913
229;226;2.949
229;231;2.954
229;232;3.138
229;235;3.534
230;232;3.054
230;1298;3.845
230;1305;3.676
230;1343;2.877
230;1346;3.472
231;229;2.954
231;235;3.024
232;229;3.138
232;230;3.054
232;235;2.974
232;236;2.944
232;1344;3.793
232;1345;3.489
233;236;3.653
233;237;2.918
233;1342;2.828
233;1344;2.787
234;1227;3.728
234;1230;3.813
234;1231;3.281
234;1344;2.951
235;143;3.464
235;225;3.167
235;229;3.534
235;231;3.024
235;232;2.974
235;238;3.043
235;239;3.441
236;226;3.4
236;232;2.944
236;233;3.653
236;239;3.315
236;240;2.941
236;1308;3.504
236;1345;3.984
236;1346;3.989
237;233;2.918
237;241;2.98
238;138;3.689
238;143;3.743
238;235;3.043
238;241;3.126
238;242;2.964
239;143;3.861
239;202;3.854
239;215;3.851
239;225;6.233
239;235;3.441
239;236;3.315
239;242;3.165
239;243;2.968
240;221;3.892
240;236;2.941
240;243;3.179
240;244;2.975
240;1311;3.964
241;237;2.98
241;238;3.126
241;245;2.938
242;215;3.789
242;238;2.964
242;239;3.165
242;246;2.909
243;215;3.701
243;221;3.352
243;239;2.968
243;240;3.179
243;246;3.497
243;247;2.937
243;1311;3.389
244;240;2.975
244;248;2.963
244;1311;3.367
245;135;3.821
245;241;2.938
245;249;2.921
246;242;2.909
246;243;3.497
246;250;2.939
247;243;2.937
247;250;3.479
247;251;2.991
248;244;2.963
248;251;3.438
248;252;2.922
248;1257;3.667
248;1264;3.626
249;124;3.628
249;128;3.404
249;245;2.921
249;252;3.159
249;253;2.885
250;246;2.939
250;247;3.479
250;253;3.301
250;254;2.97
251;247;2.991
251;248;3.438
251;254;3.96
251;255;2.976
251;1375;3.691
252;248;2.922
252;249;3.159
252;255;3.595
252;256;2.889
252;1253;3.16
252;1256;3.789
253;124;3.923
253;249;2.885
253;250;3.301
253;256;3.186
253;257;2.947
253;676;3.817
254;250;2.97
254;251;3.96
254;258;3.131
254;676;3.651
254;679;3.725
254;1372;3.268
255;251;2.976
255;252;3.595
255;258;3.465
255;259;2.936
255;1375;3.873
255;1376;3.94
255;1379;3.481
256;252;2.889
256;253;3.186
256;260;2.925
257;121;3.763
257;253;2.947
257;260;3.353
257;261;3.076
257;680;3.777
258;254;3.131
258;255;3.465
258;261;3.261
258;262;3.083
258;679;3.586
258;680;3.979
258;683;3.431
258;1376;3.423
259;255;2.936
259;263;2.869
259;1380;3.893
260;116;3.888
260;120;3.441
260;256;2.925
260;257;3.353
260;263;3.436
260;264;2.985
261;257;3.076
261;258;3.261
261;264;3.439
261;265;3.069
261;680;3.771
262;258;3.083
262;265;3.315
262;266;2.917
262;1380;3.458
263;120;2.637
263;259;2.869
263;260;3.436
263;266;3.14
263;267;3.534
264;119;2.728
264;120;2.813
264;260;2.985
264;261;3.439
264;274;2.986
265;261;3.069
265;262;3.315
265;274;2.749
265;275;3.418
265;684;3.747
266;262;2.917
266;263;3.14
266;273;3.58
266;276;3.479
266;278;3.438
267;263;3.534
267;272;2.749
267;273;2.775
268;271;3.547
268;696;4.04
269;276;3.618
269;714;4.03
270;712;3.994
271;268;3.547
271;273;3.581
272;267;2.749
273;266;3.58
273;267;2.775
273;271;3.581
273;276;3.176
274;264;2.986
274;265;2.749
275;265;3.418
275;276;3.449
276;266;3.479
276;269;3.618
276;273;3.176
276;275;3.449
276;278;3.025
277;280;3.033
277;284;3.76
278;266;3.438
278;276;3.025
278;694;3.924
279;281;2.916
279;283;3.64
279;284;3.293
279;694;3.455
279;714;3.586
280;277;3.033
281;279;2.916
281;284;2.808
282;285;3.035
282;293;2.777
282;294;2.741
282;295;2.786
283;279;3.64
283;286;2.956
283;287;2.677
283;714;3.734
284;277;3.76
284;279;3.293
284;281;2.808
284;287;3.832
285;282;3.035
285;296;2.876
286;283;2.956
286;289;3.912
286;291;3.169
286;292;2.761
286;293;2.805
287;283;2.677
287;284;3.832
287;714;2.889
288;289;3.037
289;286;3.912
289;288;3.037
290;716;2.742
291;286;3.169
291;720;3.881
292;286;2.761
293;282;2.777
293;286;2.805
294;282;2.741
295;282;2.786
295;297;3.522
295;308;2.691
296;285;2.876
297;295;3.522
297;691;3.571
298;690;2.874
298;691;3.43
298;1089;3.512
298;1090;3.748
298;1093;3.648
299;1090;3.466
299;1093;3.796
299;1094;3.793
300;307;3.259
300;308;4.102
301;307;3.768
302;306;2.612
303;963;3.651
304;959;3.595
305;306;3.299
306;302;2.612
306;305;3.299
307;300;3.259
307;301;3.768
307;309;3.075
308;295;2.691
308;300;4.102
308;315;3.094
309;307;3.075
309;315;3.153
310;312;2.96
310;315;3.898
311;727;2.633
312;310;2.96
312;315;3.691
312;320;3.884
313;320;2.965
313;321;2.821
314;316;3.037
315;308;3.094
315;309;3.153
315;310;3.898
315;312;3.691
316;314;3.037
316;324;2.636
317;320;3.779
317;733;2.798
318;325;3.162
318;731;2.729
319;322;2.987
319;323;2.689
319;325;2.669
320;312;3.884
320;313;2.965
320;317;3.779
320;731;2.806
320;733;2.622
321;313;2.821
322;319;2.987
323;319;2.689
323;328;3.283
324;316;2.636
324;327;2.934
324;328;2.952
325;318;3.162
325;319;2.669
326;329;2.817
327;324;2.934
328;323;3.283
328;324;2.952
329;326;2.817
330;331;2.876
331;330;2.876
332;436;3.735
332;437;2.948
332;438;2.735
333;431;3.285
333;435;3.973
334;431;3.148
334;432;3.803
335;431;2.808
336;431;2.606
337;340;3.849
338;348;3.02
338;430;3.718
338;431;3.94
339;342;2.943
339;343;3.198
339;344;3.364
339;349;3.932
340;337;3.849
341;345;3.509
342;339;2.943
343;339;3.198
343;349;3.854
344;339;3.364
344;347;2.957
344;348;3.723
344;429;3.674
344;430;3.505
345;341;3.509
346;349;3.818
347;344;2.957
348;338;3.02
348;344;3.723
348;430;2.838
348;432;2.636
349;339;3.932
349;343;3.854
349;346;3.818
350;355;3.346
350;356;3.23
351;354;3.171
351;356;3.033
352;357;2.938
353;366;3.752
354;351;3.171
355;350;3.346
356;350;3.23
356;351;3.033
357;352;2.938
357;359;3.231
358;362;3.699
359;357;3.231
359;362;2.99
359;366;4.028
360;363;3.032
361;364;2.99
361;365;2.994
361;366;3.527
362;358;3.699
362;359;2.99
363;360;3.032
364;361;2.99
365;361;2.994
365;367;3.837
366;353;3.752
366;359;4.028
366;361;3.527
367;365;3.837
368;370;3.831
369;376;3.621
370;368;3.831
371;373;3.441
372;390;2.973
373;371;3.441
373;390;3.056
374;391;2.846
374;396;3.578
375;378;2.979
376;369;3.621
376;380;3.926
377;379;2.961
377;380;3.328
377;382;2.784
377;385;3.828
378;375;2.979
379;377;2.961
379;381;3.309
380;376;3.926
380;377;3.328
381;379;3.309
382;377;2.784
382;385;2.777
382;386;2.955
383;385;2.903
384;387;3.012
385;377;3.828
385;382;2.777
385;383;2.903
386;382;2.955
387;384;3.012
388;392;2.732
388;393;3.741
389;392;2.984
390;372;2.973
390;373;3.056
391;374;2.846
391;394;2.968
391;395;3.028
392;388;2.732
392;389;2.984
393;388;3.741
394;391;2.968
395;391;3.028
396;374;3.578
397;398;3.009
398;397;3.009
399;400;2.825
400;399;2.825
401;403;2.835
402;403;2.798
402;408;3.51
402;409;3.877
403;401;2.835
403;402;2.798
403;408;2.792
404;407;2.841
404;408;4.028
405;408;3.99
406;408;2.975
407;404;2.841
408;402;3.51
408;403;2.792
408;404;4.028
408;405;3.99
408;406;2.975
409;402;3.877
409;410;2.995
410;409;2.995
411;413;3.562
412;414;2.953
413;411;3.562
413;415;3.324
414;412;2.953
414;416;3.049
415;413;3.324
416;414;3.049
417;418;3.232
418;417;3.232
419;420;3.52
419;424;3.601
420;419;3.52
420;424;3.725
421;422;3.052
422;421;3.052
423;425;2.939
423;428;3.666
424;419;3.601
424;420;3.725
425;423;2.939
425;427;3.004
425;428;3.04
426;428;2.973
427;425;3.004
428;423;3.666
428;425;3.04
428;426;2.973
429;344;3.674
429;432;2.966
429;433;3.482
430;338;3.718
430;344;3.505
430;348;2.838
431;333;3.285
431;334;3.148
431;335;2.808
431;336;2.606
431;338;3.94
432;334;3.803
432;348;2.636
432;429;2.966
433;429;3.482
434;436;3.741
435;333;3.973
435;436;3.156
436;332;3.735
436;434;3.741
436;435;3.156
437;332;2.948
437;443;3.746
438;332;2.735
439;442;3.06
440;443;3.012
440;444;3.194
440;445;3.945
441;446;3.837
441;447;2.853
441;448;3.761
442;439;3.06
443;437;3.746
443;440;3.012
444;440;3.194
445;440;3.945
446;441;3.837
447;441;2.853
448;441;3.761
448;449;3.38
449;448;3.38
450;453;2.738
451;454;3.67
452;455;3.174
453;450;2.738
454;451;3.67
455;452;3.174
455;458;3.112
455;459;3.9
455;461;2.936
455;462;2.776
456;457;4.016
456;458;3.576
456;515;3.202
456;516;2.76
457;456;4.016
457;515;3.625
458;455;3.112
458;456;3.576
458;461;2.98
458;462;3.097
459;455;3.9
459;462;2.99
460;512;3.654
461;455;2.936
461;458;2.98
461;517;3.36
462;455;2.776
462;458;3.097
462;459;2.99
462;465;2.979
462;466;3.158
463;467;2.956
464;468;2.964
465;462;2.979
465;468;3.221
465;469;3.014
466;462;3.158
466;469;3.415
466;470;2.93
466;564;2.691
467;463;2.956
467;470;3.212
467;471;2.975
468;464;2.964
468;465;3.221
468;472;3.05
469;465;3.014
469;466;3.415
469;472;3.323
469;473;2.98
469;505;4.014
469;509;3.798
469;561;3.946
470;466;2.93
470;467;3.212
470;473;2.995
470;474;3.087
470;565;2.739
470;566;3.612
471;467;2.975
471;474;3.475
471;475;3.007
472;468;3.05
472;469;3.323
472;476;2.983
472;502;3.666
473;469;2.98
473;470;2.995
473;476;3.09
473;477;3.067
473;506;3.31
473;559;3.866
473;561;3.885
473;562;3.833
474;470;3.087
474;471;3.475
474;477;3.121
474;478;3.437
474;562;3.818
475;471;3.007
475;478;3.338
475;479;3.028
476;472;2.983
476;473;3.09
476;479;3.282
476;480;2.996
476;502;3.243
476;558;3.154
477;473;3.067
477;474;3.121
477;481;3.055
477;559;3.648
477;977;3.938
478;474;3.437
478;475;3.338
478;481;3.204
478;482;2.99
479;475;3.028
479;476;3.282
479;482;3.054
479;483;2.941
479;495;3.577
480;476;2.996
480;483;3.034
480;556;4.012
480;558;3.779
480;559;3.668
480;981;4.019
481;477;3.055
481;478;3.204
482;478;2.99
482;479;3.054
482;487;3.446
483;479;2.941
483;480;3.034
483;488;3.008
483;499;3.415
484;488;2.967
484;1024;3.324
484;1025;3.004
485;489;3.57
486;489;2.962
486;490;2.994
487;482;3.446
487;490;3.377
487;491;3.001
488;483;3.008
488;484;2.967
488;492;2.821
489;485;3.57
489;486;2.962
489;492;2.739
490;486;2.994
490;487;3.377
491;487;3.001
491;494;3.036
491;495;2.943
492;488;2.821
492;489;2.739
492;496;2.955
493;496;3.476
493;497;3.051
494;491;3.036
494;497;3.994
494;498;2.965
495;479;3.577
495;491;2.943
495;498;3.336
495;499;2.924
496;492;2.955
496;493;3.476
496;499;3.348
496;500;3.034
497;493;3.051
497;494;3.994
497;501;2.964
498;494;2.965
498;495;3.336
498;502;2.956
499;483;3.415
499;495;2.924
499;496;3.348
499;502;3.399
499;503;3.088
499;558;3.274
500;496;3.034
500;503;3.338
500;504;3.012
500;542;3.797
500;543;3.399
501;497;2.964
501;504;3.024
501;505;3.085
502;472;3.666
502;476;3.243
502;498;2.956
502;499;3.399
502;505;3.061
502;506;3.372
503;499;3.088
503;500;3.338
503;506;2.944
503;538;2.828
503;539;3.739
503;542;3.803
504;500;3.012
504;501;3.024
504;507;2.872
505;469;4.014
505;501;3.085
505;502;3.061
505;508;3.059
505;509;3.238
506;473;3.31
506;502;3.372
506;503;2.944
506;510;2.986
506;535;3.682
506;539;3.897
506;561;3.431
507;504;2.872
507;510;3.411
507;511;3.03
507;539;3.497
508;505;3.059
508;512;3.058
509;469;3.798
509;505;3.238
509;512;3.411
509;513;2.946
509;561;2.745
509;564;2.719
510;506;2.986
510;507;3.411
510;514;2.992
510;535;3.647
511;507;3.03
511;514;3.224
511;515;3.085
512;460;3.654
512;508;3.058
512;509;3.411
512;516;2.987
513;509;2.946
513;516;3.001
513;517;3.039
513;521;2.67
513;522;3.642
513;528;2.771
514;510;2.992
514;511;3.224
514;522;3.718
514;523;3.929
515;456;3.202
515;457;3.625
515;511;3.085
516;456;2.76
516;512;2.987
516;513;3.001
517;461;3.36
517;513;3.039
517;521;3.56
518;521;2.922
518;522;2.925
519;523;2.977
520;524;3.068
521;513;2.67
521;517;3.56
521;518;2.922
521;524;3.07
521;525;2.929
522;513;3.642
522;514;3.718
522;518;2.925
522;528;3.187
522;532;2.973
523;514;3.929
523;519;2.977
524;520;3.068
524;521;3.07
525;521;2.929
525;528;2.956
525;529;3.036
526;529;3.953
526;530;3.01
527;531;2.993
527;569;2.943
527;572;3.909
528;513;2.771
528;522;3.187
528;525;2.956
528;532;2.961
529;525;3.036
529;526;3.953
529;532;3.376
529;533;2.986
530;526;3.01
530;533;3.44
530;534;3.021
531;527;2.993
531;534;3.202
531;535;2.903
531;561;2.646
531;564;3.866
532;522;2.973
532;528;2.961
532;529;3.376
532;536;3.008
533;529;2.986
533;530;3.44
533;536;3.182
533;537;3.089
534;530;3.021
534;531;3.202
534;538;3.027
535;506;3.682
535;510;3.647
535;531;2.903
535;539;2.933
535;561;3.754
536;532;3.008
536;533;3.182
536;540;2.991
537;533;3.089
537;541;3.202
537;554;3.569
538;503;2.828
538;534;3.027
538;542;3.406
538;558;3.087
539;503;3.739
539;506;3.897
539;507;3.497
539;535;2.933
539;542;3.195
539;543;2.912
540;536;2.991
540;543;3.251
540;544;3.026
541;537;3.202
541;545;3.01
541;546;3.044
541;555;3.952
542;500;3.797
542;503;3.803
542;538;3.406
542;539;3.195
542;546;3.756
542;555;3.95
543;500;3.399
543;539;2.912
543;540;3.251
544;540;3.026
545;541;3.01
545;547;2.923
546;541;3.044
546;542;3.756
546;552;2.823
547;545;2.923
547;552;3.249
548;551;2.796
549;552;3.268
549;553;2.936
550;553;3.303
550;554;2.961
550;1064;3.857
551;548;2.796
551;554;3.054
551;555;3.082
552;546;2.823
552;547;3.249
552;549;3.268
552;555;2.95
553;549;2.936
553;550;3.303
553;556;2.984
553;985;3.145
554;537;3.569
554;550;2.961
554;551;3.054
554;557;2.985
555;541;3.952
555;542;3.95
555;551;3.082
555;552;2.95
555;558;3.049
556;480;4.012
556;553;2.984
556;559;3.182
556;981;3.709
556;982;3.922
557;554;2.985
557;560;2.897
557;978;3.875
558;476;3.154
558;480;3.779
558;499;3.274
558;538;3.087
558;555;3.049
558;561;2.969
559;473;3.866
559;477;3.648
559;480;3.668
559;556;3.182
559;562;2.925
559;974;3.822
559;978;3.52
560;557;2.897
560;563;2.786
560;975;3.354
560;978;3.476
561;469;3.946
561;473;3.885
561;506;3.431
561;509;2.745
561;531;2.646
561;535;3.754
561;558;2.969
561;564;2.988
562;473;3.833
562;474;3.818
562;559;2.925
562;565;2.97
562;566;2.952
562;568;3.868
562;974;3.583
563;560;2.786
564;466;2.691
564;509;2.719
564;531;3.866
564;561;2.988
565;470;2.739
565;562;2.97
566;470;3.612
566;562;2.952
566;568;3.909
566;569;3.02
567;570;3.094
567;571;2.932
567;967;3.265
568;562;3.868
568;566;3.909
568;571;3.195
568;572;3.017
568;971;3.496
569;527;2.943
569;566;3.02
569;572;3.862
569;573;3.056
570;567;3.094
570;573;3.471
570;574;2.971
571;567;2.932
571;568;3.195
571;574;3.261
571;575;2.953
571;968;4.039
571;971;3.599
572;527;3.909
572;568;3.017
572;569;3.862
572;576;3.055
573;569;3.056
573;570;3.471
573;576;3.349
573;577;2.777
574;570;2.971
574;571;3.261
574;577;3.313
574;578;2.932
575;571;2.953
575;578;3.189
575;579;3.081
575;1078;3.607
576;572;3.055
576;573;3.349
576;579;2.997
577;573;2.777
577;574;3.313
577;580;2.974
578;574;2.932
578;575;3.189
578;581;3.085
578;582;3.084
578;682;3.777
578;1078;3.494
578;1082;3.496
579;575;3.081
579;576;2.997
579;583;2.97
579;1078;3.91
580;577;2.974
580;583;3.029
581;578;3.085
581;682;3.867
582;578;3.084
582;585;3.244
582;586;2.871
582;678;3.561
582;1078;3.835
583;579;2.97
583;580;3.029
583;587;3.048
584;106;3.419
584;110;3.334
584;587;3.22
584;588;3.292
585;582;3.244
585;588;3.06
585;589;3.023
585;677;3.476
585;678;3.785
586;582;2.871
586;590;2.929
587;583;3.048
587;584;3.22
587;590;3.277
587;591;3.056
588;107;3.683
588;584;3.292
588;585;3.06
588;591;3.446
588;592;3.027
589;585;3.023
589;592;3.483
589;593;2.962
589;640;3.911
590;586;2.929
590;587;3.277
590;594;2.978
591;100;3.522
591;587;3.056
591;588;3.446
591;594;3.301
591;595;3.002
592;588;3.027
592;589;3.483
592;595;3.307
592;596;2.945
592;670;3.731
593;589;2.962
593;597;2.926
593;633;3.543
593;636;3.806
594;19;3.498
594;23;3.735
594;590;2.978
594;591;3.301
594;597;3.281
594;598;3.0
594;629;3.447
595;94;3.958
595;98;3.979
595;591;3.002
595;592;3.307
595;598;3.254
595;599;2.995
596;592;2.945
596;600;2.961
596;636;3.779
596;666;4.061
596;667;3.535
596;670;3.883
597;593;2.926
597;594;3.281
597;600;3.262
597;601;3.0
597;629;3.748
597;632;3.977
598;94;3.642
598;594;3.0
598;595;3.254
598;602;3.318
599;94;3.69
599;595;2.995
599;602;3.397
599;603;3.029
600;596;2.961
600;597;3.262
600;604;3.002
600;605;2.824
600;626;3.809
601;597;3.0
601;605;3.041
601;606;3.15
601;627;3.844
601;628;3.784
602;91;3.402
602;598;3.318
602;599;3.397
603;87;3.904
603;91;3.843
603;599;3.029
603;606;2.801
604;600;3.002
604;607;3.007
604;608;3.579
604;622;3.5
604;626;4.122
604;660;3.406
604;663;3.988
605;600;2.824
605;601;3.041
605;622;3.78
606;601;3.15
606;603;2.801
607;604;3.007
607;619;4.12
607;622;2.99
608;604;3.579
608;620;3.09
608;622;2.961
608;648;3.79
608;649;3.363
608;656;2.784
608;660;3.503
609;613;3.811
609;618;2.665
609;619;3.326
609;649;3.731
609;650;2.924
610;613;3.015
610;614;2.861
610;615;2.829
610;616;2.752
611;649;4.152
611;650;2.772
611;652;3.683
612;615;3.866
613;609;3.811
613;610;3.015
614;610;2.861
615;610;2.829
615;612;3.866
615;1012;3.937
616;610;2.752
617;623;3.585
617;624;3.082
618;609;2.665
619;607;4.12
619;609;3.326
619;623;3.484
620;608;3.09
620;623;3.159
620;624;3.137
620;647;2.861
620;648;3.562
621;624;3.025
621;625;2.845
621;646;3.897
622;604;3.5
622;605;3.78
622;607;2.99
622;608;2.961
622;626;3.689
622;648;3.591
623;617;3.585
623;619;3.484
623;620;3.159
623;627;3.463
624;617;3.082
624;620;3.137
624;621;3.025
624;631;4.04
624;1052;3.966
625;621;2.845
625;631;3.974
625;634;3.898
625;635;3.78
625;638;4.036
625;1043;3.476
625;1047;3.789
626;600;3.809
626;604;4.122
626;622;3.689
626;631;3.649
626;635;3.647
626;648;4.043
627;601;3.844
627;623;3.463
627;1056;2.719
628;601;3.784
628;631;2.852
628;632;2.949
628;1059;2.867
629;25;3.437
629;594;3.447
629;597;3.748
629;632;3.452
629;633;2.942
630;633;3.079
630;634;2.974
630;1059;3.866
630;1062;3.968
630;1063;3.693
630;1066;3.75
631;624;4.04
631;625;3.974
631;626;3.649
631;628;2.852
631;634;3.297
631;635;2.984
631;1062;3.072
632;597;3.977
632;628;2.949
632;629;3.452
632;635;4.039
632;636;2.967
633;593;3.543
633;629;2.942
633;630;3.079
633;636;3.487
633;637;2.974
634;625;3.898
634;630;2.974
634;631;3.297
634;637;3.277
634;638;3.04
634;1047;3.98
634;1066;3.57
635;625;3.78
635;626;3.647
635;631;2.984
635;632;4.039
635;638;3.128
635;639;3.012
635;645;3.811
636;593;3.806
636;596;3.779
636;632;2.967
636;633;3.487
636;639;3.391
636;640;2.997
637;633;2.974
637;634;3.277
637;640;3.056
637;641;3.206
637;1039;3.933
637;1042;3.591
637;1066;3.679
637;1073;3.916
638;625;4.036
638;634;3.04
638;635;3.128
638;644;2.864
638;1043;3.528
639;635;3.012
639;636;3.391
639;642;2.957
639;664;3.408
639;667;3.573
639;668;3.968
640;589;3.911
640;636;2.997
640;637;3.056
640;671;3.786
641;637;3.206
641;1039;3.473
642;639;2.957
642;664;2.874
642;668;3.971
643;219;3.803
643;1039;3.81
643;1040;2.758
643;1041;2.823
644;214;3.693
644;219;3.406
644;220;5.586
644;638;2.864
644;664;3.886
644;1044;3.89
645;635;3.811
645;648;3.501
645;664;3.282
646;621;3.897
646;1044;3.506
647;620;2.861
647;998;3.797
648;608;3.79
648;620;3.562
648;622;3.591
648;626;4.043
648;645;3.501
648;657;3.313
648;660;3.438
649;608;3.363
649;609;3.731
649;611;4.152
649;653;3.364
649;657;2.96
650;609;2.924
650;611;2.772
650;657;3.71
651;999;3.416
652;611;3.683
653;649;3.364
653;656;2.781
653;657;3.07
654;658;2.949
655;658;3.301
655;659;3.008
656;608;2.784
656;653;2.781
656;659;3.23
656;660;3.091
657;648;3.313
657;649;2.96
657;650;3.71
657;653;3.07
657;660;3.409
657;661;2.917
658;654;2.949
658;655;3.301
658;661;3.279
658;662;3.012
659;655;3.008
659;656;3.23
659;662;3.482
659;663;3.361
660;604;3.406
660;608;3.503
660;648;3.438
660;656;3.091
660;657;3.409
660;663;3.445
660;664;2.941
661;210;3.817
661;657;2.917
661;658;3.279
661;664;3.269
661;665;2.967
662;658;3.012
662;659;3.482
662;665;3.414
662;666;3.021
663;604;3.988
663;659;3.361
663;660;3.445
663;666;3.312
663;667;2.992
664;639;3.408
664;642;2.874
664;644;3.886
664;645;3.282
664;660;2.941
664;661;3.269
664;667;3.293
664;668;2.984
665;213;3.512
665;661;2.967
665;662;3.414
665;668;3.416
665;669;2.998
666;596;4.061
666;662;3.021
666;663;3.312
666;669;3.488
666;670;3.009
667;596;3.535
667;639;3.573
667;663;2.992
667;664;3.293
667;671;2.956
668;217;3.642
668;639;3.968
668;642;3.971
668;664;2.984
668;665;3.416
668;672;2.922
669;213;3.886
669;665;2.998
669;666;3.488
669;672;3.426
669;673;3.033
670;592;3.731
670;596;3.883
670;666;3.009
670;673;3.434
670;674;2.991
671;640;3.786
671;667;2.956
671;674;3.176
671;675;2.932
672;668;2.922
672;669;3.426
672;675;3.239
672;676;2.977
673;114;3.803
673;669;3.033
673;670;3.434
673;677;3.023
674;670;2.991
674;671;3.176
674;677;3.34
674;678;2.92
675;671;2.932
675;672;3.239
675;678;3.14
675;679;3.073
676;253;3.817
676;254;3.651
676;672;2.977
676;679;3.427
676;680;3.006
677;585;3.476
677;673;3.023
677;674;3.34
677;681;2.914
678;582;3.561
678;585;3.785
678;674;2.92
678;675;3.14
678;681;3.374
678;682;3.124
678;1081;3.371
679;254;3.725
679;258;3.586
679;675;3.073
679;676;3.427
679;682;3.498
679;683;2.937
679;1081;3.605
679;1084;3.759
680;257;3.777
680;258;3.979
680;261;3.771
680;676;3.006
680;683;3.499
680;684;2.97
681;677;2.914
681;678;3.374
681;685;3.052
682;578;3.777
682;581;3.867
682;678;3.124
682;679;3.498
682;685;3.309
682;686;3.023
682;1081;3.636
682;1082;3.745
682;1085;3.527
683;258;3.431
683;679;2.937
683;680;3.499
683;686;3.335
683;687;2.968
683;1085;4.017
683;1088;3.458
684;265;3.747
684;680;2.97
684;687;3.39
684;688;3.021
685;681;3.052
685;682;3.309
685;688;3.055
685;689;3.117
686;682;3.023
686;683;3.335
686;689;2.97
686;690;3.025
686;1085;3.516
686;1089;3.577
687;683;2.968
687;684;3.39
687;692;3.537
687;1089;3.581
687;1092;3.455
688;684;3.021
688;685;3.055
688;692;3.83
689;685;3.117
689;686;2.97
690;298;2.874
690;686;3.025
690;1089;3.735
691;297;3.571
691;298;3.43
692;687;3.537
692;688;3.83
692;1097;3.424
693;1096;3.091
693;1097;2.906
694;278;3.924
694;279;3.455
695;714;3.587
695;715;3.938
695;1099;3.858
696;268;4.04
696;1096;2.893
697;1096;2.815
697;1098;2.804
697;1099;3.713
698;713;3.593
699;704;3.652
699;705;4.016
700;1105;3.865
700;1112;3.707
701;704;4.011
702;1111;3.595
703;1114;3.438
703;1385;3.903
704;699;3.652
704;701;4.011
704;1385;2.912
705;699;4.016
705;708;3.355
706;1385;4.017
707;708;3.855
708;705;3.355
708;707;3.855
708;1110;3.871
709;1110;3.439
710;1107;2.609
710;1109;3.05
710;1110;3.731
711;717;3.925
711;1105;2.999
711;1107;2.766
712;270;3.994
713;698;3.593
713;716;3.716
714;269;4.03
714;279;3.586
714;283;3.734
714;287;2.889
714;695;3.587
715;695;3.938
715;1099;3.883
716;290;2.742
716;713;3.716
716;720;2.862
717;711;3.925
717;1100;3.654
717;1105;3.589
718;1103;4.04
719;723;3.737
720;291;3.881
720;716;2.862
721;723;3.272
721;729;2.639
722;725;3.384
722;732;3.689
723;719;3.737
723;721;3.272
723;726;3.892
724;739;2.831
725;722;3.384
726;723;3.892
726;728;3.858
727;311;2.633
727;730;3.995
728;726;3.858
729;721;2.639
730;727;3.995
731;318;2.729
731;320;2.806
732;722;3.689
733;317;2.798
733;320;2.622
734;736;3.838
735;737;2.929
736;734;3.838
737;735;2.929
738;742;2.762
739;724;2.831
740;743;2.943
741;744;3.029
742;738;2.762
743;740;2.943
744;741;3.029
745;747;2.969
746;748;2.822
747;745;2.969
748;746;2.822
749;750;2.95
749;751;2.771
750;749;2.95
750;752;2.711
750;753;2.83
751;749;2.771
752;750;2.711
753;750;2.83
754;757;2.972
754;758;2.947
755;759;2.67
756;759;2.79
756;760;2.997
757;754;2.972
758;754;2.947
759;755;2.67
759;756;2.79
760;756;2.997
760;761;3.038
760;763;2.93
761;760;3.038
762;765;2.9
762;766;3.38
763;760;2.93
764;766;2.989
765;762;2.9
766;762;3.38
766;764;2.989
766;767;2.873
767;766;2.873
768;769;2.947
769;768;2.947
770;771;3.768
771;770;3.768
772;775;2.883
773;793;3.733
774;790;2.705
774;792;4.036
774;793;3.987
775;772;2.883
776;792;3.943
777;783;3.018
778;781;2.947
778;782;2.971
778;791;3.986
779;784;2.854
780;784;2.996
781;778;2.947
781;784;3.392
782;778;2.971
783;777;3.018
783;785;3.652
784;779;2.854
784;780;2.996
784;781;3.392
785;783;3.652
785;788;3.471
786;788;3.032
787;789;3.553
788;785;3.471
788;786;3.032
788;789;3.801
789;787;3.553
789;788;3.801
790;774;2.705
790;793;2.794
791;778;3.986
791;794;3.553
792;774;4.036
792;776;3.943
793;773;3.733
793;774;3.987
793;790;2.794
794;791;3.553
795;796;3.346
796;795;3.346
797;801;3.953
797;802;3.346
798;802;2.965
799;801;3.821
799;802;2.909
799;804;3.546
799;805;3.222
800;803;3.199
801;797;3.953
801;799;3.821
802;797;3.346
802;798;2.965
802;799;2.909
802;805;3.089
803;800;3.199
803;806;3.179
804;799;3.546
805;799;3.222
805;802;3.089
806;803;3.179
806;809;3.994
807;812;3.351
808;811;3.033
809;806;3.994
810;816;3.812
811;808;3.033
811;815;3.871
811;816;3.516
812;807;3.351
812;817;3.581
813;817;2.87
813;819;3.862
814;817;3.065
815;811;3.871
815;818;3.018
815;820;3.115
816;810;3.812
816;811;3.516
817;812;3.581
817;813;2.87
817;814;3.065
817;819;2.965
818;815;3.018
818;820;3.901
819;813;3.862
819;817;2.965
820;815;3.115
820;818;3.901
820;824;3.987
820;825;2.903
821;822;3.968
821;823;3.059
822;821;3.968
823;821;3.059
823;826;2.913
823;827;2.88
824;820;3.987
825;820;2.903
825;828;3.893
826;823;2.913
827;823;2.88
827;829;3.06
827;830;3.044
828;825;3.893
829;827;3.06
830;827;3.044
831;834;2.881
831;890;2.767
831;891;4.035
832;835;3.049
832;887;3.853
833;838;3.854
833;884;3.782
833;887;3.42
833;888;3.73
834;831;2.881
835;832;3.049
835;838;2.897
835;839;2.94
836;840;3.048
837;840;3.406
837;841;2.896
838;833;3.854
838;835;2.897
838;841;3.245
838;842;2.958
839;835;2.94
839;842;3.412
839;843;3.189
839;947;3.104
840;836;3.048
840;837;3.406
840;843;3.454
840;844;3.014
841;837;2.896
841;838;3.245
841;844;3.294
841;845;2.923
842;838;2.958
842;839;3.412
842;845;3.373
842;846;2.954
842;881;3.838
842;884;3.735
843;839;3.189
843;840;3.454
843;846;3.38
843;847;2.951
843;947;3.419
844;840;3.014
844;841;3.294
844;847;3.224
844;848;2.979
845;841;2.923
845;842;3.373
845;849;2.956
845;881;4.001
846;842;2.954
846;843;3.38
846;850;2.895
846;877;3.98
846;881;3.434
846;940;3.701
846;944;3.78
847;843;2.951
847;844;3.224
847;850;3.178
847;851;2.988
848;844;2.979
848;851;3.104
848;852;3.007
849;845;2.956
849;852;3.431
849;853;2.958
849;940;3.615
850;846;2.895
850;847;3.178
850;854;3.0
851;847;2.988
851;848;3.104
851;854;3.388
851;855;2.956
852;848;3.007
852;849;3.431
852;855;2.971
852;856;3.247
853;849;2.958
853;938;3.913
853;941;4.027
854;850;3.0
854;851;3.388
854;858;3.495
854;1280;3.883
855;851;2.956
855;852;2.971
855;858;3.074
855;859;3.024
855;862;3.491
855;866;3.818
855;870;4.019
856;852;3.247
856;863;2.766
856;931;2.704
857;860;3.356
857;863;2.663
857;1283;3.351
857;1337;3.08
858;854;3.495
858;855;3.074
858;1303;3.762
859;855;3.024
859;862;2.964
859;863;3.021
860;857;3.356
860;863;3.218
860;864;3.009
860;1338;4.01
861;864;2.637
862;855;3.491
862;859;2.964
862;865;3.304
862;866;2.962
863;856;2.766
863;857;2.663
863;859;3.021
863;860;3.218
863;867;3.021
863;1336;3.857
864;860;3.009
864;861;2.637
864;1338;3.468
865;862;3.304
866;855;3.818
866;862;2.962
866;869;3.114
866;870;3.03
867;863;3.021
867;871;2.748
868;872;3.022
869;866;3.114
869;872;3.37
869;873;2.987
870;855;4.019
870;866;3.03
870;873;2.997
870;874;3.27
871;867;2.748
871;874;2.994
871;875;3.028
871;931;2.874
871;934;3.775
872;868;3.022
872;869;3.37
872;875;2.909
872;876;2.95
873;869;2.987
873;870;2.997
873;876;3.494
873;877;2.919
874;870;3.27
874;871;2.994
874;878;3.014
874;937;3.822
875;871;3.028
875;872;2.909
875;878;3.345
875;879;3.036
876;872;2.95
876;873;3.494
876;880;2.985
877;846;3.98
877;873;2.919
877;880;3.251
877;881;2.936
877;940;3.605
878;874;3.014
878;875;3.345
878;882;2.98
878;937;3.955
879;875;3.036
879;883;3.022
880;876;2.985
880;877;3.251
880;883;4.02
880;884;2.948
881;842;3.838
881;845;4.001
881;846;3.434
881;877;2.936
881;885;3.004
881;943;3.664
882;878;2.98
882;885;3.326
882;886;2.957
882;910;3.853
882;914;3.702
883;879;3.022
883;880;4.02
883;886;3.403
883;887;2.949
884;833;3.782
884;842;3.735
884;880;2.948
884;887;3.434
884;888;2.689
884;943;3.621
885;881;3.004
885;882;3.326
885;888;3.427
885;889;2.944
885;907;3.842
886;882;2.957
886;883;3.403
886;889;3.495
886;890;3.0
887;832;3.853
887;833;3.42
887;883;2.949
887;884;3.434
887;890;3.45
887;891;2.985
888;833;3.73
888;884;2.689
888;885;3.427
888;891;3.373
888;892;3.063
888;897;3.729
888;903;3.954
888;906;2.693
889;885;2.944
889;886;3.495
889;892;3.007
889;893;2.939
889;894;3.75
889;897;6.467
889;898;3.685
890;831;2.767
890;886;3.0
890;887;3.45
891;831;4.035
891;887;2.985
891;888;3.373
892;888;3.063
892;889;3.007
892;896;2.827
892;897;4.037
892;900;3.704
892;903;3.67
893;889;2.939
893;897;2.994
894;889;3.75
894;897;3.496
894;898;3.001
895;898;2.826
895;899;2.9
896;892;2.827
897;888;3.729
897;889;6.467
897;892;4.037
897;893;2.994
897;894;3.496
897;900;3.052
897;903;3.627
897;907;3.778
898;889;3.685
898;894;3.001
898;895;2.826
898;904;3.824
898;907;3.653
899;895;2.9
900;892;3.704
900;897;3.052
900;903;3.17
900;904;2.943
901;904;3.447
901;905;2.966
902;905;3.368
902;906;3.005
902;946;3.278
902;955;3.939
903;888;3.954
903;892;3.67
903;897;3.627
903;900;3.17
903;906;3.109
903;907;2.981
904;898;3.824
904;900;2.943
904;901;3.447
904;907;5.99
904;908;2.976
905;901;2.966
905;902;3.368
905;908;3.222
906;888;2.693
906;902;3.005
906;903;3.109
906;943;2.934
906;946;2.77
907;885;3.842
907;897;3.778
907;898;3.653
907;903;2.981
907;904;5.99
907;910;3.028
907;911;2.955
908;904;2.976
908;905;3.222
908;912;3.027
909;939;4.025
909;943;3.737
910;882;3.853
910;907;3.028
910;913;3.053
910;914;3.088
911;907;2.955
911;914;2.88
911;915;2.902
912;908;3.027
912;916;2.972
912;936;3.69
913;910;3.053
913;916;3.992
913;917;3.052
913;937;2.871
914;882;3.702
914;910;3.088
914;911;2.88
914;917;3.357
914;918;2.984
915;911;2.902
915;918;3.178
915;919;2.99
916;912;2.972
916;913;3.992
916;919;3.462
916;920;2.988
917;913;3.052
917;914;3.357
917;920;3.263
917;921;2.982
917;930;3.76
918;914;2.984
918;915;3.178
918;921;3.212
918;922;2.937
919;915;2.99
919;916;3.462
919;922;3.283
919;923;2.991
920;916;2.988
920;917;3.263
920;925;3.04
920;929;3.287
920;930;3.338
920;933;3.657
921;917;2.982
921;918;3.212
921;924;3.0
922;918;2.937
922;919;3.283
923;919;2.991
924;921;3.0
925;920;3.04
926;929;3.784
926;930;3.188
927;930;3.473
927;931;3.003
928;931;2.744
928;932;3.242
929;920;3.287
929;926;3.784
929;933;2.986
930;917;3.76
930;920;3.338
930;926;3.188
930;927;3.473
930;934;2.972
931;856;2.704
931;871;2.874
931;927;3.003
931;928;2.744
931;1335;3.857
931;1336;3.972
932;928;3.242
932;935;3.056
932;1285;3.888
932;1332;2.999
932;1333;3.646
932;1334;3.149
933;920;3.657
933;929;2.986
934;871;3.775
934;930;2.972
934;937;2.752
935;932;3.056
935;938;2.755
935;939;3.33
935;1281;3.579
936;912;3.69
936;939;2.986
937;874;3.822
937;878;3.955
937;913;2.871
937;934;2.752
937;940;2.852
938;853;3.913
938;935;2.755
939;909;4.025
939;935;3.33
939;936;2.986
939;942;2.946
939;943;3.009
939;1277;3.809
940;846;3.701
940;849;3.615
940;877;3.605
940;937;2.852
940;943;2.97
940;944;3.173
941;853;4.027
941;944;2.961
941;1277;3.63
942;939;2.946
942;945;2.773
942;1277;3.802
943;881;3.664
943;884;3.621
943;906;2.934
