source;destination;distance
0;3;2.79
1;47;3.621
2;7;3.576
2;48;3.668
3;0;2.79
4;7;3.23
4;8;2.965
5;9;2.973
6;10;2.974
7;2;3.576
7;4;3.23
7;10;3.125
7;11;2.971
7;43;3.994
7;47;3.717
8;4;2.965
8;11;3.477
8;12;2.975
9;5;2.973
9;13;2.934
10;6;2.974
10;7;3.125
10;13;3.496
10;14;2.947
11;7;2.971
11;8;3.477
11;14;3.417
11;15;3.019
11;44;3.604
12;8;2.975
12;16;2.979
12;104;4.03
13;9;2.934
13;10;3.496
13;16;3.381
13;17;2.934
14;10;2.947
14;11;3.417
14;18;3.008
14;37;3.632
14;40;4.028
15;11;3.019
15;19;2.993
15;37;3.78
15;99;3.86
15;100;3.686
16;12;2.979
16;13;3.381
16;19;3.143
16;20;3.082
17;13;2.934
17;20;3.326
17;21;2.983
18;14;3.008
18;22;2.978
18;37;3.209
18;96;3.585
19;15;2.993
19;16;3.143
19;22;3.152
19;97;3.525
19;599;3.56
20;16;3.082
20;17;3.326
21;17;2.983
21;24;2.984
21;30;3.6
21;33;3.41
22;18;2.978
22;19;3.152
22;93;4.01
23;599;3.756
24;21;2.984
24;27;4.019
25;606;3.276
25;633;3.685
25;634;3.245
26;30;3.842
27;24;4.019
27;30;2.851
28;31;2.725
28;32;3.031
29;32;3.296
29;33;2.971
30;21;3.6
30;26;3.842
30;27;2.851
30;33;3.397
30;34;2.996
31;28;2.725
31;34;3.492
31;35;3.002
32;28;3.031
32;29;3.296
32;36;2.989
33;21;3.41
33;29;2.971
33;30;3.397
33;36;3.219
33;37;2.94
34;30;2.996
34;31;3.492
34;37;3.392
34;38;2.934
34;93;2.807
34;96;2.949
35;31;3.002
35;38;3.311
35;39;2.959
35;81;3.94
36;32;2.989
36;33;3.219
36;39;3.36
36;40;3.008
37;14;3.632
37;15;3.78
37;18;3.209
37;33;2.94
37;34;3.392
37;40;2.985
37;41;2.862
37;96;3.413
38;34;2.934
38;35;3.311
38;41;4.0
38;42;2.984
38;80;2.768
39;35;2.959
39;36;3.36
39;42;3.206
39;43;2.982
40;14;4.028
40;36;3.008
40;37;2.985
40;44;2.913
41;37;2.862
41;38;4.0
41;45;2.949
41;73;3.459
41;99;3.508
42;38;2.984
42;39;3.206
42;45;3.282
42;46;2.973
43;7;3.994
43;39;2.982
43;46;3.403
43;47;3.056
44;11;3.604
44;40;2.913
44;47;3.275
44;48;2.85
44;99;2.665
45;41;2.949
45;42;3.282
45;49;2.984
45;56;3.973
45;73;3.934
46;42;2.973
46;43;3.403
46;50;3.079
46;51;3.926
47;1;3.621
47;7;3.717
47;43;3.056
47;44;3.275
48;2;3.668
48;44;2.85
48;66;3.248
48;69;2.672
49;45;2.984
49;56;3.985
49;59;3.862
49;66;3.661
50;46;3.079
50;55;3.677
51;46;3.926
52;55;3.109
52;58;3.468
53;56;2.981
54;57;2.993
55;50;3.677
55;52;3.109
55;58;3.001
56;45;3.973
56;49;3.985
56;53;2.981
56;59;3.048
56;70;3.924
57;54;2.993
57;60;3.02
58;52;3.468
58;55;3.001
58;61;3.032
59;49;3.862
59;56;3.048
59;62;2.983
59;63;3.768
59;66;3.516
59;67;3.997
59;70;3.777
60;57;3.02
61;58;3.032
62;59;2.983
63;59;3.768
63;66;3.474
63;67;2.922
64;67;3.462
64;68;3.034
65;68;3.033
65;69;3.057
65;102;3.416
65;108;3.28
65;111;3.812
66;48;3.248
66;49;3.661
66;59;3.516
66;63;3.474
66;69;3.863
66;70;2.981
67;59;3.997
67;63;2.922
67;64;3.462
67;70;3.402
67;71;2.942
68;64;3.034
68;65;3.033
68;72;3.002
68;101;3.888
69;48;2.672
69;65;3.057
69;66;3.863
69;72;3.467
69;73;2.943
69;99;3.148
69;102;2.785
70;56;3.924
70;59;3.777
70;66;2.981
70;67;3.402
70;73;3.173
70;74;2.975
71;67;2.942
71;74;3.43
71;75;2.988
72;68;3.002
72;69;3.467
72;76;2.932
72;95;3.556
73;41;3.459
73;45;3.934
73;69;2.943
73;70;3.173
73;76;3.473
73;77;2.907
74;70;2.975
74;71;3.43
74;77;3.347
74;78;3.007
75;71;2.988
75;78;3.497
75;79;2.99
75;89;3.508
75;92;3.306
76;72;2.932
76;73;3.473
76;79;2.997
76;80;2.868
77;73;2.907
77;74;3.347
77;81;2.975
78;74;3.007
78;75;3.497
78;82;3.003
79;75;2.99
79;76;2.997
79;83;3.964
79;89;2.748
80;38;2.768
80;76;2.868
80;96;3.547
81;35;3.94
81;77;2.975
82;78;3.003
82;84;2.987
83;79;3.964
83;90;2.891
83;93;3.604
84;82;2.987
85;89;3.731
86;89;3.143
87;90;2.886
87;91;3.171
87;608;3.903
88;91;3.119
89;75;3.508
89;79;2.748
89;85;3.731
89;86;3.143
89;92;2.998
90;83;2.891
90;87;2.886
91;87;3.171
91;88;3.119
91;94;2.998
91;607;3.448
91;608;3.864
92;75;3.306
92;89;2.998
92;95;2.863
93;22;4.01
93;34;2.807
93;83;3.604
93;96;2.881
94;91;2.998
94;97;2.958
94;600;4.017
94;603;3.583
94;604;3.666
95;72;3.556
95;92;2.863
95;98;3.053
95;99;3.024
96;18;3.585
96;34;2.949
96;37;3.413
96;80;3.547
96;93;2.881
97;19;3.525
97;94;2.958
97;100;3.033
98;95;3.053
98;101;2.922
98;600;3.897
99;15;3.86
99;41;3.508
99;44;2.665
99;69;3.148
99;95;3.024
99;102;2.938
100;15;3.686
100;97;3.033
100;103;2.977
100;104;2.968
100;107;3.752
100;596;3.805
101;68;3.888
101;98;2.922
101;111;3.888
102;65;3.416
102;69;2.785
102;99;2.938
102;108;2.831
103;100;2.977
104;12;4.03
104;100;2.968
104;107;3.09
104;108;2.988
105;108;3.395
105;109;2.948
106;110;3.139
106;589;3.439
107;100;3.752
107;104;3.09
107;110;3.383
107;111;3.0
107;593;3.711
108;65;3.28
108;102;2.831
108;104;2.988
108;105;3.395
108;111;3.461
108;112;2.973
109;105;2.948
109;112;3.23
109;113;3.038
110;106;3.139
110;107;3.383
110;113;3.092
110;114;2.997
110;589;3.325
110;590;3.997
111;65;3.812
111;101;3.888
111;107;3.0
111;108;3.461
111;114;3.249
111;115;3.044
112;108;2.973
112;109;3.23
112;115;3.463
112;116;3.006
113;109;3.038
113;110;3.092
113;116;3.225
113;117;3.049
114;110;2.997
114;111;3.249
114;117;3.002
114;118;3.232
114;678;3.833
115;111;3.044
115;112;3.463
115;118;2.988
116;112;3.006
116;113;3.225
116;119;2.774
116;254;3.972
117;113;3.049
117;114;3.002
117;120;3.059
117;121;3.016
117;254;3.966
118;114;3.232
118;115;2.988
118;122;3.005
119;116;2.774
119;258;2.727
120;117;3.059
120;123;3.377
120;254;3.459
120;257;2.637
120;258;2.872
121;117;3.016
121;124;3.348
121;125;2.931
121;251;3.979
122;118;3.005
122;126;2.981
123;120;3.377
123;126;3.178
123;127;3.097
123;1265;3.45
123;1266;2.923
124;121;3.348
124;127;3.441
124;128;3.161
124;243;3.629
124;1269;3.995
125;121;2.931
125;128;3.373
125;129;2.92
126;122;2.981
126;123;3.178
126;129;3.334
126;130;2.986
127;123;3.097
127;124;3.441
127;130;3.929
127;131;2.961
127;1260;3.997
127;1266;3.962
127;1269;3.8
128;124;3.161
128;125;3.373
128;131;3.293
128;132;2.891
128;243;3.439
129;125;2.92
129;126;3.334
129;132;3.476
129;133;3.009
130;126;2.986
130;127;3.929
130;133;3.458
130;134;2.932
130;1256;3.668
130;1259;3.37
130;1260;3.625
131;127;2.961
131;128;3.293
131;135;2.887
132;128;2.891
132;129;3.476
132;136;2.97
132;203;3.672
132;206;3.947
133;129;3.009
133;130;3.458
133;136;3.184
133;137;3.002
134;130;2.932
134;137;3.279
134;138;2.981
134;1167;3.756
134;1256;3.868
135;131;2.887
135;139;2.947
135;206;3.584
135;232;3.682
135;236;3.852
135;239;3.943
136;132;2.97
136;133;3.184
136;140;2.932
136;199;3.82
136;203;3.928
137;133;3.002
137;134;3.279
137;140;3.226
137;141;3.12
137;199;3.823
137;1253;3.916
138;134;2.981
138;141;3.06
138;142;3.474
138;232;3.615
138;1250;3.59
138;1253;3.947
139;135;2.947
139;142;3.432
139;143;2.955
139;196;3.651
140;136;2.932
140;137;3.226
140;144;3.692
140;197;3.903
140;198;3.545
140;199;3.924
141;137;3.12
141;138;3.06
141;1250;3.907
141;1253;3.374
142;138;3.474
142;139;3.432
142;1246;3.613
142;1250;3.861
143;139;2.955
143;219;3.038
143;229;3.437
143;232;3.689
143;233;3.843
144;140;3.692
144;197;3.963
145;150;2.723
146;186;2.969
146;190;3.835
146;191;3.867
146;192;3.947
147;150;2.954
147;151;3.782
147;190;2.844
148;190;2.801
148;193;3.629
148;197;2.656
149;155;3.457
150;145;2.723
150;147;2.954
150;154;3.156
150;187;2.725
151;147;3.782
151;184;3.796
151;187;3.9
152;184;3.727
153;182;2.752
154;150;3.156
155;149;3.457
156;159;3.7
157;159;3.634
158;161;4.016
158;181;3.906
159;156;3.7
159;157;3.634
160;170;3.277
160;180;3.34
161;158;4.016
162;169;3.086
162;170;3.762
163;165;3.382
164;166;3.561
164;168;3.81
165;163;3.382
166;164;3.561
167;169;2.976
167;177;2.924
168;164;3.81
169;162;3.086
169;167;2.976
169;171;2.865
169;181;2.835
170;160;3.277
170;162;3.762
171;169;2.865
171;177;3.684
171;179;2.793
172;174;3.242
173;175;3.957
174;172;3.242
175;173;3.957
176;178;3.086
177;167;2.924
177;171;3.684
178;176;3.086
179;171;2.793
180;160;3.34
181;158;3.906
181;169;2.835
182;153;2.752
183;1018;4.004
183;1020;3.696
184;151;3.796
184;152;3.727
185;187;3.417
186;146;2.969
187;150;2.725
187;151;3.9
187;185;3.417
188;191;3.228
189;1017;2.877
189;1019;3.546
190;146;3.835
190;147;2.844
190;148;2.801
190;193;3.113
191;146;3.867
191;188;3.228
191;222;3.385
192;146;3.947
193;148;3.629
193;190;3.113
193;196;3.003
193;197;3.041
193;201;3.501
194;201;3.213
195;201;3.366
195;219;3.482
196;139;3.651
196;193;3.003
196;202;3.541
196;205;3.467
196;219;3.103
196;233;3.867
197;140;3.903
197;144;3.963
197;148;2.656
197;193;3.041
198;140;3.545
198;201;2.809
198;202;2.974
199;136;3.82
199;137;3.823
199;140;3.924
199;203;2.957
200;204;2.996
201;193;3.501
201;194;3.213
201;195;3.366
201;198;2.809
201;204;3.257
201;205;2.951
202;196;3.541
202;198;2.974
202;205;3.267
202;206;2.951
203;132;3.672
203;136;3.928
203;199;2.957
203;207;2.94
204;200;2.996
204;201;3.257
204;207;3.068
204;208;2.962
204;666;3.795
205;196;3.467
205;201;2.951
205;202;3.267
205;208;3.32
205;209;2.936
206;132;3.947
206;135;3.584
206;202;2.951
206;209;3.482
206;210;2.952
207;203;2.94
207;204;3.068
207;210;3.233
207;211;2.942
207;670;3.566
207;673;4.109
207;674;3.871
208;204;2.962
208;205;3.32
208;212;2.973
208;213;2.815
208;214;3.851
208;649;3.642
209;205;2.936
209;206;3.482
209;212;3.094
209;215;3.651
209;233;3.848
209;236;3.722
209;237;3.709
210;206;2.952
210;207;3.233
211;207;2.942
211;648;3.491
211;673;3.649
212;208;2.973
212;209;3.094
212;1331;3.14
212;1333;3.017
213;208;2.815
213;648;3.762
213;649;3.419
214;208;3.851
214;217;3.3
214;218;3.0
214;649;5.695
214;1328;3.767
214;1338;3.975
215;209;3.651
215;219;3.048
215;220;3.173
215;234;3.889
215;237;3.282
215;1324;3.78
215;1327;3.648
215;1328;3.328
216;220;3.128
216;221;3.0
216;1324;3.699
216;1328;3.64
216;1363;3.492
216;1364;2.794
216;1365;3.166
217;214;3.3
217;1338;3.474
217;1365;3.157
218;214;3.0
218;221;3.066
219;143;3.038
219;195;3.482
219;196;3.103
219;215;3.048
219;229;2.829
219;233;6.452
220;215;3.173
220;216;3.128
220;223;2.946
220;230;3.402
220;1324;3.188
220;1363;3.475
221;216;3.0
221;218;3.066
221;1314;3.742
221;1363;3.426
222;191;3.385
223;220;2.946
223;225;2.934
223;226;3.119
223;229;3.628
224;226;3.067
224;1321;3.681
224;1359;2.846
224;1362;3.484
225;223;2.934
225;229;3.019
226;223;3.119
226;224;3.067
226;229;2.975
226;230;2.948
226;1360;3.787
226;1361;3.733
227;230;3.693
227;231;2.921
227;1358;2.827
227;1360;2.777
228;1243;3.73
228;1246;3.803
228;1247;3.284
228;1360;2.941
229;143;3.437
229;219;2.829
229;223;3.628
229;225;3.019
229;226;2.975
229;232;3.035
229;233;3.378
230;220;3.402
230;226;2.948
230;227;3.693
230;233;3.369
230;234;2.945
230;1324;3.464
230;1361;3.949
230;1362;3.947
231;227;2.921
231;235;2.974
232;135;3.682
232;138;3.615
232;143;3.689
232;229;3.035
232;235;3.126
232;236;2.967
233;143;3.843
233;196;3.867
233;209;3.848
233;219;6.452
233;229;3.378
233;230;3.369
233;236;3.149
233;237;2.961
234;215;3.889
234;230;2.945
234;237;3.162
234;238;2.965
234;1327;3.978
235;231;2.974
235;232;3.126
235;239;2.942
236;135;3.852
236;209;3.722
236;232;2.967
236;233;3.149
236;240;2.906
237;209;3.709
237;215;3.282
237;233;2.961
237;234;3.162
237;241;2.942
237;1327;3.436
238;234;2.965
238;242;2.95
238;1327;3.504
239;135;3.943
239;235;2.942
239;243;2.923
240;236;2.906
240;244;2.945
241;237;2.942
241;244;3.315
241;245;2.956
242;238;2.95
242;245;3.419
242;246;2.94
242;1273;3.665
242;1280;3.595
243;124;3.629
243;128;3.439
243;239;2.923
243;246;3.198
243;247;2.88
244;240;2.945
244;241;3.315
244;247;3.352
244;248;2.956
245;241;2.956
245;242;3.419
245;248;3.823
245;249;2.995
245;1391;3.784
246;242;2.94
246;243;3.198
246;249;3.622
246;250;2.901
246;1269;3.134
246;1272;3.761
247;243;2.88
247;244;3.352
247;250;3.122
247;251;2.944
247;681;3.608
248;244;2.956
248;245;3.823
248;252;3.081
248;681;3.713
248;684;3.674
248;1388;3.524
249;245;2.995
249;246;3.622
249;253;2.92
249;1391;3.984
249;1392;3.931
249;1395;3.498
250;246;2.901
250;247;3.122
250;254;2.935
251;121;3.979
251;247;2.944
251;254;3.332
251;255;3.092
251;685;3.807
252;248;3.081
252;255;3.196
252;256;3.084
252;684;3.662
252;685;4.01
252;688;3.438
252;1392;3.49
253;249;2.92
253;257;2.884
253;1396;3.902
254;116;3.972
254;117;3.966
254;120;3.459
254;250;2.935
254;251;3.332
254;257;3.252
254;258;2.972
255;251;3.092
255;252;3.196
255;259;3.074
255;685;3.684
256;252;3.084
256;259;3.377
256;260;2.901
256;689;3.834
256;692;5.811
256;1108;6.165
256;1396;3.917
257;120;2.637
257;253;2.884
257;254;3.252
257;260;3.023
257;261;3.514
258;119;2.727
258;120;2.872
258;254;2.972
258;268;2.909
259;255;3.074
259;256;3.377
259;267;3.97
259;268;3.142
259;269;3.037
260;256;2.901
260;257;3.023
260;267;3.479
260;270;3.165
261;257;3.514
261;266;2.716
261;267;2.822
262;270;3.626
262;700;3.978
263;265;3.265
264;270;3.438
264;271;3.988
264;273;3.799
264;704;3.806
265;263;3.265
265;267;3.851
266;261;2.716
267;259;3.97
267;260;3.479
267;261;2.822
267;265;3.851
268;258;2.909
268;259;3.142
269;259;3.037
270;260;3.165
270;262;3.626
270;264;3.438
270;273;2.998
271;264;3.988
272;275;3.013
273;264;3.799
273;270;2.998
273;699;3.542
273;703;3.943
274;277;2.942
274;279;3.374
274;280;3.754
274;283;3.636
275;272;3.013
275;280;3.961
276;280;3.509
277;274;2.942
277;280;2.926
278;281;3.031
278;288;2.746
278;289;2.79
278;290;3.633
278;293;3.793
278;708;2.968
279;274;3.374
279;282;3.013
279;283;2.649
279;705;2.673
279;706;2.927
280;274;3.754
280;275;3.961
280;276;3.509
280;277;2.926
280;283;3.047
281;278;3.031
281;292;3.496
282;279;3.013
282;290;2.845
283;274;3.636
283;279;2.649
283;280;3.047
283;706;2.793
284;287;3.541
285;725;3.873
286;734;2.761
287;284;3.541
287;734;3.304
288;278;2.746
288;706;3.698
288;708;3.501
288;709;2.979
289;278;2.79
290;278;3.633
290;282;2.845
291;308;2.731
292;281;3.496
293;278;3.793
293;294;3.998
294;293;3.998
295;695;2.831
295;696;4.005
295;1109;3.783
296;1106;3.203
296;1109;3.591
296;1110;3.795
297;307;3.088
298;300;3.658
298;307;3.788
299;305;2.673
300;298;3.658
300;980;3.762
301;976;3.367
302;305;2.72
303;305;2.995
304;980;4.034
305;299;2.673
305;302;2.72
305;303;2.995
306;311;3.975
307;297;3.088
307;298;3.788
307;309;3.106
308;291;2.731
309;307;3.106
309;315;2.88
310;312;2.977
311;306;3.975
312;310;2.977
312;315;3.938
313;320;3.082
313;321;3.019
313;322;3.622
314;316;3.03
315;309;2.88
315;312;3.938
316;314;3.03
316;324;2.824
317;320;2.814
317;322;2.812
317;324;2.721
318;320;2.812
318;325;3.674
319;322;2.946
319;323;2.848
319;325;2.672
320;313;3.082
320;317;2.814
320;318;2.812
321;313;3.019
322;313;3.622
322;317;2.812
322;319;2.946
323;319;2.848
324;316;2.824
324;317;2.721
324;326;2.972
324;327;3.257
325;318;3.674
325;319;2.672
326;324;2.972
327;324;3.257
328;330;3.378
329;331;2.903
330;328;3.378
331;329;2.903
332;441;3.627
332;442;2.854
332;443;3.958
333;437;3.155
334;437;2.908
335;437;2.784
336;437;2.657
337;342;2.853
338;340;2.964
338;341;3.427
338;342;3.066
339;343;3.503
340;338;2.964
341;338;3.427
342;337;2.853
342;338;3.066
342;346;3.67
342;347;3.746
343;339;3.503
344;346;3.045
345;434;3.92
346;342;3.67
346;344;3.045
346;435;2.796
346;436;2.864
346;438;2.601
347;342;3.746
348;354;3.672
349;354;3.507
349;355;2.894
350;353;3.063
350;355;3.014
351;356;2.962
352;365;3.785
353;350;3.063
354;348;3.672
354;349;3.507
355;349;2.894
355;350;3.014
356;351;2.962
356;358;3.277
357;361;3.778
358;356;3.277
358;361;3.003
358;365;4.015
359;362;3.008
360;363;3.01
360;364;3.004
360;365;4.021
361;357;3.778
361;358;3.003
362;359;3.008
363;360;3.01
364;360;3.004
364;366;3.433
365;352;3.785
365;358;4.015
365;360;4.021
366;364;3.433
367;369;3.441
368;371;3.531
368;374;4.008
368;376;3.546
369;367;3.441
370;390;3.351
371;368;3.531
371;374;3.84
371;390;3.002
372;389;3.917
372;391;3.748
373;389;3.318
374;368;4.008
374;371;3.84
374;389;3.381
375;378;2.988
376;368;3.546
376;380;3.969
377;379;3.02
377;380;3.035
377;381;3.367
377;382;2.764
378;375;2.988
379;377;3.02
380;376;3.969
380;377;3.035
381;377;3.367
382;377;2.764
382;385;3.099
382;386;3.421
383;385;2.835
384;387;2.995
385;382;3.099
385;383;2.835
386;382;3.421
387;384;2.995
388;392;3.917
388;393;3.439
389;372;3.917
389;373;3.318
389;374;3.381
389;392;2.899
390;370;3.351
390;371;3.002
390;393;3.681
391;372;3.748
391;394;2.955
391;395;3.016
392;388;3.917
392;389;2.899
393;388;3.439
393;390;3.681
394;391;2.955
395;391;3.016
396;397;3.884
397;396;3.884
398;400;2.793
399;400;2.817
400;398;2.793
400;399;2.817
401;403;3.987
402;404;2.814
402;410;3.659
403;401;3.987
404;402;2.814
404;409;3.047
405;408;2.805
405;409;3.82
406;409;3.799
407;409;2.98
408;405;2.805
409;404;3.047
409;405;3.82
409;406;3.799
409;407;2.98
410;402;3.659
410;411;3.005
411;410;3.005
412;414;2.981
413;415;2.94
414;412;2.981
415;413;2.94
415;416;3.043
416;415;3.043
417;440;2.848
418;419;3.579
419;418;3.579
419;421;2.865
420;423;3.374
421;419;2.865
422;424;3.026
422;428;3.646
423;420;3.374
424;422;3.026
424;428;3.632
425;426;3.415
426;425;3.415
427;433;3.906
428;422;3.646
428;424;3.632
428;429;2.972
429;428;2.972
429;432;3.002
429;433;3.061
430;433;2.907
431;434;3.825
432;429;3.002
433;427;3.906
433;429;3.061
433;430;2.907
434;345;3.92
434;431;3.825
435;346;2.796
435;438;3.897
436;346;2.864
437;333;3.155
437;334;2.908
437;335;2.784
437;336;2.657
438;346;2.601
438;435;3.897
439;441;3.733
440;417;2.848
440;441;3.062
441;332;3.627
441;439;3.733
441;440;3.062
442;332;2.854
442;447;3.429
442;448;3.625
443;332;3.958
444;447;3.007
445;448;3.029
445;449;3.196
445;450;3.953
446;451;3.792
446;452;2.783
446;453;3.707
447;442;3.429
447;444;3.007
448;442;3.625
448;445;3.029
449;445;3.196
450;445;3.953
451;446;3.792
452;446;2.783
453;446;3.707
454;455;3.499
455;454;3.499
456;458;2.776
457;459;3.214
458;456;2.776
459;457;3.214
459;461;3.0
459;463;3.431
459;464;3.841
459;466;3.01
459;467;2.752
460;462;3.953
460;463;3.797
460;520;3.414
460;521;2.78
461;459;3.0
462;460;3.953
462;520;3.677
462;521;3.969
463;459;3.431
463;460;3.797
463;466;2.983
463;467;3.124
464;459;3.841
464;467;2.988
465;517;3.621
466;459;3.01
466;463;2.983
466;522;4.062
467;459;2.752
467;463;3.124
467;464;2.988
467;470;2.954
467;471;3.155
468;472;2.945
469;473;2.957
470;467;2.954
470;473;3.225
470;474;3.014
471;467;3.155
471;474;3.406
471;475;2.927
471;569;2.67
471;570;4.024
472;468;2.945
472;475;3.206
472;476;2.974
473;469;2.957
473;470;3.225
473;477;3.053
474;470;3.014
474;471;3.406
474;477;3.313
474;478;2.975
474;510;3.974
474;514;3.811
474;566;3.939
475;471;2.927
475;472;3.206
475;478;2.998
475;479;3.082
475;570;2.726
475;571;3.616
476;472;2.974
476;479;3.462
476;480;3.004
477;473;3.053
477;474;3.313
477;481;2.987
477;507;3.686
478;474;2.975
478;475;2.998
478;481;3.085
478;482;3.068
478;511;3.307
478;564;3.884
478;566;3.887
478;567;3.831
479;475;3.082
479;476;3.462
479;482;3.13
479;483;3.429
479;567;3.793
480;476;3.004
480;483;3.304
480;484;3.012
481;477;2.987
481;478;3.085
481;484;3.266
481;485;2.993
481;507;3.186
481;563;3.082
482;478;3.068
482;479;3.13
482;486;3.053
482;564;3.634
482;994;3.878
483;479;3.429
483;480;3.304
483;486;3.273
483;487;2.974
484;480;3.012
484;481;3.266
484;487;3.073
484;488;2.951
484;500;3.546
485;481;2.993
485;488;3.035
485;563;3.766
485;564;3.668
485;998;3.987
486;482;3.053
486;483;3.273
487;483;2.974
487;484;3.073
487;492;3.552
488;484;2.951
488;485;3.035
488;493;2.94
488;500;4.006
488;504;3.445
489;493;2.979
489;1040;3.228
489;1041;3.055
490;493;3.59
490;494;2.843
491;494;2.977
491;495;3.019
492;487;3.552
492;496;3.012
493;488;2.94
493;489;2.979
493;490;3.59
493;497;2.806
494;490;2.843
494;491;2.977
494;497;2.746
495;491;3.019
496;492;3.012
496;499;3.085
496;500;2.937
497;493;2.806
497;494;2.746
497;501;2.969
498;501;3.252
498;502;3.037
499;496;3.085
499;502;3.94
499;503;2.957
500;484;3.546
500;488;4.006
500;496;2.937
500;503;3.34
500;504;2.927
501;497;2.969
501;498;3.252
501;504;3.364
501;505;3.037
502;498;3.037
502;499;3.94
502;506;2.96
503;499;2.957
503;500;3.34
503;507;2.965
504;488;3.445
504;500;2.927
504;501;3.364
504;507;3.407
504;508;3.091
504;563;3.251
505;501;3.037
505;508;3.311
505;509;3.006
505;547;3.783
505;548;3.434
506;502;2.96
506;509;3.031
506;510;3.087
507;477;3.686
507;481;3.186
507;503;2.965
507;504;3.407
507;510;3.01
507;511;3.353
508;504;3.091
508;505;3.311
508;511;2.959
508;543;2.832
508;544;3.76
508;547;3.78
508;548;4.009
509;505;3.006
509;506;3.031
509;512;2.859
510;474;3.974
510;506;3.087
510;507;3.01
510;513;3.064
510;514;3.25
511;478;3.307
511;507;3.353
511;508;2.959
511;515;2.981
511;540;3.698
511;544;3.928
511;566;3.44
512;509;2.859
512;515;3.398
512;516;3.032
512;544;3.488
513;510;3.064
513;517;3.057
514;474;3.811
514;510;3.25
514;517;3.425
514;518;2.943
514;566;2.742
514;569;2.726
515;511;2.981
515;512;3.398
515;519;2.995
515;540;3.705
516;512;3.032
516;519;3.222
516;520;3.08
517;465;3.621
517;513;3.057
517;514;3.425
517;521;2.986
518;514;2.943
518;521;3.031
518;522;3.029
518;526;2.692
518;527;3.649
518;533;2.78
519;515;2.995
519;516;3.222
519;527;3.742
519;528;3.964
520;460;3.414
520;462;3.677
520;516;3.08
521;460;2.78
521;462;3.969
521;517;2.986
521;518;3.031
522;466;4.062
522;518;3.029
522;526;3.717
523;526;2.881
523;527;2.92
524;528;2.985
525;529;2.905
526;518;2.692
526;522;3.717
526;523;2.881
526;529;3.072
526;530;2.936
527;518;3.649
527;519;3.742
527;523;2.92
527;533;3.2
527;537;3.2
528;519;3.964
528;524;2.985
529;525;2.905
529;526;3.072
530;526;2.936
530;533;2.946
530;534;3.025
531;534;3.951
531;535;3.009
532;536;2.993
532;574;2.961
532;577;3.954
533;518;2.78
533;527;3.2
533;530;2.946
533;536;3.494
533;537;2.954
534;530;3.025
534;531;3.951
534;537;3.41
534;538;2.991
535;531;3.009
535;538;3.421
535;539;3.023
535;565;3.984
536;532;2.993
536;533;3.494
536;539;3.194
536;540;2.901
536;566;2.645
536;569;3.863
537;527;3.2
537;533;2.954
537;534;3.41
537;541;3.009
538;534;2.991
538;535;3.421
538;541;3.189
538;542;3.086
539;535;3.023
539;536;3.194
539;543;3.007
540;511;3.698
540;515;3.705
540;536;2.901
540;544;2.936
540;566;3.761
541;537;3.009
541;538;3.189
541;545;2.993
542;538;3.086
542;546;3.191
542;559;3.567
543;508;2.832
543;539;3.007
543;547;3.407
543;563;3.061
544;508;3.76
544;511;3.928
544;512;3.488
544;540;2.936
544;547;3.119
544;548;2.918
545;541;2.993
545;548;3.291
545;549;3.04
546;542;3.191
546;550;3.001
546;551;3.065
546;560;3.778
547;505;3.783
547;508;3.78
547;543;3.407
547;544;3.119
547;551;3.756
547;560;3.973
548;505;3.434
548;508;4.009
548;544;2.918
548;545;3.291
549;545;3.04
550;546;3.001
550;552;2.946
551;546;3.065
551;547;3.756
551;557;2.837
552;550;2.946
552;557;3.259
553;556;2.794
554;557;3.242
554;558;2.934
555;558;3.27
555;559;2.972
555;1080;3.99
556;553;2.794
556;559;3.101
556;560;3.078
557;551;2.837
557;552;3.259
557;554;3.242
557;560;2.964
558;554;2.934
558;555;3.27
558;561;2.888
558;1002;3.121
559;542;3.567
559;555;2.972
559;556;3.101
559;562;2.98
560;546;3.778
560;547;3.973
560;556;3.078
560;557;2.964
560;563;3.051
561;558;2.888
561;564;3.196
561;995;3.794
561;998;3.875
562;559;2.98
562;565;2.903
562;995;3.61
563;481;3.082
563;485;3.766
563;504;3.251
563;543;3.061
563;560;3.051
563;566;2.972
564;478;3.884
564;482;3.634
564;485;3.668
564;561;3.196
564;567;2.948
564;991;3.799
564;995;3.504
565;535;3.984
565;562;2.903
565;568;2.764
565;992;3.409
565;995;3.471
566;474;3.939
566;478;3.887
566;511;3.44
566;514;2.742
566;536;2.645
566;540;3.761
566;563;2.972
566;569;2.978
567;478;3.831
567;479;3.793
567;564;2.948
567;570;2.972
567;571;2.944
567;573;3.854
567;991;3.547
568;565;2.764
569;471;2.67
569;514;2.726
569;536;3.863
569;566;2.978
570;471;4.024
570;475;2.726
570;567;2.972
571;475;3.616
571;567;2.944
571;573;3.914
571;574;3.026
572;575;3.065
572;576;2.923
572;984;3.198
573;567;3.854
573;571;3.914
573;576;3.207
573;577;3.011
573;988;3.501
574;532;2.961
574;571;3.026
574;577;3.846
574;578;3.052
575;572;3.065
575;578;3.493
575;579;2.972
576;572;2.923
576;573;3.207
576;579;3.287
576;580;2.959
576;988;3.623
577;532;3.954
577;573;3.011
577;574;3.846
577;581;3.049
578;574;3.052
578;575;3.493
578;581;3.389
578;582;2.792
579;575;2.972
579;576;3.287
579;582;3.308
579;583;2.935
579;1098;3.765
580;576;2.959
580;583;3.208
580;584;3.076
580;1094;3.595
581;577;3.049
581;578;3.389
581;584;3.009
582;578;2.792
582;579;3.308
582;585;2.998
583;579;2.935
583;580;3.208
583;586;3.077
583;587;3.083
583;687;3.778
583;1094;3.488
583;1098;3.577
584;580;3.076
584;581;3.009
584;588;2.968
584;1094;3.895
585;582;2.998
585;588;3.039
586;583;3.077
586;687;3.862
587;583;3.083
587;590;3.27
587;591;2.873
587;683;3.564
587;1094;3.815
588;584;2.968
588;585;3.039
588;592;3.054
589;106;3.439
589;110;3.325
589;592;3.212
589;593;3.297
590;110;3.997
590;587;3.27
590;593;3.058
590;594;3.023
590;682;3.513
590;683;3.79
591;587;2.873
591;595;2.929
592;588;3.054
592;589;3.212
592;595;3.299
592;596;3.069
593;107;3.711
593;589;3.297
593;590;3.058
593;596;3.383
593;597;3.025
594;590;3.023
594;598;2.958
594;645;3.942
595;591;2.929
595;592;3.299
595;599;2.973
596;100;3.805
596;592;3.069
596;593;3.383
596;599;3.403
596;600;3.03
597;593;3.025
597;600;3.276
597;601;2.944
597;675;3.7
598;594;2.958
598;601;3.468
598;602;2.923
598;638;3.477
598;641;3.794
599;19;3.56
599;23;3.756
599;595;2.973
599;596;3.403
599;602;3.285
599;603;3.009
599;634;3.488
600;94;4.017
600;98;3.897
600;596;3.03
600;597;3.276
600;603;3.24
600;604;2.993
601;597;2.944
601;598;3.468
601;605;2.958
601;641;3.796
601;671;4.047
601;672;3.558
601;675;3.896
602;598;2.923
602;599;3.285
602;605;3.247
602;606;2.993
602;634;3.781
602;637;3.98
602;638;4.01
603;94;3.583
603;599;3.009
603;600;3.24
603;607;3.315
604;94;3.666
604;600;2.993
604;607;3.335
604;608;3.024
605;601;2.958
605;602;3.247
605;609;3.003
605;610;2.81
605;631;3.819
606;25;3.276
606;602;2.993
606;610;3.049
606;611;3.159
606;633;3.88
607;91;3.448
607;603;3.315
607;604;3.335
608;87;3.903
608;91;3.864
608;604;3.024
608;611;2.805
609;605;3.003
609;612;3.01
609;613;3.58
609;627;3.503
609;631;4.108
609;665;3.424
609;668;3.991
610;605;2.81
610;606;3.049
610;627;3.768
611;606;3.159
611;608;2.805
612;609;3.01
612;627;2.966
613;609;3.58
613;625;3.083
613;627;2.972
613;653;3.803
613;654;3.369
613;661;2.794
613;665;3.525
614;623;2.663
614;624;3.667
614;654;3.531
614;655;2.931
615;618;3.014
615;619;2.864
615;620;2.811
615;621;2.752
616;655;2.773
616;657;3.698
617;620;3.851
618;615;3.014
618;623;4.026
619;615;2.864
620;615;2.811
620;617;3.851
620;1028;3.953
621;615;2.752
622;628;3.566
622;629;3.207
623;614;2.663
623;618;4.026
624;614;3.667
624;628;3.519
625;613;3.083
625;628;3.156
625;629;3.133
625;652;2.868
625;653;3.551
626;629;3.028
626;630;2.842
626;651;3.899
627;609;3.503
627;610;3.768
627;612;2.966
627;613;2.972
627;631;3.683
627;653;3.597
628;622;3.566
628;624;3.519
628;625;3.156
628;632;3.508
629;622;3.207
629;625;3.133
629;626;3.028
629;636;4.023
629;1068;3.627
630;626;2.842
630;636;3.998
630;639;3.918
630;640;3.937
630;1059;3.416
630;1063;3.873
631;605;3.819
631;609;4.108
631;627;3.683
631;636;3.672
631;640;3.636
631;653;4.046
632;628;3.508
632;1072;2.72
633;25;3.685
633;606;3.88
633;636;2.889
633;637;2.941
633;1075;2.873
634;25;3.245
634;599;3.488
634;602;3.781
634;637;3.443
634;638;2.946
635;638;3.212
635;639;2.998
635;1075;3.638
635;1078;3.882
635;1079;3.582
635;1082;3.982
636;629;4.023
636;630;3.998
636;631;3.672
636;633;2.889
636;639;3.276
636;640;2.991
636;1078;3.084
637;602;3.98
637;633;2.941
637;634;3.443
637;641;2.967
638;598;3.477
638;602;4.01
638;634;2.946
638;635;3.212
638;641;3.486
638;642;2.973
639;630;3.918
639;635;2.998
639;636;3.276
639;642;3.268
639;643;3.034
639;1063;3.947
639;1082;3.576
640;630;3.937
640;631;3.636
640;636;2.991
640;643;3.164
640;644;3.033
640;650;3.882
641;598;3.794
641;601;3.796
641;637;2.967
641;638;3.486
641;644;3.281
641;645;2.959
642;638;2.973
642;639;3.268
642;645;3.077
642;646;3.208
642;1055;3.903
642;1058;3.57
642;1082;3.723
642;1089;3.913
643;639;3.034
643;640;3.164
643;649;2.851
643;1059;3.548
644;640;3.033
644;641;3.281
644;647;3.028
644;650;3.743
644;669;3.487
644;672;3.619
644;673;4.002
645;594;3.942
645;641;2.959
645;642;3.077
645;676;3.759
646;642;3.208
646;1055;3.486
647;644;3.028
647;673;4.019
648;211;3.491
648;213;3.762
648;1055;3.808
648;1056;2.738
648;1057;2.844
649;208;3.642
649;213;3.419
649;214;5.695
649;643;2.851
649;1060;3.891
650;640;3.882
650;644;3.743
650;653;3.506
650;669;3.361
651;626;3.899
651;1060;3.526
652;625;2.868
652;1015;3.837
653;613;3.803
653;625;3.551
653;627;3.597
653;631;4.046
653;650;3.506
653;662;3.318
653;665;3.458
654;613;3.369
654;614;3.531
654;658;3.365
654;662;3.025
655;614;2.931
655;616;2.773
655;662;3.721
656;1016;3.387
657;616;3.698
658;654;3.365
658;661;2.778
658;662;3.078
659;663;2.948
660;663;3.297
660;664;3.011
661;613;2.794
661;658;2.778
661;664;3.24
661;665;3.089
662;653;3.318
662;654;3.025
662;655;3.721
662;658;3.078
662;665;3.398
662;666;2.912
663;659;2.948
663;660;3.297
663;666;3.28
663;667;3.016
664;660;3.011
664;661;3.24
664;667;3.486
664;668;3.363
665;609;3.424
665;613;3.525
665;653;3.458
665;661;3.089
665;662;3.398
665;668;3.432
665;669;2.943
666;204;3.795
666;662;2.912
666;663;3.28
666;669;3.279
666;670;2.96
667;663;3.016
667;664;3.486
667;670;3.412
667;671;3.022
668;609;3.991
668;664;3.363
668;665;3.432
668;671;3.324
668;672;2.986
669;644;3.487
669;650;3.361
669;665;2.943
669;666;3.279
669;672;3.304
669;673;2.991
670;207;3.566
670;666;2.96
670;667;3.412
670;673;3.433
670;674;3.004
671;601;4.047
671;667;3.022
671;668;3.324
671;674;3.466
671;675;3.006
672;601;3.558
672;644;3.619
672;668;2.986
672;669;3.304
672;676;2.955
673;207;4.109
673;211;3.649
673;644;4.002
673;647;4.019
673;669;2.991
673;670;3.433
673;677;2.927
674;207;3.871
674;670;3.004
674;671;3.466
674;677;3.465
674;678;3.041
675;597;3.7
675;601;3.896
675;671;3.006
675;678;3.43
675;679;2.994
676;645;3.759
676;672;2.955
676;679;3.177
676;680;2.932
677;673;2.927
677;674;3.465
677;680;3.24
677;681;2.977
678;114;3.833
678;674;3.041
678;675;3.43
678;682;3.033
679;675;2.994
679;676;3.177
679;682;3.348
679;683;2.919
680;676;2.932
680;677;3.24
680;683;3.139
680;684;3.081
681;247;3.608
681;248;3.713
681;677;2.977
681;684;3.468
681;685;3.015
682;590;3.513
682;678;3.033
682;679;3.348
682;686;2.909
683;587;3.564
683;590;3.79
683;679;2.919
683;680;3.139
683;686;3.4
683;687;3.136
683;1097;3.374
684;248;3.674
684;252;3.662
684;680;3.081
684;681;3.468
684;687;3.483
684;688;2.95
684;1097;3.571
684;1100;3.736
684;1388;6.36
685;251;3.807
685;252;4.01
685;255;3.684
685;681;3.015
685;688;3.341
685;689;2.954
686;682;2.909
686;683;3.4
686;690;3.088
687;583;3.778
687;586;3.862
687;683;3.136
687;684;3.483
687;690;3.318
687;691;2.989
687;1097;3.647
687;1098;3.788
687;1101;3.529
688;252;3.438
688;684;2.95
688;685;3.341
688;692;2.986
688;1104;3.541
689;256;3.834
689;685;2.954
689;692;3.23
689;693;3.043
690;686;3.088
690;687;3.318
690;693;3.145
690;694;3.1
691;687;2.989
691;694;2.978
691;1101;3.435
691;1105;3.43
692;256;5.811
692;688;2.986
692;689;3.23
692;1105;3.629
692;1108;3.307
693;689;3.043
693;690;3.145
694;690;3.1
694;691;2.978
695;295;2.831
695;1105;3.508
696;295;4.005
697;1108;3.749
698;707;3.769
698;1112;2.805
698;1113;2.792
699;273;3.542
699;707;3.647
699;1112;2.794
700;262;3.978
700;703;2.858
700;707;3.873
700;1115;3.352
701;707;3.303
701;708;3.635
701;1115;3.424
702;722;2.63
702;1123;2.954
703;273;3.943
703;700;2.858
704;264;3.806
705;279;2.673
706;279;2.927
706;283;2.793
706;288;3.698
707;698;3.769
707;699;3.647
707;700;3.873
707;701;3.303
708;278;2.968
708;288;3.501
708;701;3.635
709;288;2.979
710;724;2.828
711;722;3.674
711;723;3.846
711;1121;3.815
712;715;3.669
713;1117;3.507
713;1118;3.67
713;1119;3.785
713;1120;3.485
713;1121;4.033
714;717;3.802
714;1119;3.554
715;712;3.669
715;828;2.831
715;829;3.621
716;829;3.476
716;831;2.885
717;714;3.802
717;721;3.597
717;1119;2.72
718;798;4.037
719;797;3.494
719;805;3.705
720;798;3.914
720;800;4.028
720;1122;3.784
721;717;3.597
722;702;2.63
722;711;3.674
722;1121;3.314
723;711;3.846
723;726;3.462
723;804;3.468
724;710;2.828
725;285;3.873
725;734;2.821
726;723;3.462
726;734;3.979
727;734;3.776
728;733;3.99
728;735;3.755
728;807;3.843
728;808;3.927
728;812;3.822
729;732;2.943
730;807;3.941
731;810;2.704
732;729;2.943
733;728;3.99
733;735;2.986
733;737;3.569
734;286;2.761
734;287;3.304
734;725;2.821
734;726;3.979
734;727;3.776
735;728;3.755
735;733;2.986
735;812;2.623
736;739;2.954
736;740;2.898
736;741;3.874
736;751;2.878
736;752;2.838
736;753;2.895
737;733;3.569
738;753;2.953
739;736;2.954
740;736;2.898
741;736;3.874
741;751;3.654
742;747;3.628
743;745;2.77
744;746;2.948
744;748;3.446
745;743;2.77
746;744;2.948
747;742;3.628
747;752;3.844
748;744;3.446
749;752;2.985
750;763;2.761
750;766;4.037
751;736;2.878
751;741;3.654
751;763;3.953
752;736;2.838
752;747;3.844
752;749;2.985
753;736;2.895
753;738;2.953
753;758;3.247
754;758;3.258
754;766;3.848
754;772;4.008
755;774;2.749
756;771;3.813
757;771;3.011
757;773;2.794
758;753;3.247
758;754;3.258
759;762;3.958
760;762;3.01
761;767;2.721
762;759;3.958
762;760;3.01
763;750;2.761
763;751;3.953
764;769;3.845
764;771;2.994
765;768;3.447
765;770;3.815
766;750;4.037
766;754;3.848
767;761;2.721
768;765;3.447
768;770;2.854
769;764;3.845
770;765;3.815
770;768;2.854
771;756;3.813
771;757;3.011
771;764;2.994
771;773;2.808
772;754;4.008
773;757;2.794
773;771;2.808
774;755;2.749
775;779;3.927
776;779;3.649
776;780;3.298
777;778;2.964
778;777;2.964
779;775;3.927
779;776;3.649
780;776;3.298
781;784;2.819
782;788;2.887
783;787;2.926
784;781;2.819
785;790;2.898
786;789;2.997
787;783;2.926
787;793;2.985
787;1128;2.668
788;782;2.887
789;786;2.997
790;785;2.898
791;800;3.422
791;1128;3.118
792;795;2.78
792;1128;3.596
792;1129;3.149
793;787;2.985
794;796;2.721
795;792;2.78
795;798;3.647
796;794;2.721
797;719;3.494
798;718;4.037
798;720;3.914
798;795;3.647
799;801;2.746
799;802;3.426
799;803;3.714
800;720;4.028
800;791;3.422
801;799;2.746
802;799;3.426
802;806;2.811
803;799;3.714
803;806;3.483
803;807;3.216
804;723;3.468
805;719;3.705
805;808;3.209
806;802;2.811
806;803;3.483
807;728;3.843
807;730;3.941
807;803;3.216
808;728;3.927
808;805;3.209
809;812;3.599
810;731;2.704
810;812;3.671
811;813;2.865
812;728;3.822
812;735;2.623
812;809;3.599
812;810;3.671
813;811;2.865
813;814;3.358
813;815;2.997
814;813;3.358
815;813;2.997
816;818;2.981
817;819;3.75
817;824;3.459
818;816;2.981
819;817;3.75
819;823;3.968
819;824;3.127
820;823;3.503
821;823;3.001
822;825;3.027
823;819;3.968
823;820;3.503
823;821;3.001
824;817;3.459
824;819;3.127
824;827;3.783
825;822;3.027
825;826;2.971
825;827;2.842
826;825;2.971
827;824;3.783
827;825;2.842
828;715;2.831
829;715;3.621
829;716;3.476
829;831;3.047
830;838;4.028
830;841;3.985
831;716;2.885
831;829;3.047
831;833;3.808
832;836;3.993
833;831;3.808
834;837;2.946
835;839;2.641
835;912;2.75
835;913;3.885
836;832;3.993
836;847;3.966
837;834;2.946
838;830;4.028
838;840;3.013
838;842;2.815
838;843;2.835
839;835;2.641
840;838;3.013
840;842;3.728
841;830;3.985
842;838;2.815
842;840;3.728
843;838;2.835
844;846;4.03
844;847;3.551
845;848;2.791
846;844;4.03
847;836;3.966
847;844;3.551
847;851;3.581
848;845;2.791
848;851;2.742
848;907;2.882
848;908;2.817
849;852;3.058
850;855;3.849
850;901;3.957
850;904;3.397
850;905;3.796
851;847;3.581
851;848;2.742
852;849;3.058
852;855;2.864
852;856;2.953
853;857;3.045
854;857;3.447
854;858;2.889
855;850;3.849
855;852;2.864
855;858;3.319
855;859;2.969
856;852;2.953
856;859;3.422
856;860;3.191
856;964;3.132
857;853;3.045
857;854;3.447
857;860;3.422
857;861;3.011
858;854;2.889
858;855;3.319
858;861;3.271
858;862;2.917
859;855;2.969
859;856;3.422
859;862;3.412
859;863;2.969
859;898;3.739
859;901;3.654
860;856;3.191
860;857;3.422
860;863;3.39
860;864;2.953
860;964;3.447
861;857;3.011
861;858;3.271
861;864;3.228
861;865;2.975
862;858;2.917
862;859;3.412
862;866;2.96
862;898;3.976
863;859;2.969
863;860;3.39
863;867;2.896
863;894;3.952
863;898;3.461
863;957;3.691
863;961;3.778
864;860;2.953
864;861;3.228
864;867;3.199
864;868;2.98
865;861;2.975
865;868;3.103
865;869;3.008
866;862;2.96
866;869;3.418
866;870;2.961
866;957;3.621
867;863;2.896
867;864;3.199
867;871;2.985
868;864;2.98
868;865;3.103
868;871;3.405
868;872;2.95
869;865;3.008
869;866;3.418
869;872;2.975
869;873;3.228
870;866;2.961
870;955;3.856
870;958;3.996
871;867;2.985
871;868;3.405
871;875;3.694
871;1296;3.864
872;868;2.95
872;869;2.975
872;875;3.072
872;876;3.037
872;879;3.496
872;883;3.887
873;869;3.228
873;880;2.765
873;948;2.785
874;877;3.366
874;880;2.676
874;1299;3.359
874;1353;3.003
875;871;3.694
875;872;3.072
875;1319;3.77
876;872;3.037
876;879;2.967
876;880;3.026
877;874;3.366
877;880;3.175
877;881;3.003
877;1354;3.992
878;881;2.638
879;872;3.496
879;876;2.967
879;882;3.303
879;883;2.965
880;873;2.765
880;874;2.676
880;876;3.026
880;877;3.175
880;884;3.022
880;1352;3.893
881;877;3.003
881;878;2.638
881;1354;3.466
882;879;3.303
883;872;3.887
883;879;2.965
883;886;3.1
883;887;3.03
884;880;3.022
884;888;2.765
885;889;3.03
886;883;3.1
886;889;3.383
886;890;2.994
887;883;3.03
887;890;2.968
887;891;3.284
888;884;2.765
888;891;3.002
888;892;3.03
888;948;2.874
888;951;3.741
889;885;3.03
889;886;3.383
889;892;2.901
889;893;2.96
890;886;2.994
890;887;2.968
890;893;3.492
890;894;2.915
891;887;3.284
891;888;3.002
891;895;3.002
891;954;3.78
892;888;3.03
892;889;2.901
892;895;3.386
892;896;3.044
893;889;2.96
893;890;3.492
893;897;2.977
894;863;3.952
894;890;2.915
894;897;3.271
894;898;2.94
894;957;3.608
895;891;3.002
895;892;3.386
895;899;2.978
895;954;3.726
896;892;3.044
896;900;3.018
897;893;2.977
897;894;3.271
897;900;4.024
897;901;2.934
898;859;3.739
898;862;3.976
898;863;3.461
898;894;2.94
898;902;3.007
898;960;3.656
899;895;2.978
899;902;3.199
899;903;2.954
899;927;3.886
899;931;3.656
900;896;3.018
900;897;4.024
900;903;3.434
900;904;2.947
901;850;3.957
901;859;3.654
901;897;2.934
901;904;3.445
901;905;2.674
901;960;3.602
902;898;3.007
902;899;3.199
902;906;2.981
902;914;2.889
902;924;3.823
902;928;3.991
903;899;2.954
903;900;3.434
903;906;3.304
903;907;2.995
904;850;3.397
904;900;2.947
904;901;3.445
904;907;4.02
904;908;2.969
905;850;3.796
905;901;2.674
905;908;3.426
905;909;3.055
905;914;3.776
905;920;4.056
905;923;2.677
906;902;2.981
906;903;3.304
906;909;3.013
906;910;2.907
906;914;3.614
906;915;3.532
907;848;2.882
907;903;2.995
907;904;4.02
908;848;2.817
908;904;2.969
908;905;3.426
909;905;3.055
909;906;3.013
909;913;2.915
909;917;3.713
909;920;3.614
910;906;2.907
910;913;2.952
910;914;2.969
911;915;3.054
912;835;2.75
912;915;3.05
912;916;2.884
913;835;3.885
913;909;2.915
913;910;2.952
914;902;2.889
914;905;3.776
914;906;3.614
914;910;2.969
914;917;3.047
915;906;3.532
915;911;3.054
915;912;3.05
915;921;3.516
915;924;5.83
916;912;2.884
917;909;3.713
917;914;3.047
917;920;3.027
917;921;2.924
918;922;2.973
919;922;3.415
919;923;2.995
919;963;3.19
919;969;4.027
919;972;3.933
920;905;4.056
920;909;3.614
920;917;3.027
920;923;3.234
920;924;2.982
921;915;3.516
921;917;2.924
921;924;5.736
921;925;2.964
922;918;2.973
922;919;3.415
922;925;3.199
923;905;2.677
923;919;2.995
923;920;3.234
923;960;2.956
923;963;2.783
924;902;3.823
924;915;5.83
924;920;2.982
924;921;5.736
924;927;3.038
924;928;2.963
925;921;2.964
925;922;3.199
925;929;3.023
926;956;4.02
926;960;3.724
927;899;3.886
927;924;3.038
927;930;3.31
927;931;3.099
928;902;3.991
928;924;2.963
928;931;2.858
928;932;2.908
929;925;3.023
929;933;2.966
929;953;3.751
930;927;3.31
930;933;3.995
930;934;3.049
930;954;2.878
931;899;3.656
931;927;3.099
931;928;2.858
931;934;3.323
931;935;2.978
932;928;2.908
932;935;3.191
932;936;2.997
933;929;2.966
933;930;3.995
933;936;3.455
933;937;2.986
934;930;3.049
934;931;3.323
934;937;3.302
934;938;2.984
934;947;3.761
935;931;2.978
935;932;3.191
935;938;3.199
935;939;2.927
936;932;2.997
936;933;3.455
936;939;3.161
936;940;2.959
937;933;2.986
937;934;3.302
937;942;3.045
937;946;3.286
937;947;3.342
937;950;3.652
938;934;2.984
938;935;3.199
938;941;2.999
939;935;2.927
939;936;3.161
940;936;2.959
941;938;2.999
942;937;3.045
943;946;3.798
943;947;3.173
944;947;3.479
944;948;3.005
945;948;2.738
945;949;3.235
946;937;3.286
946;943;3.798
946;950;3.002
947;934;3.761
947;937;3.342
947;943;3.173
947;944;3.479
947;951;2.974
948;873;2.785
948;888;2.874
948;944;3.005
948;945;2.738
948;951;3.786
948;1351;3.919
949;945;3.235
949;952;3.055
949;1301;3.876
949;1348;3.008
949;1349;3.618
949;1350;3.147
950;937;3.652
950;946;3.002
951;888;3.741
951;947;2.974
951;948;3.786
951;954;2.744
952;949;3.055
952;955;2.751
952;956;3.315
952;1297;3.613
953;929;3.751
953;956;2.979
954;891;3.78
954;895;3.726
954;930;2.878
