source;destination;distance
0;3;2.781
1;47;3.615
2;7;3.602
2;48;3.678
3;0;2.781
4;7;3.231
4;8;2.974
5;9;2.972
6;10;2.977
7;2;3.602
7;4;3.231
7;10;3.112
7;11;2.964
7;43;3.967
7;47;3.752
8;4;2.974
8;11;3.482
8;12;2.993
9;5;2.972
9;13;2.927
10;6;2.977
10;7;3.112
10;13;3.5
10;14;2.945
11;7;2.964
11;8;3.482
11;14;3.429
11;15;3.027
11;44;3.615
12;8;2.993
12;16;2.982
12;104;3.845
13;9;2.927
13;10;3.5
13;16;3.382
13;17;2.943
14;10;2.945
14;11;3.429
14;18;3.014
14;37;3.709
15;11;3.027
15;19;2.976
15;37;3.796
15;99;3.978
15;100;3.555
16;12;2.982
16;13;3.382
16;19;3.184
16;20;3.081
17;13;2.943
17;20;3.305
17;21;2.984
18;14;3.014
18;21;3.608
18;22;2.948
18;37;2.987
18;96;3.123
19;15;2.976
19;16;3.184
19;22;3.181
19;97;3.525
19;596;3.52
20;16;3.081
20;17;3.305
21;17;2.984
21;18;3.608
21;24;2.988
21;30;3.639
21;33;3.397
22;18;2.948
22;19;3.181
22;93;4.071
22;96;3.914
22;97;3.967
23;596;3.765
23;600;3.995
24;21;2.988
24;27;3.992
25;603;3.234
25;630;3.719
25;631;3.283
26;30;3.836
27;24;3.992
27;30;2.848
28;31;2.727
28;32;3.023
29;32;3.282
29;33;2.987
30;21;3.639
30;26;3.836
30;27;2.848
30;33;3.392
30;34;2.999
31;28;2.727
31;34;3.436
31;35;3.01
32;28;3.023
32;29;3.282
32;36;3.016
33;21;3.397
33;29;2.987
33;30;3.392
33;36;3.255
33;37;2.956
34;30;2.999
34;31;3.436
34;37;3.356
34;38;2.94
34;93;2.875
34;96;3.674
35;31;3.01
35;38;3.37
35;39;2.97
35;81;3.927
36;32;3.016
36;33;3.255
36;39;3.347
36;40;2.999
37;14;3.709
37;15;3.796
37;18;2.987
37;33;2.956
37;34;3.356
37;40;3.006
37;41;2.872
37;96;3.899
38;34;2.94
38;35;3.37
38;41;4.036
38;42;2.993
38;80;2.739
39;35;2.97
39;36;3.347
39;42;3.177
39;43;2.982
40;36;2.999
40;37;3.006
40;43;3.489
40;44;2.912
41;37;2.872
41;38;4.036
41;45;2.957
41;73;3.465
41;99;3.517
42;38;2.993
42;39;3.177
42;45;3.295
42;46;2.969
43;7;3.967
43;39;2.982
43;40;3.489
43;46;3.402
43;47;3.056
44;11;3.615
44;40;2.912
44;47;3.234
44;48;2.812
44;99;2.649
45;41;2.957
45;42;3.295
45;49;2.988
45;56;3.951
45;73;3.924
46;42;2.969
46;43;3.402
46;50;3.07
46;51;4.03
47;1;3.615
47;7;3.752
47;43;3.056
47;44;3.234
48;2;3.678
48;44;2.812
48;66;3.229
48;69;2.656
49;45;2.988
49;56;4.037
49;59;3.876
49;66;3.651
50;46;3.07
50;53;3.063
50;55;3.666
51;46;4.03
52;55;3.7
52;58;3.47
53;50;3.063
53;56;2.984
54;57;2.988
55;50;3.666
55;52;3.7
55;58;2.996
56;45;3.951
56;49;4.037
56;53;2.984
56;59;3.05
56;70;4.026
57;54;2.988
57;60;3.025
58;52;3.47
58;55;2.996
58;61;3.039
59;49;3.876
59;56;3.05
59;62;2.983
59;63;3.827
59;66;3.495
59;67;3.848
59;70;3.777
60;57;3.025
60;67;3.84
61;58;3.039
62;59;2.983
63;59;3.827
63;67;2.89
64;67;3.411
64;68;3.037
65;68;3.03
65;69;3.053
65;102;3.488
65;108;3.267
65;111;3.798
66;48;3.229
66;49;3.651
66;59;3.495
66;69;3.893
66;70;2.991
67;59;3.848
67;60;3.84
67;63;2.89
67;64;3.411
67;70;3.459
67;71;2.963
68;64;3.037
68;65;3.03
68;72;3.007
68;101;3.881
69;48;2.656
69;65;3.053
69;66;3.893
69;72;3.345
69;73;2.915
69;99;3.185
69;102;2.745
70;56;4.026
70;59;3.777
70;66;2.991
70;67;3.459
70;73;3.25
70;74;3.005
71;67;2.963
71;74;3.463
71;75;2.989
72;68;3.007
72;69;3.345
72;76;2.929
72;95;3.548
73;41;3.465
73;45;3.924
73;69;2.915
73;70;3.25
73;76;3.436
73;77;2.904
74;70;3.005
74;71;3.463
74;77;3.391
74;78;3.017
75;71;2.989
75;78;3.382
75;79;2.977
75;89;3.564
75;92;3.3
76;72;2.929
76;73;3.436
76;79;3.005
76;80;2.861
77;73;2.904
77;74;3.391
77;81;2.985
78;74;3.017
78;75;3.382
78;82;3.001
79;75;2.977
79;76;3.005
79;83;3.907
79;89;2.746
80;38;2.739
80;76;2.861
81;35;3.927
81;77;2.985
82;78;3.001
82;84;2.988
83;79;3.907
83;90;2.974
83;93;3.629
84;82;2.988
85;89;3.649
86;89;3.121
87;90;2.879
87;91;3.243
87;605;3.969
88;91;3.165
89;75;3.564
89;79;2.746
89;85;3.649
89;86;3.121
89;92;3.011
90;83;2.974
90;87;2.879
91;87;3.243
91;88;3.165
91;94;3.03
91;604;3.482
92;75;3.3
92;89;3.011
92;95;2.865
93;22;4.071
93;34;2.875
93;83;3.629
93;96;2.937
94;91;3.03
94;97;2.881
94;597;3.953
94;600;3.686
95;72;3.548
95;92;2.865
95;98;3.816
95;99;3.009
95;597;3.964
96;18;3.123
96;22;3.914
96;34;3.674
96;37;3.899
96;93;2.937
96;99;3.095
97;19;3.525
97;22;3.967
97;94;2.881
97;100;2.999
98;95;3.816
98;101;2.917
98;597;3.954
99;15;3.978
99;41;3.517
99;44;2.649
99;69;3.185
99;95;3.009
99;96;3.095
99;102;2.952
100;15;3.555
100;97;2.999
100;103;2.996
100;104;2.987
100;107;3.642
100;593;3.514
101;68;3.881
101;98;2.917
101;111;3.878
102;65;3.488
102;69;2.745
102;99;2.952
102;108;2.819
103;100;2.996
104;12;3.845
104;100;2.987
104;108;2.98
105;108;3.262
105;109;2.953
106;110;3.102
106;586;3.371
107;100;3.642
107;110;3.407
107;111;2.996
107;590;3.735
108;65;3.267
108;102;2.819
108;104;2.98
108;105;3.262
108;111;3.448
108;112;2.983
109;105;2.953
109;112;3.258
109;113;3.03
110;106;3.102
110;107;3.407
110;113;3.119
110;114;2.997
110;586;3.305
111;65;3.798
111;101;3.878
111;107;2.996
111;108;3.448
111;114;3.205
111;115;3.02
112;108;2.983
112;109;3.258
112;115;3.46
112;116;3.009
113;109;3.03
113;110;3.119
113;116;3.224
113;117;3.038
114;110;2.997
114;111;3.205
114;117;3.084
114;118;3.281
114;675;3.772
115;111;3.02
115;112;3.46
115;118;2.972
116;112;3.009
116;113;3.224
116;119;2.813
116;259;3.81
117;113;3.038
117;114;3.084
117;120;3.123
117;121;3.004
118;114;3.281
118;115;2.972
118;122;3.015
119;116;2.813
119;122;3.466
119;263;2.722
120;117;3.123
120;259;3.817
120;262;2.657
120;263;2.795
121;117;3.004
121;124;3.324
121;125;2.934
121;256;3.986
122;118;3.015
122;119;3.466
122;126;2.984
123;126;3.198
123;127;3.093
123;1247;3.463
123;1248;2.959
124;121;3.324
124;127;3.432
124;128;3.172
124;248;3.609
124;1251;4.012
125;121;2.934
125;128;3.379
125;129;2.925
126;122;2.984
126;123;3.198
126;129;3.339
126;130;2.99
127;123;3.093
127;124;3.432
127;131;2.967
127;1242;4.007
127;1248;3.961
127;1251;3.818
128;124;3.172
128;125;3.379
128;131;3.295
128;132;2.895
128;248;3.448
129;125;2.925
129;126;3.339
129;133;3.022
130;126;2.99
130;133;3.404
130;134;2.932
130;1238;3.713
130;1241;3.41
130;1242;3.801
131;127;2.967
131;128;3.295
131;135;2.891
132;128;2.895
132;136;2.968
132;208;3.679
132;211;3.959
133;129;3.022
133;130;3.404
133;136;3.17
133;137;3.006
134;130;2.932
134;137;3.299
134;138;2.973
134;1149;3.742
134;1238;3.725
135;131;2.891
135;139;2.949
135;211;3.588
135;237;3.657
135;241;3.949
135;244;3.987
136;132;2.968
136;133;3.17
136;140;2.926
136;204;3.771
136;208;3.917
137;133;3.006
137;134;3.299
137;140;3.212
137;141;3.119
137;204;3.821
137;1235;3.919
138;134;2.973
138;141;3.209
138;237;3.473
138;1232;3.435
139;135;2.949
139;142;3.449
139;143;2.957
139;201;3.681
140;136;2.926
140;137;3.212
140;144;3.681
140;203;3.5
140;204;3.924
141;137;3.119
141;138;3.209
141;1235;3.384
142;139;3.449
142;1228;3.69
142;1232;3.709
143;139;2.957
143;224;3.002
143;234;3.469
143;237;3.75
143;238;3.853
144;140;3.681
144;202;3.789
145;150;2.761
145;197;3.106
146;191;2.995
146;195;3.789
146;196;3.797
146;197;3.516
147;150;2.943
147;151;3.844
147;192;3.873
147;195;2.808
148;195;2.914
148;198;3.704
148;202;2.67
149;153;3.861
149;155;3.488
150;145;2.761
150;147;2.943
150;154;3.67
150;192;2.86
151;147;3.844
151;187;3.388
151;190;2.963
152;186;4.034
152;187;3.693
153;149;3.861
153;185;2.738
154;150;3.67
155;149;3.488
156;158;3.845
157;160;3.816
157;181;3.835
158;156;3.845
158;181;3.976
159;171;3.376
159;180;3.384
159;181;3.383
160;157;3.816
160;170;3.976
161;170;3.014
162;164;2.828
163;166;2.755
163;168;3.875
164;162;2.828
165;170;3.239
166;163;2.755
167;173;2.645
168;163;3.875
168;173;3.951
169;172;3.46
169;173;3.112
169;179;3.319
169;181;3.472
170;160;3.976
170;161;3.014
170;165;3.239
171;159;3.376
172;169;3.46
172;174;3.122
173;167;2.645
173;168;3.951
173;169;3.112
173;177;3.275
174;172;3.122
174;176;3.762
175;176;4.022
176;174;3.762
176;175;4.022
177;173;3.275
177;179;3.018
178;183;3.803
178;184;3.746
179;169;3.319
179;177;3.018
179;182;3.312
180;159;3.384
181;157;3.835
181;158;3.976
181;159;3.383
181;169;3.472
182;179;3.312
183;178;3.803
184;178;3.746
185;153;2.738
186;152;4.034
186;1001;3.408
187;151;3.388
187;152;3.693
187;190;3.315
188;1003;4.013
189;192;3.966
189;1000;3.574
190;151;2.963
190;187;3.315
190;192;2.985
191;146;2.995
192;147;3.873
192;150;2.86
192;189;3.966
192;190;2.985
193;196;3.198
193;1000;3.961
194;998;2.828
194;1000;3.469
195;146;3.789
195;147;2.808
195;148;2.914
195;198;3.183
196;146;3.797
196;193;3.198
196;227;3.438
196;228;3.852
197;145;3.106
197;146;3.516
198;148;3.704
198;195;3.183
198;201;3.014
198;202;3.009
198;206;3.718
199;206;3.199
200;206;3.352
200;224;3.499
201;139;3.681
201;198;3.014
201;207;3.483
201;210;3.484
201;224;3.112
201;238;3.838
202;144;3.789
202;148;2.67
202;198;3.009
203;140;3.5
203;206;2.788
203;207;2.992
204;136;3.771
204;137;3.821
204;140;3.924
204;207;3.48
204;208;2.956
205;209;2.983
206;198;3.718
206;199;3.199
206;200;3.352
206;203;2.788
206;209;3.297
206;210;2.966
207;201;3.483
207;203;2.992
207;204;3.48
207;210;3.295
207;211;2.959
208;132;3.679
208;136;3.917
208;204;2.956
208;212;2.935
209;205;2.983
209;206;3.297
209;212;3.07
209;213;2.965
209;663;3.825
210;201;3.484
210;206;2.966
210;207;3.295
210;213;3.306
210;214;2.934
211;132;3.959
211;135;3.588
211;207;2.959
211;214;3.447
211;215;2.951
212;208;2.935
212;209;3.07
212;215;3.215
212;216;2.945
212;667;3.557
212;671;3.872
213;209;2.965
213;210;3.306
213;217;2.976
213;218;2.843
213;219;3.856
213;646;3.698
214;210;2.934
214;211;3.447
214;217;3.295
214;220;3.782
214;238;3.839
214;241;3.699
214;242;3.792
215;211;2.951
215;212;3.215
216;212;2.945
216;670;3.626
217;213;2.976
217;214;3.295
217;1313;3.147
217;1315;3.06
218;213;2.843
218;645;3.799
218;646;3.419
219;213;3.856
219;222;3.591
219;223;3.042
219;646;5.891
219;1310;3.742
219;1320;3.864
220;214;3.782
220;224;3.075
220;225;3.144
220;238;3.846
220;242;3.386
220;1306;3.414
220;1309;4.002
220;1310;3.341
221;225;3.16
221;226;2.88
221;1306;3.736
221;1310;3.594
221;1344;3.421
221;1345;2.813
221;1346;3.188
222;219;3.591
222;226;3.722
222;1320;3.303
222;1346;3.334
223;219;3.042
223;226;3.083
224;143;3.002
224;200;3.499
224;201;3.112
224;220;3.075
224;234;3.05
224;238;6.174
225;220;3.144
225;221;3.16
225;228;2.935
225;235;3.347
225;1306;3.139
225;1344;3.468
226;221;2.88
226;222;3.722
226;223;3.083
226;1296;3.644
226;1343;3.751
226;1344;3.384
227;196;3.438
228;196;3.852
228;225;2.935
228;230;2.95
228;231;3.135
228;234;3.437
229;231;3.071
229;1296;3.982
229;1303;3.75
229;1340;2.96
229;1343;3.555
230;228;2.95
230;234;3.025
231;228;3.135
231;229;3.071
231;234;2.971
231;235;2.94
231;1341;3.781
231;1342;3.772
232;235;3.678
232;236;2.918
232;1339;2.857
232;1341;2.764
233;1225;3.702
233;1228;3.892
233;1229;3.266
233;1341;2.984
234;143;3.469
234;224;3.05
234;228;3.437
234;230;3.025
234;231;2.971
234;237;3.042
234;238;3.45
235;225;3.347
235;231;2.94
235;232;3.678
235;238;3.315
235;239;2.935
235;1306;3.521
235;1342;4.008
236;232;2.918
236;240;2.979
237;135;3.657
237;138;3.473
237;143;3.75
237;234;3.042
237;240;3.125
237;241;2.973
238;143;3.853
238;201;3.838
238;214;3.839
238;220;3.846
238;224;6.174
238;234;3.45
238;235;3.315
238;241;3.275
238;242;3.0
239;235;2.935
239;242;3.179
239;243;2.97
239;1309;4.03
240;236;2.979
240;237;3.125
240;244;2.947
241;135;3.949
241;214;3.699
241;237;2.973
241;238;3.275
241;244;3.465
241;245;2.89
242;214;3.792
242;220;3.386
242;238;3.0
242;239;3.179
242;246;2.968
242;1309;3.601
243;239;2.97
243;246;3.465
243;247;2.928
244;135;3.987
244;240;2.947
244;241;3.465
244;248;2.927
245;241;2.89
245;249;2.94
246;242;2.968
246;243;3.465
246;249;3.328
246;250;2.948
247;243;2.928
247;250;3.431
247;251;2.94
247;1255;3.698
247;1262;3.575
248;124;3.609
248;128;3.448
248;244;2.927
248;251;3.146
248;252;2.875
249;245;2.94
249;246;3.328
249;252;3.328
249;253;2.961
250;246;2.948
250;247;3.431
250;253;3.917
250;254;2.983
250;1372;3.763
251;247;2.94
251;248;3.146
251;254;3.602
251;255;2.891
251;1251;3.168
251;1254;3.767
252;248;2.875
252;249;3.328
252;255;3.132
252;256;2.943
252;678;3.578
253;249;2.961
253;250;3.917
253;257;3.123
253;678;3.688
253;681;3.704
253;1369;3.531
254;250;2.983
254;251;3.602
254;257;3.479
254;258;2.92
254;1372;3.975
254;1373;3.94
254;1376;3.495
255;251;2.891
255;252;3.132
255;259;2.928
256;121;3.986
256;252;2.943
256;259;3.299
256;260;3.084
256;682;3.808
257;253;3.123
257;254;3.479
257;260;3.23
257;261;3.077
257;681;3.643
257;682;3.972
257;685;3.412
257;1373;3.457
258;254;2.92
258;262;2.889
258;1377;3.809
259;116;3.81
259;120;3.817
259;255;2.928
259;256;3.299
259;263;2.994
260;256;3.084
260;257;3.23
260;263;3.475
260;264;3.057
260;682;3.686
261;257;3.077
261;264;3.405
261;265;2.905
261;689;6.185
261;1377;3.661
262;120;2.657
262;258;2.889
262;265;3.185
262;266;3.531
263;119;2.722
263;120;2.795
263;259;2.994
263;260;3.475
263;272;2.842
264;260;3.057
264;261;3.405
264;271;3.97
264;272;2.773
264;273;3.148
265;261;2.905
265;262;3.185
265;271;3.444
265;273;3.791
265;277;3.453
266;262;3.531
266;270;2.716
266;271;2.756
267;269;3.55
268;275;3.59
268;711;3.795
269;267;3.55
269;271;3.79
270;266;2.716
271;264;3.97
271;265;3.444
271;266;2.756
271;269;3.79
271;275;3.135
272;263;2.842
272;264;2.773
273;264;3.148
273;265;3.791
274;276;2.893
275;268;3.59
275;271;3.135
275;277;2.999
276;274;2.893
276;279;3.055
277;265;3.453
277;275;2.999
278;281;2.946
278;283;3.261
278;695;3.81
278;711;3.551
279;276;3.055
280;297;3.963
281;278;2.946
281;284;2.876
282;285;3.165
282;293;3.014
282;294;2.787
282;295;2.778
283;278;3.261
283;286;2.999
283;287;2.607
283;292;3.924
283;711;3.954
284;281;2.876
284;287;2.988
285;282;3.165
286;283;2.999
286;290;3.734
286;291;2.946
286;292;3.442
286;293;3.08
286;294;2.809
287;283;2.607
287;284;2.988
287;711;3.941
288;290;3.017
289;709;2.675
290;286;3.734
290;288;3.017
291;286;2.946
291;713;2.869
291;717;3.559
292;283;3.924
292;286;3.442
293;282;3.014
293;286;3.08
294;282;2.787
294;286;2.809
295;282;2.778
296;298;3.508
296;309;2.722
297;280;3.963
298;296;3.508
299;692;2.79
299;1086;3.216
299;1090;3.838
300;1087;3.638
300;1090;3.502
300;1091;4.023
301;308;3.205
301;309;3.978
302;308;3.743
303;307;2.703
304;962;3.71
305;958;3.417
306;307;2.804
307;303;2.703
307;306;2.804
308;301;3.205
308;302;3.743
308;310;3.127
309;296;2.722
309;301;3.978
309;316;3.241
310;308;3.127
310;316;2.911
311;313;2.942
312;322;3.912
312;722;2.71
313;311;2.942
313;316;3.855
314;321;2.963
314;322;2.838
314;323;3.983
315;317;3.033
316;309;3.241
316;310;2.911
316;313;3.855
317;315;3.033
317;325;2.722
318;321;3.844
318;728;2.765
319;326;3.595
319;726;2.75
320;323;3.06
320;324;2.83
320;326;2.703
321;314;2.963
321;318;3.844
321;726;2.834
321;728;2.64
322;312;3.912
322;314;2.838
322;722;3.687
323;314;3.983
323;320;3.06
324;320;2.83
324;329;3.36
325;317;2.722
325;328;2.948
325;329;2.999
326;319;3.595
326;320;2.703
327;330;2.861
327;331;4.037
328;325;2.948
329;324;3.36
329;325;2.999
330;327;2.861
331;327;4.037
332;333;3.386
333;332;3.386
334;439;3.739
334;440;2.758
334;441;2.777
335;439;3.552
336;435;3.703
336;438;3.985
337;435;3.069
337;436;3.536
338;435;2.825
339;435;2.676
340;349;3.459
340;433;3.806
341;343;2.935
341;344;5.55
341;350;3.74
342;346;3.427
343;341;2.935
344;341;5.55
344;351;3.743
345;348;2.824
345;349;3.861
345;432;3.673
346;342;3.427
347;351;3.839
348;345;2.824
348;432;2.78
349;340;3.459
349;345;3.861
349;432;3.827
349;434;2.905
349;436;2.731
350;341;3.74
351;344;3.743
351;347;3.839
352;356;3.36
352;357;3.706
353;355;3.203
353;357;3.072
354;358;2.947
355;353;3.203
356;352;3.36
357;352;3.706
357;353;3.072
358;354;2.947
359;363;3.799
360;363;3.031
361;364;3.024
362;365;3.009
362;366;2.972
362;367;3.865
363;359;3.799
363;360;3.031
364;361;3.024
365;362;3.009
365;368;3.017
366;362;2.972
367;362;3.865
368;365;3.017
369;373;3.553
370;388;2.779
371;389;2.815
371;390;3.938
371;394;3.649
372;375;2.958
373;369;3.553
373;377;3.951
374;376;2.992
374;377;3.232
374;378;3.742
374;379;3.327
374;380;2.737
375;372;2.958
376;374;2.992
377;373;3.951
377;374;3.232
378;374;3.742
379;374;3.327
380;374;2.737
380;383;2.762
380;384;2.976
381;383;3.009
382;385;2.981
383;380;2.762
383;381;3.009
384;380;2.976
385;382;2.981
386;390;2.876
386;391;3.681
387;390;2.991
388;370;2.779
388;391;3.583
389;371;2.815
389;392;2.942
389;393;3.049
389;394;3.453
390;371;3.938
390;386;2.876
390;387;2.991
391;386;3.681
391;388;3.583
392;389;2.942
393;389;3.049
394;371;3.649
394;389;3.453
395;396;3.009
396;395;3.009
397;398;2.803
398;397;2.803
399;402;2.866
400;402;2.783
400;406;3.5
400;408;3.832
401;407;3.489
401;409;3.855
402;399;2.866
402;400;2.783
402;406;2.832
403;405;2.824
404;406;2.992
405;403;2.824
406;400;3.5
406;402;2.832
406;404;2.992
407;401;3.489
408;400;3.832
408;410;2.987
409;401;3.855
410;408;2.987
411;413;3.333
412;414;2.945
413;411;3.333
414;412;2.945
414;415;3.04
415;414;3.04
416;438;2.714
417;418;3.683
418;417;3.683
419;420;3.352
419;424;3.887
420;419;3.352
420;424;3.677
421;422;3.038
422;421;3.038
423;426;3.173
424;419;3.887
424;420;3.677
425;428;3.246
426;423;3.173
426;429;2.977
426;430;3.034
427;430;3.394
428;425;3.246
428;431;3.924
429;426;2.977
430;426;3.034
430;427;3.394
431;428;3.924
432;345;3.673
432;348;2.78
432;349;3.827
432;436;3.729
432;437;3.21
433;340;3.806
434;349;2.905
435;336;3.703
435;337;3.069
435;338;2.825
435;339;2.676
436;337;3.536
436;349;2.731
436;432;3.729
437;432;3.21
438;336;3.985
438;416;2.714
438;439;3.048
439;334;3.739
439;335;3.552
439;438;3.048
440;334;2.758
441;334;2.777
442;445;2.897
443;446;3.167
443;447;3.325
443;448;3.888
444;449;2.79
444;450;2.766
445;442;2.897
446;443;3.167
447;443;3.325
448;443;3.888
449;444;2.79
450;444;2.766
451;452;3.863
452;451;3.863
453;456;2.735
454;461;3.731
455;457;3.101
456;453;2.735
457;455;3.101
457;460;3.053
457;463;3.805
457;464;2.729
458;459;3.748
458;460;3.62
458;517;3.342
458;518;2.776
459;458;3.748
459;514;3.68
459;517;3.504
459;518;4.029
460;457;3.053
460;458;3.62
460;463;2.945
460;464;3.074
461;454;3.731
461;464;3.007
462;514;3.628
463;457;3.805
463;460;2.945
463;519;3.35
464;457;2.729
464;460;3.074
464;461;3.007
464;467;2.934
464;468;3.176
465;469;2.96
466;470;2.956
467;464;2.934
467;470;3.231
467;471;3.014
468;464;3.176
468;471;3.429
468;472;2.939
468;566;2.679
469;465;2.96
469;472;3.187
469;473;2.97
470;466;2.956
470;467;3.231
470;474;3.051
471;467;3.014
471;468;3.429
471;474;3.33
471;475;2.976
471;507;4.0
471;511;3.81
471;563;3.933
472;468;2.939
472;469;3.187
472;475;2.995
472;476;3.085
472;567;2.735
472;568;3.637
473;469;2.97
473;476;3.455
473;477;3.004
474;470;3.051
474;471;3.33
474;478;2.991
474;504;3.664
475;471;2.976
475;472;2.995
475;478;3.072
475;479;3.069
475;508;3.321
475;561;3.87
475;563;3.873
475;564;3.832
476;472;3.085
476;473;3.455
476;479;3.121
476;480;3.446
476;564;3.882
477;473;3.004
477;480;3.3
477;481;3.014
478;474;2.991
478;475;3.072
478;481;3.311
478;482;2.997
478;504;3.169
478;560;3.082
479;475;3.069
479;476;3.121
479;483;3.05
479;561;3.649
479;976;3.91
480;476;3.446
480;477;3.3
480;483;3.307
480;484;2.986
481;477;3.014
481;478;3.311
481;484;3.0
481;485;2.942
481;497;3.52
482;478;2.997
482;485;3.034
482;560;3.773
482;561;3.675
482;980;4.019
483;479;3.05
483;480;3.307
484;480;2.986
484;481;3.0
485;481;2.942
485;482;3.034
485;490;2.95
485;497;4.038
485;501;3.484
486;490;2.97
486;1021;3.865
486;1022;3.025
487;491;3.574
488;491;2.936
488;492;3.005
489;493;3.031
490;485;2.95
490;486;2.97
490;494;2.794
491;487;3.574
491;488;2.936
491;494;2.751
492;488;3.005
493;489;3.031
493;496;3.027
493;497;2.931
494;490;2.794
494;491;2.751
494;498;2.976
495;498;3.302
495;499;3.037
496;493;3.027
496;499;3.926
496;500;2.961
497;481;3.52
497;485;4.038
497;493;2.931
497;500;3.347
497;501;2.927
498;494;2.976
498;495;3.302
498;501;3.393
498;502;3.038
499;495;3.037
499;496;3.926
499;503;2.953
500;496;2.961
500;497;3.347
500;504;2.973
501;485;3.484
501;497;2.927
501;498;3.393
501;504;3.362
501;505;3.093
501;560;3.251
502;498;3.038
502;505;3.355
502;506;3.015
502;544;3.796
502;545;3.383
503;499;2.953
503;506;3.012
503;507;3.088
504;474;3.664
504;478;3.169
504;500;2.973
504;501;3.362
504;507;3.072
504;508;3.362
505;501;3.093
505;502;3.355
505;508;2.945
505;540;2.82
505;541;3.765
505;544;3.832
506;502;3.015
506;503;3.012
506;509;2.869
507;471;4.0
507;503;3.088
507;504;3.072
507;510;3.058
507;511;3.227
508;475;3.321
508;504;3.362
508;505;2.945
508;512;2.985
508;537;3.683
508;541;3.915
508;563;3.439
509;506;2.869
509;512;3.411
509;513;3.031
509;541;3.487
510;507;3.058
510;514;3.059
511;471;3.81
511;507;3.227
511;514;3.409
511;515;2.948
511;563;2.745
511;566;2.741
512;508;2.985
512;509;3.411
512;516;2.985
512;537;3.676
513;509;3.031
513;516;3.204
513;517;3.092
514;459;3.68
514;462;3.628
514;510;3.059
514;511;3.409
514;518;2.98
515;511;2.948
515;518;2.998
515;519;3.034
515;523;2.675
515;524;3.653
515;530;2.769
516;512;2.985
516;513;3.204
516;524;3.674
516;525;3.969
517;458;3.342
517;459;3.504
517;513;3.092
518;458;2.776
518;459;4.029
518;514;2.98
518;515;2.998
519;463;3.35
519;515;3.034
519;523;3.577
520;523;2.923
520;524;2.929
521;525;2.986
522;526;2.844
523;515;2.675
523;519;3.577
523;520;2.923
523;526;3.068
523;527;2.917
524;515;3.653
524;516;3.674
524;520;2.929
524;530;3.193
524;534;3.125
525;516;3.969
525;521;2.986
526;522;2.844
526;523;3.068
527;523;2.917
527;530;2.966
527;531;3.042
528;531;3.938
528;532;3.011
529;533;2.992
529;571;2.933
529;574;3.973
530;515;2.769
530;524;3.193
530;527;2.966
530;534;2.955
531;527;3.042
531;528;3.938
531;534;3.396
531;535;2.99
532;528;3.011
532;535;3.455
532;536;3.017
533;529;2.992
533;536;3.213
533;537;2.903
533;563;2.646
533;566;3.868
534;524;3.125
534;530;2.955
534;531;3.396
534;538;3.01
535;531;2.99
535;532;3.455
535;538;3.186
535;539;3.096
536;532;3.017
536;533;3.213
536;540;3.012
537;508;3.683
537;512;3.676
537;533;2.903
537;541;2.934
537;563;3.746
538;534;3.01
538;535;3.186
538;542;2.993
539;535;3.096
539;543;3.253
539;556;3.612
540;505;2.82
540;536;3.012
540;544;3.413
540;560;3.085
541;505;3.765
541;508;3.915
541;509;3.487
541;537;2.934
541;544;3.137
541;545;2.904
542;538;2.993
542;545;3.322
542;546;3.034
543;539;3.253
543;547;3.003
543;548;3.039
543;557;3.847
544;502;3.796
544;505;3.832
544;540;3.413
544;541;3.137
544;548;3.626
544;557;3.923
545;502;3.383
545;541;2.904
545;542;3.322
546;542;3.034
547;543;3.003
547;549;2.949
548;543;3.039
548;544;3.626
548;554;2.878
549;547;2.949
549;554;3.148
550;553;2.934
551;554;3.303
551;555;2.968
552;555;3.314
552;556;2.943
552;1061;3.868
553;550;2.934
553;556;3.076
553;557;3.06
554;548;2.878
554;549;3.148
554;551;3.303
554;557;2.95
555;551;2.968
555;552;3.314
555;558;2.955
555;984;3.146
556;539;3.612
556;552;2.943
556;553;3.076
556;559;2.98
557;543;3.847
557;544;3.923
557;553;3.06
557;554;2.95
557;560;3.019
558;555;2.955
558;561;3.181
558;980;3.705
558;981;3.894
559;556;2.98
559;562;2.892
559;977;3.825
560;478;3.082
560;482;3.773
560;501;3.251
560;540;3.085
560;557;3.019
560;563;2.95
561;475;3.87
561;479;3.649
561;482;3.675
561;558;3.181
561;564;2.934
561;973;3.813
561;977;3.523
562;559;2.892
562;565;2.784
562;974;3.351
562;977;3.493
563;471;3.933
563;475;3.873
563;508;3.439
563;511;2.745
563;533;2.646
563;537;3.746
563;560;2.95
563;566;2.981
564;475;3.832
564;476;3.882
564;561;2.934
564;567;2.973
564;568;2.948
564;570;3.915
564;973;3.61
565;562;2.784
566;468;2.679
566;511;2.741
566;533;3.868
566;563;2.981
567;472;2.735
567;564;2.973
568;472;3.637
568;564;2.948
568;570;3.858
568;571;3.027
569;572;3.149
569;573;2.929
569;966;3.266
570;564;3.915
570;568;3.858
570;573;3.198
570;574;3.008
570;970;3.457
571;529;2.933
571;568;3.027
571;574;3.859
571;575;3.061
572;569;3.149
572;575;3.397
572;576;2.985
573;569;2.929
573;570;3.198
573;576;3.25
573;577;2.927
573;970;3.606
574;529;3.973
574;570;3.008
574;571;3.859
574;578;3.051
575;571;3.061
575;572;3.397
575;578;3.416
575;579;2.768
576;572;2.985
576;573;3.25
576;579;3.18
576;580;2.919
576;1079;3.584
577;573;2.927
577;580;3.202
577;581;3.081
577;1075;3.6
578;574;3.051
578;575;3.416
578;581;3.012
579;575;2.768
579;576;3.18
579;582;2.973
580;576;2.919
580;577;3.202
580;583;3.083
580;584;3.088
580;684;3.793
580;1075;3.49
580;1079;3.412
581;577;3.081
581;578;3.012
581;585;2.97
581;1075;3.92
582;579;2.973
582;585;3.033
583;580;3.083
583;684;3.903
584;580;3.088
584;587;3.248
584;588;2.871
584;680;3.553
584;1075;3.859
585;581;2.97
585;582;3.033
585;589;3.049
586;106;3.371
586;110;3.305
586;589;3.224
586;590;3.283
587;584;3.248
587;590;3.073
587;591;3.023
587;679;3.469
587;680;3.861
588;584;2.871
588;592;2.93
589;585;3.049
589;586;3.224
589;592;3.331
589;593;3.065
590;107;3.735
590;586;3.283
590;587;3.073
590;593;3.473
590;594;3.033
591;587;3.023
591;594;3.464
591;595;2.968
591;642;3.962
592;588;2.93
592;589;3.331
592;596;2.98
593;100;3.514
593;589;3.065
593;590;3.473
593;596;3.246
593;597;3.007
594;590;3.033
594;591;3.464
594;597;3.263
594;598;2.961
594;672;3.713
595;591;2.968
595;599;2.921
595;635;3.49
595;638;3.796
596;19;3.52
596;23;3.765
596;592;2.98
596;593;3.246
596;599;3.297
596;600;2.986
596;631;3.481
597;94;3.953
597;95;3.964
597;98;3.954
597;593;3.007
597;594;3.263
597;600;3.382
597;601;3.0
598;594;2.961
598;602;2.953
598;638;3.818
598;668;4.098
598;669;3.568
598;672;3.917
599;595;2.921
599;596;3.297
599;602;3.353
599;603;2.986
599;631;3.741
599;634;3.96
599;635;4.001
600;23;3.995
600;94;3.686
600;596;2.986
600;597;3.382
600;604;3.329
601;597;3.0
601;604;3.476
601;605;3.052
602;598;2.953
602;599;3.353
602;606;2.99
602;607;2.874
602;628;3.792
603;25;3.234
603;599;2.986
603;607;3.041
603;608;3.128
603;630;3.949
604;91;3.482
604;600;3.329
604;601;3.476
605;87;3.969
605;601;3.052
605;608;2.794
606;602;2.99
606;609;3.008
606;610;3.555
606;624;3.51
606;628;4.089
606;662;3.438
606;665;4.033
607;602;2.874
607;603;3.041
607;624;3.766
608;603;3.128
608;605;2.794
609;606;3.008
609;621;4.145
609;624;2.976
610;606;3.555
610;622;3.07
610;624;2.975
610;650;3.794
610;651;3.349
610;658;2.76
610;662;3.582
611;620;2.656
611;621;3.658
611;651;3.545
611;652;2.923
612;615;3.02
612;616;2.866
612;617;2.827
612;618;2.756
613;651;4.128
613;652;2.763
613;654;3.68
614;617;3.815
615;612;3.02
615;620;4.012
616;612;2.866
617;612;2.827
617;614;3.815
618;612;2.756
619;625;3.592
619;626;3.078
620;611;2.656
620;615;4.012
621;609;4.145
621;611;3.658
621;625;3.504
622;610;3.07
622;625;3.154
622;626;3.131
622;649;2.859
622;650;3.573
623;626;3.026
623;627;2.85
623;648;3.947
624;606;3.51
624;607;3.766
624;609;2.976
624;610;2.975
624;628;3.708
624;650;3.624
625;619;3.592
625;621;3.504
625;622;3.154
625;629;3.5
626;619;3.078
626;622;3.131
626;623;3.026
626;1049;3.9
627;623;2.85
627;636;3.904
627;637;3.812
627;640;4.001
627;1040;3.49
627;1044;3.757
628;602;3.792
628;606;4.089
628;624;3.708
628;633;3.634
628;637;3.656
628;650;4.127
629;625;3.5
629;1053;2.743
630;25;3.719
630;603;3.949
630;633;2.873
630;634;2.945
630;1056;2.88
631;25;3.283
631;596;3.481
631;599;3.741
631;634;3.442
631;635;2.941
632;635;3.213
632;636;2.989
632;1056;3.653
632;1059;3.868
632;1060;3.61
632;1063;3.967
633;628;3.634
633;630;2.873
633;636;3.266
633;637;2.979
633;1059;3.122
634;599;3.96
634;630;2.945
634;631;3.442
634;637;4.039
634;638;2.971
635;595;3.49
635;599;4.001
635;631;2.941
635;632;3.213
635;638;3.466
635;639;2.972
636;627;3.904
636;632;2.989
636;633;3.266
636;639;3.277
636;640;3.025
636;1044;4.024
636;1063;3.607
637;627;3.812
637;628;3.656
637;633;2.979
637;634;4.039
637;640;3.161
637;641;3.031
637;647;3.885
638;595;3.796
638;598;3.818
638;634;2.971
638;635;3.466
638;641;3.229
638;642;2.964
639;635;2.972
639;636;3.277
639;642;3.046
639;643;3.217
639;1036;3.891
639;1039;3.476
639;1063;3.697
639;1070;3.881
640;627;4.001
640;636;3.025
640;637;3.161
640;646;2.923
640;1040;3.516
641;637;3.031
641;638;3.229
641;644;3.107
641;647;3.755
641;666;3.518
641;669;3.595
641;670;4.002
642;591;3.962
642;638;2.964
642;639;3.046
642;673;3.738
643;639;3.217
643;1036;3.503
644;641;3.107
645;218;3.799
646;213;3.698
646;218;3.419
646;219;5.891
646;640;2.923
646;1041;3.858
647;637;3.885
647;641;3.755
647;650;3.508
647;666;3.308
648;623;3.947
648;1041;3.514
649;622;2.859
650;610;3.794
650;622;3.573
650;624;3.624
650;628;4.127
650;647;3.508
650;659;3.25
650;662;3.452
651;610;3.349
651;611;3.545
651;613;4.128
651;655;3.369
651;659;3.022
652;611;2.923
652;613;2.763
652;659;3.688
653;997;3.354
654;613;3.68
655;651;3.369
655;658;2.772
655;659;3.054
656;660;2.947
657;660;3.396
657;661;2.984
658;610;2.76
658;655;2.772
658;661;3.209
658;662;3.055
659;650;3.25
659;651;3.022
659;652;3.688
659;655;3.054
659;662;3.054
659;663;2.894
660;656;2.947
660;657;3.396
660;663;3.172
660;664;3.029
661;657;2.984
661;658;3.209
662;606;3.438
662;610;3.582
662;650;3.452
662;658;3.055
662;659;3.054
662;665;3.016
662;666;2.925
663;209;3.825
663;659;2.894
663;660;3.172
663;666;3.372
663;667;2.968
664;660;3.029
664;667;3.43
664;668;3.005
665;606;4.033
665;662;3.016
665;668;3.348
665;669;2.956
666;641;3.518
666;647;3.308
666;662;2.925
666;663;3.372
666;669;3.36
666;670;2.993
667;212;3.557
667;663;2.968
667;664;3.43
667;670;3.424
667;671;3.0
668;598;4.098
668;664;3.005
668;665;3.348
668;671;3.471
668;672;2.996
669;598;3.568
669;641;3.595
669;665;2.956
669;666;3.36
669;673;2.95
670;216;3.626
670;641;4.002
670;666;2.993
670;667;3.424
670;674;2.932
671;212;3.872
671;667;3.0
671;668;3.471
671;674;3.429
671;675;3.038
672;594;3.713
672;598;3.917
672;668;2.996
672;675;3.414
672;676;2.982
673;642;3.738
673;669;2.95
673;676;3.243
673;677;2.935
674;670;2.932
674;671;3.429
674;677;3.247
674;678;2.983
675;114;3.772
675;671;3.038
675;672;3.414
675;679;3.026
676;672;2.982
676;673;3.243
676;679;3.355
676;680;2.919
677;673;2.935
677;674;3.247
677;680;3.118
677;681;3.068
678;252;3.578
678;253;3.688
678;674;2.983
678;681;3.466
678;682;3.013
679;587;3.469
679;675;3.026
679;676;3.355
679;683;2.924
680;584;3.553
680;587;3.861
680;676;2.919
680;677;3.118
680;683;3.362
680;684;3.124
680;1078;3.378
681;253;3.704
681;257;3.643
681;677;3.068
681;678;3.466
681;684;3.458
681;685;2.937
681;1078;3.615
681;1081;3.758
682;256;3.808
682;257;3.972
682;260;3.686
682;678;3.013
682;686;2.96
683;679;2.924
683;680;3.362
683;687;3.06
684;580;3.793
684;583;3.903
684;680;3.124
684;681;3.458
684;687;3.262
684;688;3.013
684;1078;3.626
684;1079;3.753
684;1082;3.552
685;257;3.412
685;681;2.937
685;688;3.484
685;689;2.964
685;1085;3.505
686;682;2.96
686;690;3.037
687;683;3.06
687;684;3.262
687;690;3.016
687;691;3.116
688;684;3.013
688;685;3.484
688;691;2.964
688;692;3.01
688;1082;3.474
688;1086;3.478
689;261;6.185
689;685;2.964
689;693;3.521
689;1086;3.578
689;1089;3.444
690;686;3.037
690;687;3.016
690;693;3.793
691;687;3.116
691;688;2.964
692;299;2.79
692;688;3.01
692;1086;3.593
693;689;3.521
693;690;3.793
694;1089;3.408
694;1093;3.933
695;278;3.81
696;712;3.987
696;1093;2.717
696;1096;3.353
697;1093;2.801
698;1093;2.661
698;1096;3.767
699;704;3.599
699;705;4.032
700;1098;2.986
700;1101;3.815
700;1108;3.489
701;704;3.756
701;1108;3.577
702;707;3.439
702;1108;3.718
703;1109;3.343
703;1110;3.639
703;1112;2.834
704;699;3.599
704;701;3.756
705;699;4.032
706;707;3.981
707;702;3.439
707;706;3.981
708;1102;3.385
709;289;2.675
710;713;3.521
711;268;3.795
711;278;3.551
711;283;3.954
711;287;3.941
712;696;3.987
713;291;2.869
713;710;3.521
714;1097;4.022
714;1102;3.527
715;719;3.643
716;719;3.387
716;724;2.655
717;291;3.559
718;727;3.554
719;715;3.643
719;716;3.387
720;735;2.916
721;723;3.673
722;312;2.71
722;322;3.687
722;725;3.899
723;721;3.673
724;716;2.655
725;722;3.899
726;319;2.75
726;321;2.834
727;718;3.554
728;318;2.765
728;321;2.64
729;731;3.942
730;733;2.915
731;729;3.942
732;734;2.814
733;730;2.915
734;732;2.814
735;720;2.916
736;739;2.91
737;739;3.855
738;740;3.035
739;736;2.91
739;737;3.855
740;738;3.035
741;744;3.156
742;745;2.955
743;746;2.831
744;741;3.156
745;742;2.955
746;743;2.831
747;751;3.081
748;751;3.177
749;750;3.014
750;749;3.014
751;747;3.081
751;748;3.177
752;755;2.983
752;756;3.001
753;757;2.646
754;757;2.997
754;758;2.809
755;752;2.983
756;752;3.001
757;753;2.646
757;754;2.997
758;754;2.809
758;759;2.953
758;760;3.513
759;758;2.953
760;758;3.513
760;764;3.598
761;763;3.137
762;764;2.985
763;761;3.137
764;760;3.598
764;762;2.985
764;765;2.937
765;764;2.937
765;768;4.015
766;767;2.951
767;766;2.951
768;765;4.015
769;770;3.744
770;769;3.744
771;774;2.879
772;793;3.693
773;790;2.687
773;793;4.011
774;771;2.879
775;792;3.946
776;791;3.301
777;782;3.039
777;791;3.67
778;780;2.862
778;781;2.966
778;791;3.6
779;783;2.926
780;778;2.862
780;783;3.457
781;778;2.966
781;791;3.901
782;777;3.039
782;783;2.772
782;784;3.618
783;779;2.926
783;780;3.457
783;782;2.772
784;782;3.618
784;787;3.558
785;787;3.039
786;788;3.918
787;784;3.558
787;785;3.039
787;788;3.627
788;786;3.918
788;787;3.627
789;793;3.659
790;773;2.687
790;793;2.817
791;776;3.301
791;777;3.67
791;778;3.6
791;781;3.901
792;775;3.946
793;772;3.693
793;773;4.011
793;789;3.659
793;790;2.817
794;795;3.31
795;794;3.31
796;800;3.884
797;799;3.834
797;802;3.906
798;801;3.025
798;802;3.221
799;797;3.834
800;796;3.884
800;803;2.999
801;798;3.025
801;804;3.361
802;797;3.906
802;798;3.221
803;800;2.999
804;801;3.361
804;807;4.0
804;808;3.487
805;810;3.304
806;809;3.064
806;810;3.018
807;804;4.0
808;804;3.487
808;814;3.944
809;806;3.064
809;813;3.468
809;814;3.564
810;805;3.304
810;806;3.018
810;815;3.579
811;815;2.861
812;815;3.018
813;809;3.468
813;816;3.034
813;819;2.976
814;808;3.944
814;809;3.564
815;810;3.579
815;811;2.861
815;812;3.018
815;818;2.958
816;813;3.034
817;823;3.356
817;827;3.343
818;815;2.958
819;813;2.976
819;823;2.977
820;822;3.354
820;823;3.362
821;824;3.328
821;825;2.932
822;820;3.354
823;817;3.356
823;819;2.977
823;820;3.362
823;827;3.745
824;821;3.328
825;821;2.932
825;828;3.065
825;829;3.049
826;830;3.986
827;817;3.343
827;823;3.745
828;825;3.065
829;825;3.049
830;826;3.986
830;833;2.699
830;889;2.755
830;890;4.014
831;834;3.071
831;837;3.966
831;886;3.997
832;837;3.87
832;883;3.877
832;886;3.386
832;887;3.687
833;830;2.699
834;831;3.071
834;837;2.836
834;838;2.941
835;839;3.059
836;840;2.904
837;831;3.966
837;832;3.87
837;834;2.836
837;840;3.238
837;841;2.971
838;834;2.941
838;841;3.309
838;842;3.129
838;946;3.226
839;835;3.059
839;842;3.438
839;843;2.999
840;836;2.904
840;837;3.238
840;843;3.319
840;844;2.921
841;837;2.971
841;838;3.309
841;844;3.396
841;845;2.952
841;880;3.765
841;883;3.772
842;838;3.129
842;839;3.438
842;845;3.381
842;846;2.956
842;946;3.655
843;839;2.999
843;840;3.319
843;846;3.205
843;847;2.972
844;840;2.921
844;841;3.396
844;848;2.959
844;880;4.01
845;841;2.952
845;842;3.381
845;849;2.895
845;876;4.006
845;880;3.431
845;939;3.692
845;943;3.767
846;842;2.956
846;843;3.205
846;849;3.18
846;850;2.986
847;843;2.972
847;850;3.106
847;851;3.005
848;844;2.959
848;851;3.437
848;852;2.958
848;939;3.631
849;845;2.895
849;846;3.18
849;852;4.035
849;853;3.001
850;846;2.986
850;847;3.106
850;853;3.376
850;854;2.965
851;847;3.005
851;848;3.437
851;854;2.981
851;855;3.24
852;848;2.958
852;849;4.035
852;937;3.926
852;940;4.036
853;849;3.001
853;850;3.376
853;857;3.427
853;1278;3.862
854;850;2.965
854;851;2.981
854;857;3.068
854;858;3.025
854;861;3.458
854;865;3.958
855;851;3.24
855;862;2.775
855;930;2.71
856;859;3.317
856;862;2.679
856;1281;3.353
856;1334;3.029
857;853;3.427
857;854;3.068
857;1301;3.769
858;854;3.025
858;861;2.97
858;862;3.018
859;856;3.317
859;862;3.215
859;863;3.011
859;1335;3.891
860;863;2.644
861;854;3.458
861;858;2.97
861;864;3.429
861;865;2.974
862;855;2.775
862;856;2.679
862;858;3.018
862;859;3.215
862;866;3.024
863;859;3.011
863;860;2.644
863;1335;3.474
864;861;3.429
865;854;3.958
865;861;2.974
865;868;3.109
865;869;3.029
866;862;3.024
866;870;2.759
867;871;3.026
868;865;3.109
868;871;3.392
868;872;2.99
869;865;3.029
869;872;2.973
869;873;3.264
870;866;2.759
870;873;3.003
870;874;3.032
870;930;2.841
870;933;3.798
871;867;3.026
871;868;3.392
871;874;2.915
871;875;2.947
872;868;2.99
872;869;2.973
872;876;2.921
873;869;3.264
873;870;3.003
873;877;3.003
873;933;4.036
873;936;3.8
874;870;3.032
874;871;2.915
874;877;3.347
874;878;3.034
875;871;2.947
875;879;2.991
876;845;4.006
876;872;2.921
876;879;3.251
876;880;2.935
876;939;3.616
877;873;3.003
877;874;3.347
877;881;2.977
877;936;3.897
878;874;3.034
878;882;3.035
879;875;2.991
879;876;3.251
879;883;2.948
880;841;3.765
880;844;4.01
880;845;3.431
880;876;2.935
880;884;3.013
880;942;3.682
881;877;2.977
881;884;3.379
881;885;2.971
881;909;3.878
881;913;3.679
882;878;3.035
882;885;3.359
882;886;2.956
883;832;3.877
883;841;3.772
883;879;2.948
883;886;3.482
883;887;2.704
883;942;3.593
884;880;3.013
884;881;3.379
884;887;3.442
884;888;2.947
884;906;3.879
885;881;2.971
885;882;3.359
885;888;4.028
885;889;3.013
886;831;3.997
886;832;3.386
886;882;2.956
886;883;3.482
886;889;3.454
886;890;2.99
887;832;3.687
887;883;2.704
887;884;3.442
887;890;3.346
887;891;3.083
887;896;3.766
887;902;4.056
887;905;2.669
888;884;2.947
888;885;4.028
888;891;3.001
888;892;2.94
888;893;3.799
888;896;6.394
888;897;3.657
889;830;2.755
889;885;3.013
889;886;3.454
890;830;4.014
890;886;2.99
890;887;3.346
891;887;3.083
891;888;3.001
891;895;2.824
891;896;4.032
891;899;3.775
891;902;3.656
892;888;2.94
892;896;2.998
893;888;3.799
893;896;3.459
893;897;2.998
894;897;2.883
894;898;2.883
895;891;2.824
896;887;3.766
896;888;6.394
896;891;4.032
896;892;2.998
896;893;3.459
896;899;3.043
896;902;3.632
896;906;3.742
897;888;3.657
897;893;2.998
897;894;2.883
897;906;3.729
898;894;2.883
899;891;3.775
899;896;3.043
899;902;3.199
899;903;2.959
900;904;2.967
901;904;3.362
901;905;2.993
901;945;3.1
901;954;3.938
902;887;4.056
902;891;3.656
902;896;3.632
902;899;3.199
902;905;3.147
902;906;2.987
903;899;2.959
903;906;3.962
903;907;2.973
904;900;2.967
904;901;3.362
904;907;3.263
905;887;2.669
905;901;2.993
905;902;3.147
905;942;2.936
905;945;2.774
906;884;3.879
906;896;3.742
906;897;3.729
906;902;2.987
906;903;3.962
906;909;3.021
906;910;2.958
907;903;2.973
907;904;3.263
907;911;3.028
908;938;4.001
908;942;3.705
909;881;3.878
909;906;3.021
909;912;3.274
909;913;3.104
910;906;2.958
910;913;2.849
910;914;2.915
911;907;3.028
911;915;2.971
911;935;3.697
912;909;3.274
912;915;3.887
912;916;3.062
912;936;2.85
913;881;3.679
913;909;3.104
913;910;2.849
913;916;3.357
913;917;2.989
914;910;2.915
914;917;3.168
914;918;2.994
915;911;2.971
915;912;3.887
915;918;3.38
915;919;2.971
916;912;3.062
916;913;3.357
916;919;3.326
916;920;2.993
916;929;3.748
917;913;2.989
917;914;3.168
917;920;3.226
917;921;2.94
918;914;2.994
918;915;3.38
918;921;3.247
918;922;2.992
919;915;2.971
919;916;3.326
919;924;3.034
919;928;3.316
919;929;3.291
919;932;3.669
920;916;2.993
920;917;3.226
920;923;2.996
921;917;2.94
921;918;3.247
922;918;2.992
923;920;2.996
924;919;3.034
925;928;3.858
926;929;3.469
926;930;3.011
927;930;2.749
927;931;3.231
928;919;3.316
928;925;3.858
928;932;2.958
929;916;3.748
929;919;3.291
929;926;3.469
929;933;2.943
930;855;2.71
930;870;2.841
930;926;3.011
930;927;2.749
930;1333;3.789
931;927;3.231
931;934;3.049
931;1283;3.907
931;1330;2.98
931;1331;3.699
931;1332;3.144
932;919;3.669
932;928;2.958
933;870;3.798
933;873;4.036
933;929;2.943
933;936;2.732
934;931;3.049
934;937;2.754
934;938;3.337
934;1279;3.581
935;911;3.697
935;938;2.971
936;873;3.8
936;877;3.897
936;912;2.85
936;933;2.732
936;939;2.846
937;852;3.926
937;934;2.754
938;908;4.001
938;934;3.337
938;935;2.971
938;941;2.944
938;942;3.005
938;1275;3.826
939;845;3.692
939;848;3.631
939;876;3.616
939;936;2.846
939;942;2.973
939;943;3.173
940;852;4.036
940;943;2.997
940;1275;3.628
941;938;2.944
941;944;2.774
941;1275;3.823
942;880;3.682
942;883;3.593
942;905;2.936
942;908;3.705
942;938;3.005
942;939;2.973
942;945;2.903
943;845;3.767
943;939;3.173
943;940;2.997
943;946;3.007
943;947;2.91
944;941;2.774
944;947;3.161
944;950;3.515
944;954;3.682
945;901;3.1
945;905;2.774
945;942;2.903
945;951;2.943
946;838;3.226
946;842;3.655
946;943;3.007
946;951;3.915
947;943;2.91
947;944;3.161
947;950;3.493
947;951;3.0
948;951;3.728
949;952;3.083
949;953;2.93
950;944;3.515
950;947;3.493
950;953;3.359
950;954;2.985
950;1267;3.845
950;1268;4.076
951;945;2.943
951;946;3.915
951;947;3.0
951;948;3.728
951;955;2.965
952;949;3.083
952;955;3.442
952;956;2.964
953;949;2.93
953;950;3.359
953;956;3.104
953;957;3.001
953;1264;3.727
953;1268;3.854
954;901;3.938
954;944;3.682
954;950;2.985
954;957;3.484
954;958;2.967
955;951;2.965
955;952;3.442
